-7.875000000000000000e+01 -6.125654450261779793e+00 5.115490000000000315e-01
-7.875000000000000000e+01 -5.183246073298429124e+00 2.463480000000000114e-01
-7.875000000000000000e+01 -4.240837696335078455e+00 3.783409999999999829e-01
-7.875000000000000000e+01 -3.298429319371727786e+00 4.794720000000000093e-01
-7.875000000000000000e+01 -2.356020942408377117e+00 0.000000000000000000e+00
-7.875000000000000000e+01 -1.413612565445026226e+00 0.000000000000000000e+00
-7.750000000000000000e+01 -8.952879581151833577e+00 1.897490000000000010e-01
-7.750000000000000000e+01 -8.010471204188482020e+00 1.435049999999999937e-01
-7.750000000000000000e+01 -7.068062827225130462e+00 2.943410000000000193e-01
-7.750000000000000000e+01 -6.125654450261779793e+00 5.761190000000000477e-01
-7.750000000000000000e+01 -5.183246073298429124e+00 1.786889999999999867e-01
-7.750000000000000000e+01 -4.240837696335078455e+00 6.304700000000000581e-02
-7.750000000000000000e+01 -3.298429319371727786e+00 3.836840000000000250e-01
-7.750000000000000000e+01 -2.356020942408377117e+00 2.798030000000000239e-01
-7.750000000000000000e+01 -1.413612565445026226e+00 3.551540000000000252e-01
-7.750000000000000000e+01 -4.712041884816753901e-01 2.101280000000000092e-01
-7.750000000000000000e+01 4.712041884816753901e-01 2.101280000000000092e-01
-7.625000000000000000e+01 -1.083769633507853669e+01 6.758300000000000418e-02
-7.625000000000000000e+01 -9.895287958115185134e+00 1.372760000000000091e-01
-7.625000000000000000e+01 -8.952879581151833577e+00 4.447249999999999814e-01
-7.625000000000000000e+01 -8.010471204188482020e+00 1.628489999999999938e-01
-7.625000000000000000e+01 -7.068062827225130462e+00 3.089609999999999856e-01
-7.625000000000000000e+01 -6.125654450261779793e+00 4.396820000000000173e-01
-7.625000000000000000e+01 -5.183246073298429124e+00 4.382699999999999790e-02
-7.625000000000000000e+01 -4.240837696335078455e+00 1.472000000000000001e-03
-7.625000000000000000e+01 -3.298429319371727786e+00 3.983000000000000429e-03
-7.625000000000000000e+01 -2.356020942408377117e+00 2.553000000000000148e-03
-7.625000000000000000e+01 -1.413612565445026226e+00 2.611000000000000040e-03
-7.625000000000000000e+01 -4.712041884816753901e-01 7.315199999999999481e-02
-7.625000000000000000e+01 4.712041884816753901e-01 7.315199999999999481e-02
-7.625000000000000000e+01 1.413612565445026226e+00 8.575949999999999962e-01
-7.500000000000000000e+01 -1.366492146596859136e+01 7.814200000000000312e-02
-7.500000000000000000e+01 -1.272251308900523981e+01 1.417779999999999874e-01
-7.500000000000000000e+01 -1.178010471204188825e+01 1.241629999999999956e-01
-7.500000000000000000e+01 -1.083769633507853669e+01 3.843550000000000022e-01
-7.500000000000000000e+01 -9.895287958115185134e+00 1.873140000000000083e-01
-7.500000000000000000e+01 -8.952879581151833577e+00 4.977039999999999798e-01
-7.500000000000000000e+01 -8.010471204188482020e+00 2.541280000000000205e-01
-7.500000000000000000e+01 -7.068062827225130462e+00 3.560399999999999676e-02
-7.500000000000000000e+01 -6.125654450261779793e+00 6.070300000000000001e-02
-7.500000000000000000e+01 -5.183246073298429124e+00 4.566900000000000126e-02
-7.500000000000000000e+01 -4.240837696335078455e+00 2.003299999999999872e-02
-7.500000000000000000e+01 -3.298429319371727786e+00 2.305999999999999890e-03
-7.500000000000000000e+01 -2.356020942408377117e+00 6.376999999999999856e-03
-7.500000000000000000e+01 -1.413612565445026226e+00 5.597000000000000412e-03
-7.500000000000000000e+01 -4.712041884816753901e-01 2.811599999999999863e-02
-7.500000000000000000e+01 4.712041884816753901e-01 2.811599999999999863e-02
-7.500000000000000000e+01 1.413612565445026226e+00 5.885080000000000311e-01
-7.500000000000000000e+01 2.356020942408377117e+00 9.123850000000000016e-01
-7.375000000000000000e+01 -1.460732984293194114e+01 0.000000000000000000e+00
-7.375000000000000000e+01 -1.366492146596859136e+01 1.302490000000000037e-01
-7.375000000000000000e+01 -1.272251308900523981e+01 8.844699999999999784e-02
-7.375000000000000000e+01 -1.178010471204188825e+01 9.742699999999999971e-02
-7.375000000000000000e+01 -1.083769633507853669e+01 1.024299999999999933e-01
-7.375000000000000000e+01 -9.895287958115185134e+00 5.654499999999999804e-02
-7.375000000000000000e+01 -8.952879581151833577e+00 9.271999999999999686e-02
-7.375000000000000000e+01 -8.010471204188482020e+00 1.453599999999999892e-01
-7.375000000000000000e+01 -7.068062827225130462e+00 4.031599999999999767e-02
-7.375000000000000000e+01 -6.125654450261779793e+00 2.464699999999999877e-02
-7.375000000000000000e+01 -5.183246073298429124e+00 7.177999999999999658e-02
-7.375000000000000000e+01 -4.240837696335078455e+00 2.272499999999999867e-02
-7.375000000000000000e+01 -3.298429319371727786e+00 7.262000000000000226e-03
-7.375000000000000000e+01 -2.356020942408377117e+00 5.409999999999999878e-03
-7.375000000000000000e+01 -1.413612565445026226e+00 1.277500000000000024e-01
-7.375000000000000000e+01 -4.712041884816753901e-01 2.467000000000000009e-03
-7.375000000000000000e+01 4.712041884816753901e-01 2.467000000000000009e-03
-7.375000000000000000e+01 1.413612565445026226e+00 3.864100000000000174e-02
-7.250000000000000000e+01 -1.460732984293194114e+01 5.432000000000000196e-03
-7.250000000000000000e+01 -1.366492146596859136e+01 1.374849999999999961e-01
-7.250000000000000000e+01 -1.272251308900523981e+01 1.760859999999999925e-01
-7.250000000000000000e+01 -1.178010471204188825e+01 4.374800000000000216e-02
-7.250000000000000000e+01 -1.083769633507853669e+01 6.879999999999999831e-03
-7.250000000000000000e+01 -9.895287958115185134e+00 0.000000000000000000e+00
-7.250000000000000000e+01 -8.952879581151833577e+00 1.077600000000000086e-02
-7.250000000000000000e+01 -8.010471204188482020e+00 4.529329999999999745e-01
-7.250000000000000000e+01 -7.068062827225130462e+00 1.590930000000000122e-01
-7.250000000000000000e+01 -6.125654450261779793e+00 9.730000000000000151e-04
-7.250000000000000000e+01 -5.183246073298429124e+00 9.737000000000000863e-03
-7.250000000000000000e+01 -4.240837696335078455e+00 1.123389999999999944e-01
-7.250000000000000000e+01 -3.298429319371727786e+00 2.123999999999999846e-02
-7.250000000000000000e+01 -2.356020942408377117e+00 7.137000000000000288e-02
-7.250000000000000000e+01 -1.413612565445026226e+00 2.212000000000000077e-02
-7.250000000000000000e+01 -4.712041884816753901e-01 6.908000000000000078e-03
-7.250000000000000000e+01 4.712041884816753901e-01 6.908000000000000078e-03
-7.250000000000000000e+01 1.413612565445026226e+00 1.020399999999999953e-02
-7.125000000000000000e+01 -1.460732984293194114e+01 9.079900000000000471e-02
-7.125000000000000000e+01 -1.366492146596859136e+01 2.439500000000000002e-02
-7.125000000000000000e+01 -1.272251308900523981e+01 2.058460000000000012e-01
-7.125000000000000000e+01 -1.178010471204188825e+01 0.000000000000000000e+00
-7.125000000000000000e+01 -1.083769633507853669e+01 0.000000000000000000e+00
-7.125000000000000000e+01 -9.895287958115185134e+00 6.791000000000000161e-03
-7.125000000000000000e+01 -8.952879581151833577e+00 9.164600000000000524e-02
-7.125000000000000000e+01 -8.010471204188482020e+00 5.724650000000000016e-01
-7.125000000000000000e+01 -7.068062827225130462e+00 2.639199999999999879e-02
-7.125000000000000000e+01 -6.125654450261779793e+00 4.655000000000000283e-03
-7.125000000000000000e+01 -5.183246073298429124e+00 2.429999999999999977e-04
-7.125000000000000000e+01 -4.240837696335078455e+00 3.729799999999999782e-02
-7.125000000000000000e+01 -3.298429319371727786e+00 3.190000000000000019e-04
-7.125000000000000000e+01 -2.356020942408377117e+00 4.786399999999999683e-02
-7.125000000000000000e+01 -1.413612565445026226e+00 3.592000000000000141e-03
-7.125000000000000000e+01 -4.712041884816753901e-01 0.000000000000000000e+00
-7.125000000000000000e+01 4.712041884816753901e-01 0.000000000000000000e+00
-7.125000000000000000e+01 1.413612565445026226e+00 1.104129999999999973e-01
-7.000000000000000000e+01 -1.366492146596859136e+01 8.580000000000000820e-03
-7.000000000000000000e+01 -1.272251308900523981e+01 3.878510000000000013e-01
-7.000000000000000000e+01 -1.178010471204188825e+01 5.659100000000000241e-02
-7.000000000000000000e+01 -1.083769633507853669e+01 3.475630000000000108e-01
-7.000000000000000000e+01 -9.895287958115185134e+00 3.050900000000000140e-02
-7.000000000000000000e+01 -8.952879581151833577e+00 2.579069999999999974e-01
-7.000000000000000000e+01 -8.010471204188482020e+00 3.774460000000000037e-01
-7.000000000000000000e+01 -7.068062827225130462e+00 4.417700000000000099e-02
-7.000000000000000000e+01 -6.125654450261779793e+00 1.861000000000000024e-03
-7.000000000000000000e+01 -5.183246073298429124e+00 8.040000000000000271e-04
-7.000000000000000000e+01 -4.240837696335078455e+00 1.347829999999999862e-01
-7.000000000000000000e+01 -3.298429319371727786e+00 7.805499999999999938e-02
-7.000000000000000000e+01 -2.356020942408377117e+00 2.840900000000000022e-02
-7.000000000000000000e+01 -1.413612565445026226e+00 3.994000000000000328e-02
-7.000000000000000000e+01 -4.712041884816753901e-01 1.220300000000000031e-02
-7.000000000000000000e+01 4.712041884816753901e-01 1.220300000000000031e-02
-7.000000000000000000e+01 1.413612565445026226e+00 8.120999999999999747e-03
-6.875000000000000000e+01 -1.554973821989529448e+01 6.769999999999999759e-04
-6.875000000000000000e+01 -1.460732984293194114e+01 3.709400000000000197e-02
-6.875000000000000000e+01 -1.366492146596859136e+01 1.493300000000000009e-02
-6.875000000000000000e+01 -1.272251308900523981e+01 1.294460000000000055e-01
-6.875000000000000000e+01 -1.178010471204188825e+01 3.846780000000000199e-01
-6.875000000000000000e+01 -1.083769633507853669e+01 6.323170000000000179e-01
-6.875000000000000000e+01 -9.895287958115185134e+00 1.207860000000000045e-01
-6.875000000000000000e+01 -8.952879581151833577e+00 4.816750000000000198e-01
-6.875000000000000000e+01 -8.010471204188482020e+00 1.225300000000000000e-02
-6.875000000000000000e+01 -7.068062827225130462e+00 2.047999999999999907e-03
-6.875000000000000000e+01 -6.125654450261779793e+00 1.129999999999999928e-03
-6.875000000000000000e+01 -5.183246073298429124e+00 4.840000000000000010e-04
-6.875000000000000000e+01 -4.240837696335078455e+00 4.423999999999999981e-03
-6.875000000000000000e+01 -3.298429319371727786e+00 7.030999999999999923e-03
-6.875000000000000000e+01 -2.356020942408377117e+00 5.981000000000000205e-03
-6.875000000000000000e+01 -1.413612565445026226e+00 1.168800000000000047e-02
-6.875000000000000000e+01 -4.712041884816753901e-01 1.129100000000000069e-02
-6.875000000000000000e+01 4.712041884816753901e-01 1.129100000000000069e-02
-6.875000000000000000e+01 1.413612565445026226e+00 1.673099999999999934e-02
-6.875000000000000000e+01 2.356020942408377117e+00 6.131000000000000165e-03
-6.750000000000000000e+01 -1.649214659685864603e+01 2.960639999999999938e-01
-6.750000000000000000e+01 -1.554973821989529448e+01 2.960639999999999938e-01
-6.750000000000000000e+01 -1.460732984293194114e+01 1.558269999999999933e-01
-6.750000000000000000e+01 -1.366492146596859136e+01 1.208919999999999995e-01
-6.750000000000000000e+01 -1.272251308900523981e+01 1.850999999999999868e-02
-6.750000000000000000e+01 -1.178010471204188825e+01 2.012399999999999953e-02
-6.750000000000000000e+01 -1.083769633507853669e+01 4.189390000000000058e-01
-6.750000000000000000e+01 -9.895287958115185134e+00 8.187799999999999523e-01
-6.750000000000000000e+01 -8.952879581151833577e+00 2.501019999999999910e-01
-6.750000000000000000e+01 -8.010471204188482020e+00 2.477000000000000035e-03
-6.750000000000000000e+01 -7.068062827225130462e+00 8.919999999999999978e-04
-6.750000000000000000e+01 -6.125654450261779793e+00 6.276000000000000328e-03
-6.750000000000000000e+01 -5.183246073298429124e+00 1.128000000000000096e-03
-6.750000000000000000e+01 -4.240837696335078455e+00 8.059999999999999673e-04
-6.750000000000000000e+01 -3.298429319371727786e+00 1.632199999999999970e-02
-6.750000000000000000e+01 -2.356020942408377117e+00 3.310000000000000225e-04
-6.750000000000000000e+01 -1.413612565445026226e+00 8.000000000000000654e-05
-6.750000000000000000e+01 -4.712041884816753901e-01 8.989999999999999511e-04
-6.750000000000000000e+01 4.712041884816753901e-01 8.989999999999999511e-04
-6.750000000000000000e+01 1.413612565445026226e+00 6.081999999999999733e-03
-6.750000000000000000e+01 2.356020942408377117e+00 7.219999999999999855e-04
-6.625000000000000000e+01 -1.837696335078534560e+01 8.382100000000000661e-02
-6.625000000000000000e+01 -1.743455497382199582e+01 2.703209999999999780e-01
-6.625000000000000000e+01 -1.649214659685864603e+01 1.786999999999999960e-03
-6.625000000000000000e+01 -1.554973821989529448e+01 1.786999999999999960e-03
-6.625000000000000000e+01 -1.460732984293194114e+01 1.679200000000000137e-02
-6.625000000000000000e+01 -1.366492146596859136e+01 1.134000000000000025e-03
-6.625000000000000000e+01 -1.272251308900523981e+01 0.000000000000000000e+00
-6.625000000000000000e+01 -1.178010471204188825e+01 1.349700000000000032e-02
-6.625000000000000000e+01 -1.083769633507853669e+01 1.958459999999999923e-01
-6.625000000000000000e+01 -9.895287958115185134e+00 2.480950000000000100e-01
-6.625000000000000000e+01 -8.952879581151833577e+00 1.974930000000000019e-01
-6.625000000000000000e+01 -8.010471204188482020e+00 2.295000000000000165e-03
-6.625000000000000000e+01 -7.068062827225130462e+00 8.109999999999999805e-04
-6.625000000000000000e+01 -6.125654450261779793e+00 1.610000000000000103e-04
-6.625000000000000000e+01 -5.183246073298429124e+00 3.260000000000000094e-04
-6.625000000000000000e+01 -4.240837696335078455e+00 3.615999999999999857e-03
-6.625000000000000000e+01 -3.298429319371727786e+00 1.739299999999999874e-02
-6.625000000000000000e+01 -2.356020942408377117e+00 6.369999999999999794e-03
-6.625000000000000000e+01 -1.413612565445026226e+00 0.000000000000000000e+00
-6.625000000000000000e+01 -4.712041884816753901e-01 2.425000000000000072e-03
-6.625000000000000000e+01 4.712041884816753901e-01 2.425000000000000072e-03
-6.625000000000000000e+01 1.413612565445026226e+00 9.549599999999999755e-02
-6.625000000000000000e+01 2.356020942408377117e+00 1.265979999999999883e-01
-6.500000000000000000e+01 -1.837696335078534560e+01 2.526099999999999873e-02
-6.500000000000000000e+01 -1.743455497382199582e+01 4.972139999999999893e-01
-6.500000000000000000e+01 -1.649214659685864603e+01 6.992600000000000204e-02
-6.500000000000000000e+01 -1.554973821989529448e+01 6.992600000000000204e-02
-6.500000000000000000e+01 -1.460732984293194114e+01 1.431299999999999933e-02
-6.500000000000000000e+01 -1.366492146596859136e+01 9.419999999999999554e-03
-6.500000000000000000e+01 -1.272251308900523981e+01 2.658000000000000206e-03
-6.500000000000000000e+01 -1.178010471204188825e+01 9.175000000000000863e-03
-6.500000000000000000e+01 -1.083769633507853669e+01 2.134780000000000011e-01
-6.500000000000000000e+01 -9.895287958115185134e+00 6.806630000000000180e-01
-6.500000000000000000e+01 -8.952879581151833577e+00 1.739449999999999885e-01
-6.500000000000000000e+01 -8.010471204188482020e+00 8.189999999999999364e-03
-6.500000000000000000e+01 -7.068062827225130462e+00 6.424100000000000643e-02
-6.500000000000000000e+01 -6.125654450261779793e+00 1.147999999999999932e-03
-6.500000000000000000e+01 -5.183246073298429124e+00 1.049920000000000020e-01
-6.500000000000000000e+01 -4.240837696335078455e+00 3.244400000000000062e-02
-6.500000000000000000e+01 -3.298429319371727786e+00 6.980799999999999506e-02
-6.500000000000000000e+01 -2.356020942408377117e+00 4.329999999999999648e-03
-6.500000000000000000e+01 -1.413612565445026226e+00 1.791999999999999973e-03
-6.500000000000000000e+01 -4.712041884816753901e-01 7.742999999999999883e-03
-6.500000000000000000e+01 4.712041884816753901e-01 7.742999999999999883e-03
-6.500000000000000000e+01 1.413612565445026226e+00 2.658999999999999905e-03
-6.375000000000000000e+01 -2.026178010471204516e+01 8.333329999999999904e-01
-6.375000000000000000e+01 -1.931937172774869538e+01 3.327669999999999795e-01
-6.375000000000000000e+01 -1.837696335078534560e+01 1.533190000000000108e-01
-6.375000000000000000e+01 -1.743455497382199582e+01 5.905860000000000554e-01
-6.375000000000000000e+01 -1.649214659685864603e+01 6.948600000000000609e-02
-6.375000000000000000e+01 -1.554973821989529448e+01 6.948600000000000609e-02
-6.375000000000000000e+01 -1.460732984293194114e+01 4.448099999999999971e-02
-6.375000000000000000e+01 -1.366492146596859136e+01 3.882000000000000034e-03
-6.375000000000000000e+01 -1.272251308900523981e+01 3.177000000000000136e-03
-6.375000000000000000e+01 -1.178010471204188825e+01 2.307440000000000047e-01
-6.375000000000000000e+01 -1.083769633507853669e+01 6.357300000000000451e-02
-6.375000000000000000e+01 -9.895287958115185134e+00 5.439180000000000126e-01
-6.375000000000000000e+01 -8.952879581151833577e+00 8.333469999999999489e-01
-6.375000000000000000e+01 -8.010471204188482020e+00 4.798499999999999988e-01
-6.375000000000000000e+01 -7.068062827225130462e+00 1.810690000000000077e-01
-6.375000000000000000e+01 -6.125654450261779793e+00 4.970999999999999724e-03
-6.375000000000000000e+01 -5.183246073298429124e+00 4.166999999999999871e-02
-6.375000000000000000e+01 -4.240837696335078455e+00 1.782729999999999870e-01
-6.375000000000000000e+01 -3.298429319371727786e+00 4.163200000000000234e-02
-6.375000000000000000e+01 -2.356020942408377117e+00 3.249999999999999851e-04
-6.375000000000000000e+01 -1.413612565445026226e+00 3.240000000000000150e-04
-6.375000000000000000e+01 -4.712041884816753901e-01 1.053699999999999949e-02
-6.375000000000000000e+01 4.712041884816753901e-01 1.053699999999999949e-02
-6.375000000000000000e+01 1.413612565445026226e+00 5.563599999999999796e-02
-6.375000000000000000e+01 3.298429319371727786e+00 2.599800000000000028e-02
-6.250000000000000000e+01 -1.931937172774869538e+01 4.066159999999999775e-01
-6.250000000000000000e+01 -1.837696335078534560e+01 7.269240000000000146e-01
-6.250000000000000000e+01 -1.743455497382199582e+01 8.356029999999999847e-01
-6.250000000000000000e+01 -1.649214659685864603e+01 1.221829999999999999e-01
-6.250000000000000000e+01 -1.554973821989529448e+01 1.221829999999999999e-01
-6.250000000000000000e+01 -1.460732984293194114e+01 7.910999999999999630e-03
-6.250000000000000000e+01 -1.366492146596859136e+01 2.263999999999999953e-03
-6.250000000000000000e+01 -1.272251308900523981e+01 1.157999999999999958e-03
-6.250000000000000000e+01 -1.178010471204188825e+01 3.397209999999999952e-01
-6.250000000000000000e+01 -1.083769633507853669e+01 3.390340000000000020e-01
-6.250000000000000000e+01 -9.895287958115185134e+00 9.773110000000000408e-01
-6.250000000000000000e+01 -8.952879581151833577e+00 4.375470000000000192e-01
-6.250000000000000000e+01 -8.010471204188482020e+00 2.901719999999999855e-01
-6.250000000000000000e+01 -7.068062827225130462e+00 5.452289999999999637e-01
-6.250000000000000000e+01 -6.125654450261779793e+00 2.077759999999999885e-01
-6.250000000000000000e+01 -5.183246073298429124e+00 2.396000000000000126e-03
-6.250000000000000000e+01 -4.240837696335078455e+00 1.800589999999999968e-01
-6.250000000000000000e+01 -3.298429319371727786e+00 2.439399999999999902e-02
-6.250000000000000000e+01 -2.356020942408377117e+00 3.413999999999999934e-03
-6.250000000000000000e+01 -1.413612565445026226e+00 1.048280000000000045e-01
-6.250000000000000000e+01 -4.712041884816753901e-01 6.509999999999999945e-04
-6.250000000000000000e+01 4.712041884816753901e-01 6.509999999999999945e-04
-6.250000000000000000e+01 1.413612565445026226e+00 1.992999999999999980e-03
-6.250000000000000000e+01 2.356020942408377117e+00 1.294200000000000038e-02
-6.250000000000000000e+01 3.298429319371727786e+00 0.000000000000000000e+00
-6.125000000000000000e+01 -1.837696335078534560e+01 2.114399999999999891e-01
-6.125000000000000000e+01 -1.743455497382199582e+01 3.946740000000000248e-01
-6.125000000000000000e+01 -1.649214659685864603e+01 3.469929999999999959e-01
-6.125000000000000000e+01 -1.554973821989529448e+01 3.469929999999999959e-01
-6.125000000000000000e+01 -1.460732984293194114e+01 8.448100000000000054e-02
-6.125000000000000000e+01 -1.366492146596859136e+01 3.887199999999999683e-02
-6.125000000000000000e+01 -1.272251308900523981e+01 6.153220000000000356e-01
-6.125000000000000000e+01 -1.178010471204188825e+01 7.726499999999999480e-01
-6.125000000000000000e+01 -1.083769633507853669e+01 4.174889999999999990e-01
-6.125000000000000000e+01 -9.895287958115185134e+00 2.392479999999999885e-01
-6.125000000000000000e+01 -8.952879581151833577e+00 1.241580000000000045e-01
-6.125000000000000000e+01 -8.010471204188482020e+00 2.590189999999999992e-01
-6.125000000000000000e+01 -7.068062827225130462e+00 9.150999999999999412e-02
-6.125000000000000000e+01 -6.125654450261779793e+00 9.481299999999999450e-02
-6.125000000000000000e+01 -5.183246073298429124e+00 1.931549999999999934e-01
-6.125000000000000000e+01 -4.240837696335078455e+00 5.549760000000000248e-01
-6.125000000000000000e+01 -3.298429319371727786e+00 4.847219999999999862e-01
-6.125000000000000000e+01 -2.356020942408377117e+00 1.215899999999999967e-02
-6.125000000000000000e+01 -1.413612565445026226e+00 3.452199999999999713e-02
-6.125000000000000000e+01 -4.712041884816753901e-01 2.497010000000000063e-01
-6.125000000000000000e+01 4.712041884816753901e-01 2.497010000000000063e-01
-6.125000000000000000e+01 1.413612565445026226e+00 2.551680000000000059e-01
-6.125000000000000000e+01 2.356020942408377117e+00 6.170860000000000234e-01
-6.125000000000000000e+01 3.298429319371727786e+00 2.578320000000000056e-01
-6.125000000000000000e+01 4.240837696335078455e+00 3.568500000000000144e-02
-6.000000000000000000e+01 -1.554973821989529448e+01 9.736100000000000310e-02
-6.000000000000000000e+01 -1.460732984293194114e+01 3.987919999999999798e-01
-6.000000000000000000e+01 -1.366492146596859136e+01 4.276200000000000001e-01
-6.000000000000000000e+01 -1.272251308900523981e+01 3.625220000000000109e-01
-6.000000000000000000e+01 -1.178010471204188825e+01 1.192899999999999933e-01
-6.000000000000000000e+01 -1.083769633507853669e+01 1.132999999999999893e-03
-6.000000000000000000e+01 -9.895287958115185134e+00 5.444700000000000234e-02
-6.000000000000000000e+01 -8.952879581151833577e+00 5.904000000000000394e-03
-6.000000000000000000e+01 -8.010471204188482020e+00 5.594500000000000167e-02
-6.000000000000000000e+01 -7.068062827225130462e+00 6.353459999999999663e-01
-6.000000000000000000e+01 -6.125654450261779793e+00 1.140339999999999965e-01
-6.000000000000000000e+01 -5.183246073298429124e+00 1.180999999999999966e-01
-6.000000000000000000e+01 -4.240837696335078455e+00 6.325060000000000127e-01
-6.000000000000000000e+01 -3.298429319371727786e+00 7.944160000000000110e-01
-6.000000000000000000e+01 -2.356020942408377117e+00 7.785809999999999675e-01
-6.000000000000000000e+01 -1.413612565445026226e+00 3.508609999999999784e-01
-6.000000000000000000e+01 -4.712041884816753901e-01 1.245669999999999972e-01
-6.000000000000000000e+01 4.712041884816753901e-01 1.245669999999999972e-01
-6.000000000000000000e+01 1.413612565445026226e+00 7.368890000000000162e-01
-6.000000000000000000e+01 2.356020942408377117e+00 1.691269999999999996e-01
-6.000000000000000000e+01 3.298429319371727786e+00 1.325050000000000117e-01
-6.000000000000000000e+01 4.240837696335078455e+00 1.910399999999999945e-02
-6.000000000000000000e+01 5.183246073298429124e+00 1.299699999999999987e-02
-5.875000000000000000e+01 -1.366492146596859136e+01 5.121300000000000158e-02
-5.875000000000000000e+01 -1.272251308900523981e+01 4.676999999999999734e-03
-5.875000000000000000e+01 -1.178010471204188825e+01 2.013490000000000002e-01
-5.875000000000000000e+01 -1.083769633507853669e+01 4.084699999999999998e-01
-5.875000000000000000e+01 -9.895287958115185134e+00 3.369460000000000233e-01
-5.875000000000000000e+01 -8.952879581151833577e+00 6.870500000000000218e-02
-5.875000000000000000e+01 -8.010471204188482020e+00 7.346000000000000099e-03
-5.875000000000000000e+01 -7.068062827225130462e+00 4.482430000000000025e-01
-5.875000000000000000e+01 -6.125654450261779793e+00 5.488699999999999829e-02
-5.875000000000000000e+01 -5.183246073298429124e+00 2.377000000000000206e-03
-5.875000000000000000e+01 -4.240837696335078455e+00 3.842459999999999765e-01
-5.875000000000000000e+01 -3.298429319371727786e+00 8.518390000000000128e-01
-5.875000000000000000e+01 -2.356020942408377117e+00 3.469559999999999866e-01
-5.875000000000000000e+01 -1.413612565445026226e+00 1.027299999999999915e-02
-5.875000000000000000e+01 -4.712041884816753901e-01 2.337999999999999801e-03
-5.875000000000000000e+01 4.712041884816753901e-01 2.337999999999999801e-03
-5.750000000000000000e+01 -1.366492146596859136e+01 5.404300000000000076e-02
-5.750000000000000000e+01 -1.272251308900523981e+01 6.454000000000000015e-02
-5.750000000000000000e+01 -1.178010471204188825e+01 5.129799999999999915e-01
-5.750000000000000000e+01 -1.083769633507853669e+01 3.870080000000000187e-01
-5.750000000000000000e+01 -9.895287958115185134e+00 5.951450000000000351e-01
-5.750000000000000000e+01 -8.952879581151833577e+00 3.045899999999999996e-02
-5.750000000000000000e+01 -8.010471204188482020e+00 3.135000000000000200e-03
-5.750000000000000000e+01 -7.068062827225130462e+00 2.061400000000000038e-02
-5.750000000000000000e+01 -6.125654450261779793e+00 3.905179999999999763e-01
-5.750000000000000000e+01 -5.183246073298429124e+00 3.729400000000000076e-02
-5.750000000000000000e+01 -4.240837696335078455e+00 2.106760000000000022e-01
-5.750000000000000000e+01 -3.298429319371727786e+00 5.233389999999999986e-01
-5.750000000000000000e+01 -2.356020942408377117e+00 1.228920000000000012e-01
-5.750000000000000000e+01 -1.413612565445026226e+00 1.741799999999999946e-02
-5.750000000000000000e+01 -4.712041884816753901e-01 6.335599999999999565e-02
-5.750000000000000000e+01 4.712041884816753901e-01 6.335599999999999565e-02
-5.750000000000000000e+01 1.413612565445026226e+00 2.129600000000000104e-01
-5.625000000000000000e+01 -1.366492146596859136e+01 3.712770000000000237e-01
-5.625000000000000000e+01 -1.272251308900523981e+01 3.467310000000000114e-01
-5.625000000000000000e+01 -1.178010471204188825e+01 7.528970000000000384e-01
-5.625000000000000000e+01 -1.083769633507853669e+01 5.172940000000000316e-01
-5.625000000000000000e+01 -9.895287958115185134e+00 8.102270000000000305e-01
-5.625000000000000000e+01 -8.952879581151833577e+00 4.595199999999999979e-02
-5.625000000000000000e+01 -8.010471204188482020e+00 1.219699999999999951e-02
-5.625000000000000000e+01 -7.068062827225130462e+00 1.643860000000000043e-01
-5.625000000000000000e+01 -6.125654450261779793e+00 3.762420000000000209e-01
-5.625000000000000000e+01 -5.183246073298429124e+00 4.938089999999999979e-01
-5.625000000000000000e+01 -4.240837696335078455e+00 4.848589999999999844e-01
-5.625000000000000000e+01 -3.298429319371727786e+00 1.272459999999999980e-01
-5.625000000000000000e+01 -2.356020942408377117e+00 4.684150000000000258e-01
-5.625000000000000000e+01 -1.413612565445026226e+00 4.447399999999999964e-02
-5.625000000000000000e+01 -4.712041884816753901e-01 6.715999999999999748e-03
-5.625000000000000000e+01 4.712041884816753901e-01 6.715999999999999748e-03
-5.625000000000000000e+01 1.413612565445026226e+00 0.000000000000000000e+00
-5.500000000000000000e+01 -1.460732984293194114e+01 1.837709999999999899e-01
-5.500000000000000000e+01 -1.366492146596859136e+01 4.329899999999999721e-02
-5.500000000000000000e+01 -1.272251308900523981e+01 4.596310000000000118e-01
-5.500000000000000000e+01 -1.178010471204188825e+01 7.698500000000000343e-01
-5.500000000000000000e+01 -1.083769633507853669e+01 8.419780000000000042e-01
-5.500000000000000000e+01 -9.895287958115185134e+00 7.659960000000000102e-01
-5.500000000000000000e+01 -8.952879581151833577e+00 9.594600000000000350e-02
-5.500000000000000000e+01 -8.010471204188482020e+00 3.344230000000000258e-01
-5.500000000000000000e+01 -7.068062827225130462e+00 3.337950000000000084e-01
-5.500000000000000000e+01 -6.125654450261779793e+00 8.698799999999999588e-02
-5.500000000000000000e+01 -5.183246073298429124e+00 4.284799999999999720e-02
-5.500000000000000000e+01 -4.240837696335078455e+00 5.858100000000000529e-01
-5.500000000000000000e+01 -3.298429319371727786e+00 5.856700000000000239e-01
-5.500000000000000000e+01 -2.356020942408377117e+00 6.390850000000000142e-01
-5.500000000000000000e+01 -1.413612565445026226e+00 4.237199999999999994e-02
-5.500000000000000000e+01 -4.712041884816753901e-01 2.420000000000000005e-04
-5.500000000000000000e+01 4.712041884816753901e-01 2.420000000000000005e-04
-5.500000000000000000e+01 1.413612565445026226e+00 2.420000000000000005e-04
-5.500000000000000000e+01 2.356020942408377117e+00 5.760000000000000146e-04
-5.375000000000000000e+01 -1.460732984293194114e+01 4.079999999999999968e-04
-5.375000000000000000e+01 -1.366492146596859136e+01 4.145000000000000073e-02
-5.375000000000000000e+01 -1.272251308900523981e+01 2.130199999999999871e-01
-5.375000000000000000e+01 -1.178010471204188825e+01 2.050049999999999928e-01
-5.375000000000000000e+01 -1.083769633507853669e+01 2.832430000000000225e-01
-5.375000000000000000e+01 -9.895287958115185134e+00 3.524930000000000008e-01
-5.375000000000000000e+01 -8.952879581151833577e+00 1.337400000000000047e-02
-5.375000000000000000e+01 -8.010471204188482020e+00 8.000000000000000654e-05
-5.375000000000000000e+01 -7.068062827225130462e+00 2.101000000000000003e-03
-5.375000000000000000e+01 -6.125654450261779793e+00 6.347000000000000211e-03
-5.375000000000000000e+01 -5.183246073298429124e+00 3.327999999999999795e-03
-5.375000000000000000e+01 -4.240837696335078455e+00 5.560709999999999820e-01
-5.375000000000000000e+01 -3.298429319371727786e+00 6.330820000000000336e-01
-5.375000000000000000e+01 -2.356020942408377117e+00 4.960430000000000117e-01
-5.375000000000000000e+01 -1.413612565445026226e+00 1.105809999999999987e-01
-5.375000000000000000e+01 -4.712041884816753901e-01 9.719999999999999907e-04
-5.375000000000000000e+01 4.712041884816753901e-01 9.719999999999999907e-04
-5.375000000000000000e+01 1.413612565445026226e+00 1.217999999999999899e-03
-5.375000000000000000e+01 2.356020942408377117e+00 1.054000000000000032e-03
-5.250000000000000000e+01 -1.366492146596859136e+01 1.288800000000000015e-02
-5.250000000000000000e+01 -1.272251308900523981e+01 2.161659999999999970e-01
-5.250000000000000000e+01 -1.178010471204188825e+01 1.387180000000000080e-01
-5.250000000000000000e+01 -1.083769633507853669e+01 3.118690000000000073e-01
-5.250000000000000000e+01 -9.895287958115185134e+00 9.987699999999999356e-02
-5.250000000000000000e+01 -8.952879581151833577e+00 5.699999999999999772e-04
-5.250000000000000000e+01 -8.010471204188482020e+00 1.825000000000000016e-03
-5.250000000000000000e+01 -7.068062827225130462e+00 1.878099999999999908e-02
-5.250000000000000000e+01 -6.125654450261779793e+00 4.149599999999999816e-02
-5.250000000000000000e+01 -5.183246073298429124e+00 1.755000000000000050e-03
-5.250000000000000000e+01 -4.240837696335078455e+00 1.610270000000000035e-01
-5.250000000000000000e+01 -3.298429319371727786e+00 4.016259999999999830e-01
-5.250000000000000000e+01 -2.356020942408377117e+00 4.604199999999999959e-02
-5.250000000000000000e+01 -1.413612565445026226e+00 5.060879999999999823e-01
-5.250000000000000000e+01 -4.712041884816753901e-01 7.263600000000000612e-02
-5.250000000000000000e+01 4.712041884816753901e-01 7.263600000000000612e-02
-5.125000000000000000e+01 -8.952879581151833577e+00 5.962929999999999620e-01
-5.125000000000000000e+01 -8.010471204188482020e+00 4.195169999999999733e-01
-5.125000000000000000e+01 -7.068062827225130462e+00 4.634480000000000266e-01
-5.125000000000000000e+01 -5.183246073298429124e+00 1.905290000000000039e-01
-5.125000000000000000e+01 -4.240837696335078455e+00 3.560030000000000139e-01
-5.125000000000000000e+01 -3.298429319371727786e+00 5.440120000000000511e-01
-5.125000000000000000e+01 -2.356020942408377117e+00 1.453019999999999867e-01
-5.000000000000000000e+01 -3.298429319371727786e+00 6.835529999999999662e-01
