-7.875000000000000000e+01 -6.125654450261779793e+00 4.878290000000000126e-01
-7.875000000000000000e+01 -5.183246073298429124e+00 1.661340000000000039e-01
-7.875000000000000000e+01 -4.240837696335078455e+00 1.832159999999999900e-01
-7.875000000000000000e+01 -3.298429319371727786e+00 3.023919999999999941e-01
-7.875000000000000000e+01 -2.356020942408377117e+00 0.000000000000000000e+00
-7.875000000000000000e+01 -1.413612565445026226e+00 0.000000000000000000e+00
-7.750000000000000000e+01 -8.952879581151833577e+00 1.875680000000000125e-01
-7.750000000000000000e+01 -8.010471204188482020e+00 1.435049999999999937e-01
-7.750000000000000000e+01 -7.068062827225130462e+00 2.793269999999999920e-01
-7.750000000000000000e+01 -6.125654450261779793e+00 4.013390000000000013e-01
-7.750000000000000000e+01 -5.183246073298429124e+00 5.204199999999999798e-02
-7.750000000000000000e+01 -4.240837696335078455e+00 2.321900000000000006e-02
-7.750000000000000000e+01 -3.298429319371727786e+00 1.455410000000000037e-01
-7.750000000000000000e+01 -2.356020942408377117e+00 1.029110000000000025e-01
-7.750000000000000000e+01 -1.413612565445026226e+00 1.933310000000000028e-01
-7.750000000000000000e+01 -4.712041884816753901e-01 1.844790000000000041e-01
-7.750000000000000000e+01 4.712041884816753901e-01 1.844790000000000041e-01
-7.625000000000000000e+01 -1.083769633507853669e+01 5.436200000000000060e-02
-7.625000000000000000e+01 -9.895287958115185134e+00 1.214680000000000065e-01
-7.625000000000000000e+01 -8.952879581151833577e+00 2.725940000000000030e-01
-7.625000000000000000e+01 -8.010471204188482020e+00 7.659199999999999342e-02
-7.625000000000000000e+01 -7.068062827225130462e+00 1.728629999999999889e-01
-7.625000000000000000e+01 -6.125654450261779793e+00 1.761050000000000115e-01
-7.625000000000000000e+01 -5.183246073298429124e+00 4.002700000000000008e-02
-7.625000000000000000e+01 -4.240837696335078455e+00 1.472000000000000001e-03
-7.625000000000000000e+01 -3.298429319371727786e+00 3.983000000000000429e-03
-7.625000000000000000e+01 -2.356020942408377117e+00 2.553000000000000148e-03
-7.625000000000000000e+01 -1.413612565445026226e+00 2.611000000000000040e-03
-7.625000000000000000e+01 -4.712041884816753901e-01 2.513599999999999862e-02
-7.625000000000000000e+01 4.712041884816753901e-01 2.513599999999999862e-02
-7.625000000000000000e+01 1.413612565445026226e+00 4.507780000000000120e-01
-7.500000000000000000e+01 -1.366492146596859136e+01 7.814200000000000312e-02
-7.500000000000000000e+01 -1.272251308900523981e+01 1.417779999999999874e-01
-7.500000000000000000e+01 -1.178010471204188825e+01 1.237540000000000029e-01
-7.500000000000000000e+01 -1.083769633507853669e+01 2.677809999999999913e-01
-7.500000000000000000e+01 -9.895287958115185134e+00 1.219070000000000015e-01
-7.500000000000000000e+01 -8.952879581151833577e+00 2.615219999999999767e-01
-7.500000000000000000e+01 -8.010471204188482020e+00 1.670560000000000100e-01
-7.500000000000000000e+01 -7.068062827225130462e+00 3.468899999999999761e-02
-7.500000000000000000e+01 -6.125654450261779793e+00 6.070300000000000001e-02
-7.500000000000000000e+01 -5.183246073298429124e+00 4.566900000000000126e-02
-7.500000000000000000e+01 -4.240837696335078455e+00 2.003299999999999872e-02
-7.500000000000000000e+01 -3.298429319371727786e+00 2.305999999999999890e-03
-7.500000000000000000e+01 -2.356020942408377117e+00 6.376999999999999856e-03
-7.500000000000000000e+01 -1.413612565445026226e+00 5.597000000000000412e-03
-7.500000000000000000e+01 -4.712041884816753901e-01 2.222800000000000123e-02
-7.500000000000000000e+01 4.712041884816753901e-01 2.222800000000000123e-02
-7.500000000000000000e+01 1.413612565445026226e+00 3.882479999999999820e-01
-7.500000000000000000e+01 2.356020942408377117e+00 6.250970000000000137e-01
-7.375000000000000000e+01 -1.460732984293194114e+01 0.000000000000000000e+00
-7.375000000000000000e+01 -1.366492146596859136e+01 1.302490000000000037e-01
-7.375000000000000000e+01 -1.272251308900523981e+01 7.936500000000000499e-02
-7.375000000000000000e+01 -1.178010471204188825e+01 9.292000000000000259e-02
-7.375000000000000000e+01 -1.083769633507853669e+01 7.330699999999999716e-02
-7.375000000000000000e+01 -9.895287958115185134e+00 5.654499999999999804e-02
-7.375000000000000000e+01 -8.952879581151833577e+00 6.954000000000000459e-02
-7.375000000000000000e+01 -8.010471204188482020e+00 4.556000000000000327e-02
-7.375000000000000000e+01 -7.068062827225130462e+00 9.365999999999999326e-03
-7.375000000000000000e+01 -6.125654450261779793e+00 2.464699999999999877e-02
-7.375000000000000000e+01 -5.183246073298429124e+00 7.177999999999999658e-02
-7.375000000000000000e+01 -4.240837696335078455e+00 2.272499999999999867e-02
-7.375000000000000000e+01 -3.298429319371727786e+00 7.262000000000000226e-03
-7.375000000000000000e+01 -2.356020942408377117e+00 5.409999999999999878e-03
-7.375000000000000000e+01 -1.413612565445026226e+00 1.930199999999999971e-02
-7.375000000000000000e+01 -4.712041884816753901e-01 2.467000000000000009e-03
-7.375000000000000000e+01 4.712041884816753901e-01 2.467000000000000009e-03
-7.375000000000000000e+01 1.413612565445026226e+00 3.635300000000000337e-02
-7.250000000000000000e+01 -1.460732984293194114e+01 5.432000000000000196e-03
-7.250000000000000000e+01 -1.366492146596859136e+01 1.374849999999999961e-01
-7.250000000000000000e+01 -1.272251308900523981e+01 1.600330000000000086e-01
-7.250000000000000000e+01 -1.178010471204188825e+01 4.293199999999999794e-02
-7.250000000000000000e+01 -1.083769633507853669e+01 6.879999999999999831e-03
-7.250000000000000000e+01 -9.895287958115185134e+00 0.000000000000000000e+00
-7.250000000000000000e+01 -8.952879581151833577e+00 9.388999999999999777e-03
-7.250000000000000000e+01 -8.010471204188482020e+00 1.516530000000000100e-01
-7.250000000000000000e+01 -7.068062827225130462e+00 4.131200000000000150e-02
-7.250000000000000000e+01 -6.125654450261779793e+00 9.730000000000000151e-04
-7.250000000000000000e+01 -5.183246073298429124e+00 9.737000000000000863e-03
-7.250000000000000000e+01 -4.240837696335078455e+00 1.123389999999999944e-01
-7.250000000000000000e+01 -3.298429319371727786e+00 2.123999999999999846e-02
-7.250000000000000000e+01 -2.356020942408377117e+00 9.344999999999999141e-03
-7.250000000000000000e+01 -1.413612565445026226e+00 2.467000000000000009e-03
-7.250000000000000000e+01 -4.712041884816753901e-01 6.908000000000000078e-03
-7.250000000000000000e+01 4.712041884816753901e-01 6.908000000000000078e-03
-7.250000000000000000e+01 1.413612565445026226e+00 1.020399999999999953e-02
-7.125000000000000000e+01 -1.460732984293194114e+01 9.079900000000000471e-02
-7.125000000000000000e+01 -1.366492146596859136e+01 2.439500000000000002e-02
-7.125000000000000000e+01 -1.272251308900523981e+01 4.233200000000000157e-02
-7.125000000000000000e+01 -1.178010471204188825e+01 0.000000000000000000e+00
-7.125000000000000000e+01 -1.083769633507853669e+01 0.000000000000000000e+00
-7.125000000000000000e+01 -9.895287958115185134e+00 6.791000000000000161e-03
-7.125000000000000000e+01 -8.952879581151833577e+00 2.376299999999999940e-02
-7.125000000000000000e+01 -8.010471204188482020e+00 1.159120000000000011e-01
-7.125000000000000000e+01 -7.068062827225130462e+00 3.642999999999999971e-03
-7.125000000000000000e+01 -6.125654450261779793e+00 4.655000000000000283e-03
-7.125000000000000000e+01 -5.183246073298429124e+00 2.429999999999999977e-04
-7.125000000000000000e+01 -4.240837696335078455e+00 1.754700000000000010e-02
-7.125000000000000000e+01 -3.298429319371727786e+00 1.589999999999999888e-04
-7.125000000000000000e+01 -2.356020942408377117e+00 1.029200000000000080e-02
-7.125000000000000000e+01 -1.413612565445026226e+00 3.510000000000000099e-03
-7.125000000000000000e+01 -4.712041884816753901e-01 0.000000000000000000e+00
-7.125000000000000000e+01 4.712041884816753901e-01 0.000000000000000000e+00
-7.125000000000000000e+01 1.413612565445026226e+00 1.787199999999999900e-02
-7.000000000000000000e+01 -1.366492146596859136e+01 8.580000000000000820e-03
-7.000000000000000000e+01 -1.272251308900523981e+01 4.985300000000000148e-02
-7.000000000000000000e+01 -1.178010471204188825e+01 0.000000000000000000e+00
-7.000000000000000000e+01 -1.083769633507853669e+01 8.081000000000000683e-02
-7.000000000000000000e+01 -9.895287958115185134e+00 3.200000000000000262e-04
-7.000000000000000000e+01 -8.952879581151833577e+00 1.268400000000000083e-02
-7.000000000000000000e+01 -8.010471204188482020e+00 7.509799999999999809e-02
-7.000000000000000000e+01 -7.068062827225130462e+00 2.868199999999999916e-02
-7.000000000000000000e+01 -6.125654450261779793e+00 1.861000000000000024e-03
-7.000000000000000000e+01 -5.183246073298429124e+00 8.040000000000000271e-04
-7.000000000000000000e+01 -4.240837696335078455e+00 6.087000000000000050e-02
-7.000000000000000000e+01 -3.298429319371727786e+00 1.454800000000000017e-02
-7.000000000000000000e+01 -2.356020942408377117e+00 4.641000000000000160e-03
-7.000000000000000000e+01 -1.413612565445026226e+00 9.964000000000000634e-03
-7.000000000000000000e+01 -4.712041884816753901e-01 1.220300000000000031e-02
-7.000000000000000000e+01 4.712041884816753901e-01 1.220300000000000031e-02
-7.000000000000000000e+01 1.413612565445026226e+00 3.897999999999999989e-03
-6.875000000000000000e+01 -1.554973821989529448e+01 6.769999999999999759e-04
-6.875000000000000000e+01 -1.460732984293194114e+01 1.975800000000000126e-02
-6.875000000000000000e+01 -1.366492146596859136e+01 3.651999999999999864e-03
-6.875000000000000000e+01 -1.272251308900523981e+01 6.866500000000000381e-02
-6.875000000000000000e+01 -1.178010471204188825e+01 1.155650000000000011e-01
-6.875000000000000000e+01 -1.083769633507853669e+01 3.179210000000000091e-01
-6.875000000000000000e+01 -9.895287958115185134e+00 2.312200000000000019e-02
-6.875000000000000000e+01 -8.952879581151833577e+00 8.540599999999999581e-02
-6.875000000000000000e+01 -8.010471204188482020e+00 3.200000000000000262e-04
-6.875000000000000000e+01 -7.068062827225130462e+00 2.047999999999999907e-03
-6.875000000000000000e+01 -6.125654450261779793e+00 1.129999999999999928e-03
-6.875000000000000000e+01 -5.183246073298429124e+00 4.840000000000000010e-04
-6.875000000000000000e+01 -4.240837696335078455e+00 4.423999999999999981e-03
-6.875000000000000000e+01 -3.298429319371727786e+00 7.030999999999999923e-03
-6.875000000000000000e+01 -2.356020942408377117e+00 1.557000000000000007e-03
-6.875000000000000000e+01 -1.413612565445026226e+00 1.611999999999999935e-03
-6.875000000000000000e+01 -4.712041884816753901e-01 1.129100000000000069e-02
-6.875000000000000000e+01 4.712041884816753901e-01 1.129100000000000069e-02
-6.875000000000000000e+01 1.413612565445026226e+00 1.150699999999999987e-02
-6.875000000000000000e+01 2.356020942408377117e+00 6.131000000000000165e-03
-6.750000000000000000e+01 -1.649214659685864603e+01 1.459759999999999946e-01
-6.750000000000000000e+01 -1.554973821989529448e+01 1.459759999999999946e-01
-6.750000000000000000e+01 -1.460732984293194114e+01 3.788400000000000101e-02
-6.750000000000000000e+01 -1.366492146596859136e+01 3.821499999999999897e-02
-6.750000000000000000e+01 -1.272251308900523981e+01 5.739000000000000178e-03
-6.750000000000000000e+01 -1.178010471204188825e+01 1.366200000000000053e-02
-6.750000000000000000e+01 -1.083769633507853669e+01 1.778349999999999931e-01
-6.750000000000000000e+01 -9.895287958115185134e+00 5.555189999999999850e-01
-6.750000000000000000e+01 -8.952879581151833577e+00 5.813499999999999918e-02
-6.750000000000000000e+01 -8.010471204188482020e+00 9.590000000000000000e-04
-6.750000000000000000e+01 -7.068062827225130462e+00 8.919999999999999978e-04
-6.750000000000000000e+01 -6.125654450261779793e+00 5.134999999999999808e-03
-6.750000000000000000e+01 -5.183246073298429124e+00 1.128000000000000096e-03
-6.750000000000000000e+01 -4.240837696335078455e+00 8.059999999999999673e-04
-6.750000000000000000e+01 -3.298429319371727786e+00 1.389100000000000057e-02
-6.750000000000000000e+01 -2.356020942408377117e+00 3.310000000000000225e-04
-6.750000000000000000e+01 -1.413612565445026226e+00 8.000000000000000654e-05
-6.750000000000000000e+01 -4.712041884816753901e-01 8.989999999999999511e-04
-6.750000000000000000e+01 4.712041884816753901e-01 8.989999999999999511e-04
-6.750000000000000000e+01 1.413612565445026226e+00 6.081999999999999733e-03
-6.750000000000000000e+01 2.356020942408377117e+00 7.219999999999999855e-04
-6.625000000000000000e+01 -1.837696335078534560e+01 8.382100000000000661e-02
-6.625000000000000000e+01 -1.743455497382199582e+01 1.210330000000000017e-01
-6.625000000000000000e+01 -1.649214659685864603e+01 1.786999999999999960e-03
-6.625000000000000000e+01 -1.554973821989529448e+01 1.786999999999999960e-03
-6.625000000000000000e+01 -1.460732984293194114e+01 6.490000000000000109e-03
-6.625000000000000000e+01 -1.366492146596859136e+01 1.134000000000000025e-03
-6.625000000000000000e+01 -1.272251308900523981e+01 0.000000000000000000e+00
-6.625000000000000000e+01 -1.178010471204188825e+01 5.414999999999999675e-03
-6.625000000000000000e+01 -1.083769633507853669e+01 5.855799999999999894e-02
-6.625000000000000000e+01 -9.895287958115185134e+00 1.172799999999999954e-01
-6.625000000000000000e+01 -8.952879581151833577e+00 1.382899999999999928e-02
-6.625000000000000000e+01 -8.010471204188482020e+00 2.295000000000000165e-03
-6.625000000000000000e+01 -7.068062827225130462e+00 8.109999999999999805e-04
-6.625000000000000000e+01 -6.125654450261779793e+00 1.610000000000000103e-04
-6.625000000000000000e+01 -5.183246073298429124e+00 3.260000000000000094e-04
-6.625000000000000000e+01 -4.240837696335078455e+00 3.536000000000000081e-03
-6.625000000000000000e+01 -3.298429319371727786e+00 1.376199999999999993e-02
-6.625000000000000000e+01 -2.356020942408377117e+00 6.198000000000000384e-03
-6.625000000000000000e+01 -1.413612565445026226e+00 0.000000000000000000e+00
-6.625000000000000000e+01 -4.712041884816753901e-01 2.425000000000000072e-03
-6.625000000000000000e+01 4.712041884816753901e-01 2.425000000000000072e-03
-6.625000000000000000e+01 1.413612565445026226e+00 7.609000000000000485e-02
-6.625000000000000000e+01 2.356020942408377117e+00 7.131800000000000639e-02
-6.500000000000000000e+01 -1.837696335078534560e+01 2.077899999999999886e-02
-6.500000000000000000e+01 -1.743455497382199582e+01 2.717289999999999983e-01
-6.500000000000000000e+01 -1.649214659685864603e+01 9.915999999999999467e-03
-6.500000000000000000e+01 -1.554973821989529448e+01 9.915999999999999467e-03
-6.500000000000000000e+01 -1.460732984293194114e+01 5.943000000000000366e-03
-6.500000000000000000e+01 -1.366492146596859136e+01 3.054999999999999990e-03
-6.500000000000000000e+01 -1.272251308900523981e+01 1.660999999999999933e-03
-6.500000000000000000e+01 -1.178010471204188825e+01 7.238999999999999775e-03
-6.500000000000000000e+01 -1.083769633507853669e+01 1.359400000000000053e-01
-6.500000000000000000e+01 -9.895287958115185134e+00 2.607039999999999913e-01
-6.500000000000000000e+01 -8.952879581151833577e+00 5.406099999999999794e-02
-6.500000000000000000e+01 -8.010471204188482020e+00 2.351999999999999924e-03
-6.500000000000000000e+01 -7.068062827225130462e+00 1.785899999999999987e-02
-6.500000000000000000e+01 -6.125654450261779793e+00 1.147999999999999932e-03
-6.500000000000000000e+01 -5.183246073298429124e+00 1.630000000000000047e-04
-6.500000000000000000e+01 -4.240837696335078455e+00 3.540999999999999877e-03
-6.500000000000000000e+01 -3.298429319371727786e+00 1.051299999999999978e-02
-6.500000000000000000e+01 -2.356020942408377117e+00 4.329999999999999648e-03
-6.500000000000000000e+01 -1.413612565445026226e+00 1.791999999999999973e-03
-6.500000000000000000e+01 -4.712041884816753901e-01 7.742999999999999883e-03
-6.500000000000000000e+01 4.712041884816753901e-01 7.742999999999999883e-03
-6.500000000000000000e+01 1.413612565445026226e+00 2.658999999999999905e-03
-6.375000000000000000e+01 -2.026178010471204516e+01 1.666670000000000096e-01
-6.375000000000000000e+01 -1.931937172774869538e+01 8.043100000000000249e-02
-6.375000000000000000e+01 -1.837696335078534560e+01 1.003140000000000004e-01
-6.375000000000000000e+01 -1.743455497382199582e+01 4.093310000000000004e-01
-6.375000000000000000e+01 -1.649214659685864603e+01 5.010099999999999970e-02
-6.375000000000000000e+01 -1.554973821989529448e+01 5.010099999999999970e-02
-6.375000000000000000e+01 -1.460732984293194114e+01 2.388799999999999951e-02
-6.375000000000000000e+01 -1.366492146596859136e+01 2.972999999999999948e-03
-6.375000000000000000e+01 -1.272251308900523981e+01 1.505000000000000044e-03
-6.375000000000000000e+01 -1.178010471204188825e+01 2.202560000000000073e-01
-6.375000000000000000e+01 -1.083769633507853669e+01 4.016800000000000231e-02
-6.375000000000000000e+01 -9.895287958115185134e+00 3.144609999999999905e-01
-6.375000000000000000e+01 -8.952879581151833577e+00 4.743709999999999871e-01
-6.375000000000000000e+01 -8.010471204188482020e+00 8.255300000000000138e-02
-6.375000000000000000e+01 -7.068062827225130462e+00 8.163999999999999382e-03
-6.375000000000000000e+01 -6.125654450261779793e+00 4.970999999999999724e-03
-6.375000000000000000e+01 -5.183246073298429124e+00 1.794000000000000022e-03
-6.375000000000000000e+01 -4.240837696335078455e+00 2.924399999999999916e-02
-6.375000000000000000e+01 -3.298429319371727786e+00 1.724000000000000055e-03
-6.375000000000000000e+01 -2.356020942408377117e+00 3.249999999999999851e-04
-6.375000000000000000e+01 -1.413612565445026226e+00 3.240000000000000150e-04
-6.375000000000000000e+01 -4.712041884816753901e-01 1.828999999999999897e-03
-6.375000000000000000e+01 4.712041884816753901e-01 1.828999999999999897e-03
-6.375000000000000000e+01 1.413612565445026226e+00 0.000000000000000000e+00
-6.375000000000000000e+01 3.298429319371727786e+00 1.117699999999999944e-02
-6.250000000000000000e+01 -1.931937172774869538e+01 3.028799999999999826e-01
-6.250000000000000000e+01 -1.837696335078534560e+01 6.422149999999999803e-01
-6.250000000000000000e+01 -1.743455497382199582e+01 6.772299999999999986e-01
-6.250000000000000000e+01 -1.649214659685864603e+01 6.916300000000000225e-02
-6.250000000000000000e+01 -1.554973821989529448e+01 6.916300000000000225e-02
-6.250000000000000000e+01 -1.460732984293194114e+01 7.910999999999999630e-03
-6.250000000000000000e+01 -1.366492146596859136e+01 2.263999999999999953e-03
-6.250000000000000000e+01 -1.272251308900523981e+01 1.157999999999999958e-03
-6.250000000000000000e+01 -1.178010471204188825e+01 3.240999999999999992e-01
-6.250000000000000000e+01 -1.083769633507853669e+01 3.294349999999999778e-01
-6.250000000000000000e+01 -9.895287958115185134e+00 8.323779999999999513e-01
-6.250000000000000000e+01 -8.952879581151833577e+00 2.634489999999999887e-01
-6.250000000000000000e+01 -8.010471204188482020e+00 6.565699999999999315e-02
-6.250000000000000000e+01 -7.068062827225130462e+00 4.762700000000000267e-02
-6.250000000000000000e+01 -6.125654450261779793e+00 7.825000000000000358e-03
-6.250000000000000000e+01 -5.183246073298429124e+00 2.396000000000000126e-03
-6.250000000000000000e+01 -4.240837696335078455e+00 2.878700000000000009e-02
-6.250000000000000000e+01 -3.298429319371727786e+00 5.448999999999999851e-03
-6.250000000000000000e+01 -2.356020942408377117e+00 1.056999999999999997e-03
-6.250000000000000000e+01 -1.413612565445026226e+00 2.631999999999999791e-03
-6.250000000000000000e+01 -4.712041884816753901e-01 6.509999999999999945e-04
-6.250000000000000000e+01 4.712041884816753901e-01 6.509999999999999945e-04
-6.250000000000000000e+01 1.413612565445026226e+00 1.435000000000000078e-03
-6.250000000000000000e+01 2.356020942408377117e+00 1.374999999999999920e-03
-6.250000000000000000e+01 3.298429319371727786e+00 0.000000000000000000e+00
-6.125000000000000000e+01 -1.837696335078534560e+01 1.427819999999999923e-01
-6.125000000000000000e+01 -1.743455497382199582e+01 6.858699999999999519e-02
-6.125000000000000000e+01 -1.649214659685864603e+01 9.770299999999999818e-02
-6.125000000000000000e+01 -1.554973821989529448e+01 9.770299999999999818e-02
-6.125000000000000000e+01 -1.460732984293194114e+01 1.595699999999999896e-02
-6.125000000000000000e+01 -1.366492146596859136e+01 3.553100000000000008e-02
-6.125000000000000000e+01 -1.272251308900523981e+01 5.853899999999999659e-01
-6.125000000000000000e+01 -1.178010471204188825e+01 6.475790000000000157e-01
-6.125000000000000000e+01 -1.083769633507853669e+01 3.778580000000000272e-01
-6.125000000000000000e+01 -9.895287958115185134e+00 1.613249999999999962e-01
-6.125000000000000000e+01 -8.952879581151833577e+00 2.208900000000000099e-02
-6.125000000000000000e+01 -8.010471204188482020e+00 1.966199999999999892e-02
-6.125000000000000000e+01 -7.068062827225130462e+00 2.256000000000000193e-03
-6.125000000000000000e+01 -6.125654450261779793e+00 3.482400000000000079e-02
-6.125000000000000000e+01 -5.183246073298429124e+00 1.237100000000000005e-02
-6.125000000000000000e+01 -4.240837696335078455e+00 4.043399999999999772e-02
-6.125000000000000000e+01 -3.298429319371727786e+00 4.559699999999999864e-02
-6.125000000000000000e+01 -2.356020942408377117e+00 1.302999999999999905e-03
-6.125000000000000000e+01 -1.413612565445026226e+00 4.899999999999999842e-04
-6.125000000000000000e+01 -4.712041884816753901e-01 4.352000000000000313e-02
-6.125000000000000000e+01 4.712041884816753901e-01 4.352000000000000313e-02
-6.125000000000000000e+01 1.413612565445026226e+00 4.225199999999999789e-02
-6.125000000000000000e+01 2.356020942408377117e+00 2.991240000000000010e-01
-6.125000000000000000e+01 3.298429319371727786e+00 1.503599999999999937e-01
-6.125000000000000000e+01 4.240837696335078455e+00 1.026600000000000082e-02
-6.000000000000000000e+01 -1.554973821989529448e+01 8.380300000000000249e-02
-6.000000000000000000e+01 -1.460732984293194114e+01 3.501469999999999860e-01
-6.000000000000000000e+01 -1.366492146596859136e+01 3.479289999999999883e-01
-6.000000000000000000e+01 -1.272251308900523981e+01 2.964269999999999960e-01
-6.000000000000000000e+01 -1.178010471204188825e+01 7.627100000000000546e-02
-6.000000000000000000e+01 -1.083769633507853669e+01 1.132999999999999893e-03
-6.000000000000000000e+01 -9.895287958115185134e+00 4.877900000000000291e-02
-6.000000000000000000e+01 -8.952879581151833577e+00 5.904000000000000394e-03
-6.000000000000000000e+01 -8.010471204188482020e+00 0.000000000000000000e+00
-6.000000000000000000e+01 -7.068062827225130462e+00 1.090560000000000002e-01
-6.000000000000000000e+01 -6.125654450261779793e+00 8.139000000000000401e-03
-6.000000000000000000e+01 -5.183246073298429124e+00 1.506900000000000080e-02
-6.000000000000000000e+01 -4.240837696335078455e+00 1.495720000000000105e-01
-6.000000000000000000e+01 -3.298429319371727786e+00 3.371730000000000005e-01
-6.000000000000000000e+01 -2.356020942408377117e+00 1.880050000000000054e-01
-6.000000000000000000e+01 -1.413612565445026226e+00 3.622700000000000226e-02
-6.000000000000000000e+01 -4.712041884816753901e-01 1.054199999999999929e-02
-6.000000000000000000e+01 4.712041884816753901e-01 1.054199999999999929e-02
-6.000000000000000000e+01 1.413612565445026226e+00 3.306439999999999935e-01
-6.000000000000000000e+01 2.356020942408377117e+00 4.550599999999999784e-02
-6.000000000000000000e+01 3.298429319371727786e+00 5.379199999999999954e-02
-6.000000000000000000e+01 4.240837696335078455e+00 1.091600000000000036e-02
-6.000000000000000000e+01 5.183246073298429124e+00 1.274999999999999918e-02
-5.875000000000000000e+01 -1.366492146596859136e+01 2.695000000000000173e-02
-5.875000000000000000e+01 -1.272251308900523981e+01 1.855000000000000095e-03
-5.875000000000000000e+01 -1.178010471204188825e+01 1.535519999999999941e-01
-5.875000000000000000e+01 -1.083769633507853669e+01 3.890230000000000077e-01
-5.875000000000000000e+01 -9.895287958115185134e+00 1.730829999999999869e-01
-5.875000000000000000e+01 -8.952879581151833577e+00 3.484500000000000097e-02
-5.875000000000000000e+01 -8.010471204188482020e+00 2.400000000000000061e-04
-5.875000000000000000e+01 -7.068062827225130462e+00 1.080799999999999990e-02
-5.875000000000000000e+01 -6.125654450261779793e+00 5.649999999999999641e-04
-5.875000000000000000e+01 -5.183246073298429124e+00 1.229000000000000058e-03
-5.875000000000000000e+01 -4.240837696335078455e+00 1.089450000000000002e-01
-5.875000000000000000e+01 -3.298429319371727786e+00 3.448149999999999826e-01
-5.875000000000000000e+01 -2.356020942408377117e+00 1.725799999999999904e-02
-5.875000000000000000e+01 -1.413612565445026226e+00 0.000000000000000000e+00
-5.875000000000000000e+01 -4.712041884816753901e-01 0.000000000000000000e+00
-5.875000000000000000e+01 4.712041884816753901e-01 0.000000000000000000e+00
-5.750000000000000000e+01 -1.366492146596859136e+01 4.426900000000000279e-02
-5.750000000000000000e+01 -1.272251308900523981e+01 4.834399999999999809e-02
-5.750000000000000000e+01 -1.178010471204188825e+01 3.920819999999999861e-01
-5.750000000000000000e+01 -1.083769633507853669e+01 3.420790000000000219e-01
-5.750000000000000000e+01 -9.895287958115185134e+00 1.993620000000000114e-01
-5.750000000000000000e+01 -8.952879581151833577e+00 1.760400000000000159e-02
-5.750000000000000000e+01 -8.010471204188482020e+00 1.814999999999999990e-03
-5.750000000000000000e+01 -7.068062827225130462e+00 1.655999999999999920e-03
-5.750000000000000000e+01 -6.125654450261779793e+00 1.432399999999999993e-02
-5.750000000000000000e+01 -5.183246073298429124e+00 1.631999999999999987e-03
-5.750000000000000000e+01 -4.240837696335078455e+00 4.666399999999999715e-02
-5.750000000000000000e+01 -3.298429319371727786e+00 2.374989999999999879e-01
-5.750000000000000000e+01 -2.356020942408377117e+00 2.808499999999999885e-02
-5.750000000000000000e+01 -1.413612565445026226e+00 6.511000000000000294e-03
-5.750000000000000000e+01 -4.712041884816753901e-01 0.000000000000000000e+00
-5.750000000000000000e+01 4.712041884816753901e-01 0.000000000000000000e+00
-5.750000000000000000e+01 1.413612565445026226e+00 8.100000000000000375e-05
-5.625000000000000000e+01 -1.366492146596859136e+01 2.461039999999999894e-01
-5.625000000000000000e+01 -1.272251308900523981e+01 2.746569999999999845e-01
-5.625000000000000000e+01 -1.178010471204188825e+01 5.710349999999999593e-01
-5.625000000000000000e+01 -1.083769633507853669e+01 3.942140000000000088e-01
-5.625000000000000000e+01 -9.895287958115185134e+00 7.413610000000000477e-01
-5.625000000000000000e+01 -8.952879581151833577e+00 3.612200000000000133e-02
-5.625000000000000000e+01 -8.010471204188482020e+00 3.108999999999999785e-03
-5.625000000000000000e+01 -7.068062827225130462e+00 3.209300000000000347e-02
-5.625000000000000000e+01 -6.125654450261779793e+00 5.325300000000000172e-02
-5.625000000000000000e+01 -5.183246073298429124e+00 1.459610000000000074e-01
-5.625000000000000000e+01 -4.240837696335078455e+00 3.260000000000000120e-01
-5.625000000000000000e+01 -3.298429319371727786e+00 2.425700000000000078e-02
-5.625000000000000000e+01 -2.356020942408377117e+00 3.220899999999999874e-01
-5.625000000000000000e+01 -1.413612565445026226e+00 2.534300000000000094e-02
-5.625000000000000000e+01 -4.712041884816753901e-01 8.000000000000000654e-05
-5.625000000000000000e+01 4.712041884816753901e-01 8.000000000000000654e-05
-5.625000000000000000e+01 1.413612565445026226e+00 0.000000000000000000e+00
-5.500000000000000000e+01 -1.460732984293194114e+01 1.763129999999999975e-01
-5.500000000000000000e+01 -1.366492146596859136e+01 4.230899999999999939e-02
-5.500000000000000000e+01 -1.272251308900523981e+01 3.015249999999999875e-01
-5.500000000000000000e+01 -1.178010471204188825e+01 5.200890000000000235e-01
-5.500000000000000000e+01 -1.083769633507853669e+01 6.587439999999999962e-01
-5.500000000000000000e+01 -9.895287958115185134e+00 6.864529999999999799e-01
-5.500000000000000000e+01 -8.952879581151833577e+00 4.805399999999999949e-02
-5.500000000000000000e+01 -8.010471204188482020e+00 1.029179999999999956e-01
-5.500000000000000000e+01 -7.068062827225130462e+00 1.195500000000000035e-01
-5.500000000000000000e+01 -6.125654450261779793e+00 2.245000000000000034e-03
-5.500000000000000000e+01 -5.183246073298429124e+00 4.809999999999999823e-04
-5.500000000000000000e+01 -4.240837696335078455e+00 2.528580000000000272e-01
-5.500000000000000000e+01 -3.298429319371727786e+00 4.083669999999999800e-01
-5.500000000000000000e+01 -2.356020942408377117e+00 5.419990000000000085e-01
-5.500000000000000000e+01 -1.413612565445026226e+00 1.268000000000000030e-02
-5.500000000000000000e+01 -4.712041884816753901e-01 2.420000000000000005e-04
-5.500000000000000000e+01 4.712041884816753901e-01 2.420000000000000005e-04
-5.500000000000000000e+01 1.413612565445026226e+00 2.420000000000000005e-04
-5.500000000000000000e+01 2.356020942408377117e+00 5.760000000000000146e-04
-5.375000000000000000e+01 -1.460732984293194114e+01 4.079999999999999968e-04
-5.375000000000000000e+01 -1.366492146596859136e+01 4.009000000000000064e-02
-5.375000000000000000e+01 -1.272251308900523981e+01 1.939249999999999863e-01
-5.375000000000000000e+01 -1.178010471204188825e+01 1.070119999999999960e-01
-5.375000000000000000e+01 -1.083769633507853669e+01 2.046399999999999886e-01
-5.375000000000000000e+01 -9.895287958115185134e+00 2.627479999999999816e-01
-5.375000000000000000e+01 -8.952879581151833577e+00 3.625999999999999883e-03
-5.375000000000000000e+01 -8.010471204188482020e+00 8.000000000000000654e-05
-5.375000000000000000e+01 -7.068062827225130462e+00 2.101000000000000003e-03
-5.375000000000000000e+01 -6.125654450261779793e+00 6.347000000000000211e-03
-5.375000000000000000e+01 -5.183246073298429124e+00 3.246999999999999886e-03
-5.375000000000000000e+01 -4.240837696335078455e+00 2.437340000000000062e-01
-5.375000000000000000e+01 -3.298429319371727786e+00 1.779560000000000031e-01
-5.375000000000000000e+01 -2.356020942408377117e+00 4.439779999999999838e-01
-5.375000000000000000e+01 -1.413612565445026226e+00 6.689900000000000013e-02
-5.375000000000000000e+01 -4.712041884816753901e-01 9.719999999999999907e-04
-5.375000000000000000e+01 4.712041884816753901e-01 9.719999999999999907e-04
-5.375000000000000000e+01 1.413612565445026226e+00 1.217999999999999899e-03
-5.375000000000000000e+01 2.356020942408377117e+00 1.054000000000000032e-03
-5.250000000000000000e+01 -1.366492146596859136e+01 1.280700000000000068e-02
-5.250000000000000000e+01 -1.272251308900523981e+01 2.129260000000000042e-01
-5.250000000000000000e+01 -1.178010471204188825e+01 9.959400000000000197e-02
-5.250000000000000000e+01 -1.083769633507853669e+01 2.655489999999999795e-01
-5.250000000000000000e+01 -9.895287958115185134e+00 8.473200000000000176e-02
-5.250000000000000000e+01 -8.952879581151833577e+00 5.699999999999999772e-04
-5.250000000000000000e+01 -8.010471204188482020e+00 1.825000000000000016e-03
-5.250000000000000000e+01 -7.068062827225130462e+00 1.878099999999999908e-02
-5.250000000000000000e+01 -6.125654450261779793e+00 4.043000000000000066e-02
-5.250000000000000000e+01 -5.183246073298429124e+00 1.755000000000000050e-03
-5.250000000000000000e+01 -4.240837696335078455e+00 7.969800000000000495e-02
-5.250000000000000000e+01 -3.298429319371727786e+00 2.015309999999999879e-01
-5.250000000000000000e+01 -2.356020942408377117e+00 3.083999999999999936e-02
-5.250000000000000000e+01 -1.413612565445026226e+00 1.801099999999999923e-01
-5.250000000000000000e+01 -4.712041884816753901e-01 1.051999999999999984e-03
-5.250000000000000000e+01 4.712041884816753901e-01 1.051999999999999984e-03
-5.125000000000000000e+01 -8.952879581151833577e+00 4.983879999999999977e-01
-5.125000000000000000e+01 -8.010471204188482020e+00 3.866930000000000089e-01
-5.125000000000000000e+01 -7.068062827225130462e+00 4.538880000000000137e-01
-5.125000000000000000e+01 -5.183246073298429124e+00 1.556120000000000003e-01
-5.125000000000000000e+01 -4.240837696335078455e+00 2.735580000000000234e-01
-5.125000000000000000e+01 -3.298429319371727786e+00 1.566059999999999952e-01
-5.125000000000000000e+01 -2.356020942408377117e+00 6.872899999999999843e-02
-5.000000000000000000e+01 -3.298429319371727786e+00 3.277240000000000153e-01
