-7.875000000000000000e+01 -6.125654450261779793e+00 4.851630000000000109e-01
-7.875000000000000000e+01 -5.183246073298429124e+00 1.653560000000000030e-01
-7.875000000000000000e+01 -4.240837696335078455e+00 1.744910000000000072e-01
-7.875000000000000000e+01 -3.298429319371727786e+00 2.731169999999999987e-01
-7.875000000000000000e+01 -2.356020942408377117e+00 0.000000000000000000e+00
-7.875000000000000000e+01 -1.413612565445026226e+00 0.000000000000000000e+00
-7.750000000000000000e+01 -8.952879581151833577e+00 1.875680000000000125e-01
-7.750000000000000000e+01 -8.010471204188482020e+00 1.435049999999999937e-01
-7.750000000000000000e+01 -7.068062827225130462e+00 2.797390000000000154e-01
-7.750000000000000000e+01 -6.125654450261779793e+00 3.888440000000000230e-01
-7.750000000000000000e+01 -5.183246073298429124e+00 4.430200000000000110e-02
-7.750000000000000000e+01 -4.240837696335078455e+00 2.065799999999999928e-02
-7.750000000000000000e+01 -3.298429319371727786e+00 1.361890000000000045e-01
-7.750000000000000000e+01 -2.356020942408377117e+00 1.004030000000000061e-01
-7.750000000000000000e+01 -1.413612565445026226e+00 1.934329999999999938e-01
-7.750000000000000000e+01 -4.712041884816753901e-01 1.844790000000000041e-01
-7.750000000000000000e+01 4.712041884816753901e-01 1.844790000000000041e-01
-7.625000000000000000e+01 -1.083769633507853669e+01 5.540599999999999692e-02
-7.625000000000000000e+01 -9.895287958115185134e+00 1.201569999999999999e-01
-7.625000000000000000e+01 -8.952879581151833577e+00 2.690960000000000019e-01
-7.625000000000000000e+01 -8.010471204188482020e+00 7.245000000000000051e-02
-7.625000000000000000e+01 -7.068062827225130462e+00 1.727799999999999891e-01
-7.625000000000000000e+01 -6.125654450261779793e+00 1.765190000000000092e-01
-7.625000000000000000e+01 -5.183246073298429124e+00 4.002700000000000008e-02
-7.625000000000000000e+01 -4.240837696335078455e+00 1.472000000000000001e-03
-7.625000000000000000e+01 -3.298429319371727786e+00 3.983000000000000429e-03
-7.625000000000000000e+01 -2.356020942408377117e+00 2.553000000000000148e-03
-7.625000000000000000e+01 -1.413612565445026226e+00 2.611000000000000040e-03
-7.625000000000000000e+01 -4.712041884816753901e-01 2.571999999999999981e-02
-7.625000000000000000e+01 4.712041884816753901e-01 2.571999999999999981e-02
-7.625000000000000000e+01 1.413612565445026226e+00 4.545029999999999903e-01
-7.500000000000000000e+01 -1.366492146596859136e+01 7.814200000000000312e-02
-7.500000000000000000e+01 -1.272251308900523981e+01 1.417779999999999874e-01
-7.500000000000000000e+01 -1.178010471204188825e+01 1.237540000000000029e-01
-7.500000000000000000e+01 -1.083769633507853669e+01 2.591430000000000122e-01
-7.500000000000000000e+01 -9.895287958115185134e+00 1.202570000000000028e-01
-7.500000000000000000e+01 -8.952879581151833577e+00 2.546329999999999982e-01
-7.500000000000000000e+01 -8.010471204188482020e+00 1.618020000000000014e-01
-7.500000000000000000e+01 -7.068062827225130462e+00 3.468899999999999761e-02
-7.500000000000000000e+01 -6.125654450261779793e+00 6.070300000000000001e-02
-7.500000000000000000e+01 -5.183246073298429124e+00 4.566900000000000126e-02
-7.500000000000000000e+01 -4.240837696335078455e+00 2.003299999999999872e-02
-7.500000000000000000e+01 -3.298429319371727786e+00 2.305999999999999890e-03
-7.500000000000000000e+01 -2.356020942408377117e+00 6.376999999999999856e-03
-7.500000000000000000e+01 -1.413612565445026226e+00 5.597000000000000412e-03
-7.500000000000000000e+01 -4.712041884816753901e-01 2.222800000000000123e-02
-7.500000000000000000e+01 4.712041884816753901e-01 2.222800000000000123e-02
-7.500000000000000000e+01 1.413612565445026226e+00 3.810959999999999903e-01
-7.500000000000000000e+01 2.356020942408377117e+00 6.278510000000000479e-01
-7.375000000000000000e+01 -1.460732984293194114e+01 0.000000000000000000e+00
-7.375000000000000000e+01 -1.366492146596859136e+01 1.302490000000000037e-01
-7.375000000000000000e+01 -1.272251308900523981e+01 7.756499999999999506e-02
-7.375000000000000000e+01 -1.178010471204188825e+01 9.292000000000000259e-02
-7.375000000000000000e+01 -1.083769633507853669e+01 7.322299999999999642e-02
-7.375000000000000000e+01 -9.895287958115185134e+00 5.654499999999999804e-02
-7.375000000000000000e+01 -8.952879581151833577e+00 6.895400000000000140e-02
-7.375000000000000000e+01 -8.010471204188482020e+00 4.837299999999999933e-02
-7.375000000000000000e+01 -7.068062827225130462e+00 9.365999999999999326e-03
-7.375000000000000000e+01 -6.125654450261779793e+00 2.464699999999999877e-02
-7.375000000000000000e+01 -5.183246073298429124e+00 7.177999999999999658e-02
-7.375000000000000000e+01 -4.240837696335078455e+00 2.272499999999999867e-02
-7.375000000000000000e+01 -3.298429319371727786e+00 7.262000000000000226e-03
-7.375000000000000000e+01 -2.356020942408377117e+00 5.327000000000000138e-03
-7.375000000000000000e+01 -1.413612565445026226e+00 1.194100000000000023e-02
-7.375000000000000000e+01 -4.712041884816753901e-01 2.467000000000000009e-03
-7.375000000000000000e+01 4.712041884816753901e-01 2.467000000000000009e-03
-7.375000000000000000e+01 1.413612565445026226e+00 3.635300000000000337e-02
-7.250000000000000000e+01 -1.460732984293194114e+01 5.432000000000000196e-03
-7.250000000000000000e+01 -1.366492146596859136e+01 1.374849999999999961e-01
-7.250000000000000000e+01 -1.272251308900523981e+01 1.575509999999999966e-01
-7.250000000000000000e+01 -1.178010471204188825e+01 4.293199999999999794e-02
-7.250000000000000000e+01 -1.083769633507853669e+01 6.879999999999999831e-03
-7.250000000000000000e+01 -9.895287958115185134e+00 0.000000000000000000e+00
-7.250000000000000000e+01 -8.952879581151833577e+00 9.388999999999999777e-03
-7.250000000000000000e+01 -8.010471204188482020e+00 1.423359999999999903e-01
-7.250000000000000000e+01 -7.068062827225130462e+00 4.746899999999999731e-02
-7.250000000000000000e+01 -6.125654450261779793e+00 9.730000000000000151e-04
-7.250000000000000000e+01 -5.183246073298429124e+00 9.737000000000000863e-03
-7.250000000000000000e+01 -4.240837696335078455e+00 1.123389999999999944e-01
-7.250000000000000000e+01 -3.298429319371727786e+00 2.123999999999999846e-02
-7.250000000000000000e+01 -2.356020942408377117e+00 6.119999999999999572e-03
-7.250000000000000000e+01 -1.413612565445026226e+00 2.220000000000000185e-03
-7.250000000000000000e+01 -4.712041884816753901e-01 6.908000000000000078e-03
-7.250000000000000000e+01 4.712041884816753901e-01 6.908000000000000078e-03
-7.250000000000000000e+01 1.413612565445026226e+00 1.020399999999999953e-02
-7.125000000000000000e+01 -1.460732984293194114e+01 9.079900000000000471e-02
-7.125000000000000000e+01 -1.366492146596859136e+01 2.439500000000000002e-02
-7.125000000000000000e+01 -1.272251308900523981e+01 4.151300000000000129e-02
-7.125000000000000000e+01 -1.178010471204188825e+01 0.000000000000000000e+00
-7.125000000000000000e+01 -1.083769633507853669e+01 0.000000000000000000e+00
-7.125000000000000000e+01 -9.895287958115185134e+00 6.791000000000000161e-03
-7.125000000000000000e+01 -8.952879581151833577e+00 2.287099999999999897e-02
-7.125000000000000000e+01 -8.010471204188482020e+00 1.074620000000000020e-01
-7.125000000000000000e+01 -7.068062827225130462e+00 3.642999999999999971e-03
-7.125000000000000000e+01 -6.125654450261779793e+00 4.655000000000000283e-03
-7.125000000000000000e+01 -5.183246073298429124e+00 2.429999999999999977e-04
-7.125000000000000000e+01 -4.240837696335078455e+00 1.864899999999999891e-02
-7.125000000000000000e+01 -3.298429319371727786e+00 1.589999999999999888e-04
-7.125000000000000000e+01 -2.356020942408377117e+00 1.151699999999999946e-02
-7.125000000000000000e+01 -1.413612565445026226e+00 3.510000000000000099e-03
-7.125000000000000000e+01 -4.712041884816753901e-01 0.000000000000000000e+00
-7.125000000000000000e+01 4.712041884816753901e-01 0.000000000000000000e+00
-7.125000000000000000e+01 1.413612565445026226e+00 1.297500000000000042e-02
-7.000000000000000000e+01 -1.366492146596859136e+01 8.580000000000000820e-03
-7.000000000000000000e+01 -1.272251308900523981e+01 4.055299999999999877e-02
-7.000000000000000000e+01 -1.178010471204188825e+01 0.000000000000000000e+00
-7.000000000000000000e+01 -1.083769633507853669e+01 6.513800000000000145e-02
-7.000000000000000000e+01 -9.895287958115185134e+00 3.200000000000000262e-04
-7.000000000000000000e+01 -8.952879581151833577e+00 1.130199999999999955e-02
-7.000000000000000000e+01 -8.010471204188482020e+00 6.547600000000000642e-02
-7.000000000000000000e+01 -7.068062827225130462e+00 2.868199999999999916e-02
-7.000000000000000000e+01 -6.125654450261779793e+00 1.861000000000000024e-03
-7.000000000000000000e+01 -5.183246073298429124e+00 8.040000000000000271e-04
-7.000000000000000000e+01 -4.240837696335078455e+00 5.217399999999999816e-02
-7.000000000000000000e+01 -3.298429319371727786e+00 1.176999999999999921e-02
-7.000000000000000000e+01 -2.356020942408377117e+00 3.761000000000000020e-03
-7.000000000000000000e+01 -1.413612565445026226e+00 7.224000000000000386e-03
-7.000000000000000000e+01 -4.712041884816753901e-01 1.220300000000000031e-02
-7.000000000000000000e+01 4.712041884816753901e-01 1.220300000000000031e-02
-7.000000000000000000e+01 1.413612565445026226e+00 3.248000000000000019e-03
-6.875000000000000000e+01 -1.554973821989529448e+01 6.769999999999999759e-04
-6.875000000000000000e+01 -1.460732984293194114e+01 1.950299999999999950e-02
-6.875000000000000000e+01 -1.366492146596859136e+01 3.651999999999999864e-03
-6.875000000000000000e+01 -1.272251308900523981e+01 7.030799999999999550e-02
-6.875000000000000000e+01 -1.178010471204188825e+01 1.106349999999999972e-01
-6.875000000000000000e+01 -1.083769633507853669e+01 3.043939999999999979e-01
-6.875000000000000000e+01 -9.895287958115185134e+00 2.174799999999999997e-02
-6.875000000000000000e+01 -8.952879581151833577e+00 1.046300000000000008e-01
-6.875000000000000000e+01 -8.010471204188482020e+00 3.200000000000000262e-04
-6.875000000000000000e+01 -7.068062827225130462e+00 2.047999999999999907e-03
-6.875000000000000000e+01 -6.125654450261779793e+00 1.129999999999999928e-03
-6.875000000000000000e+01 -5.183246073298429124e+00 4.840000000000000010e-04
-6.875000000000000000e+01 -4.240837696335078455e+00 4.423999999999999981e-03
-6.875000000000000000e+01 -3.298429319371727786e+00 7.030999999999999923e-03
-6.875000000000000000e+01 -2.356020942408377117e+00 1.229000000000000058e-03
-6.875000000000000000e+01 -1.413612565445026226e+00 9.669999999999999776e-04
-6.875000000000000000e+01 -4.712041884816753901e-01 1.129100000000000069e-02
-6.875000000000000000e+01 4.712041884816753901e-01 1.129100000000000069e-02
-6.875000000000000000e+01 1.413612565445026226e+00 1.069100000000000085e-02
-6.875000000000000000e+01 2.356020942408377117e+00 6.131000000000000165e-03
-6.750000000000000000e+01 -1.649214659685864603e+01 1.327589999999999881e-01
-6.750000000000000000e+01 -1.554973821989529448e+01 1.327589999999999881e-01
-6.750000000000000000e+01 -1.460732984293194114e+01 4.134999999999999787e-02
-6.750000000000000000e+01 -1.366492146596859136e+01 3.448299999999999976e-02
-6.750000000000000000e+01 -1.272251308900523981e+01 5.739000000000000178e-03
-6.750000000000000000e+01 -1.178010471204188825e+01 1.366200000000000053e-02
-6.750000000000000000e+01 -1.083769633507853669e+01 1.663620000000000099e-01
-6.750000000000000000e+01 -9.895287958115185134e+00 5.435790000000000344e-01
-6.750000000000000000e+01 -8.952879581151833577e+00 5.016700000000000326e-02
-6.750000000000000000e+01 -8.010471204188482020e+00 9.590000000000000000e-04
-6.750000000000000000e+01 -7.068062827225130462e+00 8.919999999999999978e-04
-6.750000000000000000e+01 -6.125654450261779793e+00 5.134999999999999808e-03
-6.750000000000000000e+01 -5.183246073298429124e+00 1.128000000000000096e-03
-6.750000000000000000e+01 -4.240837696335078455e+00 8.059999999999999673e-04
-6.750000000000000000e+01 -3.298429319371727786e+00 1.389100000000000057e-02
-6.750000000000000000e+01 -2.356020942408377117e+00 3.310000000000000225e-04
-6.750000000000000000e+01 -1.413612565445026226e+00 8.000000000000000654e-05
-6.750000000000000000e+01 -4.712041884816753901e-01 8.989999999999999511e-04
-6.750000000000000000e+01 4.712041884816753901e-01 8.989999999999999511e-04
-6.750000000000000000e+01 1.413612565445026226e+00 6.081999999999999733e-03
-6.750000000000000000e+01 2.356020942408377117e+00 7.219999999999999855e-04
-6.625000000000000000e+01 -1.837696335078534560e+01 8.382100000000000661e-02
-6.625000000000000000e+01 -1.743455497382199582e+01 1.139089999999999964e-01
-6.625000000000000000e+01 -1.649214659685864603e+01 1.786999999999999960e-03
-6.625000000000000000e+01 -1.554973821989529448e+01 1.786999999999999960e-03
-6.625000000000000000e+01 -1.460732984293194114e+01 6.490000000000000109e-03
-6.625000000000000000e+01 -1.366492146596859136e+01 1.134000000000000025e-03
-6.625000000000000000e+01 -1.272251308900523981e+01 0.000000000000000000e+00
-6.625000000000000000e+01 -1.178010471204188825e+01 6.061999999999999680e-03
-6.625000000000000000e+01 -1.083769633507853669e+01 5.345099999999999851e-02
-6.625000000000000000e+01 -9.895287958115185134e+00 1.240880000000000039e-01
-6.625000000000000000e+01 -8.952879581151833577e+00 1.285900000000000064e-02
-6.625000000000000000e+01 -8.010471204188482020e+00 2.295000000000000165e-03
-6.625000000000000000e+01 -7.068062827225130462e+00 8.109999999999999805e-04
-6.625000000000000000e+01 -6.125654450261779793e+00 1.610000000000000103e-04
-6.625000000000000000e+01 -5.183246073298429124e+00 3.260000000000000094e-04
-6.625000000000000000e+01 -4.240837696335078455e+00 3.536000000000000081e-03
-6.625000000000000000e+01 -3.298429319371727786e+00 1.376199999999999993e-02
-6.625000000000000000e+01 -2.356020942408377117e+00 6.198000000000000384e-03
-6.625000000000000000e+01 -1.413612565445026226e+00 0.000000000000000000e+00
-6.625000000000000000e+01 -4.712041884816753901e-01 2.425000000000000072e-03
-6.625000000000000000e+01 4.712041884816753901e-01 2.425000000000000072e-03
-6.625000000000000000e+01 1.413612565445026226e+00 7.067199999999999871e-02
-6.625000000000000000e+01 2.356020942408377117e+00 6.618899999999999784e-02
-6.500000000000000000e+01 -1.837696335078534560e+01 2.191999999999999851e-02
-6.500000000000000000e+01 -1.743455497382199582e+01 2.607499999999999818e-01
-6.500000000000000000e+01 -1.649214659685864603e+01 9.317999999999999894e-03
-6.500000000000000000e+01 -1.554973821989529448e+01 9.317999999999999894e-03
-6.500000000000000000e+01 -1.460732984293194114e+01 4.687000000000000194e-03
-6.500000000000000000e+01 -1.366492146596859136e+01 2.969999999999999984e-03
-6.500000000000000000e+01 -1.272251308900523981e+01 1.412000000000000061e-03
-6.500000000000000000e+01 -1.178010471204188825e+01 7.238999999999999775e-03
-6.500000000000000000e+01 -1.083769633507853669e+01 1.267050000000000121e-01
-6.500000000000000000e+01 -9.895287958115185134e+00 2.404139999999999888e-01
-6.500000000000000000e+01 -8.952879581151833577e+00 4.713200000000000028e-02
-6.500000000000000000e+01 -8.010471204188482020e+00 2.351999999999999924e-03
-6.500000000000000000e+01 -7.068062827225130462e+00 1.860300000000000148e-02
-6.500000000000000000e+01 -6.125654450261779793e+00 1.147999999999999932e-03
-6.500000000000000000e+01 -5.183246073298429124e+00 1.630000000000000047e-04
-6.500000000000000000e+01 -4.240837696335078455e+00 3.540999999999999877e-03
-6.500000000000000000e+01 -3.298429319371727786e+00 1.051299999999999978e-02
-6.500000000000000000e+01 -2.356020942408377117e+00 4.329999999999999648e-03
-6.500000000000000000e+01 -1.413612565445026226e+00 1.791999999999999973e-03
-6.500000000000000000e+01 -4.712041884816753901e-01 7.742999999999999883e-03
-6.500000000000000000e+01 4.712041884816753901e-01 7.742999999999999883e-03
-6.500000000000000000e+01 1.413612565445026226e+00 2.658999999999999905e-03
-6.375000000000000000e+01 -2.026178010471204516e+01 0.000000000000000000e+00
-6.375000000000000000e+01 -1.931937172774869538e+01 6.276500000000000135e-02
-6.375000000000000000e+01 -1.837696335078534560e+01 1.045240000000000058e-01
-6.375000000000000000e+01 -1.743455497382199582e+01 4.029730000000000256e-01
-6.375000000000000000e+01 -1.649214659685864603e+01 4.800299999999999706e-02
-6.375000000000000000e+01 -1.554973821989529448e+01 4.800299999999999706e-02
-6.375000000000000000e+01 -1.460732984293194114e+01 2.306400000000000117e-02
-6.375000000000000000e+01 -1.366492146596859136e+01 2.972999999999999948e-03
-6.375000000000000000e+01 -1.272251308900523981e+01 1.505000000000000044e-03
-6.375000000000000000e+01 -1.178010471204188825e+01 2.700750000000000095e-01
-6.375000000000000000e+01 -1.083769633507853669e+01 3.960199999999999831e-02
-6.375000000000000000e+01 -9.895287958115185134e+00 3.076670000000000238e-01
-6.375000000000000000e+01 -8.952879581151833577e+00 4.310869999999999980e-01
-6.375000000000000000e+01 -8.010471204188482020e+00 7.815700000000000425e-02
-6.375000000000000000e+01 -7.068062827225130462e+00 5.577999999999999625e-03
-6.375000000000000000e+01 -6.125654450261779793e+00 4.970999999999999724e-03
-6.375000000000000000e+01 -5.183246073298429124e+00 1.794000000000000022e-03
-6.375000000000000000e+01 -4.240837696335078455e+00 2.977099999999999885e-02
-6.375000000000000000e+01 -3.298429319371727786e+00 1.724000000000000055e-03
-6.375000000000000000e+01 -2.356020942408377117e+00 3.249999999999999851e-04
-6.375000000000000000e+01 -1.413612565445026226e+00 3.240000000000000150e-04
-6.375000000000000000e+01 -4.712041884816753901e-01 1.828999999999999897e-03
-6.375000000000000000e+01 4.712041884816753901e-01 1.828999999999999897e-03
-6.375000000000000000e+01 1.413612565445026226e+00 0.000000000000000000e+00
-6.375000000000000000e+01 3.298429319371727786e+00 1.093399999999999928e-02
-6.250000000000000000e+01 -1.931937172774869538e+01 3.019800000000000262e-01
-6.250000000000000000e+01 -1.837696335078534560e+01 6.309430000000000316e-01
-6.250000000000000000e+01 -1.743455497382199582e+01 6.674090000000000300e-01
-6.250000000000000000e+01 -1.649214659685864603e+01 6.801599999999999313e-02
-6.250000000000000000e+01 -1.554973821989529448e+01 6.801599999999999313e-02
-6.250000000000000000e+01 -1.460732984293194114e+01 7.910999999999999630e-03
-6.250000000000000000e+01 -1.366492146596859136e+01 2.263999999999999953e-03
-6.250000000000000000e+01 -1.272251308900523981e+01 1.902999999999999961e-03
-6.250000000000000000e+01 -1.178010471204188825e+01 3.651659999999999906e-01
-6.250000000000000000e+01 -1.083769633507853669e+01 3.464550000000000129e-01
-6.250000000000000000e+01 -9.895287958115185134e+00 8.183289999999999731e-01
-6.250000000000000000e+01 -8.952879581151833577e+00 2.673809999999999798e-01
-6.250000000000000000e+01 -8.010471204188482020e+00 7.148200000000000387e-02
-6.250000000000000000e+01 -7.068062827225130462e+00 4.390600000000000058e-02
-6.250000000000000000e+01 -6.125654450261779793e+00 8.396000000000000685e-03
-6.250000000000000000e+01 -5.183246073298429124e+00 2.396000000000000126e-03
-6.250000000000000000e+01 -4.240837696335078455e+00 2.811900000000000163e-02
-6.250000000000000000e+01 -3.298429319371727786e+00 5.029999999999999749e-03
-6.250000000000000000e+01 -2.356020942408377117e+00 1.056999999999999997e-03
-6.250000000000000000e+01 -1.413612565445026226e+00 3.448999999999999809e-03
-6.250000000000000000e+01 -4.712041884816753901e-01 6.509999999999999945e-04
-6.250000000000000000e+01 4.712041884816753901e-01 6.509999999999999945e-04
-6.250000000000000000e+01 1.413612565445026226e+00 1.435000000000000078e-03
-6.250000000000000000e+01 2.356020942408377117e+00 8.090000000000000403e-04
-6.250000000000000000e+01 3.298429319371727786e+00 0.000000000000000000e+00
-6.125000000000000000e+01 -1.837696335078534560e+01 1.348489999999999966e-01
-6.125000000000000000e+01 -1.743455497382199582e+01 6.289100000000000246e-02
-6.125000000000000000e+01 -1.649214659685864603e+01 9.445800000000000030e-02
-6.125000000000000000e+01 -1.554973821989529448e+01 9.445800000000000030e-02
-6.125000000000000000e+01 -1.460732984293194114e+01 1.474199999999999990e-02
-6.125000000000000000e+01 -1.366492146596859136e+01 3.658999999999999753e-02
-6.125000000000000000e+01 -1.272251308900523981e+01 5.837719999999999576e-01
-6.125000000000000000e+01 -1.178010471204188825e+01 6.255169999999999897e-01
-6.125000000000000000e+01 -1.083769633507853669e+01 3.714399999999999924e-01
-6.125000000000000000e+01 -9.895287958115185134e+00 1.206050000000000039e-01
-6.125000000000000000e+01 -8.952879581151833577e+00 2.701599999999999835e-02
-6.125000000000000000e+01 -8.010471204188482020e+00 1.730599999999999847e-02
-6.125000000000000000e+01 -7.068062827225130462e+00 1.771999999999999921e-03
-6.125000000000000000e+01 -6.125654450261779793e+00 3.977599999999999886e-02
-6.125000000000000000e+01 -5.183246073298429124e+00 1.237100000000000005e-02
-6.125000000000000000e+01 -4.240837696335078455e+00 3.337299999999999989e-02
-6.125000000000000000e+01 -3.298429319371727786e+00 4.064700000000000257e-02
-6.125000000000000000e+01 -2.356020942408377117e+00 1.302999999999999905e-03
-6.125000000000000000e+01 -1.413612565445026226e+00 5.710000000000000015e-04
-6.125000000000000000e+01 -4.712041884816753901e-01 3.114300000000000054e-02
-6.125000000000000000e+01 4.712041884816753901e-01 3.114300000000000054e-02
-6.125000000000000000e+01 1.413612565445026226e+00 3.878000000000000197e-02
-6.125000000000000000e+01 2.356020942408377117e+00 2.820869999999999767e-01
-6.125000000000000000e+01 3.298429319371727786e+00 1.482660000000000089e-01
-6.125000000000000000e+01 4.240837696335078455e+00 1.075399999999999967e-02
-6.000000000000000000e+01 -1.554973821989529448e+01 8.607800000000000173e-02
-6.000000000000000000e+01 -1.460732984293194114e+01 3.497390000000000221e-01
-6.000000000000000000e+01 -1.366492146596859136e+01 3.550769999999999760e-01
-6.000000000000000000e+01 -1.272251308900523981e+01 2.961059999999999803e-01
-6.000000000000000000e+01 -1.178010471204188825e+01 7.199400000000000244e-02
-6.000000000000000000e+01 -1.083769633507853669e+01 3.801999999999999824e-03
-6.000000000000000000e+01 -9.895287958115185134e+00 7.664100000000000079e-02
-6.000000000000000000e+01 -8.952879581151833577e+00 1.627599999999999880e-02
-6.000000000000000000e+01 -8.010471204188482020e+00 0.000000000000000000e+00
-6.000000000000000000e+01 -7.068062827225130462e+00 9.412500000000000033e-02
-6.000000000000000000e+01 -6.125654450261779793e+00 6.660000000000000121e-03
-6.000000000000000000e+01 -5.183246073298429124e+00 1.887899999999999995e-02
-6.000000000000000000e+01 -4.240837696335078455e+00 1.328030000000000044e-01
-6.000000000000000000e+01 -3.298429319371727786e+00 3.376339999999999897e-01
-6.000000000000000000e+01 -2.356020942408377117e+00 1.754269999999999996e-01
-6.000000000000000000e+01 -1.413612565445026226e+00 2.976099999999999926e-02
-6.000000000000000000e+01 -4.712041884816753901e-01 8.609999999999999598e-03
-6.000000000000000000e+01 4.712041884816753901e-01 8.609999999999999598e-03
-6.000000000000000000e+01 1.413612565445026226e+00 2.821529999999999871e-01
-6.000000000000000000e+01 2.356020942408377117e+00 4.209899999999999753e-02
-6.000000000000000000e+01 3.298429319371727786e+00 5.083100000000000118e-02
-6.000000000000000000e+01 4.240837696335078455e+00 1.099900000000000010e-02
-6.000000000000000000e+01 5.183246073298429124e+00 1.274999999999999918e-02
-5.875000000000000000e+01 -1.366492146596859136e+01 1.758699999999999847e-02
-5.875000000000000000e+01 -1.272251308900523981e+01 8.869999999999999846e-04
-5.875000000000000000e+01 -1.178010471204188825e+01 1.374569999999999959e-01
-5.875000000000000000e+01 -1.083769633507853669e+01 4.560429999999999762e-01
-5.875000000000000000e+01 -9.895287958115185134e+00 2.675509999999999833e-01
-5.875000000000000000e+01 -8.952879581151833577e+00 4.848800000000000332e-02
-5.875000000000000000e+01 -8.010471204188482020e+00 2.400000000000000061e-04
-5.875000000000000000e+01 -7.068062827225130462e+00 9.126999999999999696e-03
-5.875000000000000000e+01 -6.125654450261779793e+00 5.649999999999999641e-04
-5.875000000000000000e+01 -5.183246073298429124e+00 1.229000000000000058e-03
-5.875000000000000000e+01 -4.240837696335078455e+00 1.014690000000000036e-01
-5.875000000000000000e+01 -3.298429319371727786e+00 2.836179999999999812e-01
-5.875000000000000000e+01 -2.356020942408377117e+00 1.348000000000000066e-02
-5.875000000000000000e+01 -1.413612565445026226e+00 0.000000000000000000e+00
-5.875000000000000000e+01 -4.712041884816753901e-01 0.000000000000000000e+00
-5.875000000000000000e+01 4.712041884816753901e-01 0.000000000000000000e+00
-5.750000000000000000e+01 -1.366492146596859136e+01 4.394499999999999795e-02
-5.750000000000000000e+01 -1.272251308900523981e+01 5.004499999999999921e-02
-5.750000000000000000e+01 -1.178010471204188825e+01 3.702039999999999775e-01
-5.750000000000000000e+01 -1.083769633507853669e+01 3.410730000000000151e-01
-5.750000000000000000e+01 -9.895287958115185134e+00 2.407229999999999925e-01
-5.750000000000000000e+01 -8.952879581151833577e+00 2.554700000000000026e-02
-5.750000000000000000e+01 -8.010471204188482020e+00 1.814999999999999990e-03
-5.750000000000000000e+01 -7.068062827225130462e+00 1.904000000000000093e-03
-5.750000000000000000e+01 -6.125654450261779793e+00 1.021900000000000065e-02
-5.750000000000000000e+01 -5.183246073298429124e+00 1.631999999999999987e-03
-5.750000000000000000e+01 -4.240837696335078455e+00 4.382300000000000084e-02
-5.750000000000000000e+01 -3.298429319371727786e+00 2.107839999999999991e-01
-5.750000000000000000e+01 -2.356020942408377117e+00 2.534300000000000094e-02
-5.750000000000000000e+01 -1.413612565445026226e+00 6.592999999999999902e-03
-5.750000000000000000e+01 -4.712041884816753901e-01 0.000000000000000000e+00
-5.750000000000000000e+01 4.712041884816753901e-01 0.000000000000000000e+00
-5.750000000000000000e+01 1.413612565445026226e+00 8.100000000000000375e-05
-5.625000000000000000e+01 -1.366492146596859136e+01 2.470009999999999983e-01
-5.625000000000000000e+01 -1.272251308900523981e+01 2.703789999999999805e-01
-5.625000000000000000e+01 -1.178010471204188825e+01 5.605799999999999672e-01
-5.625000000000000000e+01 -1.083769633507853669e+01 3.794250000000000123e-01
-5.625000000000000000e+01 -9.895287958115185134e+00 7.647540000000000449e-01
-5.625000000000000000e+01 -8.952879581151833577e+00 4.954800000000000176e-02
-5.625000000000000000e+01 -8.010471204188482020e+00 6.936000000000000325e-03
-5.625000000000000000e+01 -7.068062827225130462e+00 3.857499999999999818e-02
-5.625000000000000000e+01 -6.125654450261779793e+00 4.210099999999999953e-02
-5.625000000000000000e+01 -5.183246073298429124e+00 1.255429999999999879e-01
-5.625000000000000000e+01 -4.240837696335078455e+00 3.308519999999999794e-01
-5.625000000000000000e+01 -3.298429319371727786e+00 2.237799999999999859e-02
-5.625000000000000000e+01 -2.356020942408377117e+00 3.205299999999999816e-01
-5.625000000000000000e+01 -1.413612565445026226e+00 2.534300000000000094e-02
-5.625000000000000000e+01 -4.712041884816753901e-01 8.000000000000000654e-05
-5.625000000000000000e+01 4.712041884816753901e-01 8.000000000000000654e-05
-5.625000000000000000e+01 1.413612565445026226e+00 0.000000000000000000e+00
-5.500000000000000000e+01 -1.460732984293194114e+01 1.765559999999999907e-01
-5.500000000000000000e+01 -1.366492146596859136e+01 4.197900000000000242e-02
-5.500000000000000000e+01 -1.272251308900523981e+01 3.063400000000000012e-01
-5.500000000000000000e+01 -1.178010471204188825e+01 5.008770000000000167e-01
-5.500000000000000000e+01 -1.083769633507853669e+01 6.604299999999999615e-01
-5.500000000000000000e+01 -9.895287958115185134e+00 7.028879999999999573e-01
-5.500000000000000000e+01 -8.952879581151833577e+00 4.991099999999999703e-02
-5.500000000000000000e+01 -8.010471204188482020e+00 1.019369999999999998e-01
-5.500000000000000000e+01 -7.068062827225130462e+00 9.216900000000000093e-02
-5.500000000000000000e+01 -6.125654450261779793e+00 1.121999999999999950e-03
-5.500000000000000000e+01 -5.183246073298429124e+00 4.809999999999999823e-04
-5.500000000000000000e+01 -4.240837696335078455e+00 2.429779999999999995e-01
-5.500000000000000000e+01 -3.298429319371727786e+00 3.936459999999999959e-01
-5.500000000000000000e+01 -2.356020942408377117e+00 5.363080000000000069e-01
-5.500000000000000000e+01 -1.413612565445026226e+00 1.171699999999999998e-02
-5.500000000000000000e+01 -4.712041884816753901e-01 2.420000000000000005e-04
-5.500000000000000000e+01 4.712041884816753901e-01 2.420000000000000005e-04
-5.500000000000000000e+01 1.413612565445026226e+00 2.420000000000000005e-04
-5.500000000000000000e+01 2.356020942408377117e+00 5.760000000000000146e-04
-5.375000000000000000e+01 -1.460732984293194114e+01 4.079999999999999968e-04
-5.375000000000000000e+01 -1.366492146596859136e+01 3.993000000000000022e-02
-5.375000000000000000e+01 -1.272251308900523981e+01 2.198680000000000079e-01
-5.375000000000000000e+01 -1.178010471204188825e+01 1.084750000000000020e-01
-5.375000000000000000e+01 -1.083769633507853669e+01 2.272000000000000131e-01
-5.375000000000000000e+01 -9.895287958115185134e+00 2.436969999999999970e-01
-5.375000000000000000e+01 -8.952879581151833577e+00 2.014000000000000165e-03
-5.375000000000000000e+01 -8.010471204188482020e+00 8.000000000000000654e-05
-5.375000000000000000e+01 -7.068062827225130462e+00 2.343000000000000031e-03
-5.375000000000000000e+01 -6.125654450261779793e+00 7.323999999999999781e-03
-5.375000000000000000e+01 -5.183246073298429124e+00 3.246999999999999886e-03
-5.375000000000000000e+01 -4.240837696335078455e+00 2.368979999999999975e-01
-5.375000000000000000e+01 -3.298429319371727786e+00 1.690540000000000098e-01
-5.375000000000000000e+01 -2.356020942408377117e+00 4.420709999999999917e-01
-5.375000000000000000e+01 -1.413612565445026226e+00 6.657499999999999529e-02
-5.375000000000000000e+01 -4.712041884816753901e-01 9.719999999999999907e-04
-5.375000000000000000e+01 4.712041884816753901e-01 9.719999999999999907e-04
-5.375000000000000000e+01 1.413612565445026226e+00 1.217999999999999899e-03
-5.375000000000000000e+01 2.356020942408377117e+00 1.054000000000000032e-03
-5.250000000000000000e+01 -1.366492146596859136e+01 1.232399999999999989e-02
-5.250000000000000000e+01 -1.272251308900523981e+01 2.326070000000000082e-01
-5.250000000000000000e+01 -1.178010471204188825e+01 9.926899999999999613e-02
-5.250000000000000000e+01 -1.083769633507853669e+01 2.675020000000000175e-01
-5.250000000000000000e+01 -9.895287958115185134e+00 8.481400000000000050e-02
-5.250000000000000000e+01 -8.952879581151833577e+00 5.699999999999999772e-04
-5.250000000000000000e+01 -8.010471204188482020e+00 1.825000000000000016e-03
-5.250000000000000000e+01 -7.068062827225130462e+00 4.489800000000000041e-02
-5.250000000000000000e+01 -6.125654450261779793e+00 8.692800000000000527e-02
-5.250000000000000000e+01 -5.183246073298429124e+00 1.755000000000000050e-03
-5.250000000000000000e+01 -4.240837696335078455e+00 7.411500000000000032e-02
-5.250000000000000000e+01 -3.298429319371727786e+00 1.885360000000000091e-01
-5.250000000000000000e+01 -2.356020942408377117e+00 3.267500000000000265e-02
-5.250000000000000000e+01 -1.413612565445026226e+00 1.736540000000000028e-01
-5.250000000000000000e+01 -4.712041884816753901e-01 1.051999999999999984e-03
-5.250000000000000000e+01 4.712041884816753901e-01 1.051999999999999984e-03
-5.125000000000000000e+01 -8.952879581151833577e+00 5.038679999999999826e-01
-5.125000000000000000e+01 -8.010471204188482020e+00 3.895219999999999794e-01
-5.125000000000000000e+01 -7.068062827225130462e+00 4.882710000000000106e-01
-5.125000000000000000e+01 -5.183246073298429124e+00 1.556919999999999971e-01
-5.125000000000000000e+01 -4.240837696335078455e+00 2.823800000000000199e-01
-5.125000000000000000e+01 -3.298429319371727786e+00 1.373250000000000026e-01
-5.125000000000000000e+01 -2.356020942408377117e+00 7.193800000000000194e-02
-5.000000000000000000e+01 -3.298429319371727786e+00 3.043029999999999902e-01
