-7.875000000000000000e+01 -6.125654450261779793e+00 4.974239999999999773e-01
-7.875000000000000000e+01 -5.183246073298429124e+00 1.912010000000000098e-01
-7.875000000000000000e+01 -4.240837696335078455e+00 2.402710000000000123e-01
-7.875000000000000000e+01 -3.298429319371727786e+00 3.659410000000000163e-01
-7.875000000000000000e+01 -2.356020942408377117e+00 0.000000000000000000e+00
-7.875000000000000000e+01 -1.413612565445026226e+00 0.000000000000000000e+00
-7.750000000000000000e+01 -8.952879581151833577e+00 1.897490000000000010e-01
-7.750000000000000000e+01 -8.010471204188482020e+00 1.435049999999999937e-01
-7.750000000000000000e+01 -7.068062827225130462e+00 2.822970000000000201e-01
-7.750000000000000000e+01 -6.125654450261779793e+00 5.005720000000000169e-01
-7.750000000000000000e+01 -5.183246073298429124e+00 1.123190000000000022e-01
-7.750000000000000000e+01 -4.240837696335078455e+00 3.941499999999999865e-02
-7.750000000000000000e+01 -3.298429319371727786e+00 2.101699999999999957e-01
-7.750000000000000000e+01 -2.356020942408377117e+00 1.587099999999999900e-01
-7.750000000000000000e+01 -1.413612565445026226e+00 2.667479999999999851e-01
-7.750000000000000000e+01 -4.712041884816753901e-01 1.887540000000000051e-01
-7.750000000000000000e+01 4.712041884816753901e-01 1.887540000000000051e-01
-7.625000000000000000e+01 -1.083769633507853669e+01 6.027699999999999725e-02
-7.625000000000000000e+01 -9.895287958115185134e+00 1.275290000000000035e-01
-7.625000000000000000e+01 -8.952879581151833577e+00 3.296999999999999931e-01
-7.625000000000000000e+01 -8.010471204188482020e+00 9.072399999999999909e-02
-7.625000000000000000e+01 -7.068062827225130462e+00 1.912459999999999993e-01
-7.625000000000000000e+01 -6.125654450261779793e+00 2.527980000000000227e-01
-7.625000000000000000e+01 -5.183246073298429124e+00 4.002700000000000008e-02
-7.625000000000000000e+01 -4.240837696335078455e+00 1.472000000000000001e-03
-7.625000000000000000e+01 -3.298429319371727786e+00 3.983000000000000429e-03
-7.625000000000000000e+01 -2.356020942408377117e+00 2.553000000000000148e-03
-7.625000000000000000e+01 -1.413612565445026226e+00 2.611000000000000040e-03
-7.625000000000000000e+01 -4.712041884816753901e-01 3.432199999999999834e-02
-7.625000000000000000e+01 4.712041884816753901e-01 3.432199999999999834e-02
-7.625000000000000000e+01 1.413612565445026226e+00 5.968149999999999844e-01
-7.500000000000000000e+01 -1.366492146596859136e+01 7.814200000000000312e-02
-7.500000000000000000e+01 -1.272251308900523981e+01 1.417779999999999874e-01
-7.500000000000000000e+01 -1.178010471204188825e+01 1.238360000000000016e-01
-7.500000000000000000e+01 -1.083769633507853669e+01 3.157340000000000146e-01
-7.500000000000000000e+01 -9.895287958115185134e+00 1.397230000000000139e-01
-7.500000000000000000e+01 -8.952879581151833577e+00 3.706740000000000035e-01
-7.500000000000000000e+01 -8.010471204188482020e+00 1.979980000000000073e-01
-7.500000000000000000e+01 -7.068062827225130462e+00 3.560399999999999676e-02
-7.500000000000000000e+01 -6.125654450261779793e+00 6.070300000000000001e-02
-7.500000000000000000e+01 -5.183246073298429124e+00 4.566900000000000126e-02
-7.500000000000000000e+01 -4.240837696335078455e+00 2.003299999999999872e-02
-7.500000000000000000e+01 -3.298429319371727786e+00 2.305999999999999890e-03
-7.500000000000000000e+01 -2.356020942408377117e+00 6.376999999999999856e-03
-7.500000000000000000e+01 -1.413612565445026226e+00 5.597000000000000412e-03
-7.500000000000000000e+01 -4.712041884816753901e-01 2.222800000000000123e-02
-7.500000000000000000e+01 4.712041884816753901e-01 2.222800000000000123e-02
-7.500000000000000000e+01 1.413612565445026226e+00 4.355490000000000195e-01
-7.500000000000000000e+01 2.356020942408377117e+00 7.381010000000000071e-01
-7.375000000000000000e+01 -1.460732984293194114e+01 0.000000000000000000e+00
-7.375000000000000000e+01 -1.366492146596859136e+01 1.302490000000000037e-01
-7.375000000000000000e+01 -1.272251308900523981e+01 8.198300000000000032e-02
-7.375000000000000000e+01 -1.178010471204188825e+01 9.365800000000000514e-02
-7.375000000000000000e+01 -1.083769633507853669e+01 8.071200000000000596e-02
-7.375000000000000000e+01 -9.895287958115185134e+00 5.654499999999999804e-02
-7.375000000000000000e+01 -8.952879581151833577e+00 7.431000000000000105e-02
-7.375000000000000000e+01 -8.010471204188482020e+00 6.243499999999999744e-02
-7.375000000000000000e+01 -7.068062827225130462e+00 1.099499999999999957e-02
-7.375000000000000000e+01 -6.125654450261779793e+00 2.464699999999999877e-02
-7.375000000000000000e+01 -5.183246073298429124e+00 7.177999999999999658e-02
-7.375000000000000000e+01 -4.240837696335078455e+00 2.272499999999999867e-02
-7.375000000000000000e+01 -3.298429319371727786e+00 7.262000000000000226e-03
-7.375000000000000000e+01 -2.356020942408377117e+00 5.409999999999999878e-03
-7.375000000000000000e+01 -1.413612565445026226e+00 5.242499999999999938e-02
-7.375000000000000000e+01 -4.712041884816753901e-01 2.467000000000000009e-03
-7.375000000000000000e+01 4.712041884816753901e-01 2.467000000000000009e-03
-7.375000000000000000e+01 1.413612565445026226e+00 3.635300000000000337e-02
-7.250000000000000000e+01 -1.460732984293194114e+01 5.432000000000000196e-03
-7.250000000000000000e+01 -1.366492146596859136e+01 1.374849999999999961e-01
-7.250000000000000000e+01 -1.272251308900523981e+01 1.669009999999999938e-01
-7.250000000000000000e+01 -1.178010471204188825e+01 4.293199999999999794e-02
-7.250000000000000000e+01 -1.083769633507853669e+01 6.879999999999999831e-03
-7.250000000000000000e+01 -9.895287958115185134e+00 0.000000000000000000e+00
-7.250000000000000000e+01 -8.952879581151833577e+00 9.388999999999999777e-03
-7.250000000000000000e+01 -8.010471204188482020e+00 2.615040000000000142e-01
-7.250000000000000000e+01 -7.068062827225130462e+00 7.136499999999999788e-02
-7.250000000000000000e+01 -6.125654450261779793e+00 9.730000000000000151e-04
-7.250000000000000000e+01 -5.183246073298429124e+00 9.737000000000000863e-03
-7.250000000000000000e+01 -4.240837696335078455e+00 1.123389999999999944e-01
-7.250000000000000000e+01 -3.298429319371727786e+00 2.123999999999999846e-02
-7.250000000000000000e+01 -2.356020942408377117e+00 2.968900000000000011e-02
-7.250000000000000000e+01 -1.413612565445026226e+00 7.812000000000000367e-03
-7.250000000000000000e+01 -4.712041884816753901e-01 6.908000000000000078e-03
-7.250000000000000000e+01 4.712041884816753901e-01 6.908000000000000078e-03
-7.250000000000000000e+01 1.413612565445026226e+00 1.020399999999999953e-02
-7.125000000000000000e+01 -1.460732984293194114e+01 9.079900000000000471e-02
-7.125000000000000000e+01 -1.366492146596859136e+01 2.439500000000000002e-02
-7.125000000000000000e+01 -1.272251308900523981e+01 8.138900000000000301e-02
-7.125000000000000000e+01 -1.178010471204188825e+01 0.000000000000000000e+00
-7.125000000000000000e+01 -1.083769633507853669e+01 0.000000000000000000e+00
-7.125000000000000000e+01 -9.895287958115185134e+00 6.791000000000000161e-03
-7.125000000000000000e+01 -8.952879581151833577e+00 3.552299999999999902e-02
-7.125000000000000000e+01 -8.010471204188482020e+00 2.604429999999999801e-01
-7.125000000000000000e+01 -7.068062827225130462e+00 4.937999999999999681e-03
-7.125000000000000000e+01 -6.125654450261779793e+00 4.655000000000000283e-03
-7.125000000000000000e+01 -5.183246073298429124e+00 2.429999999999999977e-04
-7.125000000000000000e+01 -4.240837696335078455e+00 2.220899999999999958e-02
-7.125000000000000000e+01 -3.298429319371727786e+00 2.390000000000000089e-04
-7.125000000000000000e+01 -2.356020942408377117e+00 2.564699999999999966e-02
-7.125000000000000000e+01 -1.413612565445026226e+00 3.592000000000000141e-03
-7.125000000000000000e+01 -4.712041884816753901e-01 0.000000000000000000e+00
-7.125000000000000000e+01 4.712041884816753901e-01 0.000000000000000000e+00
-7.125000000000000000e+01 1.413612565445026226e+00 5.459399999999999670e-02
-7.000000000000000000e+01 -1.366492146596859136e+01 8.580000000000000820e-03
-7.000000000000000000e+01 -1.272251308900523981e+01 1.769590000000000052e-01
-7.000000000000000000e+01 -1.178010471204188825e+01 9.770000000000000039e-04
-7.000000000000000000e+01 -1.083769633507853669e+01 1.897800000000000042e-01
-7.000000000000000000e+01 -9.895287958115185134e+00 2.883000000000000146e-03
-7.000000000000000000e+01 -8.952879581151833577e+00 6.163099999999999828e-02
-7.000000000000000000e+01 -8.010471204188482020e+00 1.573710000000000109e-01
-7.000000000000000000e+01 -7.068062827225130462e+00 2.983600000000000141e-02
-7.000000000000000000e+01 -6.125654450261779793e+00 1.861000000000000024e-03
-7.000000000000000000e+01 -5.183246073298429124e+00 8.040000000000000271e-04
-7.000000000000000000e+01 -4.240837696335078455e+00 9.391299999999999648e-02
-7.000000000000000000e+01 -3.298429319371727786e+00 3.702500000000000235e-02
-7.000000000000000000e+01 -2.356020942408377117e+00 1.032300000000000058e-02
-7.000000000000000000e+01 -1.413612565445026226e+00 2.150600000000000081e-02
-7.000000000000000000e+01 -4.712041884816753901e-01 1.220300000000000031e-02
-7.000000000000000000e+01 4.712041884816753901e-01 1.220300000000000031e-02
-7.000000000000000000e+01 1.413612565445026226e+00 6.008999999999999585e-03
-6.875000000000000000e+01 -1.554973821989529448e+01 6.769999999999999759e-04
-6.875000000000000000e+01 -1.460732984293194114e+01 2.702399999999999941e-02
-6.875000000000000000e+01 -1.366492146596859136e+01 3.976999999999999633e-03
-6.875000000000000000e+01 -1.272251308900523981e+01 9.576999999999999402e-02
-6.875000000000000000e+01 -1.178010471204188825e+01 2.222399999999999931e-01
-6.875000000000000000e+01 -1.083769633507853669e+01 4.554030000000000022e-01
-6.875000000000000000e+01 -9.895287958115185134e+00 4.268700000000000272e-02
-6.875000000000000000e+01 -8.952879581151833577e+00 2.176049999999999929e-01
-6.875000000000000000e+01 -8.010471204188482020e+00 3.200000000000000262e-04
-6.875000000000000000e+01 -7.068062827225130462e+00 2.047999999999999907e-03
-6.875000000000000000e+01 -6.125654450261779793e+00 1.129999999999999928e-03
-6.875000000000000000e+01 -5.183246073298429124e+00 4.840000000000000010e-04
-6.875000000000000000e+01 -4.240837696335078455e+00 4.423999999999999981e-03
-6.875000000000000000e+01 -3.298429319371727786e+00 7.030999999999999923e-03
-6.875000000000000000e+01 -2.356020942408377117e+00 4.261000000000000031e-03
-6.875000000000000000e+01 -1.413612565445026226e+00 5.804000000000000131e-03
-6.875000000000000000e+01 -4.712041884816753901e-01 1.129100000000000069e-02
-6.875000000000000000e+01 4.712041884816753901e-01 1.129100000000000069e-02
-6.875000000000000000e+01 1.413612565445026226e+00 1.379299999999999971e-02
-6.875000000000000000e+01 2.356020942408377117e+00 6.131000000000000165e-03
-6.750000000000000000e+01 -1.649214659685864603e+01 2.258660000000000112e-01
-6.750000000000000000e+01 -1.554973821989529448e+01 2.258660000000000112e-01
-6.750000000000000000e+01 -1.460732984293194114e+01 7.981199999999999406e-02
-6.750000000000000000e+01 -1.366492146596859136e+01 6.677500000000000102e-02
-6.750000000000000000e+01 -1.272251308900523981e+01 7.193999999999999874e-03
-6.750000000000000000e+01 -1.178010471204188825e+01 1.374300000000000001e-02
-6.750000000000000000e+01 -1.083769633507853669e+01 2.681239999999999735e-01
-6.750000000000000000e+01 -9.895287958115185134e+00 7.005120000000000235e-01
-6.750000000000000000e+01 -8.952879581151833577e+00 1.191969999999999974e-01
-6.750000000000000000e+01 -8.010471204188482020e+00 9.590000000000000000e-04
-6.750000000000000000e+01 -7.068062827225130462e+00 8.919999999999999978e-04
-6.750000000000000000e+01 -6.125654450261779793e+00 5.134999999999999808e-03
-6.750000000000000000e+01 -5.183246073298429124e+00 1.128000000000000096e-03
-6.750000000000000000e+01 -4.240837696335078455e+00 8.059999999999999673e-04
-6.750000000000000000e+01 -3.298429319371727786e+00 1.432499999999999919e-02
-6.750000000000000000e+01 -2.356020942408377117e+00 3.310000000000000225e-04
-6.750000000000000000e+01 -1.413612565445026226e+00 8.000000000000000654e-05
-6.750000000000000000e+01 -4.712041884816753901e-01 8.989999999999999511e-04
-6.750000000000000000e+01 4.712041884816753901e-01 8.989999999999999511e-04
-6.750000000000000000e+01 1.413612565445026226e+00 6.081999999999999733e-03
-6.750000000000000000e+01 2.356020942408377117e+00 7.219999999999999855e-04
-6.625000000000000000e+01 -1.837696335078534560e+01 8.382100000000000661e-02
-6.625000000000000000e+01 -1.743455497382199582e+01 1.876619999999999955e-01
-6.625000000000000000e+01 -1.649214659685864603e+01 1.786999999999999960e-03
-6.625000000000000000e+01 -1.554973821989529448e+01 1.786999999999999960e-03
-6.625000000000000000e+01 -1.460732984293194114e+01 7.950000000000000469e-03
-6.625000000000000000e+01 -1.366492146596859136e+01 1.134000000000000025e-03
-6.625000000000000000e+01 -1.272251308900523981e+01 0.000000000000000000e+00
-6.625000000000000000e+01 -1.178010471204188825e+01 7.596999999999999587e-03
-6.625000000000000000e+01 -1.083769633507853669e+01 1.098819999999999936e-01
-6.625000000000000000e+01 -9.895287958115185134e+00 1.800130000000000063e-01
-6.625000000000000000e+01 -8.952879581151833577e+00 7.521200000000000108e-02
-6.625000000000000000e+01 -8.010471204188482020e+00 2.295000000000000165e-03
-6.625000000000000000e+01 -7.068062827225130462e+00 8.109999999999999805e-04
-6.625000000000000000e+01 -6.125654450261779793e+00 1.610000000000000103e-04
-6.625000000000000000e+01 -5.183246073298429124e+00 3.260000000000000094e-04
-6.625000000000000000e+01 -4.240837696335078455e+00 3.536000000000000081e-03
-6.625000000000000000e+01 -3.298429319371727786e+00 1.409999999999999969e-02
-6.625000000000000000e+01 -2.356020942408377117e+00 6.283999999999999655e-03
-6.625000000000000000e+01 -1.413612565445026226e+00 0.000000000000000000e+00
-6.625000000000000000e+01 -4.712041884816753901e-01 2.425000000000000072e-03
-6.625000000000000000e+01 4.712041884816753901e-01 2.425000000000000072e-03
-6.625000000000000000e+01 1.413612565445026226e+00 8.409500000000000308e-02
-6.625000000000000000e+01 2.356020942408377117e+00 8.247200000000000364e-02
-6.500000000000000000e+01 -1.837696335078534560e+01 2.395699999999999913e-02
-6.500000000000000000e+01 -1.743455497382199582e+01 3.852619999999999933e-01
-6.500000000000000000e+01 -1.649214659685864603e+01 2.752599999999999839e-02
-6.500000000000000000e+01 -1.554973821989529448e+01 2.752599999999999839e-02
-6.500000000000000000e+01 -1.460732984293194114e+01 7.030999999999999923e-03
-6.500000000000000000e+01 -1.366492146596859136e+01 4.159000000000000370e-03
-6.500000000000000000e+01 -1.272251308900523981e+01 2.076000000000000154e-03
-6.500000000000000000e+01 -1.178010471204188825e+01 7.238999999999999775e-03
-6.500000000000000000e+01 -1.083769633507853669e+01 1.714640000000000053e-01
-6.500000000000000000e+01 -9.895287958115185134e+00 4.740369999999999862e-01
-6.500000000000000000e+01 -8.952879581151833577e+00 8.564299999999999691e-02
-6.500000000000000000e+01 -8.010471204188482020e+00 3.487000000000000082e-03
-6.500000000000000000e+01 -7.068062827225130462e+00 3.422900000000000248e-02
-6.500000000000000000e+01 -6.125654450261779793e+00 1.147999999999999932e-03
-6.500000000000000000e+01 -5.183246073298429124e+00 1.551999999999999994e-03
-6.500000000000000000e+01 -4.240837696335078455e+00 1.029300000000000007e-02
-6.500000000000000000e+01 -3.298429319371727786e+00 2.628199999999999981e-02
-6.500000000000000000e+01 -2.356020942408377117e+00 4.329999999999999648e-03
-6.500000000000000000e+01 -1.413612565445026226e+00 1.791999999999999973e-03
-6.500000000000000000e+01 -4.712041884816753901e-01 7.742999999999999883e-03
-6.500000000000000000e+01 4.712041884816753901e-01 7.742999999999999883e-03
-6.500000000000000000e+01 1.413612565445026226e+00 2.658999999999999905e-03
-6.375000000000000000e+01 -2.026178010471204516e+01 6.666670000000000096e-01
-6.375000000000000000e+01 -1.931937172774869538e+01 1.676580000000000015e-01
-6.375000000000000000e+01 -1.837696335078534560e+01 1.266510000000000136e-01
-6.375000000000000000e+01 -1.743455497382199582e+01 4.853839999999999821e-01
-6.375000000000000000e+01 -1.649214659685864603e+01 5.731800000000000089e-02
-6.375000000000000000e+01 -1.554973821989529448e+01 5.731800000000000089e-02
-6.375000000000000000e+01 -1.460732984293194114e+01 2.685299999999999840e-02
-6.375000000000000000e+01 -1.366492146596859136e+01 3.220999999999999905e-03
-6.375000000000000000e+01 -1.272251308900523981e+01 1.505000000000000044e-03
-6.375000000000000000e+01 -1.178010471204188825e+01 2.273840000000000028e-01
-6.375000000000000000e+01 -1.083769633507853669e+01 5.247799999999999687e-02
-6.375000000000000000e+01 -9.895287958115185134e+00 4.290680000000000049e-01
-6.375000000000000000e+01 -8.952879581151833577e+00 7.114730000000000221e-01
-6.375000000000000000e+01 -8.010471204188482020e+00 2.129769999999999996e-01
-6.375000000000000000e+01 -7.068062827225130462e+00 4.753099999999999686e-02
-6.375000000000000000e+01 -6.125654450261779793e+00 4.970999999999999724e-03
-6.375000000000000000e+01 -5.183246073298429124e+00 6.687000000000000235e-03
-6.375000000000000000e+01 -4.240837696335078455e+00 5.102299999999999891e-02
-6.375000000000000000e+01 -3.298429319371727786e+00 1.724000000000000055e-03
-6.375000000000000000e+01 -2.356020942408377117e+00 3.249999999999999851e-04
-6.375000000000000000e+01 -1.413612565445026226e+00 3.240000000000000150e-04
-6.375000000000000000e+01 -4.712041884816753901e-01 1.828999999999999897e-03
-6.375000000000000000e+01 4.712041884816753901e-01 1.828999999999999897e-03
-6.375000000000000000e+01 1.413612565445026226e+00 0.000000000000000000e+00
-6.375000000000000000e+01 3.298429319371727786e+00 1.619800000000000059e-02
-6.250000000000000000e+01 -1.931937172774869538e+01 3.638609999999999900e-01
-6.250000000000000000e+01 -1.837696335078534560e+01 7.086259999999999781e-01
-6.250000000000000000e+01 -1.743455497382199582e+01 7.713130000000000264e-01
-6.250000000000000000e+01 -1.649214659685864603e+01 7.957100000000000284e-02
-6.250000000000000000e+01 -1.554973821989529448e+01 7.957100000000000284e-02
-6.250000000000000000e+01 -1.460732984293194114e+01 7.910999999999999630e-03
-6.250000000000000000e+01 -1.366492146596859136e+01 2.263999999999999953e-03
-6.250000000000000000e+01 -1.272251308900523981e+01 1.157999999999999958e-03
-6.250000000000000000e+01 -1.178010471204188825e+01 3.394800000000000040e-01
-6.250000000000000000e+01 -1.083769633507853669e+01 3.373399999999999732e-01
-6.250000000000000000e+01 -9.895287958115185134e+00 9.366980000000000306e-01
-6.250000000000000000e+01 -8.952879581151833577e+00 3.492850000000000121e-01
-6.250000000000000000e+01 -8.010471204188482020e+00 1.629359999999999975e-01
-6.250000000000000000e+01 -7.068062827225130462e+00 2.535140000000000171e-01
-6.250000000000000000e+01 -6.125654450261779793e+00 2.323100000000000165e-02
-6.250000000000000000e+01 -5.183246073298429124e+00 2.396000000000000126e-03
-6.250000000000000000e+01 -4.240837696335078455e+00 5.852600000000000163e-02
-6.250000000000000000e+01 -3.298429319371727786e+00 8.047999999999999599e-03
-6.250000000000000000e+01 -2.356020942408377117e+00 1.056999999999999997e-03
-6.250000000000000000e+01 -1.413612565445026226e+00 6.625999999999999945e-03
-6.250000000000000000e+01 -4.712041884816753901e-01 6.509999999999999945e-04
-6.250000000000000000e+01 4.712041884816753901e-01 6.509999999999999945e-04
-6.250000000000000000e+01 1.413612565445026226e+00 1.435000000000000078e-03
-6.250000000000000000e+01 2.356020942408377117e+00 6.551999999999999665e-03
-6.250000000000000000e+01 3.298429319371727786e+00 0.000000000000000000e+00
-6.125000000000000000e+01 -1.837696335078534560e+01 1.755680000000000018e-01
-6.125000000000000000e+01 -1.743455497382199582e+01 1.583509999999999918e-01
-6.125000000000000000e+01 -1.649214659685864603e+01 1.814489999999999992e-01
-6.125000000000000000e+01 -1.554973821989529448e+01 1.814489999999999992e-01
-6.125000000000000000e+01 -1.460732984293194114e+01 3.320900000000000241e-02
-6.125000000000000000e+01 -1.366492146596859136e+01 3.813899999999999929e-02
-6.125000000000000000e+01 -1.272251308900523981e+01 6.094979999999999842e-01
-6.125000000000000000e+01 -1.178010471204188825e+01 7.505070000000000352e-01
-6.125000000000000000e+01 -1.083769633507853669e+01 4.123550000000000271e-01
-6.125000000000000000e+01 -9.895287958115185134e+00 2.314799999999999913e-01
-6.125000000000000000e+01 -8.952879581151833577e+00 3.892299999999999927e-02
-6.125000000000000000e+01 -8.010471204188482020e+00 5.793000000000000232e-02
-6.125000000000000000e+01 -7.068062827225130462e+00 1.586900000000000116e-02
-6.125000000000000000e+01 -6.125654450261779793e+00 4.375400000000000122e-02
-6.125000000000000000e+01 -5.183246073298429124e+00 3.909300000000000275e-02
-6.125000000000000000e+01 -4.240837696335078455e+00 1.546740000000000059e-01
-6.125000000000000000e+01 -3.298429319371727786e+00 2.140890000000000015e-01
-6.125000000000000000e+01 -2.356020942408377117e+00 1.910999999999999938e-03
-6.125000000000000000e+01 -1.413612565445026226e+00 5.876000000000000147e-03
-6.125000000000000000e+01 -4.712041884816753901e-01 1.288829999999999976e-01
-6.125000000000000000e+01 4.712041884816753901e-01 1.288829999999999976e-01
-6.125000000000000000e+01 1.413612565445026226e+00 1.408959999999999935e-01
-6.125000000000000000e+01 2.356020942408377117e+00 4.934069999999999845e-01
-6.125000000000000000e+01 3.298429319371727786e+00 2.234039999999999915e-01
-6.125000000000000000e+01 4.240837696335078455e+00 2.256800000000000125e-02
-6.000000000000000000e+01 -1.554973821989529448e+01 8.999100000000000155e-02
-6.000000000000000000e+01 -1.460732984293194114e+01 3.780609999999999804e-01
-6.000000000000000000e+01 -1.366492146596859136e+01 3.998380000000000267e-01
-6.000000000000000000e+01 -1.272251308900523981e+01 3.483419999999999850e-01
-6.000000000000000000e+01 -1.178010471204188825e+01 1.111380000000000007e-01
-6.000000000000000000e+01 -1.083769633507853669e+01 1.132999999999999893e-03
-6.000000000000000000e+01 -9.895287958115185134e+00 5.380800000000000166e-02
-6.000000000000000000e+01 -8.952879581151833577e+00 5.904000000000000394e-03
-6.000000000000000000e+01 -8.010471204188482020e+00 5.710000000000000015e-04
-6.000000000000000000e+01 -7.068062827225130462e+00 2.240340000000000109e-01
-6.000000000000000000e+01 -6.125654450261779793e+00 3.050200000000000133e-02
-6.000000000000000000e+01 -5.183246073298429124e+00 3.572600000000000081e-02
-6.000000000000000000e+01 -4.240837696335078455e+00 3.259929999999999772e-01
-6.000000000000000000e+01 -3.298429319371727786e+00 6.515849999999999698e-01
-6.000000000000000000e+01 -2.356020942408377117e+00 4.939930000000000154e-01
-6.000000000000000000e+01 -1.413612565445026226e+00 1.333080000000000098e-01
-6.000000000000000000e+01 -4.712041884816753901e-01 4.522400000000000031e-02
-6.000000000000000000e+01 4.712041884816753901e-01 4.522400000000000031e-02
-6.000000000000000000e+01 1.413612565445026226e+00 5.847179999999999600e-01
-6.000000000000000000e+01 2.356020942408377117e+00 1.002600000000000019e-01
-6.000000000000000000e+01 3.298429319371727786e+00 9.697300000000000364e-02
-6.000000000000000000e+01 4.240837696335078455e+00 1.091600000000000036e-02
-6.000000000000000000e+01 5.183246073298429124e+00 1.274999999999999918e-02
-5.875000000000000000e+01 -1.366492146596859136e+01 4.266400000000000053e-02
-5.875000000000000000e+01 -1.272251308900523981e+01 4.113000000000000336e-03
-5.875000000000000000e+01 -1.178010471204188825e+01 1.913509999999999933e-01
-5.875000000000000000e+01 -1.083769633507853669e+01 4.037290000000000045e-01
-5.875000000000000000e+01 -9.895287958115185134e+00 1.907959999999999934e-01
-5.875000000000000000e+01 -8.952879581151833577e+00 3.862600000000000061e-02
-5.875000000000000000e+01 -8.010471204188482020e+00 2.400000000000000061e-04
-5.875000000000000000e+01 -7.068062827225130462e+00 5.291799999999999976e-02
-5.875000000000000000e+01 -6.125654450261779793e+00 7.259999999999999743e-04
-5.875000000000000000e+01 -5.183246073298429124e+00 1.229000000000000058e-03
-5.875000000000000000e+01 -4.240837696335078455e+00 2.068540000000000101e-01
-5.875000000000000000e+01 -3.298429319371727786e+00 6.329960000000000031e-01
-5.875000000000000000e+01 -2.356020942408377117e+00 9.204099999999999782e-02
-5.875000000000000000e+01 -1.413612565445026226e+00 6.520000000000000188e-04
-5.875000000000000000e+01 -4.712041884816753901e-01 0.000000000000000000e+00
-5.875000000000000000e+01 4.712041884816753901e-01 0.000000000000000000e+00
-5.750000000000000000e+01 -1.366492146596859136e+01 5.008499999999999758e-02
-5.750000000000000000e+01 -1.272251308900523981e+01 5.935700000000000004e-02
-5.750000000000000000e+01 -1.178010471204188825e+01 4.755099999999999882e-01
-5.750000000000000000e+01 -1.083769633507853669e+01 3.721709999999999741e-01
-5.750000000000000000e+01 -9.895287958115185134e+00 2.358179999999999998e-01
-5.750000000000000000e+01 -8.952879581151833577e+00 1.875100000000000031e-02
-5.750000000000000000e+01 -8.010471204188482020e+00 1.814999999999999990e-03
-5.750000000000000000e+01 -7.068062827225130462e+00 4.636000000000000364e-03
-5.750000000000000000e+01 -6.125654450261779793e+00 8.535800000000000332e-02
-5.750000000000000000e+01 -5.183246073298429124e+00 1.631999999999999987e-03
-5.750000000000000000e+01 -4.240837696335078455e+00 8.592299999999999938e-02
-5.750000000000000000e+01 -3.298429319371727786e+00 3.776300000000000212e-01
-5.750000000000000000e+01 -2.356020942408377117e+00 5.060200000000000115e-02
-5.750000000000000000e+01 -1.413612565445026226e+00 8.139000000000000401e-03
-5.750000000000000000e+01 -4.712041884816753901e-01 0.000000000000000000e+00
-5.750000000000000000e+01 4.712041884816753901e-01 0.000000000000000000e+00
-5.750000000000000000e+01 1.413612565445026226e+00 8.100000000000000375e-05
-5.625000000000000000e+01 -1.366492146596859136e+01 3.135859999999999759e-01
-5.625000000000000000e+01 -1.272251308900523981e+01 3.245359999999999912e-01
-5.625000000000000000e+01 -1.178010471204188825e+01 6.952749999999999764e-01
-5.625000000000000000e+01 -1.083769633507853669e+01 4.785840000000000094e-01
-5.625000000000000000e+01 -9.895287958115185134e+00 8.037429999999999852e-01
-5.625000000000000000e+01 -8.952879581151833577e+00 3.915899999999999936e-02
-5.625000000000000000e+01 -8.010471204188482020e+00 3.667000000000000121e-03
-5.625000000000000000e+01 -7.068062827225130462e+00 6.242500000000000132e-02
-5.625000000000000000e+01 -6.125654450261779793e+00 1.595149999999999901e-01
-5.625000000000000000e+01 -5.183246073298429124e+00 2.923330000000000095e-01
-5.625000000000000000e+01 -4.240837696335078455e+00 3.993639999999999968e-01
-5.625000000000000000e+01 -3.298429319371727786e+00 4.181599999999999900e-02
-5.625000000000000000e+01 -2.356020942408377117e+00 3.818480000000000207e-01
-5.625000000000000000e+01 -1.413612565445026226e+00 2.534300000000000094e-02
-5.625000000000000000e+01 -4.712041884816753901e-01 8.000000000000000654e-05
-5.625000000000000000e+01 4.712041884816753901e-01 8.000000000000000654e-05
-5.625000000000000000e+01 1.413612565445026226e+00 0.000000000000000000e+00
-5.500000000000000000e+01 -1.460732984293194114e+01 1.816629999999999912e-01
-5.500000000000000000e+01 -1.366492146596859136e+01 4.329899999999999721e-02
-5.500000000000000000e+01 -1.272251308900523981e+01 4.142049999999999899e-01
-5.500000000000000000e+01 -1.178010471204188825e+01 6.929210000000000091e-01
-5.500000000000000000e+01 -1.083769633507853669e+01 7.817570000000000352e-01
-5.500000000000000000e+01 -9.895287958115185134e+00 7.517150000000000221e-01
-5.500000000000000000e+01 -8.952879581151833577e+00 7.955099999999999671e-02
-5.500000000000000000e+01 -8.010471204188482020e+00 2.282349999999999934e-01
-5.500000000000000000e+01 -7.068062827225130462e+00 2.448859999999999926e-01
-5.500000000000000000e+01 -6.125654450261779793e+00 2.517399999999999846e-02
-5.500000000000000000e+01 -5.183246073298429124e+00 2.322999999999999978e-03
-5.500000000000000000e+01 -4.240837696335078455e+00 3.907579999999999942e-01
-5.500000000000000000e+01 -3.298429319371727786e+00 5.170040000000000191e-01
-5.500000000000000000e+01 -2.356020942408377117e+00 5.824040000000000328e-01
-5.500000000000000000e+01 -1.413612565445026226e+00 1.982199999999999934e-02
-5.500000000000000000e+01 -4.712041884816753901e-01 2.420000000000000005e-04
-5.500000000000000000e+01 4.712041884816753901e-01 2.420000000000000005e-04
-5.500000000000000000e+01 1.413612565445026226e+00 2.420000000000000005e-04
-5.500000000000000000e+01 2.356020942408377117e+00 5.760000000000000146e-04
-5.375000000000000000e+01 -1.460732984293194114e+01 4.079999999999999968e-04
-5.375000000000000000e+01 -1.366492146596859136e+01 4.064999999999999863e-02
-5.375000000000000000e+01 -1.272251308900523981e+01 2.055269999999999875e-01
-5.375000000000000000e+01 -1.178010471204188825e+01 1.599089999999999956e-01
-5.375000000000000000e+01 -1.083769633507853669e+01 2.555009999999999781e-01
-5.375000000000000000e+01 -9.895287958115185134e+00 3.366029999999999855e-01
-5.375000000000000000e+01 -8.952879581151833577e+00 1.127900000000000083e-02
-5.375000000000000000e+01 -8.010471204188482020e+00 8.000000000000000654e-05
-5.375000000000000000e+01 -7.068062827225130462e+00 2.101000000000000003e-03
-5.375000000000000000e+01 -6.125654450261779793e+00 6.347000000000000211e-03
-5.375000000000000000e+01 -5.183246073298429124e+00 3.246999999999999886e-03
-5.375000000000000000e+01 -4.240837696335078455e+00 3.916020000000000056e-01
-5.375000000000000000e+01 -3.298429319371727786e+00 3.699930000000000163e-01
-5.375000000000000000e+01 -2.356020942408377117e+00 4.719180000000000041e-01
-5.375000000000000000e+01 -1.413612565445026226e+00 7.514999999999999458e-02
-5.375000000000000000e+01 -4.712041884816753901e-01 9.719999999999999907e-04
-5.375000000000000000e+01 4.712041884816753901e-01 9.719999999999999907e-04
-5.375000000000000000e+01 1.413612565445026226e+00 1.217999999999999899e-03
-5.375000000000000000e+01 2.356020942408377117e+00 1.054000000000000032e-03
-5.250000000000000000e+01 -1.366492146596859136e+01 1.288800000000000015e-02
-5.250000000000000000e+01 -1.272251308900523981e+01 2.147080000000000100e-01
-5.250000000000000000e+01 -1.178010471204188825e+01 1.181819999999999954e-01
-5.250000000000000000e+01 -1.083769633507853669e+01 2.872839999999999838e-01
-5.250000000000000000e+01 -9.895287958115185134e+00 9.431000000000000494e-02
-5.250000000000000000e+01 -8.952879581151833577e+00 5.699999999999999772e-04
-5.250000000000000000e+01 -8.010471204188482020e+00 1.825000000000000016e-03
-5.250000000000000000e+01 -7.068062827225130462e+00 1.878099999999999908e-02
-5.250000000000000000e+01 -6.125654450261779793e+00 4.133200000000000068e-02
-5.250000000000000000e+01 -5.183246073298429124e+00 1.755000000000000050e-03
-5.250000000000000000e+01 -4.240837696335078455e+00 1.265890000000000071e-01
-5.250000000000000000e+01 -3.298429319371727786e+00 3.368940000000000268e-01
-5.250000000000000000e+01 -2.356020942408377117e+00 3.512099999999999944e-02
-5.250000000000000000e+01 -1.413612565445026226e+00 3.928249999999999797e-01
-5.250000000000000000e+01 -4.712041884816753901e-01 3.186900000000000149e-02
-5.250000000000000000e+01 4.712041884816753901e-01 3.186900000000000149e-02
-5.125000000000000000e+01 -8.952879581151833577e+00 5.714749999999999552e-01
-5.125000000000000000e+01 -8.010471204188482020e+00 4.145849999999999813e-01
-5.125000000000000000e+01 -7.068062827225130462e+00 4.616000000000000103e-01
-5.125000000000000000e+01 -5.183246073298429124e+00 1.880580000000000029e-01
-5.125000000000000000e+01 -4.240837696335078455e+00 3.418880000000000252e-01
-5.125000000000000000e+01 -3.298429319371727786e+00 4.236090000000000133e-01
-5.125000000000000000e+01 -2.356020942408377117e+00 1.240860000000000019e-01
-5.000000000000000000e+01 -3.298429319371727786e+00 5.885669999999999513e-01
