-7.875000000000000000e+01 -6.125654450261779793e+00 5.085290000000000088e-01
-7.875000000000000000e+01 -5.183246073298429124e+00 2.892210000000000059e-01
-7.875000000000000000e+01 -4.240837696335078455e+00 4.118539999999999979e-01
-7.875000000000000000e+01 -3.298429319371727786e+00 5.355229999999999713e-01
-7.875000000000000000e+01 -2.356020942408377117e+00 0.000000000000000000e+00
-7.875000000000000000e+01 -1.413612565445026226e+00 0.000000000000000000e+00
-7.750000000000000000e+01 -8.952879581151833577e+00 1.886589999999999934e-01
-7.750000000000000000e+01 -8.010471204188482020e+00 1.435049999999999937e-01
-7.750000000000000000e+01 -7.068062827225130462e+00 2.870809999999999751e-01
-7.750000000000000000e+01 -6.125654450261779793e+00 5.601930000000000520e-01
-7.750000000000000000e+01 -5.183246073298429124e+00 2.176379999999999981e-01
-7.750000000000000000e+01 -4.240837696335078455e+00 5.899900000000000283e-02
-7.750000000000000000e+01 -3.298429319371727786e+00 4.978290000000000215e-01
-7.750000000000000000e+01 -2.356020942408377117e+00 3.153610000000000024e-01
-7.750000000000000000e+01 -1.413612565445026226e+00 4.291829999999999812e-01
-7.750000000000000000e+01 -4.712041884816753901e-01 2.446560000000000124e-01
-7.750000000000000000e+01 4.712041884816753901e-01 2.446560000000000124e-01
-7.625000000000000000e+01 -1.083769633507853669e+01 7.689000000000000001e-02
-7.625000000000000000e+01 -9.895287958115185134e+00 1.567699999999999927e-01
-7.625000000000000000e+01 -8.952879581151833577e+00 5.154149999999999565e-01
-7.625000000000000000e+01 -8.010471204188482020e+00 2.184049999999999880e-01
-7.625000000000000000e+01 -7.068062827225130462e+00 2.945349999999999913e-01
-7.625000000000000000e+01 -6.125654450261779793e+00 5.418290000000000051e-01
-7.625000000000000000e+01 -5.183246073298429124e+00 4.289799999999999863e-02
-7.625000000000000000e+01 -4.240837696335078455e+00 1.472000000000000001e-03
-7.625000000000000000e+01 -3.298429319371727786e+00 3.983000000000000429e-03
-7.625000000000000000e+01 -2.356020942408377117e+00 2.553000000000000148e-03
-7.625000000000000000e+01 -1.413612565445026226e+00 9.953000000000000042e-03
-7.625000000000000000e+01 -4.712041884816753901e-01 2.704799999999999982e-01
-7.625000000000000000e+01 4.712041884816753901e-01 2.704799999999999982e-01
-7.625000000000000000e+01 1.413612565445026226e+00 8.932660000000000045e-01
-7.500000000000000000e+01 -1.366492146596859136e+01 7.814200000000000312e-02
-7.500000000000000000e+01 -1.272251308900523981e+01 1.417779999999999874e-01
-7.500000000000000000e+01 -1.178010471204188825e+01 1.238360000000000016e-01
-7.500000000000000000e+01 -1.083769633507853669e+01 4.106719999999999815e-01
-7.500000000000000000e+01 -9.895287958115185134e+00 2.460410000000000097e-01
-7.500000000000000000e+01 -8.952879581151833577e+00 5.745449999999999724e-01
-7.500000000000000000e+01 -8.010471204188482020e+00 2.699750000000000205e-01
-7.500000000000000000e+01 -7.068062827225130462e+00 4.400600000000000345e-02
-7.500000000000000000e+01 -6.125654450261779793e+00 6.070300000000000001e-02
-7.500000000000000000e+01 -5.183246073298429124e+00 4.566900000000000126e-02
-7.500000000000000000e+01 -4.240837696335078455e+00 2.003299999999999872e-02
-7.500000000000000000e+01 -3.298429319371727786e+00 2.305999999999999890e-03
-7.500000000000000000e+01 -2.356020942408377117e+00 6.376999999999999856e-03
-7.500000000000000000e+01 -1.413612565445026226e+00 5.597000000000000412e-03
-7.500000000000000000e+01 -4.712041884816753901e-01 6.560499999999999665e-02
-7.500000000000000000e+01 4.712041884816753901e-01 6.560499999999999665e-02
-7.500000000000000000e+01 1.413612565445026226e+00 6.610859999999999514e-01
-7.500000000000000000e+01 2.356020942408377117e+00 9.363110000000000044e-01
-7.375000000000000000e+01 -1.460732984293194114e+01 0.000000000000000000e+00
-7.375000000000000000e+01 -1.366492146596859136e+01 1.302490000000000037e-01
-7.375000000000000000e+01 -1.272251308900523981e+01 8.607399999999999773e-02
-7.375000000000000000e+01 -1.178010471204188825e+01 1.048840000000000050e-01
-7.375000000000000000e+01 -1.083769633507853669e+01 1.071730000000000044e-01
-7.375000000000000000e+01 -9.895287958115185134e+00 5.975899999999999962e-02
-7.375000000000000000e+01 -8.952879581151833577e+00 1.180749999999999994e-01
-7.375000000000000000e+01 -8.010471204188482020e+00 2.337480000000000113e-01
-7.375000000000000000e+01 -7.068062827225130462e+00 1.526309999999999889e-01
-7.375000000000000000e+01 -6.125654450261779793e+00 2.464699999999999877e-02
-7.375000000000000000e+01 -5.183246073298429124e+00 7.177999999999999658e-02
-7.375000000000000000e+01 -4.240837696335078455e+00 2.272499999999999867e-02
-7.375000000000000000e+01 -3.298429319371727786e+00 7.262000000000000226e-03
-7.375000000000000000e+01 -2.356020942408377117e+00 5.409999999999999878e-03
-7.375000000000000000e+01 -1.413612565445026226e+00 1.278320000000000012e-01
-7.375000000000000000e+01 -4.712041884816753901e-01 2.467000000000000009e-03
-7.375000000000000000e+01 4.712041884816753901e-01 2.467000000000000009e-03
-7.375000000000000000e+01 1.413612565445026226e+00 7.009200000000000153e-02
-7.250000000000000000e+01 -1.460732984293194114e+01 5.432000000000000196e-03
-7.250000000000000000e+01 -1.366492146596859136e+01 1.374849999999999961e-01
-7.250000000000000000e+01 -1.272251308900523981e+01 1.842779999999999974e-01
-7.250000000000000000e+01 -1.178010471204188825e+01 4.293199999999999794e-02
-7.250000000000000000e+01 -1.083769633507853669e+01 6.879999999999999831e-03
-7.250000000000000000e+01 -9.895287958115185134e+00 0.000000000000000000e+00
-7.250000000000000000e+01 -8.952879581151833577e+00 6.163799999999999835e-02
-7.250000000000000000e+01 -8.010471204188482020e+00 6.209489999999999732e-01
-7.250000000000000000e+01 -7.068062827225130462e+00 4.133660000000000112e-01
-7.250000000000000000e+01 -6.125654450261779793e+00 9.730000000000000151e-04
-7.250000000000000000e+01 -5.183246073298429124e+00 9.737000000000000863e-03
-7.250000000000000000e+01 -4.240837696335078455e+00 1.123389999999999944e-01
-7.250000000000000000e+01 -3.298429319371727786e+00 2.123999999999999846e-02
-7.250000000000000000e+01 -2.356020942408377117e+00 6.219000000000000222e-02
-7.250000000000000000e+01 -1.413612565445026226e+00 1.529499999999999957e-02
-7.250000000000000000e+01 -4.712041884816753901e-01 6.908000000000000078e-03
-7.250000000000000000e+01 4.712041884816753901e-01 6.908000000000000078e-03
-7.250000000000000000e+01 1.413612565445026226e+00 1.647099999999999953e-02
-7.125000000000000000e+01 -1.460732984293194114e+01 9.079900000000000471e-02
-7.125000000000000000e+01 -1.366492146596859136e+01 2.551600000000000049e-02
-7.125000000000000000e+01 -1.272251308900523981e+01 3.004990000000000161e-01
-7.125000000000000000e+01 -1.178010471204188825e+01 1.624499999999999902e-02
-7.125000000000000000e+01 -1.083769633507853669e+01 5.657999999999999835e-03
-7.125000000000000000e+01 -9.895287958115185134e+00 7.773000000000000395e-03
-7.125000000000000000e+01 -8.952879581151833577e+00 2.181669999999999998e-01
-7.125000000000000000e+01 -8.010471204188482020e+00 7.780610000000000026e-01
-7.125000000000000000e+01 -7.068062827225130462e+00 2.402849999999999986e-01
-7.125000000000000000e+01 -6.125654450261779793e+00 1.621099999999999972e-02
-7.125000000000000000e+01 -5.183246073298429124e+00 2.429999999999999977e-04
-7.125000000000000000e+01 -4.240837696335078455e+00 3.755200000000000204e-02
-7.125000000000000000e+01 -3.298429319371727786e+00 1.589999999999999888e-04
-7.125000000000000000e+01 -2.356020942408377117e+00 5.349999999999999895e-02
-7.125000000000000000e+01 -1.413612565445026226e+00 3.592000000000000141e-03
-7.125000000000000000e+01 -4.712041884816753901e-01 0.000000000000000000e+00
-7.125000000000000000e+01 4.712041884816753901e-01 0.000000000000000000e+00
-7.125000000000000000e+01 1.413612565445026226e+00 1.119629999999999931e-01
-7.000000000000000000e+01 -1.366492146596859136e+01 1.203000000000000076e-02
-7.000000000000000000e+01 -1.272251308900523981e+01 4.273980000000000001e-01
-7.000000000000000000e+01 -1.178010471204188825e+01 2.080450000000000077e-01
-7.000000000000000000e+01 -1.083769633507853669e+01 4.776750000000000163e-01
-7.000000000000000000e+01 -9.895287958115185134e+00 1.073830000000000062e-01
-7.000000000000000000e+01 -8.952879581151833577e+00 4.697129999999999916e-01
-7.000000000000000000e+01 -8.010471204188482020e+00 6.024140000000000050e-01
-7.000000000000000000e+01 -7.068062827225130462e+00 1.860219999999999929e-01
-7.000000000000000000e+01 -6.125654450261779793e+00 1.861000000000000024e-03
-7.000000000000000000e+01 -5.183246073298429124e+00 8.840000000000000201e-04
-7.000000000000000000e+01 -4.240837696335078455e+00 1.503480000000000094e-01
-7.000000000000000000e+01 -3.298429319371727786e+00 5.794900000000000051e-02
-7.000000000000000000e+01 -2.356020942408377117e+00 2.336699999999999888e-02
-7.000000000000000000e+01 -1.413612565445026226e+00 3.570500000000000063e-02
-7.000000000000000000e+01 -4.712041884816753901e-01 1.220300000000000031e-02
-7.000000000000000000e+01 4.712041884816753901e-01 1.220300000000000031e-02
-7.000000000000000000e+01 1.413612565445026226e+00 8.120999999999999747e-03
-6.875000000000000000e+01 -1.554973821989529448e+01 1.353999999999999952e-03
-6.875000000000000000e+01 -1.460732984293194114e+01 4.639900000000000274e-02
-6.875000000000000000e+01 -1.366492146596859136e+01 2.312900000000000025e-02
-6.875000000000000000e+01 -1.272251308900523981e+01 1.945790000000000020e-01
-6.875000000000000000e+01 -1.178010471204188825e+01 5.634390000000000231e-01
-6.875000000000000000e+01 -1.083769633507853669e+01 7.846370000000000289e-01
-6.875000000000000000e+01 -9.895287958115185134e+00 3.893599999999999839e-01
-6.875000000000000000e+01 -8.952879581151833577e+00 8.759820000000000384e-01
-6.875000000000000000e+01 -8.010471204188482020e+00 1.388639999999999874e-01
-6.875000000000000000e+01 -7.068062827225130462e+00 2.047999999999999907e-03
-6.875000000000000000e+01 -6.125654450261779793e+00 1.129999999999999928e-03
-6.875000000000000000e+01 -5.183246073298429124e+00 4.840000000000000010e-04
-6.875000000000000000e+01 -4.240837696335078455e+00 4.423999999999999981e-03
-6.875000000000000000e+01 -3.298429319371727786e+00 7.203000000000000201e-03
-6.875000000000000000e+01 -2.356020942408377117e+00 4.997999999999999839e-03
-6.875000000000000000e+01 -1.413612565445026226e+00 1.209099999999999932e-02
-6.875000000000000000e+01 -4.712041884816753901e-01 1.129100000000000069e-02
-6.875000000000000000e+01 4.712041884816753901e-01 1.129100000000000069e-02
-6.875000000000000000e+01 1.413612565445026226e+00 1.526199999999999952e-02
-6.875000000000000000e+01 2.356020942408377117e+00 1.765900000000000108e-02
-6.750000000000000000e+01 -1.649214659685864603e+01 4.485020000000000118e-01
-6.750000000000000000e+01 -1.554973821989529448e+01 4.485020000000000118e-01
-6.750000000000000000e+01 -1.460732984293194114e+01 2.203700000000000103e-01
-6.750000000000000000e+01 -1.366492146596859136e+01 1.749290000000000012e-01
-6.750000000000000000e+01 -1.272251308900523981e+01 3.621100000000000013e-02
-6.750000000000000000e+01 -1.178010471204188825e+01 7.706200000000000550e-02
-6.750000000000000000e+01 -1.083769633507853669e+01 5.354170000000000318e-01
-6.750000000000000000e+01 -9.895287958115185134e+00 9.410279999999999756e-01
-6.750000000000000000e+01 -8.952879581151833577e+00 5.605329999999999480e-01
-6.750000000000000000e+01 -8.010471204188482020e+00 1.518199999999999932e-02
-6.750000000000000000e+01 -7.068062827225130462e+00 8.984000000000000319e-02
-6.750000000000000000e+01 -6.125654450261779793e+00 9.535999999999999338e-03
-6.750000000000000000e+01 -5.183246073298429124e+00 1.128000000000000096e-03
-6.750000000000000000e+01 -4.240837696335078455e+00 8.059999999999999673e-04
-6.750000000000000000e+01 -3.298429319371727786e+00 2.213899999999999896e-02
-6.750000000000000000e+01 -2.356020942408377117e+00 3.310000000000000225e-04
-6.750000000000000000e+01 -1.413612565445026226e+00 8.000000000000000654e-05
-6.750000000000000000e+01 -4.712041884816753901e-01 8.989999999999999511e-04
-6.750000000000000000e+01 4.712041884816753901e-01 8.989999999999999511e-04
-6.750000000000000000e+01 1.413612565445026226e+00 2.854399999999999993e-02
-6.750000000000000000e+01 2.356020942408377117e+00 1.482189999999999896e-01
-6.625000000000000000e+01 -1.837696335078534560e+01 8.390400000000000635e-02
-6.625000000000000000e+01 -1.743455497382199582e+01 3.856870000000000021e-01
-6.625000000000000000e+01 -1.649214659685864603e+01 4.118900000000000339e-02
-6.625000000000000000e+01 -1.554973821989529448e+01 4.118900000000000339e-02
-6.625000000000000000e+01 -1.460732984293194114e+01 2.587800000000000170e-02
-6.625000000000000000e+01 -1.366492146596859136e+01 1.134000000000000025e-03
-6.625000000000000000e+01 -1.272251308900523981e+01 0.000000000000000000e+00
-6.625000000000000000e+01 -1.178010471204188825e+01 1.575999999999999970e-02
-6.625000000000000000e+01 -1.083769633507853669e+01 1.955909999999999871e-01
-6.625000000000000000e+01 -9.895287958115185134e+00 3.573509999999999742e-01
-6.625000000000000000e+01 -8.952879581151833577e+00 4.165789999999999771e-01
-6.625000000000000000e+01 -8.010471204188482020e+00 8.744499999999999496e-02
-6.625000000000000000e+01 -7.068062827225130462e+00 3.497499999999999915e-02
-6.625000000000000000e+01 -6.125654450261779793e+00 1.610000000000000103e-04
-6.625000000000000000e+01 -5.183246073298429124e+00 3.260000000000000094e-04
-6.625000000000000000e+01 -4.240837696335078455e+00 3.696000000000000067e-03
-6.625000000000000000e+01 -3.298429319371727786e+00 2.254300000000000054e-02
-6.625000000000000000e+01 -2.356020942408377117e+00 6.542000000000000072e-03
-6.625000000000000000e+01 -1.413612565445026226e+00 0.000000000000000000e+00
-6.625000000000000000e+01 -4.712041884816753901e-01 3.336700000000000083e-02
-6.625000000000000000e+01 4.712041884816753901e-01 3.336700000000000083e-02
-6.625000000000000000e+01 1.413612565445026226e+00 8.692500000000000226e-02
-6.625000000000000000e+01 2.356020942408377117e+00 8.426300000000000456e-02
-6.500000000000000000e+01 -1.837696335078534560e+01 3.365400000000000336e-02
-6.500000000000000000e+01 -1.743455497382199582e+01 6.034270000000000467e-01
-6.500000000000000000e+01 -1.649214659685864603e+01 8.462999999999999690e-02
-6.500000000000000000e+01 -1.554973821989529448e+01 8.462999999999999690e-02
-6.500000000000000000e+01 -1.460732984293194114e+01 1.481500000000000004e-02
-6.500000000000000000e+01 -1.366492146596859136e+01 6.873999999999999902e-03
-6.500000000000000000e+01 -1.272251308900523981e+01 2.242000000000000069e-03
-6.500000000000000000e+01 -1.178010471204188825e+01 1.244109999999999938e-01
-6.500000000000000000e+01 -1.083769633507853669e+01 4.408489999999999909e-01
-6.500000000000000000e+01 -9.895287958115185134e+00 8.213660000000000405e-01
-6.500000000000000000e+01 -8.952879581151833577e+00 5.851600000000000135e-01
-6.500000000000000000e+01 -8.010471204188482020e+00 2.440799999999999914e-01
-6.500000000000000000e+01 -7.068062827225130462e+00 2.650680000000000258e-01
-6.500000000000000000e+01 -6.125654450261779793e+00 8.526000000000000592e-03
-6.500000000000000000e+01 -5.183246073298429124e+00 2.348230000000000040e-01
-6.500000000000000000e+01 -4.240837696335078455e+00 2.579870000000000219e-01
-6.500000000000000000e+01 -3.298429319371727786e+00 1.749350000000000072e-01
-6.500000000000000000e+01 -2.356020942408377117e+00 4.329999999999999648e-03
-6.500000000000000000e+01 -1.413612565445026226e+00 1.791999999999999973e-03
-6.500000000000000000e+01 -4.712041884816753901e-01 1.208200000000000073e-02
-6.500000000000000000e+01 4.712041884816753901e-01 1.208200000000000073e-02
-6.500000000000000000e+01 1.413612565445026226e+00 2.658999999999999905e-03
-6.375000000000000000e+01 -2.026178010471204516e+01 8.333329999999999904e-01
-6.375000000000000000e+01 -1.931937172774869538e+01 3.906060000000000088e-01
-6.375000000000000000e+01 -1.837696335078534560e+01 2.561919999999999753e-01
-6.375000000000000000e+01 -1.743455497382199582e+01 7.411229999999999762e-01
-6.375000000000000000e+01 -1.649214659685864603e+01 8.635400000000000020e-02
-6.375000000000000000e+01 -1.554973821989529448e+01 8.635400000000000020e-02
-6.375000000000000000e+01 -1.460732984293194114e+01 5.980200000000000099e-02
-6.375000000000000000e+01 -1.366492146596859136e+01 3.468999999999999861e-03
-6.375000000000000000e+01 -1.272251308900523981e+01 8.109999999999999154e-03
-6.375000000000000000e+01 -1.178010471204188825e+01 6.679779999999999607e-01
-6.375000000000000000e+01 -1.083769633507853669e+01 2.096699999999999953e-01
-6.375000000000000000e+01 -9.895287958115185134e+00 8.049979999999999913e-01
-6.375000000000000000e+01 -8.952879581151833577e+00 9.424280000000000435e-01
-6.375000000000000000e+01 -8.010471204188482020e+00 7.310100000000000486e-01
-6.375000000000000000e+01 -7.068062827225130462e+00 4.657669999999999866e-01
-6.375000000000000000e+01 -6.125654450261779793e+00 1.574000000000000052e-02
-6.375000000000000000e+01 -5.183246073298429124e+00 5.667500000000000315e-02
-6.375000000000000000e+01 -4.240837696335078455e+00 3.988760000000000083e-01
-6.375000000000000000e+01 -3.298429319371727786e+00 2.053000000000000137e-03
-6.375000000000000000e+01 -2.356020942408377117e+00 3.249999999999999851e-04
-6.375000000000000000e+01 -1.413612565445026226e+00 3.240000000000000150e-04
-6.375000000000000000e+01 -4.712041884816753901e-01 2.089999999999999844e-03
-6.375000000000000000e+01 4.712041884816753901e-01 2.089999999999999844e-03
-6.375000000000000000e+01 1.413612565445026226e+00 8.571900000000000353e-02
-6.375000000000000000e+01 3.298429319371727786e+00 3.701299999999999729e-02
-6.250000000000000000e+01 -1.931937172774869538e+01 4.083030000000000270e-01
-6.250000000000000000e+01 -1.837696335078534560e+01 7.267599999999999616e-01
-6.250000000000000000e+01 -1.743455497382199582e+01 8.578860000000000374e-01
-6.250000000000000000e+01 -1.649214659685864603e+01 2.541999999999999815e-01
-6.250000000000000000e+01 -1.554973821989529448e+01 2.541999999999999815e-01
-6.250000000000000000e+01 -1.460732984293194114e+01 1.993899999999999839e-02
-6.250000000000000000e+01 -1.366492146596859136e+01 9.299999999999999239e-03
-6.250000000000000000e+01 -1.272251308900523981e+01 2.589999999999999941e-02
-6.250000000000000000e+01 -1.178010471204188825e+01 6.018999999999999906e-01
-6.250000000000000000e+01 -1.083769633507853669e+01 4.746310000000000251e-01
-6.250000000000000000e+01 -9.895287958115185134e+00 9.872429999999999817e-01
-6.250000000000000000e+01 -8.952879581151833577e+00 7.727770000000000472e-01
-6.250000000000000000e+01 -8.010471204188482020e+00 6.862780000000000546e-01
-6.250000000000000000e+01 -7.068062827225130462e+00 8.792790000000000328e-01
-6.250000000000000000e+01 -6.125654450261779793e+00 4.747310000000000141e-01
-6.250000000000000000e+01 -5.183246073298429124e+00 5.536000000000000122e-03
-6.250000000000000000e+01 -4.240837696335078455e+00 4.403770000000000184e-01
-6.250000000000000000e+01 -3.298429319371727786e+00 3.470499999999999974e-02
-6.250000000000000000e+01 -2.356020942408377117e+00 4.528100000000000180e-02
-6.250000000000000000e+01 -1.413612565445026226e+00 2.628429999999999933e-01
-6.250000000000000000e+01 -4.712041884816753901e-01 1.562900000000000053e-02
-6.250000000000000000e+01 4.712041884816753901e-01 1.562900000000000053e-02
-6.250000000000000000e+01 1.413612565445026226e+00 1.255080000000000084e-01
-6.250000000000000000e+01 2.356020942408377117e+00 4.820800000000000085e-02
-6.250000000000000000e+01 3.298429319371727786e+00 2.364999999999999915e-03
-6.125000000000000000e+01 -1.837696335078534560e+01 2.195489999999999942e-01
-6.125000000000000000e+01 -1.743455497382199582e+01 4.817899999999999960e-01
-6.125000000000000000e+01 -1.649214659685864603e+01 4.550029999999999908e-01
-6.125000000000000000e+01 -1.554973821989529448e+01 4.550029999999999908e-01
-6.125000000000000000e+01 -1.460732984293194114e+01 1.157460000000000017e-01
-6.125000000000000000e+01 -1.366492146596859136e+01 8.401899999999999646e-02
-6.125000000000000000e+01 -1.272251308900523981e+01 7.637730000000000352e-01
-6.125000000000000000e+01 -1.178010471204188825e+01 8.202610000000000179e-01
-6.125000000000000000e+01 -1.083769633507853669e+01 5.424790000000000445e-01
-6.125000000000000000e+01 -9.895287958115185134e+00 7.085040000000000227e-01
-6.125000000000000000e+01 -8.952879581151833577e+00 6.220229999999999926e-01
-6.125000000000000000e+01 -8.010471204188482020e+00 6.366589999999999749e-01
-6.125000000000000000e+01 -7.068062827225130462e+00 2.370710000000000039e-01
-6.125000000000000000e+01 -6.125654450261779793e+00 3.492169999999999996e-01
-6.125000000000000000e+01 -5.183246073298429124e+00 3.354230000000000267e-01
-6.125000000000000000e+01 -4.240837696335078455e+00 7.261260000000000492e-01
-6.125000000000000000e+01 -3.298429319371727786e+00 6.067590000000000483e-01
-6.125000000000000000e+01 -2.356020942408377117e+00 3.439299999999999996e-02
-6.125000000000000000e+01 -1.413612565445026226e+00 1.932589999999999864e-01
-6.125000000000000000e+01 -4.712041884816753901e-01 3.265989999999999727e-01
-6.125000000000000000e+01 4.712041884816753901e-01 3.265989999999999727e-01
-6.125000000000000000e+01 1.413612565445026226e+00 5.208369999999999944e-01
-6.125000000000000000e+01 2.356020942408377117e+00 9.013020000000000476e-01
-6.125000000000000000e+01 3.298429319371727786e+00 3.033170000000000033e-01
-6.125000000000000000e+01 4.240837696335078455e+00 1.615610000000000102e-01
-6.000000000000000000e+01 -1.554973821989529448e+01 1.911740000000000106e-01
-6.000000000000000000e+01 -1.460732984293194114e+01 4.886550000000000060e-01
-6.000000000000000000e+01 -1.366492146596859136e+01 6.716490000000000515e-01
-6.000000000000000000e+01 -1.272251308900523981e+01 5.579229999999999468e-01
-6.000000000000000000e+01 -1.178010471204188825e+01 2.062150000000000094e-01
-6.000000000000000000e+01 -1.083769633507853669e+01 5.662500000000000172e-02
-6.000000000000000000e+01 -9.895287958115185134e+00 5.560429999999999540e-01
-6.000000000000000000e+01 -8.952879581151833577e+00 5.789050000000000029e-01
-6.000000000000000000e+01 -8.010471204188482020e+00 3.375469999999999859e-01
-6.000000000000000000e+01 -7.068062827225130462e+00 8.301690000000000458e-01
-6.000000000000000000e+01 -6.125654450261779793e+00 4.753760000000000208e-01
-6.000000000000000000e+01 -5.183246073298429124e+00 4.150019999999999820e-01
-6.000000000000000000e+01 -4.240837696335078455e+00 8.272209999999999841e-01
-6.000000000000000000e+01 -3.298429319371727786e+00 8.997420000000000417e-01
-6.000000000000000000e+01 -2.356020942408377117e+00 9.635820000000000496e-01
-6.000000000000000000e+01 -1.413612565445026226e+00 5.660359999999999836e-01
-6.000000000000000000e+01 -4.712041884816753901e-01 1.374430000000000096e-01
-6.000000000000000000e+01 4.712041884816753901e-01 1.374430000000000096e-01
-6.000000000000000000e+01 1.413612565445026226e+00 8.558980000000000476e-01
-6.000000000000000000e+01 2.356020942408377117e+00 5.086789999999999923e-01
-6.000000000000000000e+01 3.298429319371727786e+00 1.445960000000000023e-01
-6.000000000000000000e+01 4.240837696335078455e+00 2.960600000000000037e-02
-6.000000000000000000e+01 5.183246073298429124e+00 3.504199999999999676e-02
-5.875000000000000000e+01 -1.366492146596859136e+01 7.010299999999999865e-02
-5.875000000000000000e+01 -1.272251308900523981e+01 1.991899999999999921e-02
-5.875000000000000000e+01 -1.178010471204188825e+01 3.322220000000000173e-01
-5.875000000000000000e+01 -1.083769633507853669e+01 8.187879999999999603e-01
-5.875000000000000000e+01 -9.895287958115185134e+00 9.099000000000000421e-01
-5.875000000000000000e+01 -8.952879581151833577e+00 6.381489999999999663e-01
-5.875000000000000000e+01 -8.010471204188482020e+00 1.076330000000000064e-01
-5.875000000000000000e+01 -7.068062827225130462e+00 7.350090000000000234e-01
-5.875000000000000000e+01 -6.125654450261779793e+00 1.537650000000000128e-01
-5.875000000000000000e+01 -5.183246073298429124e+00 7.458000000000000219e-03
-5.875000000000000000e+01 -4.240837696335078455e+00 4.995100000000000096e-01
-5.875000000000000000e+01 -3.298429319371727786e+00 8.892370000000000552e-01
-5.875000000000000000e+01 -2.356020942408377117e+00 4.917150000000000132e-01
-5.875000000000000000e+01 -1.413612565445026226e+00 7.085199999999999831e-02
-5.875000000000000000e+01 -4.712041884816753901e-01 1.902900000000000078e-02
-5.875000000000000000e+01 4.712041884816753901e-01 1.902900000000000078e-02
-5.750000000000000000e+01 -1.366492146596859136e+01 6.680700000000000527e-02
-5.750000000000000000e+01 -1.272251308900523981e+01 1.225200000000000039e-01
-5.750000000000000000e+01 -1.178010471204188825e+01 7.342039999999999678e-01
-5.750000000000000000e+01 -1.083769633507853669e+01 7.183570000000000233e-01
-5.750000000000000000e+01 -9.895287958115185134e+00 9.606829999999999536e-01
-5.750000000000000000e+01 -8.952879581151833577e+00 5.509699999999999598e-01
-5.750000000000000000e+01 -8.010471204188482020e+00 4.590759999999999841e-01
-5.750000000000000000e+01 -7.068062827225130462e+00 1.019120000000000026e-01
-5.750000000000000000e+01 -6.125654450261779793e+00 6.761599999999999833e-01
-5.750000000000000000e+01 -5.183246073298429124e+00 2.050760000000000083e-01
-5.750000000000000000e+01 -4.240837696335078455e+00 3.733960000000000057e-01
-5.750000000000000000e+01 -3.298429319371727786e+00 5.426170000000000160e-01
-5.750000000000000000e+01 -2.356020942408377117e+00 2.741169999999999995e-01
-5.750000000000000000e+01 -1.413612565445026226e+00 3.849899999999999850e-02
-5.750000000000000000e+01 -4.712041884816753901e-01 2.850199999999999956e-01
-5.750000000000000000e+01 4.712041884816753901e-01 2.850199999999999956e-01
-5.750000000000000000e+01 1.413612565445026226e+00 3.778090000000000059e-01
-5.625000000000000000e+01 -1.366492146596859136e+01 4.639739999999999975e-01
-5.625000000000000000e+01 -1.272251308900523981e+01 4.047620000000000107e-01
-5.625000000000000000e+01 -1.178010471204188825e+01 8.752739999999999965e-01
-5.625000000000000000e+01 -1.083769633507853669e+01 6.941169999999999840e-01
-5.625000000000000000e+01 -9.895287958115185134e+00 9.930229999999999890e-01
-5.625000000000000000e+01 -8.952879581151833577e+00 2.397509999999999919e-01
-5.625000000000000000e+01 -8.010471204188482020e+00 3.109060000000000157e-01
-5.625000000000000000e+01 -7.068062827225130462e+00 5.785510000000000375e-01
-5.625000000000000000e+01 -6.125654450261779793e+00 6.572930000000000161e-01
-5.625000000000000000e+01 -5.183246073298429124e+00 7.209510000000000085e-01
-5.625000000000000000e+01 -4.240837696335078455e+00 6.070769999999999778e-01
-5.625000000000000000e+01 -3.298429319371727786e+00 5.552920000000000078e-01
-5.625000000000000000e+01 -2.356020942408377117e+00 5.392860000000000431e-01
-5.625000000000000000e+01 -1.413612565445026226e+00 2.673320000000000141e-01
-5.625000000000000000e+01 -4.712041884816753901e-01 1.060119999999999951e-01
-5.625000000000000000e+01 4.712041884816753901e-01 1.060119999999999951e-01
-5.625000000000000000e+01 1.413612565445026226e+00 2.646700000000000094e-02
-5.500000000000000000e+01 -1.460732984293194114e+01 1.917149999999999965e-01
-5.500000000000000000e+01 -1.366492146596859136e+01 7.414400000000000157e-02
-5.500000000000000000e+01 -1.272251308900523981e+01 6.994380000000000042e-01
-5.500000000000000000e+01 -1.178010471204188825e+01 9.678729999999999833e-01
-5.500000000000000000e+01 -1.083769633507853669e+01 9.638670000000000293e-01
-5.500000000000000000e+01 -9.895287958115185134e+00 9.313869999999999649e-01
-5.500000000000000000e+01 -8.952879581151833577e+00 3.725570000000000270e-01
-5.500000000000000000e+01 -8.010471204188482020e+00 8.385510000000000463e-01
-5.500000000000000000e+01 -7.068062827225130462e+00 7.391410000000000480e-01
-5.500000000000000000e+01 -6.125654450261779793e+00 5.727569999999999606e-01
-5.500000000000000000e+01 -5.183246073298429124e+00 5.371620000000000283e-01
-5.500000000000000000e+01 -4.240837696335078455e+00 8.557320000000000482e-01
-5.500000000000000000e+01 -3.298429319371727786e+00 8.497160000000000268e-01
-5.500000000000000000e+01 -2.356020942408377117e+00 7.447070000000000078e-01
-5.500000000000000000e+01 -1.413612565445026226e+00 5.172139999999999516e-01
-5.500000000000000000e+01 -4.712041884816753901e-01 3.848900000000000238e-02
-5.500000000000000000e+01 4.712041884816753901e-01 3.848900000000000238e-02
-5.500000000000000000e+01 1.413612565445026226e+00 3.225000000000000002e-03
-5.500000000000000000e+01 2.356020942408377117e+00 6.736899999999999833e-02
-5.375000000000000000e+01 -1.460732984293194114e+01 6.690999999999999899e-03
-5.375000000000000000e+01 -1.366492146596859136e+01 7.177699999999999358e-02
-5.375000000000000000e+01 -1.272251308900523981e+01 5.844340000000000090e-01
-5.375000000000000000e+01 -1.178010471204188825e+01 4.163479999999999959e-01
-5.375000000000000000e+01 -1.083769633507853669e+01 7.256059999999999732e-01
-5.375000000000000000e+01 -9.895287958115185134e+00 7.411429999999999962e-01
-5.375000000000000000e+01 -8.952879581151833577e+00 1.906220000000000137e-01
-5.375000000000000000e+01 -8.010471204188482020e+00 4.213299999999999684e-02
-5.375000000000000000e+01 -7.068062827225130462e+00 5.171689999999999898e-01
-5.375000000000000000e+01 -6.125654450261779793e+00 7.221090000000000009e-01
-5.375000000000000000e+01 -5.183246073298429124e+00 8.569689999999999808e-01
-5.375000000000000000e+01 -4.240837696335078455e+00 7.658690000000000220e-01
-5.375000000000000000e+01 -3.298429319371727786e+00 9.694909999999999917e-01
-5.375000000000000000e+01 -2.356020942408377117e+00 6.376469999999999638e-01
-5.375000000000000000e+01 -1.413612565445026226e+00 7.020710000000000006e-01
-5.375000000000000000e+01 -4.712041884816753901e-01 3.105260000000000242e-01
-5.375000000000000000e+01 4.712041884816753901e-01 3.105260000000000242e-01
-5.375000000000000000e+01 1.413612565445026226e+00 5.297129999999999894e-01
-5.375000000000000000e+01 2.356020942408377117e+00 3.437910000000000132e-01
-5.250000000000000000e+01 -1.366492146596859136e+01 1.578699999999999895e-02
-5.250000000000000000e+01 -1.272251308900523981e+01 4.273100000000000231e-01
-5.250000000000000000e+01 -1.178010471204188825e+01 2.646100000000000119e-01
-5.250000000000000000e+01 -1.083769633507853669e+01 4.192449999999999788e-01
-5.250000000000000000e+01 -9.895287958115185134e+00 3.196069999999999744e-01
-5.250000000000000000e+01 -8.952879581151833577e+00 8.110699999999999854e-02
-5.250000000000000000e+01 -8.010471204188482020e+00 2.186279999999999890e-01
-5.250000000000000000e+01 -7.068062827225130462e+00 7.659200000000000452e-01
-5.250000000000000000e+01 -6.125654450261779793e+00 8.682959999999999567e-01
-5.250000000000000000e+01 -5.183246073298429124e+00 4.119809999999999861e-01
-5.250000000000000000e+01 -4.240837696335078455e+00 5.632939999999999614e-01
-5.250000000000000000e+01 -3.298429319371727786e+00 9.137440000000000007e-01
-5.250000000000000000e+01 -2.356020942408377117e+00 3.900049999999999906e-01
-5.250000000000000000e+01 -1.413612565445026226e+00 8.704749999999999988e-01
-5.250000000000000000e+01 -4.712041884816753901e-01 5.067540000000000378e-01
-5.250000000000000000e+01 4.712041884816753901e-01 5.067540000000000378e-01
-5.125000000000000000e+01 -8.952879581151833577e+00 8.730860000000000287e-01
-5.125000000000000000e+01 -8.010471204188482020e+00 5.747430000000000039e-01
-5.125000000000000000e+01 -7.068062827225130462e+00 7.066999999999999948e-01
-5.125000000000000000e+01 -5.183246073298429124e+00 5.188139999999999974e-01
-5.125000000000000000e+01 -4.240837696335078455e+00 7.605260000000000353e-01
-5.125000000000000000e+01 -3.298429319371727786e+00 9.860889999999999933e-01
-5.125000000000000000e+01 -2.356020942408377117e+00 8.284899999999999487e-01
-5.000000000000000000e+01 -3.298429319371727786e+00 9.461310000000000553e-01
