-7.875000000000000000e+01 -6.125654450261779793e+00 4.940479999999999872e-01
-7.875000000000000000e+01 -5.183246073298429124e+00 1.787539999999999962e-01
-7.875000000000000000e+01 -4.240837696335078455e+00 2.163140000000000063e-01
-7.875000000000000000e+01 -3.298429319371727786e+00 3.373800000000000132e-01
-7.875000000000000000e+01 -2.356020942408377117e+00 0.000000000000000000e+00
-7.875000000000000000e+01 -1.413612565445026226e+00 0.000000000000000000e+00
-7.750000000000000000e+01 -8.952879581151833577e+00 1.897490000000000010e-01
-7.750000000000000000e+01 -8.010471204188482020e+00 1.435049999999999937e-01
-7.750000000000000000e+01 -7.068062827225130462e+00 2.814720000000000000e-01
-7.750000000000000000e+01 -6.125654450261779793e+00 4.656159999999999743e-01
-7.750000000000000000e+01 -5.183246073298429124e+00 8.646199999999999719e-02
-7.750000000000000000e+01 -4.240837696335078455e+00 3.189600000000000074e-02
-7.750000000000000000e+01 -3.298429319371727786e+00 1.825319999999999998e-01
-7.750000000000000000e+01 -2.356020942408377117e+00 1.284369999999999956e-01
-7.750000000000000000e+01 -1.413612565445026226e+00 2.447229999999999961e-01
-7.750000000000000000e+01 -4.712041884816753901e-01 1.857939999999999869e-01
-7.750000000000000000e+01 4.712041884816753901e-01 1.857939999999999869e-01
-7.625000000000000000e+01 -1.083769633507853669e+01 5.905900000000000039e-02
-7.625000000000000000e+01 -9.895287958115185134e+00 1.247439999999999938e-01
-7.625000000000000000e+01 -8.952879581151833577e+00 3.022859999999999991e-01
-7.625000000000000000e+01 -8.010471204188482020e+00 8.365799999999999625e-02
-7.625000000000000000e+01 -7.068062827225130462e+00 1.840739999999999876e-01
-7.625000000000000000e+01 -6.125654450261779793e+00 2.164000000000000090e-01
-7.625000000000000000e+01 -5.183246073298429124e+00 4.002700000000000008e-02
-7.625000000000000000e+01 -4.240837696335078455e+00 1.472000000000000001e-03
-7.625000000000000000e+01 -3.298429319371727786e+00 3.983000000000000429e-03
-7.625000000000000000e+01 -2.356020942408377117e+00 2.553000000000000148e-03
-7.625000000000000000e+01 -1.413612565445026226e+00 2.611000000000000040e-03
-7.625000000000000000e+01 -4.712041884816753901e-01 3.081400000000000111e-02
-7.625000000000000000e+01 4.712041884816753901e-01 3.081400000000000111e-02
-7.625000000000000000e+01 1.413612565445026226e+00 5.322719999999999674e-01
-7.500000000000000000e+01 -1.366492146596859136e+01 7.814200000000000312e-02
-7.500000000000000000e+01 -1.272251308900523981e+01 1.417779999999999874e-01
-7.500000000000000000e+01 -1.178010471204188825e+01 1.237540000000000029e-01
-7.500000000000000000e+01 -1.083769633507853669e+01 2.966010000000000035e-01
-7.500000000000000000e+01 -9.895287958115185134e+00 1.341970000000000107e-01
-7.500000000000000000e+01 -8.952879581151833577e+00 3.325409999999999755e-01
-7.500000000000000000e+01 -8.010471204188482020e+00 1.849870000000000125e-01
-7.500000000000000000e+01 -7.068062827225130462e+00 3.493899999999999784e-02
-7.500000000000000000e+01 -6.125654450261779793e+00 6.070300000000000001e-02
-7.500000000000000000e+01 -5.183246073298429124e+00 4.566900000000000126e-02
-7.500000000000000000e+01 -4.240837696335078455e+00 2.003299999999999872e-02
-7.500000000000000000e+01 -3.298429319371727786e+00 2.305999999999999890e-03
-7.500000000000000000e+01 -2.356020942408377117e+00 6.376999999999999856e-03
-7.500000000000000000e+01 -1.413612565445026226e+00 5.597000000000000412e-03
-7.500000000000000000e+01 -4.712041884816753901e-01 2.222800000000000123e-02
-7.500000000000000000e+01 4.712041884816753901e-01 2.222800000000000123e-02
-7.500000000000000000e+01 1.413612565445026226e+00 4.112480000000000024e-01
-7.500000000000000000e+01 2.356020942408377117e+00 6.952409999999999979e-01
-7.375000000000000000e+01 -1.460732984293194114e+01 0.000000000000000000e+00
-7.375000000000000000e+01 -1.366492146596859136e+01 1.302490000000000037e-01
-7.375000000000000000e+01 -1.272251308900523981e+01 8.141099999999999726e-02
-7.375000000000000000e+01 -1.178010471204188825e+01 9.316599999999999882e-02
-7.375000000000000000e+01 -1.083769633507853669e+01 7.671799999999999453e-02
-7.375000000000000000e+01 -9.895287958115185134e+00 5.654499999999999804e-02
-7.375000000000000000e+01 -8.952879581151833577e+00 7.238500000000000489e-02
-7.375000000000000000e+01 -8.010471204188482020e+00 5.407800000000000107e-02
-7.375000000000000000e+01 -7.068062827225130462e+00 9.528999999999999276e-03
-7.375000000000000000e+01 -6.125654450261779793e+00 2.464699999999999877e-02
-7.375000000000000000e+01 -5.183246073298429124e+00 7.177999999999999658e-02
-7.375000000000000000e+01 -4.240837696335078455e+00 2.272499999999999867e-02
-7.375000000000000000e+01 -3.298429319371727786e+00 7.262000000000000226e-03
-7.375000000000000000e+01 -2.356020942408377117e+00 5.409999999999999878e-03
-7.375000000000000000e+01 -1.413612565445026226e+00 3.835800000000000320e-02
-7.375000000000000000e+01 -4.712041884816753901e-01 2.467000000000000009e-03
-7.375000000000000000e+01 4.712041884816753901e-01 2.467000000000000009e-03
-7.375000000000000000e+01 1.413612565445026226e+00 3.635300000000000337e-02
-7.250000000000000000e+01 -1.460732984293194114e+01 5.432000000000000196e-03
-7.250000000000000000e+01 -1.366492146596859136e+01 1.374849999999999961e-01
-7.250000000000000000e+01 -1.272251308900523981e+01 1.645010000000000083e-01
-7.250000000000000000e+01 -1.178010471204188825e+01 4.293199999999999794e-02
-7.250000000000000000e+01 -1.083769633507853669e+01 6.879999999999999831e-03
-7.250000000000000000e+01 -9.895287958115185134e+00 0.000000000000000000e+00
-7.250000000000000000e+01 -8.952879581151833577e+00 9.388999999999999777e-03
-7.250000000000000000e+01 -8.010471204188482020e+00 2.175149999999999861e-01
-7.250000000000000000e+01 -7.068062827225130462e+00 5.897100000000000258e-02
-7.250000000000000000e+01 -6.125654450261779793e+00 9.730000000000000151e-04
-7.250000000000000000e+01 -5.183246073298429124e+00 9.737000000000000863e-03
-7.250000000000000000e+01 -4.240837696335078455e+00 1.123389999999999944e-01
-7.250000000000000000e+01 -3.298429319371727786e+00 2.123999999999999846e-02
-7.250000000000000000e+01 -2.356020942408377117e+00 2.125399999999999859e-02
-7.250000000000000000e+01 -1.413612565445026226e+00 5.263000000000000317e-03
-7.250000000000000000e+01 -4.712041884816753901e-01 6.908000000000000078e-03
-7.250000000000000000e+01 4.712041884816753901e-01 6.908000000000000078e-03
-7.250000000000000000e+01 1.413612565445026226e+00 1.020399999999999953e-02
-7.125000000000000000e+01 -1.460732984293194114e+01 9.079900000000000471e-02
-7.125000000000000000e+01 -1.366492146596859136e+01 2.439500000000000002e-02
-7.125000000000000000e+01 -1.272251308900523981e+01 6.149199999999999805e-02
-7.125000000000000000e+01 -1.178010471204188825e+01 0.000000000000000000e+00
-7.125000000000000000e+01 -1.083769633507853669e+01 0.000000000000000000e+00
-7.125000000000000000e+01 -9.895287958115185134e+00 6.791000000000000161e-03
-7.125000000000000000e+01 -8.952879581151833577e+00 3.000799999999999995e-02
-7.125000000000000000e+01 -8.010471204188482020e+00 1.831150000000000000e-01
-7.125000000000000000e+01 -7.068062827225130462e+00 3.642999999999999971e-03
-7.125000000000000000e+01 -6.125654450261779793e+00 4.655000000000000283e-03
-7.125000000000000000e+01 -5.183246073298429124e+00 2.429999999999999977e-04
-7.125000000000000000e+01 -4.240837696335078455e+00 1.983599999999999947e-02
-7.125000000000000000e+01 -3.298429319371727786e+00 1.589999999999999888e-04
-7.125000000000000000e+01 -2.356020942408377117e+00 2.107300000000000145e-02
-7.125000000000000000e+01 -1.413612565445026226e+00 3.592000000000000141e-03
-7.125000000000000000e+01 -4.712041884816753901e-01 0.000000000000000000e+00
-7.125000000000000000e+01 4.712041884816753901e-01 0.000000000000000000e+00
-7.125000000000000000e+01 1.413612565445026226e+00 3.917099999999999749e-02
-7.000000000000000000e+01 -1.366492146596859136e+01 8.580000000000000820e-03
-7.000000000000000000e+01 -1.272251308900523981e+01 1.286130000000000051e-01
-7.000000000000000000e+01 -1.178010471204188825e+01 0.000000000000000000e+00
-7.000000000000000000e+01 -1.083769633507853669e+01 1.455390000000000017e-01
-7.000000000000000000e+01 -9.895287958115185134e+00 8.809999999999999472e-04
-7.000000000000000000e+01 -8.952879581151833577e+00 3.479999999999999760e-02
-7.000000000000000000e+01 -8.010471204188482020e+00 1.170090000000000019e-01
-7.000000000000000000e+01 -7.068062827225130462e+00 2.925900000000000029e-02
-7.000000000000000000e+01 -6.125654450261779793e+00 1.861000000000000024e-03
-7.000000000000000000e+01 -5.183246073298429124e+00 8.040000000000000271e-04
-7.000000000000000000e+01 -4.240837696335078455e+00 7.991299999999999792e-02
-7.000000000000000000e+01 -3.298429319371727786e+00 3.007800000000000057e-02
-7.000000000000000000e+01 -2.356020942408377117e+00 8.642999999999999641e-03
-7.000000000000000000e+01 -1.413612565445026226e+00 1.785300000000000081e-02
-7.000000000000000000e+01 -4.712041884816753901e-01 1.220300000000000031e-02
-7.000000000000000000e+01 4.712041884816753901e-01 1.220300000000000031e-02
-7.000000000000000000e+01 1.413612565445026226e+00 5.278999999999999838e-03
-6.875000000000000000e+01 -1.554973821989529448e+01 6.769999999999999759e-04
-6.875000000000000000e+01 -1.460732984293194114e+01 2.409199999999999883e-02
-6.875000000000000000e+01 -1.366492146596859136e+01 3.651999999999999864e-03
-6.875000000000000000e+01 -1.272251308900523981e+01 8.533899999999999819e-02
-6.875000000000000000e+01 -1.178010471204188825e+01 1.764989999999999892e-01
-6.875000000000000000e+01 -1.083769633507853669e+01 4.069519999999999804e-01
-6.875000000000000000e+01 -9.895287958115185134e+00 3.072199999999999931e-02
-6.875000000000000000e+01 -8.952879581151833577e+00 1.533869999999999956e-01
-6.875000000000000000e+01 -8.010471204188482020e+00 3.200000000000000262e-04
-6.875000000000000000e+01 -7.068062827225130462e+00 2.047999999999999907e-03
-6.875000000000000000e+01 -6.125654450261779793e+00 1.129999999999999928e-03
-6.875000000000000000e+01 -5.183246073298429124e+00 4.840000000000000010e-04
-6.875000000000000000e+01 -4.240837696335078455e+00 4.423999999999999981e-03
-6.875000000000000000e+01 -3.298429319371727786e+00 7.030999999999999923e-03
-6.875000000000000000e+01 -2.356020942408377117e+00 3.112999999999999882e-03
-6.875000000000000000e+01 -1.413612565445026226e+00 3.788000000000000134e-03
-6.875000000000000000e+01 -4.712041884816753901e-01 1.129100000000000069e-02
-6.875000000000000000e+01 4.712041884816753901e-01 1.129100000000000069e-02
-6.875000000000000000e+01 1.413612565445026226e+00 1.330300000000000059e-02
-6.875000000000000000e+01 2.356020942408377117e+00 6.131000000000000165e-03
-6.750000000000000000e+01 -1.649214659685864603e+01 2.005089999999999928e-01
-6.750000000000000000e+01 -1.554973821989529448e+01 2.005089999999999928e-01
-6.750000000000000000e+01 -1.460732984293194114e+01 6.091099999999999987e-02
-6.750000000000000000e+01 -1.366492146596859136e+01 5.387399999999999828e-02
-6.750000000000000000e+01 -1.272251308900523981e+01 5.739000000000000178e-03
-6.750000000000000000e+01 -1.178010471204188825e+01 1.366200000000000053e-02
-6.750000000000000000e+01 -1.083769633507853669e+01 2.287160000000000026e-01
-6.750000000000000000e+01 -9.895287958115185134e+00 6.521810000000000107e-01
-6.750000000000000000e+01 -8.952879581151833577e+00 9.342200000000000504e-02
-6.750000000000000000e+01 -8.010471204188482020e+00 9.590000000000000000e-04
-6.750000000000000000e+01 -7.068062827225130462e+00 8.919999999999999978e-04
-6.750000000000000000e+01 -6.125654450261779793e+00 5.134999999999999808e-03
-6.750000000000000000e+01 -5.183246073298429124e+00 1.128000000000000096e-03
-6.750000000000000000e+01 -4.240837696335078455e+00 8.059999999999999673e-04
-6.750000000000000000e+01 -3.298429319371727786e+00 1.389100000000000057e-02
-6.750000000000000000e+01 -2.356020942408377117e+00 3.310000000000000225e-04
-6.750000000000000000e+01 -1.413612565445026226e+00 8.000000000000000654e-05
-6.750000000000000000e+01 -4.712041884816753901e-01 8.989999999999999511e-04
-6.750000000000000000e+01 4.712041884816753901e-01 8.989999999999999511e-04
-6.750000000000000000e+01 1.413612565445026226e+00 6.081999999999999733e-03
-6.750000000000000000e+01 2.356020942408377117e+00 7.219999999999999855e-04
-6.625000000000000000e+01 -1.837696335078534560e+01 8.382100000000000661e-02
-6.625000000000000000e+01 -1.743455497382199582e+01 1.661269999999999969e-01
-6.625000000000000000e+01 -1.649214659685864603e+01 1.786999999999999960e-03
-6.625000000000000000e+01 -1.554973821989529448e+01 1.786999999999999960e-03
-6.625000000000000000e+01 -1.460732984293194114e+01 6.651999999999999927e-03
-6.625000000000000000e+01 -1.366492146596859136e+01 1.134000000000000025e-03
-6.625000000000000000e+01 -1.272251308900523981e+01 0.000000000000000000e+00
-6.625000000000000000e+01 -1.178010471204188825e+01 5.899999999999999863e-03
-6.625000000000000000e+01 -1.083769633507853669e+01 9.030599999999999739e-02
-6.625000000000000000e+01 -9.895287958115185134e+00 1.586970000000000047e-01
-6.625000000000000000e+01 -8.952879581151833577e+00 4.626000000000000251e-02
-6.625000000000000000e+01 -8.010471204188482020e+00 2.295000000000000165e-03
-6.625000000000000000e+01 -7.068062827225130462e+00 8.109999999999999805e-04
-6.625000000000000000e+01 -6.125654450261779793e+00 1.610000000000000103e-04
-6.625000000000000000e+01 -5.183246073298429124e+00 3.260000000000000094e-04
-6.625000000000000000e+01 -4.240837696335078455e+00 3.536000000000000081e-03
-6.625000000000000000e+01 -3.298429319371727786e+00 1.376199999999999993e-02
-6.625000000000000000e+01 -2.356020942408377117e+00 6.198000000000000384e-03
-6.625000000000000000e+01 -1.413612565445026226e+00 0.000000000000000000e+00
-6.625000000000000000e+01 -4.712041884816753901e-01 2.425000000000000072e-03
-6.625000000000000000e+01 4.712041884816753901e-01 2.425000000000000072e-03
-6.625000000000000000e+01 1.413612565445026226e+00 8.013299999999999590e-02
-6.625000000000000000e+01 2.356020942408377117e+00 7.856399999999999495e-02
-6.500000000000000000e+01 -1.837696335078534560e+01 2.330499999999999933e-02
-6.500000000000000000e+01 -1.743455497382199582e+01 3.474169999999999758e-01
-6.500000000000000000e+01 -1.649214659685864603e+01 1.880700000000000080e-02
-6.500000000000000000e+01 -1.554973821989529448e+01 1.880700000000000080e-02
-6.500000000000000000e+01 -1.460732984293194114e+01 6.109999999999999980e-03
-6.500000000000000000e+01 -1.366492146596859136e+01 3.480000000000000020e-03
-6.500000000000000000e+01 -1.272251308900523981e+01 1.660999999999999933e-03
-6.500000000000000000e+01 -1.178010471204188825e+01 7.238999999999999775e-03
-6.500000000000000000e+01 -1.083769633507853669e+01 1.599829999999999863e-01
-6.500000000000000000e+01 -9.895287958115185134e+00 3.878260000000000041e-01
-6.500000000000000000e+01 -8.952879581151833577e+00 7.162399999999999323e-02
-6.500000000000000000e+01 -8.010471204188482020e+00 2.837999999999999811e-03
-6.500000000000000000e+01 -7.068062827225130462e+00 2.687099999999999905e-02
-6.500000000000000000e+01 -6.125654450261779793e+00 1.147999999999999932e-03
-6.500000000000000000e+01 -5.183246073298429124e+00 3.269999999999999795e-04
-6.500000000000000000e+01 -4.240837696335078455e+00 5.351999999999999987e-03
-6.500000000000000000e+01 -3.298429319371727786e+00 1.678299999999999931e-02
-6.500000000000000000e+01 -2.356020942408377117e+00 4.329999999999999648e-03
-6.500000000000000000e+01 -1.413612565445026226e+00 1.791999999999999973e-03
-6.500000000000000000e+01 -4.712041884816753901e-01 7.742999999999999883e-03
-6.500000000000000000e+01 4.712041884816753901e-01 7.742999999999999883e-03
-6.500000000000000000e+01 1.413612565445026226e+00 2.658999999999999905e-03
-6.375000000000000000e+01 -2.026178010471204516e+01 6.666670000000000096e-01
-6.375000000000000000e+01 -1.931937172774869538e+01 1.376759999999999928e-01
-6.375000000000000000e+01 -1.837696335078534560e+01 1.197160000000000030e-01
-6.375000000000000000e+01 -1.743455497382199582e+01 4.682080000000000131e-01
-6.375000000000000000e+01 -1.649214659685864603e+01 5.530399999999999899e-02
-6.375000000000000000e+01 -1.554973821989529448e+01 5.530399999999999899e-02
-6.375000000000000000e+01 -1.460732984293194114e+01 2.487599999999999881e-02
-6.375000000000000000e+01 -1.366492146596859136e+01 3.220999999999999905e-03
-6.375000000000000000e+01 -1.272251308900523981e+01 1.505000000000000044e-03
-6.375000000000000000e+01 -1.178010471204188825e+01 2.259099999999999997e-01
-6.375000000000000000e+01 -1.083769633507853669e+01 4.519000000000000100e-02
-6.375000000000000000e+01 -9.895287958115185134e+00 3.865250000000000075e-01
-6.375000000000000000e+01 -8.952879581151833577e+00 6.342940000000000245e-01
-6.375000000000000000e+01 -8.010471204188482020e+00 1.478470000000000062e-01
-6.375000000000000000e+01 -7.068062827225130462e+00 2.376500000000000140e-02
-6.375000000000000000e+01 -6.125654450261779793e+00 4.970999999999999724e-03
-6.375000000000000000e+01 -5.183246073298429124e+00 3.670000000000000085e-03
-6.375000000000000000e+01 -4.240837696335078455e+00 3.706000000000000266e-02
-6.375000000000000000e+01 -3.298429319371727786e+00 1.724000000000000055e-03
-6.375000000000000000e+01 -2.356020942408377117e+00 3.249999999999999851e-04
-6.375000000000000000e+01 -1.413612565445026226e+00 3.240000000000000150e-04
-6.375000000000000000e+01 -4.712041884816753901e-01 1.828999999999999897e-03
-6.375000000000000000e+01 4.712041884816753901e-01 1.828999999999999897e-03
-6.375000000000000000e+01 1.413612565445026226e+00 0.000000000000000000e+00
-6.375000000000000000e+01 3.298429319371727786e+00 1.328299999999999967e-02
-6.250000000000000000e+01 -1.931937172774869538e+01 3.443970000000000087e-01
-6.250000000000000000e+01 -1.837696335078534560e+01 6.904919999999999947e-01
-6.250000000000000000e+01 -1.743455497382199582e+01 7.427580000000000293e-01
-6.250000000000000000e+01 -1.649214659685864603e+01 7.350700000000000289e-02
-6.250000000000000000e+01 -1.554973821989529448e+01 7.350700000000000289e-02
-6.250000000000000000e+01 -1.460732984293194114e+01 7.910999999999999630e-03
-6.250000000000000000e+01 -1.366492146596859136e+01 2.263999999999999953e-03
-6.250000000000000000e+01 -1.272251308900523981e+01 1.157999999999999958e-03
-6.250000000000000000e+01 -1.178010471204188825e+01 3.380299999999999971e-01
-6.250000000000000000e+01 -1.083769633507853669e+01 3.365330000000000266e-01
-6.250000000000000000e+01 -9.895287958115185134e+00 9.062580000000000080e-01
-6.250000000000000000e+01 -8.952879581151833577e+00 3.220950000000000202e-01
-6.250000000000000000e+01 -8.010471204188482020e+00 1.229920000000000041e-01
-6.250000000000000000e+01 -7.068062827225130462e+00 1.531339999999999923e-01
-6.250000000000000000e+01 -6.125654450261779793e+00 1.410199999999999995e-02
-6.250000000000000000e+01 -5.183246073298429124e+00 2.396000000000000126e-03
-6.250000000000000000e+01 -4.240837696335078455e+00 4.546800000000000147e-02
-6.250000000000000000e+01 -3.298429319371727786e+00 6.203000000000000180e-03
-6.250000000000000000e+01 -2.356020942408377117e+00 1.056999999999999997e-03
-6.250000000000000000e+01 -1.413612565445026226e+00 3.629999999999999980e-03
-6.250000000000000000e+01 -4.712041884816753901e-01 6.509999999999999945e-04
-6.250000000000000000e+01 4.712041884816753901e-01 6.509999999999999945e-04
-6.250000000000000000e+01 1.413612565445026226e+00 1.435000000000000078e-03
-6.250000000000000000e+01 2.356020942408377117e+00 3.315999999999999937e-03
-6.250000000000000000e+01 3.298429319371727786e+00 0.000000000000000000e+00
-6.125000000000000000e+01 -1.837696335078534560e+01 1.658729999999999927e-01
-6.125000000000000000e+01 -1.743455497382199582e+01 1.136690000000000061e-01
-6.125000000000000000e+01 -1.649214659685864603e+01 1.429850000000000010e-01
-6.125000000000000000e+01 -1.554973821989529448e+01 1.429850000000000010e-01
-6.125000000000000000e+01 -1.460732984293194114e+01 2.429900000000000115e-02
-6.125000000000000000e+01 -1.366492146596859136e+01 3.691599999999999743e-02
-6.125000000000000000e+01 -1.272251308900523981e+01 6.011649999999999494e-01
-6.125000000000000000e+01 -1.178010471204188825e+01 7.258499999999999952e-01
-6.125000000000000000e+01 -1.083769633507853669e+01 4.042520000000000002e-01
-6.125000000000000000e+01 -9.895287958115185134e+00 2.144729999999999970e-01
-6.125000000000000000e+01 -8.952879581151833577e+00 3.087499999999999967e-02
-6.125000000000000000e+01 -8.010471204188482020e+00 3.826800000000000340e-02
-6.125000000000000000e+01 -7.068062827225130462e+00 8.297000000000000555e-03
-6.125000000000000000e+01 -6.125654450261779793e+00 3.823399999999999715e-02
-6.125000000000000000e+01 -5.183246073298429124e+00 2.193799999999999917e-02
-6.125000000000000000e+01 -4.240837696335078455e+00 8.960999999999999521e-02
-6.125000000000000000e+01 -3.298429319371727786e+00 1.291769999999999863e-01
-6.125000000000000000e+01 -2.356020942408377117e+00 1.476000000000000098e-03
-6.125000000000000000e+01 -1.413612565445026226e+00 1.958999999999999804e-03
-6.125000000000000000e+01 -4.712041884816753901e-01 9.422700000000000520e-02
-6.125000000000000000e+01 4.712041884816753901e-01 9.422700000000000520e-02
-6.125000000000000000e+01 1.413612565445026226e+00 9.699000000000000676e-02
-6.125000000000000000e+01 2.356020942408377117e+00 4.243589999999999862e-01
-6.125000000000000000e+01 3.298429319371727786e+00 2.002849999999999908e-01
-6.125000000000000000e+01 4.240837696335078455e+00 1.768000000000000127e-02
-6.000000000000000000e+01 -1.554973821989529448e+01 8.798899999999999777e-02
-6.000000000000000000e+01 -1.460732984293194114e+01 3.714500000000000024e-01
-6.000000000000000000e+01 -1.366492146596859136e+01 3.869210000000000149e-01
-6.000000000000000000e+01 -1.272251308900523981e+01 3.333599999999999897e-01
-6.000000000000000000e+01 -1.178010471204188825e+01 1.020179999999999976e-01
-6.000000000000000000e+01 -1.083769633507853669e+01 1.132999999999999893e-03
-6.000000000000000000e+01 -9.895287958115185134e+00 5.229099999999999721e-02
-6.000000000000000000e+01 -8.952879581151833577e+00 5.904000000000000394e-03
-6.000000000000000000e+01 -8.010471204188482020e+00 0.000000000000000000e+00
-6.000000000000000000e+01 -7.068062827225130462e+00 1.688580000000000081e-01
-6.000000000000000000e+01 -6.125654450261779793e+00 1.668999999999999997e-02
-6.000000000000000000e+01 -5.183246073298429124e+00 2.251900000000000082e-02
-6.000000000000000000e+01 -4.240837696335078455e+00 2.514609999999999901e-01
-6.000000000000000000e+01 -3.298429319371727786e+00 5.487469999999999848e-01
-6.000000000000000000e+01 -2.356020942408377117e+00 3.640889999999999960e-01
-6.000000000000000000e+01 -1.413612565445026226e+00 8.433999999999999830e-02
-6.000000000000000000e+01 -4.712041884816753901e-01 2.615299999999999916e-02
-6.000000000000000000e+01 4.712041884816753901e-01 2.615299999999999916e-02
-6.000000000000000000e+01 1.413612565445026226e+00 4.934649999999999870e-01
-6.000000000000000000e+01 2.356020942408377117e+00 7.819600000000000162e-02
-6.000000000000000000e+01 3.298429319371727786e+00 8.266199999999999937e-02
-6.000000000000000000e+01 4.240837696335078455e+00 1.091600000000000036e-02
-6.000000000000000000e+01 5.183246073298429124e+00 1.274999999999999918e-02
-5.875000000000000000e+01 -1.366492146596859136e+01 3.639499999999999680e-02
-5.875000000000000000e+01 -1.272251308900523981e+01 3.144999999999999792e-03
-5.875000000000000000e+01 -1.178010471204188825e+01 1.819220000000000004e-01
-5.875000000000000000e+01 -1.083769633507853669e+01 3.994699999999999918e-01
-5.875000000000000000e+01 -9.895287958115185134e+00 1.831119999999999970e-01
-5.875000000000000000e+01 -8.952879581151833577e+00 3.566699999999999732e-02
-5.875000000000000000e+01 -8.010471204188482020e+00 2.400000000000000061e-04
-5.875000000000000000e+01 -7.068062827225130462e+00 2.962100000000000150e-02
-5.875000000000000000e+01 -6.125654450261779793e+00 5.649999999999999641e-04
-5.875000000000000000e+01 -5.183246073298429124e+00 1.229000000000000058e-03
-5.875000000000000000e+01 -4.240837696335078455e+00 1.668000000000000038e-01
-5.875000000000000000e+01 -3.298429319371727786e+00 5.361010000000000497e-01
-5.875000000000000000e+01 -2.356020942408377117e+00 4.971199999999999924e-02
-5.875000000000000000e+01 -1.413612565445026226e+00 8.200000000000000095e-05
-5.875000000000000000e+01 -4.712041884816753901e-01 0.000000000000000000e+00
-5.875000000000000000e+01 4.712041884816753901e-01 0.000000000000000000e+00
-5.750000000000000000e+01 -1.366492146596859136e+01 4.846899999999999820e-02
-5.750000000000000000e+01 -1.272251308900523981e+01 5.482200000000000267e-02
-5.750000000000000000e+01 -1.178010471204188825e+01 4.500410000000000244e-01
-5.750000000000000000e+01 -1.083769633507853669e+01 3.635369999999999990e-01
-5.750000000000000000e+01 -9.895287958115185134e+00 2.124409999999999910e-01
-5.750000000000000000e+01 -8.952879581151833577e+00 1.801399999999999876e-02
-5.750000000000000000e+01 -8.010471204188482020e+00 1.814999999999999990e-03
-5.750000000000000000e+01 -7.068062827225130462e+00 3.145999999999999925e-03
-5.750000000000000000e+01 -6.125654450261779793e+00 4.766299999999999704e-02
-5.750000000000000000e+01 -5.183246073298429124e+00 1.631999999999999987e-03
-5.750000000000000000e+01 -4.240837696335078455e+00 6.302199999999999469e-02
-5.750000000000000000e+01 -3.298429319371727786e+00 3.171539999999999915e-01
-5.750000000000000000e+01 -2.356020942408377117e+00 3.581199999999999661e-02
-5.750000000000000000e+01 -1.413612565445026226e+00 6.917999999999999670e-03
-5.750000000000000000e+01 -4.712041884816753901e-01 0.000000000000000000e+00
-5.750000000000000000e+01 4.712041884816753901e-01 0.000000000000000000e+00
-5.750000000000000000e+01 1.413612565445026226e+00 8.100000000000000375e-05
-5.625000000000000000e+01 -1.366492146596859136e+01 2.876380000000000048e-01
-5.625000000000000000e+01 -1.272251308900523981e+01 3.106539999999999857e-01
-5.625000000000000000e+01 -1.178010471204188825e+01 6.608319999999999750e-01
-5.625000000000000000e+01 -1.083769633507853669e+01 4.557140000000000080e-01
-5.625000000000000000e+01 -9.895287958115185134e+00 7.883940000000000392e-01
-5.625000000000000000e+01 -8.952879581151833577e+00 3.828000000000000153e-02
-5.625000000000000000e+01 -8.010471204188482020e+00 3.507999999999999834e-03
-5.625000000000000000e+01 -7.068062827225130462e+00 4.609800000000000009e-02
-5.625000000000000000e+01 -6.125654450261779793e+00 1.131309999999999955e-01
-5.625000000000000000e+01 -5.183246073298429124e+00 2.312420000000000031e-01
-5.625000000000000000e+01 -4.240837696335078455e+00 3.719259999999999788e-01
-5.625000000000000000e+01 -3.298429319371727786e+00 3.324099999999999971e-02
-5.625000000000000000e+01 -2.356020942408377117e+00 3.569899999999999740e-01
-5.625000000000000000e+01 -1.413612565445026226e+00 2.534300000000000094e-02
-5.625000000000000000e+01 -4.712041884816753901e-01 8.000000000000000654e-05
-5.625000000000000000e+01 4.712041884816753901e-01 8.000000000000000654e-05
-5.625000000000000000e+01 1.413612565445026226e+00 0.000000000000000000e+00
-5.500000000000000000e+01 -1.460732984293194114e+01 1.802040000000000031e-01
-5.500000000000000000e+01 -1.366492146596859136e+01 4.296900000000000025e-02
-5.500000000000000000e+01 -1.272251308900523981e+01 3.829859999999999931e-01
-5.500000000000000000e+01 -1.178010471204188825e+01 6.431759999999999700e-01
-5.500000000000000000e+01 -1.083769633507853669e+01 7.461860000000000159e-01
-5.500000000000000000e+01 -9.895287958115185134e+00 7.362370000000000303e-01
-5.500000000000000000e+01 -8.952879581151833577e+00 6.783999999999999753e-02
-5.500000000000000000e+01 -8.010471204188482020e+00 1.661900000000000044e-01
-5.500000000000000000e+01 -7.068062827225130462e+00 1.924859999999999904e-01
-5.500000000000000000e+01 -6.125654450261779793e+00 1.346900000000000007e-02
-5.500000000000000000e+01 -5.183246073298429124e+00 8.809999999999999472e-04
-5.500000000000000000e+01 -4.240837696335078455e+00 3.246240000000000236e-01
-5.500000000000000000e+01 -3.298429319371727786e+00 4.827170000000000072e-01
-5.500000000000000000e+01 -2.356020942408377117e+00 5.653310000000000279e-01
-5.500000000000000000e+01 -1.413612565445026226e+00 1.548800000000000003e-02
-5.500000000000000000e+01 -4.712041884816753901e-01 2.420000000000000005e-04
-5.500000000000000000e+01 4.712041884816753901e-01 2.420000000000000005e-04
-5.500000000000000000e+01 1.413612565445026226e+00 2.420000000000000005e-04
-5.500000000000000000e+01 2.356020942408377117e+00 5.760000000000000146e-04
-5.375000000000000000e+01 -1.460732984293194114e+01 4.079999999999999968e-04
-5.375000000000000000e+01 -1.366492146596859136e+01 4.057000000000000189e-02
-5.375000000000000000e+01 -1.272251308900523981e+01 2.006120000000000125e-01
-5.375000000000000000e+01 -1.178010471204188825e+01 1.428460000000000008e-01
-5.375000000000000000e+01 -1.083769633507853669e+01 2.379620000000000068e-01
-5.375000000000000000e+01 -9.895287958115185134e+00 3.159299999999999886e-01
-5.375000000000000000e+01 -8.952879581151833577e+00 8.137000000000000136e-03
-5.375000000000000000e+01 -8.010471204188482020e+00 8.000000000000000654e-05
-5.375000000000000000e+01 -7.068062827225130462e+00 2.101000000000000003e-03
-5.375000000000000000e+01 -6.125654450261779793e+00 6.347000000000000211e-03
-5.375000000000000000e+01 -5.183246073298429124e+00 3.246999999999999886e-03
-5.375000000000000000e+01 -4.240837696335078455e+00 3.274739999999999873e-01
-5.375000000000000000e+01 -3.298429319371727786e+00 2.925470000000000015e-01
-5.375000000000000000e+01 -2.356020942408377117e+00 4.603800000000000114e-01
-5.375000000000000000e+01 -1.413612565445026226e+00 7.167099999999999860e-02
-5.375000000000000000e+01 -4.712041884816753901e-01 9.719999999999999907e-04
-5.375000000000000000e+01 4.712041884816753901e-01 9.719999999999999907e-04
-5.375000000000000000e+01 1.413612565445026226e+00 1.217999999999999899e-03
-5.375000000000000000e+01 2.356020942408377117e+00 1.054000000000000032e-03
-5.250000000000000000e+01 -1.366492146596859136e+01 1.280700000000000068e-02
-5.250000000000000000e+01 -1.272251308900523981e+01 2.138980000000000048e-01
-5.250000000000000000e+01 -1.178010471204188825e+01 1.115260000000000001e-01
-5.250000000000000000e+01 -1.083769633507853669e+01 2.807720000000000216e-01
-5.250000000000000000e+01 -9.895287958115185134e+00 9.087199999999999445e-02
-5.250000000000000000e+01 -8.952879581151833577e+00 5.699999999999999772e-04
-5.250000000000000000e+01 -8.010471204188482020e+00 1.825000000000000016e-03
-5.250000000000000000e+01 -7.068062827225130462e+00 1.878099999999999908e-02
-5.250000000000000000e+01 -6.125654450261779793e+00 4.108599999999999752e-02
-5.250000000000000000e+01 -5.183246073298429124e+00 1.755000000000000050e-03
-5.250000000000000000e+01 -4.240837696335078455e+00 1.065780000000000061e-01
-5.250000000000000000e+01 -3.298429319371727786e+00 2.742350000000000065e-01
-5.250000000000000000e+01 -2.356020942408377117e+00 3.319899999999999934e-02
-5.250000000000000000e+01 -1.413612565445026226e+00 3.059569999999999790e-01
-5.250000000000000000e+01 -4.712041884816753901e-01 1.229500000000000037e-02
-5.250000000000000000e+01 4.712041884816753901e-01 1.229500000000000037e-02
-5.125000000000000000e+01 -8.952879581151833577e+00 5.499600000000000044e-01
-5.125000000000000000e+01 -8.010471204188482020e+00 4.082790000000000030e-01
-5.125000000000000000e+01 -7.068062827225130462e+00 4.607970000000000121e-01
-5.125000000000000000e+01 -5.183246073298429124e+00 1.835940000000000072e-01
-5.125000000000000000e+01 -4.240837696335078455e+00 3.198329999999999784e-01
-5.125000000000000000e+01 -3.298429319371727786e+00 3.194759999999999822e-01
-5.125000000000000000e+01 -2.356020942408377117e+00 1.037619999999999931e-01
-5.000000000000000000e+01 -3.298429319371727786e+00 4.997400000000000175e-01
