-7.875000000000000000e+01 -6.125654450261779793e+00 4.897830000000000239e-01
-7.875000000000000000e+01 -5.183246073298429124e+00 1.738270000000000093e-01
-7.875000000000000000e+01 -4.240837696335078455e+00 2.147900000000000087e-01
-7.875000000000000000e+01 -3.298429319371727786e+00 3.227419999999999733e-01
-7.875000000000000000e+01 -2.356020942408377117e+00 0.000000000000000000e+00
-7.875000000000000000e+01 -1.413612565445026226e+00 0.000000000000000000e+00
-7.750000000000000000e+01 -8.952879581151833577e+00 1.875680000000000125e-01
-7.750000000000000000e+01 -8.010471204188482020e+00 1.435049999999999937e-01
-7.750000000000000000e+01 -7.068062827225130462e+00 2.818840000000000234e-01
-7.750000000000000000e+01 -6.125654450261779793e+00 4.556520000000000015e-01
-7.750000000000000000e+01 -5.183246073298429124e+00 8.654499999999999693e-02
-7.750000000000000000e+01 -4.240837696335078455e+00 2.462400000000000005e-02
-7.750000000000000000e+01 -3.298429319371727786e+00 2.205239999999999978e-01
-7.750000000000000000e+01 -2.356020942408377117e+00 1.349750000000000116e-01
-7.750000000000000000e+01 -1.413612565445026226e+00 2.490060000000000051e-01
-7.750000000000000000e+01 -4.712041884816753901e-01 1.864520000000000066e-01
-7.750000000000000000e+01 4.712041884816753901e-01 1.864520000000000066e-01
-7.625000000000000000e+01 -1.083769633507853669e+01 5.975500000000000256e-02
-7.625000000000000000e+01 -9.895287958115185134e+00 1.223690000000000055e-01
-7.625000000000000000e+01 -8.952879581151833577e+00 3.165220000000000256e-01
-7.625000000000000000e+01 -8.010471204188482020e+00 8.024699999999999889e-02
-7.625000000000000000e+01 -7.068062827225130462e+00 1.837439999999999907e-01
-7.625000000000000000e+01 -6.125654450261779793e+00 2.257689999999999975e-01
-7.625000000000000000e+01 -5.183246073298429124e+00 4.002700000000000008e-02
-7.625000000000000000e+01 -4.240837696335078455e+00 1.472000000000000001e-03
-7.625000000000000000e+01 -3.298429319371727786e+00 3.983000000000000429e-03
-7.625000000000000000e+01 -2.356020942408377117e+00 2.553000000000000148e-03
-7.625000000000000000e+01 -1.413612565445026226e+00 2.611000000000000040e-03
-7.625000000000000000e+01 -4.712041884816753901e-01 4.066800000000000276e-02
-7.625000000000000000e+01 4.712041884816753901e-01 4.066800000000000276e-02
-7.625000000000000000e+01 1.413612565445026226e+00 5.609570000000000389e-01
-7.500000000000000000e+01 -1.366492146596859136e+01 7.814200000000000312e-02
-7.500000000000000000e+01 -1.272251308900523981e+01 1.417779999999999874e-01
-7.500000000000000000e+01 -1.178010471204188825e+01 1.237540000000000029e-01
-7.500000000000000000e+01 -1.083769633507853669e+01 2.920800000000000063e-01
-7.500000000000000000e+01 -9.895287958115185134e+00 1.337839999999999863e-01
-7.500000000000000000e+01 -8.952879581151833577e+00 3.299980000000000135e-01
-7.500000000000000000e+01 -8.010471204188482020e+00 1.879899999999999904e-01
-7.500000000000000000e+01 -7.068062827225130462e+00 3.468899999999999761e-02
-7.500000000000000000e+01 -6.125654450261779793e+00 6.070300000000000001e-02
-7.500000000000000000e+01 -5.183246073298429124e+00 4.566900000000000126e-02
-7.500000000000000000e+01 -4.240837696335078455e+00 2.003299999999999872e-02
-7.500000000000000000e+01 -3.298429319371727786e+00 2.305999999999999890e-03
-7.500000000000000000e+01 -2.356020942408377117e+00 6.376999999999999856e-03
-7.500000000000000000e+01 -1.413612565445026226e+00 5.597000000000000412e-03
-7.500000000000000000e+01 -4.712041884816753901e-01 2.222800000000000123e-02
-7.500000000000000000e+01 4.712041884816753901e-01 2.222800000000000123e-02
-7.500000000000000000e+01 1.413612565445026226e+00 3.932050000000000267e-01
-7.500000000000000000e+01 2.356020942408377117e+00 7.473100000000000298e-01
-7.375000000000000000e+01 -1.460732984293194114e+01 0.000000000000000000e+00
-7.375000000000000000e+01 -1.366492146596859136e+01 1.302490000000000037e-01
-7.375000000000000000e+01 -1.272251308900523981e+01 7.895599999999999841e-02
-7.375000000000000000e+01 -1.178010471204188825e+01 9.513299999999999534e-02
-7.375000000000000000e+01 -1.083769633507853669e+01 7.888199999999999379e-02
-7.375000000000000000e+01 -9.895287958115185134e+00 5.654499999999999804e-02
-7.375000000000000000e+01 -8.952879581151833577e+00 7.514600000000000446e-02
-7.375000000000000000e+01 -8.010471204188482020e+00 6.315800000000000580e-02
-7.375000000000000000e+01 -7.068062827225130462e+00 1.531199999999999922e-02
-7.375000000000000000e+01 -6.125654450261779793e+00 2.464699999999999877e-02
-7.375000000000000000e+01 -5.183246073298429124e+00 7.177999999999999658e-02
-7.375000000000000000e+01 -4.240837696335078455e+00 2.272499999999999867e-02
-7.375000000000000000e+01 -3.298429319371727786e+00 7.262000000000000226e-03
-7.375000000000000000e+01 -2.356020942408377117e+00 5.327000000000000138e-03
-7.375000000000000000e+01 -1.413612565445026226e+00 3.541300000000000003e-02
-7.375000000000000000e+01 -4.712041884816753901e-01 2.467000000000000009e-03
-7.375000000000000000e+01 4.712041884816753901e-01 2.467000000000000009e-03
-7.375000000000000000e+01 1.413612565445026226e+00 3.635300000000000337e-02
-7.250000000000000000e+01 -1.460732984293194114e+01 5.432000000000000196e-03
-7.250000000000000000e+01 -1.366492146596859136e+01 1.374849999999999961e-01
-7.250000000000000000e+01 -1.272251308900523981e+01 1.611090000000000022e-01
-7.250000000000000000e+01 -1.178010471204188825e+01 4.293199999999999794e-02
-7.250000000000000000e+01 -1.083769633507853669e+01 6.879999999999999831e-03
-7.250000000000000000e+01 -9.895287958115185134e+00 0.000000000000000000e+00
-7.250000000000000000e+01 -8.952879581151833577e+00 9.388999999999999777e-03
-7.250000000000000000e+01 -8.010471204188482020e+00 2.122489999999999932e-01
-7.250000000000000000e+01 -7.068062827225130462e+00 7.978899999999999881e-02
-7.250000000000000000e+01 -6.125654450261779793e+00 9.730000000000000151e-04
-7.250000000000000000e+01 -5.183246073298429124e+00 9.737000000000000863e-03
-7.250000000000000000e+01 -4.240837696335078455e+00 1.123389999999999944e-01
-7.250000000000000000e+01 -3.298429319371727786e+00 2.123999999999999846e-02
-7.250000000000000000e+01 -2.356020942408377117e+00 1.422400000000000053e-02
-7.250000000000000000e+01 -1.413612565445026226e+00 4.193999999999999811e-03
-7.250000000000000000e+01 -4.712041884816753901e-01 6.908000000000000078e-03
-7.250000000000000000e+01 4.712041884816753901e-01 6.908000000000000078e-03
-7.250000000000000000e+01 1.413612565445026226e+00 1.020399999999999953e-02
-7.125000000000000000e+01 -1.460732984293194114e+01 9.079900000000000471e-02
-7.125000000000000000e+01 -1.366492146596859136e+01 2.439500000000000002e-02
-7.125000000000000000e+01 -1.272251308900523981e+01 7.189099999999999657e-02
-7.125000000000000000e+01 -1.178010471204188825e+01 0.000000000000000000e+00
-7.125000000000000000e+01 -1.083769633507853669e+01 0.000000000000000000e+00
-7.125000000000000000e+01 -9.895287958115185134e+00 6.791000000000000161e-03
-7.125000000000000000e+01 -8.952879581151833577e+00 3.317099999999999910e-02
-7.125000000000000000e+01 -8.010471204188482020e+00 1.999360000000000026e-01
-7.125000000000000000e+01 -7.068062827225130462e+00 3.642999999999999971e-03
-7.125000000000000000e+01 -6.125654450261779793e+00 4.655000000000000283e-03
-7.125000000000000000e+01 -5.183246073298429124e+00 2.429999999999999977e-04
-7.125000000000000000e+01 -4.240837696335078455e+00 2.297199999999999936e-02
-7.125000000000000000e+01 -3.298429319371727786e+00 1.589999999999999888e-04
-7.125000000000000000e+01 -2.356020942408377117e+00 2.246199999999999933e-02
-7.125000000000000000e+01 -1.413612565445026226e+00 3.592000000000000141e-03
-7.125000000000000000e+01 -4.712041884816753901e-01 0.000000000000000000e+00
-7.125000000000000000e+01 4.712041884816753901e-01 0.000000000000000000e+00
-7.125000000000000000e+01 1.413612565445026226e+00 3.721200000000000202e-02
-7.000000000000000000e+01 -1.366492146596859136e+01 8.580000000000000820e-03
-7.000000000000000000e+01 -1.272251308900523981e+01 1.087560000000000054e-01
-7.000000000000000000e+01 -1.178010471204188825e+01 4.070000000000000267e-04
-7.000000000000000000e+01 -1.083769633507853669e+01 1.394170000000000131e-01
-7.000000000000000000e+01 -9.895287958115185134e+00 3.200000000000000262e-04
-7.000000000000000000e+01 -8.952879581151833577e+00 5.537000000000000255e-02
-7.000000000000000000e+01 -8.010471204188482020e+00 1.173349999999999949e-01
-7.000000000000000000e+01 -7.068062827225130462e+00 2.868199999999999916e-02
-7.000000000000000000e+01 -6.125654450261779793e+00 1.861000000000000024e-03
-7.000000000000000000e+01 -5.183246073298429124e+00 8.040000000000000271e-04
-7.000000000000000000e+01 -4.240837696335078455e+00 8.008700000000000541e-02
-7.000000000000000000e+01 -3.298429319371727786e+00 2.018800000000000108e-02
-7.000000000000000000e+01 -2.356020942408377117e+00 6.642000000000000334e-03
-7.000000000000000000e+01 -1.413612565445026226e+00 1.519599999999999944e-02
-7.000000000000000000e+01 -4.712041884816753901e-01 1.220300000000000031e-02
-7.000000000000000000e+01 4.712041884816753901e-01 1.220300000000000031e-02
-7.000000000000000000e+01 1.413612565445026226e+00 3.897999999999999989e-03
-6.875000000000000000e+01 -1.554973821989529448e+01 6.769999999999999759e-04
-6.875000000000000000e+01 -1.460732984293194114e+01 2.421900000000000094e-02
-6.875000000000000000e+01 -1.366492146596859136e+01 6.573999999999999982e-03
-6.875000000000000000e+01 -1.272251308900523981e+01 1.031620000000000037e-01
-6.875000000000000000e+01 -1.178010471204188825e+01 2.146440000000000015e-01
-6.875000000000000000e+01 -1.083769633507853669e+01 4.154780000000000140e-01
-6.875000000000000000e+01 -9.895287958115185134e+00 4.268700000000000272e-02
-6.875000000000000000e+01 -8.952879581151833577e+00 2.177679999999999894e-01
-6.875000000000000000e+01 -8.010471204188482020e+00 3.200000000000000262e-04
-6.875000000000000000e+01 -7.068062827225130462e+00 2.047999999999999907e-03
-6.875000000000000000e+01 -6.125654450261779793e+00 1.129999999999999928e-03
-6.875000000000000000e+01 -5.183246073298429124e+00 4.840000000000000010e-04
-6.875000000000000000e+01 -4.240837696335078455e+00 4.423999999999999981e-03
-6.875000000000000000e+01 -3.298429319371727786e+00 7.030999999999999923e-03
-6.875000000000000000e+01 -2.356020942408377117e+00 2.622000000000000199e-03
-6.875000000000000000e+01 -1.413612565445026226e+00 2.337999999999999801e-03
-6.875000000000000000e+01 -4.712041884816753901e-01 1.129100000000000069e-02
-6.875000000000000000e+01 4.712041884816753901e-01 1.129100000000000069e-02
-6.875000000000000000e+01 1.413612565445026226e+00 1.248699999999999984e-02
-6.875000000000000000e+01 2.356020942408377117e+00 6.295000000000000248e-03
-6.750000000000000000e+01 -1.649214659685864603e+01 2.018800000000000039e-01
-6.750000000000000000e+01 -1.554973821989529448e+01 2.018800000000000039e-01
-6.750000000000000000e+01 -1.460732984293194114e+01 7.122799999999999965e-02
-6.750000000000000000e+01 -1.366492146596859136e+01 5.768800000000000316e-02
-6.750000000000000000e+01 -1.272251308900523981e+01 5.739000000000000178e-03
-6.750000000000000000e+01 -1.178010471204188825e+01 1.366200000000000053e-02
-6.750000000000000000e+01 -1.083769633507853669e+01 2.347859999999999947e-01
-6.750000000000000000e+01 -9.895287958115185134e+00 6.779300000000000326e-01
-6.750000000000000000e+01 -8.952879581151833577e+00 1.029349999999999987e-01
-6.750000000000000000e+01 -8.010471204188482020e+00 9.590000000000000000e-04
-6.750000000000000000e+01 -7.068062827225130462e+00 8.919999999999999978e-04
-6.750000000000000000e+01 -6.125654450261779793e+00 5.134999999999999808e-03
-6.750000000000000000e+01 -5.183246073298429124e+00 1.128000000000000096e-03
-6.750000000000000000e+01 -4.240837696335078455e+00 8.059999999999999673e-04
-6.750000000000000000e+01 -3.298429319371727786e+00 1.389100000000000057e-02
-6.750000000000000000e+01 -2.356020942408377117e+00 3.310000000000000225e-04
-6.750000000000000000e+01 -1.413612565445026226e+00 8.000000000000000654e-05
-6.750000000000000000e+01 -4.712041884816753901e-01 8.989999999999999511e-04
-6.750000000000000000e+01 4.712041884816753901e-01 8.989999999999999511e-04
-6.750000000000000000e+01 1.413612565445026226e+00 6.081999999999999733e-03
-6.750000000000000000e+01 2.356020942408377117e+00 7.219999999999999855e-04
-6.625000000000000000e+01 -1.837696335078534560e+01 8.382100000000000661e-02
-6.625000000000000000e+01 -1.743455497382199582e+01 1.797279999999999989e-01
-6.625000000000000000e+01 -1.649214659685864603e+01 2.356000000000000021e-03
-6.625000000000000000e+01 -1.554973821989529448e+01 2.356000000000000021e-03
-6.625000000000000000e+01 -1.460732984293194114e+01 7.301000000000000198e-03
-6.625000000000000000e+01 -1.366492146596859136e+01 1.134000000000000025e-03
-6.625000000000000000e+01 -1.272251308900523981e+01 0.000000000000000000e+00
-6.625000000000000000e+01 -1.178010471204188825e+01 6.708000000000000421e-03
-6.625000000000000000e+01 -1.083769633507853669e+01 8.775199999999999667e-02
-6.625000000000000000e+01 -9.895287958115185134e+00 1.939539999999999875e-01
-6.625000000000000000e+01 -8.952879581151833577e+00 4.043700000000000072e-02
-6.625000000000000000e+01 -8.010471204188482020e+00 2.295000000000000165e-03
-6.625000000000000000e+01 -7.068062827225130462e+00 8.109999999999999805e-04
-6.625000000000000000e+01 -6.125654450261779793e+00 1.610000000000000103e-04
-6.625000000000000000e+01 -5.183246073298429124e+00 3.260000000000000094e-04
-6.625000000000000000e+01 -4.240837696335078455e+00 3.536000000000000081e-03
-6.625000000000000000e+01 -3.298429319371727786e+00 1.376199999999999993e-02
-6.625000000000000000e+01 -2.356020942408377117e+00 6.198000000000000384e-03
-6.625000000000000000e+01 -1.413612565445026226e+00 0.000000000000000000e+00
-6.625000000000000000e+01 -4.712041884816753901e-01 2.425000000000000072e-03
-6.625000000000000000e+01 4.712041884816753901e-01 2.425000000000000072e-03
-6.625000000000000000e+01 1.413612565445026226e+00 7.390599999999999947e-02
-6.625000000000000000e+01 2.356020942408377117e+00 6.675899999999999890e-02
-6.500000000000000000e+01 -1.837696335078534560e+01 2.469000000000000014e-02
-6.500000000000000000e+01 -1.743455497382199582e+01 3.756970000000000032e-01
-6.500000000000000000e+01 -1.649214659685864603e+01 1.077099999999999932e-02
-6.500000000000000000e+01 -1.554973821989529448e+01 1.077099999999999932e-02
-6.500000000000000000e+01 -1.460732984293194114e+01 4.854999999999999941e-03
-6.500000000000000000e+01 -1.366492146596859136e+01 3.310000000000000008e-03
-6.500000000000000000e+01 -1.272251308900523981e+01 1.495000000000000018e-03
-6.500000000000000000e+01 -1.178010471204188825e+01 7.576000000000000269e-03
-6.500000000000000000e+01 -1.083769633507853669e+01 1.643930000000000113e-01
-6.500000000000000000e+01 -9.895287958115185134e+00 3.865009999999999835e-01
-6.500000000000000000e+01 -8.952879581151833577e+00 1.048179999999999945e-01
-6.500000000000000000e+01 -8.010471204188482020e+00 2.351999999999999924e-03
-6.500000000000000000e+01 -7.068062827225130462e+00 2.935099999999999862e-02
-6.500000000000000000e+01 -6.125654450261779793e+00 1.147999999999999932e-03
-6.500000000000000000e+01 -5.183246073298429124e+00 1.226000000000000093e-03
-6.500000000000000000e+01 -4.240837696335078455e+00 6.257999999999999674e-03
-6.500000000000000000e+01 -3.298429319371727786e+00 1.927299999999999847e-02
-6.500000000000000000e+01 -2.356020942408377117e+00 4.329999999999999648e-03
-6.500000000000000000e+01 -1.413612565445026226e+00 1.791999999999999973e-03
-6.500000000000000000e+01 -4.712041884816753901e-01 7.742999999999999883e-03
-6.500000000000000000e+01 4.712041884816753901e-01 7.742999999999999883e-03
-6.500000000000000000e+01 1.413612565445026226e+00 2.658999999999999905e-03
-6.375000000000000000e+01 -2.026178010471204516e+01 0.000000000000000000e+00
-6.375000000000000000e+01 -1.931937172774869538e+01 1.402239999999999875e-01
-6.375000000000000000e+01 -1.837696335078534560e+01 1.335040000000000115e-01
-6.375000000000000000e+01 -1.743455497382199582e+01 4.806770000000000209e-01
-6.375000000000000000e+01 -1.649214659685864603e+01 5.748600000000000237e-02
-6.375000000000000000e+01 -1.554973821989529448e+01 5.748600000000000237e-02
-6.375000000000000000e+01 -1.460732984293194114e+01 2.364099999999999882e-02
-6.375000000000000000e+01 -1.366492146596859136e+01 2.972999999999999948e-03
-6.375000000000000000e+01 -1.272251308900523981e+01 2.507999999999999813e-03
-6.375000000000000000e+01 -1.178010471204188825e+01 4.087999999999999967e-01
-6.375000000000000000e+01 -1.083769633507853669e+01 4.850999999999999757e-02
-6.375000000000000000e+01 -9.895287958115185134e+00 4.011649999999999938e-01
-6.375000000000000000e+01 -8.952879581151833577e+00 6.604640000000000510e-01
-6.375000000000000000e+01 -8.010471204188482020e+00 1.864369999999999916e-01
-6.375000000000000000e+01 -7.068062827225130462e+00 1.980399999999999869e-02
-6.375000000000000000e+01 -6.125654450261779793e+00 4.970999999999999724e-03
-6.375000000000000000e+01 -5.183246073298429124e+00 5.790000000000000008e-03
-6.375000000000000000e+01 -4.240837696335078455e+00 3.890400000000000108e-02
-6.375000000000000000e+01 -3.298429319371727786e+00 1.724000000000000055e-03
-6.375000000000000000e+01 -2.356020942408377117e+00 3.249999999999999851e-04
-6.375000000000000000e+01 -1.413612565445026226e+00 3.240000000000000150e-04
-6.375000000000000000e+01 -4.712041884816753901e-01 1.828999999999999897e-03
-6.375000000000000000e+01 4.712041884816753901e-01 1.828999999999999897e-03
-6.375000000000000000e+01 1.413612565445026226e+00 0.000000000000000000e+00
-6.375000000000000000e+01 3.298429319371727786e+00 1.174399999999999923e-02
-6.250000000000000000e+01 -1.931937172774869538e+01 3.563230000000000008e-01
-6.250000000000000000e+01 -1.837696335078534560e+01 6.931059999999999999e-01
-6.250000000000000000e+01 -1.743455497382199582e+01 7.529090000000000504e-01
-6.250000000000000000e+01 -1.649214659685864603e+01 7.686600000000000377e-02
-6.250000000000000000e+01 -1.554973821989529448e+01 7.686600000000000377e-02
-6.250000000000000000e+01 -1.460732984293194114e+01 7.910999999999999630e-03
-6.250000000000000000e+01 -1.366492146596859136e+01 2.263999999999999953e-03
-6.250000000000000000e+01 -1.272251308900523981e+01 8.026000000000000148e-03
-6.250000000000000000e+01 -1.178010471204188825e+01 4.810369999999999924e-01
-6.250000000000000000e+01 -1.083769633507853669e+01 4.011449999999999738e-01
-6.250000000000000000e+01 -9.895287958115185134e+00 9.285430000000000073e-01
-6.250000000000000000e+01 -8.952879581151833577e+00 3.662679999999999825e-01
-6.250000000000000000e+01 -8.010471204188482020e+00 1.494550000000000045e-01
-6.250000000000000000e+01 -7.068062827225130462e+00 1.714070000000000038e-01
-6.250000000000000000e+01 -6.125654450261779793e+00 2.396500000000000019e-02
-6.250000000000000000e+01 -5.183246073298429124e+00 2.396000000000000126e-03
-6.250000000000000000e+01 -4.240837696335078455e+00 4.804100000000000037e-02
-6.250000000000000000e+01 -3.298429319371727786e+00 7.712000000000000105e-03
-6.250000000000000000e+01 -2.356020942408377117e+00 1.056999999999999997e-03
-6.250000000000000000e+01 -1.413612565445026226e+00 1.034700000000000029e-02
-6.250000000000000000e+01 -4.712041884816753901e-01 6.509999999999999945e-04
-6.250000000000000000e+01 4.712041884816753901e-01 6.509999999999999945e-04
-6.250000000000000000e+01 1.413612565445026226e+00 1.435000000000000078e-03
-6.250000000000000000e+01 2.356020942408377117e+00 8.090000000000000403e-04
-6.250000000000000000e+01 3.298429319371727786e+00 0.000000000000000000e+00
-6.125000000000000000e+01 -1.837696335078534560e+01 1.686940000000000106e-01
-6.125000000000000000e+01 -1.743455497382199582e+01 1.130270000000000025e-01
-6.125000000000000000e+01 -1.649214659685864603e+01 1.546700000000000019e-01
-6.125000000000000000e+01 -1.554973821989529448e+01 1.546700000000000019e-01
-6.125000000000000000e+01 -1.460732984293194114e+01 2.940200000000000105e-02
-6.125000000000000000e+01 -1.366492146596859136e+01 4.710299999999999904e-02
-6.125000000000000000e+01 -1.272251308900523981e+01 6.302079999999999904e-01
-6.125000000000000000e+01 -1.178010471204188825e+01 7.534269999999999579e-01
-6.125000000000000000e+01 -1.083769633507853669e+01 4.320100000000000051e-01
-6.125000000000000000e+01 -9.895287958115185134e+00 2.591990000000000127e-01
-6.125000000000000000e+01 -8.952879581151833577e+00 6.092999999999999805e-02
-6.125000000000000000e+01 -8.010471204188482020e+00 4.232999999999999957e-02
-6.125000000000000000e+01 -7.068062827225130462e+00 7.733000000000000290e-03
-6.125000000000000000e+01 -6.125654450261779793e+00 5.625499999999999945e-02
-6.125000000000000000e+01 -5.183246073298429124e+00 2.136100000000000151e-02
-6.125000000000000000e+01 -4.240837696335078455e+00 8.549099999999999755e-02
-6.125000000000000000e+01 -3.298429319371727786e+00 1.421229999999999993e-01
-6.125000000000000000e+01 -2.356020942408377117e+00 1.910999999999999938e-03
-6.125000000000000000e+01 -1.413612565445026226e+00 3.591000000000000008e-03
-6.125000000000000000e+01 -4.712041884816753901e-01 7.793700000000000627e-02
-6.125000000000000000e+01 4.712041884816753901e-01 7.793700000000000627e-02
-6.125000000000000000e+01 1.413612565445026226e+00 9.244299999999999740e-02
-6.125000000000000000e+01 2.356020942408377117e+00 4.798100000000000143e-01
-6.125000000000000000e+01 3.298429319371727786e+00 2.100849999999999940e-01
-6.125000000000000000e+01 4.240837696335078455e+00 3.014500000000000166e-02
-6.000000000000000000e+01 -1.554973821989529448e+01 9.963600000000000234e-02
-6.000000000000000000e+01 -1.460732984293194114e+01 3.838559999999999750e-01
-6.000000000000000000e+01 -1.366492146596859136e+01 4.383429999999999827e-01
-6.000000000000000000e+01 -1.272251308900523981e+01 3.734180000000000277e-01
-6.000000000000000000e+01 -1.178010471204188825e+01 1.187249999999999972e-01
-6.000000000000000000e+01 -1.083769633507853669e+01 1.302400000000000085e-02
-6.000000000000000000e+01 -9.895287958115185134e+00 1.547979999999999912e-01
-6.000000000000000000e+01 -8.952879581151833577e+00 4.380099999999999966e-02
-6.000000000000000000e+01 -8.010471204188482020e+00 0.000000000000000000e+00
-6.000000000000000000e+01 -7.068062827225130462e+00 1.590390000000000137e-01
-6.000000000000000000e+01 -6.125654450261779793e+00 1.973199999999999954e-02
-6.000000000000000000e+01 -5.183246073298429124e+00 4.266799999999999760e-02
-6.000000000000000000e+01 -4.240837696335078455e+00 2.518839999999999968e-01
-6.000000000000000000e+01 -3.298429319371727786e+00 5.927019999999999511e-01
-6.000000000000000000e+01 -2.356020942408377117e+00 4.240659999999999985e-01
-6.000000000000000000e+01 -1.413612565445026226e+00 8.044099999999999862e-02
-6.000000000000000000e+01 -4.712041884816753901e-01 2.446299999999999863e-02
-6.000000000000000000e+01 4.712041884816753901e-01 2.446299999999999863e-02
-6.000000000000000000e+01 1.413612565445026226e+00 4.745840000000000058e-01
-6.000000000000000000e+01 2.356020942408377117e+00 1.001780000000000032e-01
-6.000000000000000000e+01 3.298429319371727786e+00 9.080399999999999583e-02
-6.000000000000000000e+01 4.240837696335078455e+00 1.166099999999999949e-02
-6.000000000000000000e+01 5.183246073298429124e+00 1.274999999999999918e-02
-5.875000000000000000e+01 -1.366492146596859136e+01 3.224199999999999983e-02
-5.875000000000000000e+01 -1.272251308900523981e+01 1.693999999999999976e-03
-5.875000000000000000e+01 -1.178010471204188825e+01 1.832219999999999960e-01
-5.875000000000000000e+01 -1.083769633507853669e+01 5.605109999999999815e-01
-5.875000000000000000e+01 -9.895287958115185134e+00 4.568099999999999938e-01
-5.875000000000000000e+01 -8.952879581151833577e+00 8.292199999999999571e-02
-5.875000000000000000e+01 -8.010471204188482020e+00 2.400000000000000061e-04
-5.875000000000000000e+01 -7.068062827225130462e+00 2.769999999999999893e-02
-5.875000000000000000e+01 -6.125654450261779793e+00 5.649999999999999641e-04
-5.875000000000000000e+01 -5.183246073298429124e+00 1.474999999999999966e-03
-5.875000000000000000e+01 -4.240837696335078455e+00 1.562080000000000135e-01
-5.875000000000000000e+01 -3.298429319371727786e+00 5.124809999999999643e-01
-5.875000000000000000e+01 -2.356020942408377117e+00 4.095499999999999835e-02
-5.875000000000000000e+01 -1.413612565445026226e+00 0.000000000000000000e+00
-5.875000000000000000e+01 -4.712041884816753901e-01 0.000000000000000000e+00
-5.875000000000000000e+01 4.712041884816753901e-01 0.000000000000000000e+00
-5.750000000000000000e+01 -1.366492146596859136e+01 5.226599999999999996e-02
-5.750000000000000000e+01 -1.272251308900523981e+01 6.024800000000000294e-02
-5.750000000000000000e+01 -1.178010471204188825e+01 4.740409999999999902e-01
-5.750000000000000000e+01 -1.083769633507853669e+01 4.250630000000000241e-01
-5.750000000000000000e+01 -9.895287958115185134e+00 3.706880000000000175e-01
-5.750000000000000000e+01 -8.952879581151833577e+00 5.199399999999999855e-02
-5.750000000000000000e+01 -8.010471204188482020e+00 1.080899999999999916e-02
-5.750000000000000000e+01 -7.068062827225130462e+00 3.559999999999999797e-03
-5.750000000000000000e+01 -6.125654450261779793e+00 3.275299999999999739e-02
-5.750000000000000000e+01 -5.183246073298429124e+00 1.631999999999999987e-03
-5.750000000000000000e+01 -4.240837696335078455e+00 5.053799999999999959e-02
-5.750000000000000000e+01 -3.298429319371727786e+00 3.091300000000000159e-01
-5.750000000000000000e+01 -2.356020942408377117e+00 3.880299999999999722e-02
-5.750000000000000000e+01 -1.413612565445026226e+00 7.243999999999999571e-03
-5.750000000000000000e+01 -4.712041884816753901e-01 0.000000000000000000e+00
-5.750000000000000000e+01 4.712041884816753901e-01 0.000000000000000000e+00
-5.750000000000000000e+01 1.413612565445026226e+00 9.770000000000000039e-04
-5.625000000000000000e+01 -1.366492146596859136e+01 3.188900000000000068e-01
-5.625000000000000000e+01 -1.272251308900523981e+01 3.173529999999999962e-01
-5.625000000000000000e+01 -1.178010471204188825e+01 6.951939999999999786e-01
-5.625000000000000000e+01 -1.083769633507853669e+01 4.899789999999999979e-01
-5.625000000000000000e+01 -9.895287958115185134e+00 8.946889999999999565e-01
-5.625000000000000000e+01 -8.952879581151833577e+00 7.336399999999999866e-02
-5.625000000000000000e+01 -8.010471204188482020e+00 1.458899999999999954e-02
-5.625000000000000000e+01 -7.068062827225130462e+00 8.011200000000000265e-02
-5.625000000000000000e+01 -6.125654450261779793e+00 1.035959999999999936e-01
-5.625000000000000000e+01 -5.183246073298429124e+00 2.286999999999999866e-01
-5.625000000000000000e+01 -4.240837696335078455e+00 3.894929999999999781e-01
-5.625000000000000000e+01 -3.298429319371727786e+00 3.903999999999999831e-02
-5.625000000000000000e+01 -2.356020942408377117e+00 3.527980000000000005e-01
-5.625000000000000000e+01 -1.413612565445026226e+00 3.008500000000000063e-02
-5.625000000000000000e+01 -4.712041884816753901e-01 8.000000000000000654e-05
-5.625000000000000000e+01 4.712041884816753901e-01 8.000000000000000654e-05
-5.625000000000000000e+01 1.413612565445026226e+00 0.000000000000000000e+00
-5.500000000000000000e+01 -1.460732984293194114e+01 1.810150000000000092e-01
-5.500000000000000000e+01 -1.366492146596859136e+01 4.503100000000000158e-02
-5.500000000000000000e+01 -1.272251308900523981e+01 4.469500000000000139e-01
-5.500000000000000000e+01 -1.178010471204188825e+01 6.898119999999999807e-01
-5.500000000000000000e+01 -1.083769633507853669e+01 8.034369999999999568e-01
-5.500000000000000000e+01 -9.895287958115185134e+00 8.067659999999999831e-01
-5.500000000000000000e+01 -8.952879581151833577e+00 1.278469999999999884e-01
-5.500000000000000000e+01 -8.010471204188482020e+00 2.192429999999999934e-01
-5.500000000000000000e+01 -7.068062827225130462e+00 1.814850000000000074e-01
-5.500000000000000000e+01 -6.125654450261779793e+00 1.282800000000000086e-02
-5.500000000000000000e+01 -5.183246073298429124e+00 7.209999999999999612e-04
-5.500000000000000000e+01 -4.240837696335078455e+00 3.426679999999999726e-01
-5.500000000000000000e+01 -3.298429319371727786e+00 5.112269999999999870e-01
-5.500000000000000000e+01 -2.356020942408377117e+00 5.771680000000000144e-01
-5.500000000000000000e+01 -1.413612565445026226e+00 1.637100000000000014e-02
-5.500000000000000000e+01 -4.712041884816753901e-01 2.420000000000000005e-04
-5.500000000000000000e+01 4.712041884816753901e-01 2.420000000000000005e-04
-5.500000000000000000e+01 1.413612565445026226e+00 2.420000000000000005e-04
-5.500000000000000000e+01 2.356020942408377117e+00 5.760000000000000146e-04
-5.375000000000000000e+01 -1.460732984293194114e+01 4.079999999999999968e-04
-5.375000000000000000e+01 -1.366492146596859136e+01 4.385100000000000109e-02
-5.375000000000000000e+01 -1.272251308900523981e+01 2.821460000000000079e-01
-5.375000000000000000e+01 -1.178010471204188825e+01 1.894859999999999878e-01
-5.375000000000000000e+01 -1.083769633507853669e+01 3.577009999999999912e-01
-5.375000000000000000e+01 -9.895287958115185134e+00 3.727599999999999802e-01
-5.375000000000000000e+01 -8.952879581151833577e+00 9.828999999999999196e-03
-5.375000000000000000e+01 -8.010471204188482020e+00 8.000000000000000654e-05
-5.375000000000000000e+01 -7.068062827225130462e+00 2.665999999999999967e-03
-5.375000000000000000e+01 -6.125654450261779793e+00 1.977399999999999991e-02
-5.375000000000000000e+01 -5.183246073298429124e+00 5.519999999999999733e-03
-5.375000000000000000e+01 -4.240837696335078455e+00 3.426109999999999989e-01
-5.375000000000000000e+01 -3.298429319371727786e+00 3.379460000000000242e-01
-5.375000000000000000e+01 -2.356020942408377117e+00 4.764950000000000019e-01
-5.375000000000000000e+01 -1.413612565445026226e+00 7.903300000000000602e-02
-5.375000000000000000e+01 -4.712041884816753901e-01 9.719999999999999907e-04
-5.375000000000000000e+01 4.712041884816753901e-01 9.719999999999999907e-04
-5.375000000000000000e+01 1.413612565445026226e+00 2.378600000000000159e-02
-5.375000000000000000e+01 2.356020942408377117e+00 1.054000000000000032e-03
-5.250000000000000000e+01 -1.366492146596859136e+01 1.264599999999999926e-02
-5.250000000000000000e+01 -1.272251308900523981e+01 2.615210000000000035e-01
-5.250000000000000000e+01 -1.178010471204188825e+01 1.194810000000000039e-01
-5.250000000000000000e+01 -1.083769633507853669e+01 2.932270000000000154e-01
-5.250000000000000000e+01 -9.895287958115185134e+00 1.099470000000000031e-01
-5.250000000000000000e+01 -8.952879581151833577e+00 5.699999999999999772e-04
-5.250000000000000000e+01 -8.010471204188482020e+00 3.069000000000000113e-03
-5.250000000000000000e+01 -7.068062827225130462e+00 1.485569999999999946e-01
-5.250000000000000000e+01 -6.125654450261779793e+00 2.256849999999999967e-01
-5.250000000000000000e+01 -5.183246073298429124e+00 2.674000000000000161e-03
-5.250000000000000000e+01 -4.240837696335078455e+00 1.118169999999999997e-01
-5.250000000000000000e+01 -3.298429319371727786e+00 2.763070000000000248e-01
-5.250000000000000000e+01 -2.356020942408377117e+00 4.551800000000000290e-02
-5.250000000000000000e+01 -1.413612565445026226e+00 3.721499999999999808e-01
-5.250000000000000000e+01 -4.712041884816753901e-01 1.949400000000000091e-02
-5.250000000000000000e+01 4.712041884816753901e-01 1.949400000000000091e-02
-5.125000000000000000e+01 -8.952879581151833577e+00 6.355359999999999898e-01
-5.125000000000000000e+01 -8.010471204188482020e+00 4.440939999999999888e-01
-5.125000000000000000e+01 -7.068062827225130462e+00 5.684449999999999781e-01
-5.125000000000000000e+01 -5.183246073298429124e+00 2.718430000000000013e-01
-5.125000000000000000e+01 -4.240837696335078455e+00 4.341169999999999751e-01
-5.125000000000000000e+01 -3.298429319371727786e+00 4.218189999999999995e-01
-5.125000000000000000e+01 -2.356020942408377117e+00 1.998570000000000069e-01
-5.000000000000000000e+01 -3.298429319371727786e+00 5.630640000000000089e-01
