-7.875000000000000000e+01 -6.125654450261779793e+00 5.227429999999999577e-01
-7.875000000000000000e+01 -5.183246073298429124e+00 2.784159999999999968e-01
-7.875000000000000000e+01 -4.240837696335078455e+00 4.366430000000000033e-01
-7.875000000000000000e+01 -3.298429319371727786e+00 5.326670000000000016e-01
-7.875000000000000000e+01 -2.356020942408377117e+00 0.000000000000000000e+00
-7.875000000000000000e+01 -1.413612565445026226e+00 0.000000000000000000e+00
-7.750000000000000000e+01 -8.952879581151833577e+00 1.897490000000000010e-01
-7.750000000000000000e+01 -8.010471204188482020e+00 1.435049999999999937e-01
-7.750000000000000000e+01 -7.068062827225130462e+00 3.020129999999999759e-01
-7.750000000000000000e+01 -6.125654450261779793e+00 6.077259999999999884e-01
-7.750000000000000000e+01 -5.183246073298429124e+00 2.207669999999999910e-01
-7.750000000000000000e+01 -4.240837696335078455e+00 7.296300000000000008e-02
-7.750000000000000000e+01 -3.298429319371727786e+00 4.478119999999999878e-01
-7.750000000000000000e+01 -2.356020942408377117e+00 3.290640000000000231e-01
-7.750000000000000000e+01 -1.413612565445026226e+00 4.112370000000000192e-01
-7.750000000000000000e+01 -4.712041884816753901e-01 2.301870000000000027e-01
-7.750000000000000000e+01 4.712041884816753901e-01 2.301870000000000027e-01
-7.625000000000000000e+01 -1.083769633507853669e+01 7.158399999999999486e-02
-7.625000000000000000e+01 -9.895287958115185134e+00 1.400609999999999911e-01
-7.625000000000000000e+01 -8.952879581151833577e+00 5.089890000000000247e-01
-7.625000000000000000e+01 -8.010471204188482020e+00 2.253900000000000070e-01
-7.625000000000000000e+01 -7.068062827225130462e+00 3.542989999999999751e-01
-7.625000000000000000e+01 -6.125654450261779793e+00 5.186140000000000194e-01
-7.625000000000000000e+01 -5.183246073298429124e+00 8.115200000000000191e-02
-7.625000000000000000e+01 -4.240837696335078455e+00 1.472000000000000001e-03
-7.625000000000000000e+01 -3.298429319371727786e+00 3.983000000000000429e-03
-7.625000000000000000e+01 -2.356020942408377117e+00 2.553000000000000148e-03
-7.625000000000000000e+01 -1.413612565445026226e+00 2.611000000000000040e-03
-7.625000000000000000e+01 -4.712041884816753901e-01 1.379539999999999933e-01
-7.625000000000000000e+01 4.712041884816753901e-01 1.379539999999999933e-01
-7.625000000000000000e+01 1.413612565445026226e+00 9.207410000000000316e-01
-7.500000000000000000e+01 -1.366492146596859136e+01 7.814200000000000312e-02
-7.500000000000000000e+01 -1.272251308900523981e+01 1.417779999999999874e-01
-7.500000000000000000e+01 -1.178010471204188825e+01 1.246529999999999999e-01
-7.500000000000000000e+01 -1.083769633507853669e+01 4.121259999999999923e-01
-7.500000000000000000e+01 -9.895287958115185134e+00 2.279779999999999862e-01
-7.500000000000000000e+01 -8.952879581151833577e+00 5.480559999999999876e-01
-7.500000000000000000e+01 -8.010471204188482020e+00 2.926610000000000045e-01
-7.500000000000000000e+01 -7.068062827225130462e+00 3.560399999999999676e-02
-7.500000000000000000e+01 -6.125654450261779793e+00 6.070300000000000001e-02
-7.500000000000000000e+01 -5.183246073298429124e+00 4.566900000000000126e-02
-7.500000000000000000e+01 -4.240837696335078455e+00 2.003299999999999872e-02
-7.500000000000000000e+01 -3.298429319371727786e+00 2.305999999999999890e-03
-7.500000000000000000e+01 -2.356020942408377117e+00 6.376999999999999856e-03
-7.500000000000000000e+01 -1.413612565445026226e+00 5.597000000000000412e-03
-7.500000000000000000e+01 -4.712041884816753901e-01 3.732300000000000201e-02
-7.500000000000000000e+01 4.712041884816753901e-01 3.732300000000000201e-02
-7.500000000000000000e+01 1.413612565445026226e+00 7.234230000000000382e-01
-7.500000000000000000e+01 2.356020942408377117e+00 9.419920000000000515e-01
-7.375000000000000000e+01 -1.460732984293194114e+01 0.000000000000000000e+00
-7.375000000000000000e+01 -1.366492146596859136e+01 1.302490000000000037e-01
-7.375000000000000000e+01 -1.272251308900523981e+01 9.433800000000000519e-02
-7.375000000000000000e+01 -1.178010471204188825e+01 9.939399999999999624e-02
-7.375000000000000000e+01 -1.083769633507853669e+01 1.200699999999999962e-01
-7.375000000000000000e+01 -9.895287958115185134e+00 5.654499999999999804e-02
-7.375000000000000000e+01 -8.952879581151833577e+00 1.023430000000000034e-01
-7.375000000000000000e+01 -8.010471204188482020e+00 1.955000000000000071e-01
-7.375000000000000000e+01 -7.068062827225130462e+00 1.198079999999999978e-01
-7.375000000000000000e+01 -6.125654450261779793e+00 2.464699999999999877e-02
-7.375000000000000000e+01 -5.183246073298429124e+00 7.177999999999999658e-02
-7.375000000000000000e+01 -4.240837696335078455e+00 2.272499999999999867e-02
-7.375000000000000000e+01 -3.298429319371727786e+00 7.262000000000000226e-03
-7.375000000000000000e+01 -2.356020942408377117e+00 5.409999999999999878e-03
-7.375000000000000000e+01 -1.413612565445026226e+00 1.692970000000000030e-01
-7.375000000000000000e+01 -4.712041884816753901e-01 2.549000000000000050e-03
-7.375000000000000000e+01 4.712041884816753901e-01 2.549000000000000050e-03
-7.375000000000000000e+01 1.413612565445026226e+00 5.073099999999999832e-02
-7.250000000000000000e+01 -1.460732984293194114e+01 5.432000000000000196e-03
-7.250000000000000000e+01 -1.366492146596859136e+01 1.374849999999999961e-01
-7.250000000000000000e+01 -1.272251308900523981e+01 1.849399999999999933e-01
-7.250000000000000000e+01 -1.178010471204188825e+01 4.456399999999999945e-02
-7.250000000000000000e+01 -1.083769633507853669e+01 6.879999999999999831e-03
-7.250000000000000000e+01 -9.895287958115185134e+00 0.000000000000000000e+00
-7.250000000000000000e+01 -8.952879581151833577e+00 1.142999999999999919e-02
-7.250000000000000000e+01 -8.010471204188482020e+00 4.875240000000000129e-01
-7.250000000000000000e+01 -7.068062827225130462e+00 1.856619999999999937e-01
-7.250000000000000000e+01 -6.125654450261779793e+00 9.730000000000000151e-04
-7.250000000000000000e+01 -5.183246073298429124e+00 9.737000000000000863e-03
-7.250000000000000000e+01 -4.240837696335078455e+00 1.123389999999999944e-01
-7.250000000000000000e+01 -3.298429319371727786e+00 2.123999999999999846e-02
-7.250000000000000000e+01 -2.356020942408377117e+00 9.353300000000000503e-02
-7.250000000000000000e+01 -1.413612565445026226e+00 2.993200000000000027e-02
-7.250000000000000000e+01 -4.712041884816753901e-01 6.908000000000000078e-03
-7.250000000000000000e+01 4.712041884816753901e-01 6.908000000000000078e-03
-7.250000000000000000e+01 1.413612565445026226e+00 1.020399999999999953e-02
-7.125000000000000000e+01 -1.460732984293194114e+01 9.079900000000000471e-02
-7.125000000000000000e+01 -1.366492146596859136e+01 2.448799999999999935e-02
-7.125000000000000000e+01 -1.272251308900523981e+01 2.635719999999999730e-01
-7.125000000000000000e+01 -1.178010471204188825e+01 2.460000000000000164e-04
-7.125000000000000000e+01 -1.083769633507853669e+01 0.000000000000000000e+00
-7.125000000000000000e+01 -9.895287958115185134e+00 6.791000000000000161e-03
-7.125000000000000000e+01 -8.952879581151833577e+00 1.240880000000000039e-01
-7.125000000000000000e+01 -8.010471204188482020e+00 6.446110000000000451e-01
-7.125000000000000000e+01 -7.068062827225130462e+00 7.828699999999999548e-02
-7.125000000000000000e+01 -6.125654450261779793e+00 4.655000000000000283e-03
-7.125000000000000000e+01 -5.183246073298429124e+00 2.429999999999999977e-04
-7.125000000000000000e+01 -4.240837696335078455e+00 4.340100000000000208e-02
-7.125000000000000000e+01 -3.298429319371727786e+00 3.190000000000000019e-04
-7.125000000000000000e+01 -2.356020942408377117e+00 5.946300000000000197e-02
-7.125000000000000000e+01 -1.413612565445026226e+00 3.592000000000000141e-03
-7.125000000000000000e+01 -4.712041884816753901e-01 0.000000000000000000e+00
-7.125000000000000000e+01 4.712041884816753901e-01 0.000000000000000000e+00
-7.125000000000000000e+01 1.413612565445026226e+00 1.314670000000000005e-01
-7.000000000000000000e+01 -1.366492146596859136e+01 1.016500000000000042e-02
-7.000000000000000000e+01 -1.272251308900523981e+01 4.451609999999999734e-01
-7.000000000000000000e+01 -1.178010471204188825e+01 1.095190000000000052e-01
-7.000000000000000000e+01 -1.083769633507853669e+01 3.895190000000000041e-01
-7.000000000000000000e+01 -9.895287958115185134e+00 4.019899999999999862e-02
-7.000000000000000000e+01 -8.952879581151833577e+00 3.354739999999999944e-01
-7.000000000000000000e+01 -8.010471204188482020e+00 4.676290000000000169e-01
-7.000000000000000000e+01 -7.068062827225130462e+00 6.445199999999999541e-02
-7.000000000000000000e+01 -6.125654450261779793e+00 1.861000000000000024e-03
-7.000000000000000000e+01 -5.183246073298429124e+00 9.650000000000000374e-04
-7.000000000000000000e+01 -4.240837696335078455e+00 1.571299999999999919e-01
-7.000000000000000000e+01 -3.298429319371727786e+00 9.726200000000000123e-02
-7.000000000000000000e+01 -2.356020942408377117e+00 3.889200000000000296e-02
-7.000000000000000000e+01 -1.413612565445026226e+00 4.874200000000000060e-02
-7.000000000000000000e+01 -4.712041884816753901e-01 1.220300000000000031e-02
-7.000000000000000000e+01 4.712041884816753901e-01 1.220300000000000031e-02
-7.000000000000000000e+01 1.413612565445026226e+00 9.339000000000000079e-03
-6.875000000000000000e+01 -1.554973821989529448e+01 6.769999999999999759e-04
-6.875000000000000000e+01 -1.460732984293194114e+01 4.410499999999999837e-02
-6.875000000000000000e+01 -1.366492146596859136e+01 1.858500000000000082e-02
-6.875000000000000000e+01 -1.272251308900523981e+01 1.383159999999999945e-01
-6.875000000000000000e+01 -1.178010471204188825e+01 4.688860000000000250e-01
-6.875000000000000000e+01 -1.083769633507853669e+01 6.830629999999999757e-01
-6.875000000000000000e+01 -9.895287958115185134e+00 1.592689999999999939e-01
-6.875000000000000000e+01 -8.952879581151833577e+00 5.477750000000000119e-01
-6.875000000000000000e+01 -8.010471204188482020e+00 2.538599999999999884e-02
-6.875000000000000000e+01 -7.068062827225130462e+00 2.047999999999999907e-03
-6.875000000000000000e+01 -6.125654450261779793e+00 1.129999999999999928e-03
-6.875000000000000000e+01 -5.183246073298429124e+00 4.840000000000000010e-04
-6.875000000000000000e+01 -4.240837696335078455e+00 4.423999999999999981e-03
-6.875000000000000000e+01 -3.298429319371727786e+00 7.289000000000000340e-03
-6.875000000000000000e+01 -2.356020942408377117e+00 6.799999999999999621e-03
-6.875000000000000000e+01 -1.413612565445026226e+00 1.370299999999999990e-02
-6.875000000000000000e+01 -4.712041884816753901e-01 1.129100000000000069e-02
-6.875000000000000000e+01 4.712041884816753901e-01 1.129100000000000069e-02
-6.875000000000000000e+01 1.413612565445026226e+00 1.746500000000000136e-02
-6.875000000000000000e+01 2.356020942408377117e+00 6.131000000000000165e-03
-6.750000000000000000e+01 -1.649214659685864603e+01 3.506949999999999790e-01
-6.750000000000000000e+01 -1.554973821989529448e+01 3.506949999999999790e-01
-6.750000000000000000e+01 -1.460732984293194114e+01 1.811649999999999927e-01
-6.750000000000000000e+01 -1.366492146596859136e+01 1.342800000000000105e-01
-6.750000000000000000e+01 -1.272251308900523981e+01 2.796600000000000127e-02
-6.750000000000000000e+01 -1.178010471204188825e+01 2.176000000000000156e-02
-6.750000000000000000e+01 -1.083769633507853669e+01 4.966740000000000044e-01
-6.750000000000000000e+01 -9.895287958115185134e+00 8.422549999999999759e-01
-6.750000000000000000e+01 -8.952879581151833577e+00 2.989669999999999828e-01
-6.750000000000000000e+01 -8.010471204188482020e+00 3.595999999999999804e-03
-6.750000000000000000e+01 -7.068062827225130462e+00 8.919999999999999978e-04
-6.750000000000000000e+01 -6.125654450261779793e+00 8.314000000000000209e-03
-6.750000000000000000e+01 -5.183246073298429124e+00 1.128000000000000096e-03
-6.750000000000000000e+01 -4.240837696335078455e+00 8.059999999999999673e-04
-6.750000000000000000e+01 -3.298429319371727786e+00 2.083700000000000135e-02
-6.750000000000000000e+01 -2.356020942408377117e+00 3.310000000000000225e-04
-6.750000000000000000e+01 -1.413612565445026226e+00 8.000000000000000654e-05
-6.750000000000000000e+01 -4.712041884816753901e-01 8.989999999999999511e-04
-6.750000000000000000e+01 4.712041884816753901e-01 8.989999999999999511e-04
-6.750000000000000000e+01 1.413612565445026226e+00 6.081999999999999733e-03
-6.750000000000000000e+01 2.356020942408377117e+00 7.939999999999999142e-03
-6.625000000000000000e+01 -1.837696335078534560e+01 8.382100000000000661e-02
-6.625000000000000000e+01 -1.743455497382199582e+01 3.074810000000000043e-01
-6.625000000000000000e+01 -1.649214659685864603e+01 9.261999999999999400e-03
-6.625000000000000000e+01 -1.554973821989529448e+01 9.261999999999999400e-03
-6.625000000000000000e+01 -1.460732984293194114e+01 2.725699999999999998e-02
-6.625000000000000000e+01 -1.366492146596859136e+01 1.134000000000000025e-03
-6.625000000000000000e+01 -1.272251308900523981e+01 0.000000000000000000e+00
-6.625000000000000000e+01 -1.178010471204188825e+01 1.551800000000000054e-02
-6.625000000000000000e+01 -1.083769633507853669e+01 2.386590000000000100e-01
-6.625000000000000000e+01 -9.895287958115185134e+00 2.731399999999999939e-01
-6.625000000000000000e+01 -8.952879581151833577e+00 2.156089999999999951e-01
-6.625000000000000000e+01 -8.010471204188482020e+00 2.295000000000000165e-03
-6.625000000000000000e+01 -7.068062827225130462e+00 8.109999999999999805e-04
-6.625000000000000000e+01 -6.125654450261779793e+00 1.610000000000000103e-04
-6.625000000000000000e+01 -5.183246073298429124e+00 3.260000000000000094e-04
-6.625000000000000000e+01 -4.240837696335078455e+00 4.098000000000000080e-03
-6.625000000000000000e+01 -3.298429319371727786e+00 2.026299999999999976e-02
-6.625000000000000000e+01 -2.356020942408377117e+00 7.059000000000000170e-03
-6.625000000000000000e+01 -1.413612565445026226e+00 0.000000000000000000e+00
-6.625000000000000000e+01 -4.712041884816753901e-01 2.425000000000000072e-03
-6.625000000000000000e+01 4.712041884816753901e-01 2.425000000000000072e-03
-6.625000000000000000e+01 1.413612565445026226e+00 9.824499999999999900e-02
-6.625000000000000000e+01 2.356020942408377117e+00 1.631519999999999915e-01
-6.500000000000000000e+01 -1.837696335078534560e+01 2.526099999999999873e-02
-6.500000000000000000e+01 -1.743455497382199582e+01 5.434579999999999966e-01
-6.500000000000000000e+01 -1.649214659685864603e+01 8.146699999999999775e-02
-6.500000000000000000e+01 -1.554973821989529448e+01 8.146699999999999775e-02
-6.500000000000000000e+01 -1.460732984293194114e+01 1.648900000000000018e-02
-6.500000000000000000e+01 -1.366492146596859136e+01 1.120299999999999942e-02
-6.500000000000000000e+01 -1.272251308900523981e+01 2.990000000000000036e-03
-6.500000000000000000e+01 -1.178010471204188825e+01 1.313100000000000031e-02
-6.500000000000000000e+01 -1.083769633507853669e+01 2.203829999999999956e-01
-6.500000000000000000e+01 -9.895287958115185134e+00 7.087369999999999504e-01
-6.500000000000000000e+01 -8.952879581151833577e+00 1.941670000000000063e-01
-6.500000000000000000e+01 -8.010471204188482020e+00 8.838999999999999635e-03
-6.500000000000000000e+01 -7.068062827225130462e+00 6.713500000000000023e-02
-6.500000000000000000e+01 -6.125654450261779793e+00 1.147999999999999932e-03
-6.500000000000000000e+01 -5.183246073298429124e+00 2.232210000000000027e-01
-6.500000000000000000e+01 -4.240837696335078455e+00 4.240800000000000125e-02
-6.500000000000000000e+01 -3.298429319371727786e+00 1.177610000000000046e-01
-6.500000000000000000e+01 -2.356020942408377117e+00 4.329999999999999648e-03
-6.500000000000000000e+01 -1.413612565445026226e+00 1.791999999999999973e-03
-6.500000000000000000e+01 -4.712041884816753901e-01 7.742999999999999883e-03
-6.500000000000000000e+01 4.712041884816753901e-01 7.742999999999999883e-03
-6.500000000000000000e+01 1.413612565445026226e+00 2.658999999999999905e-03
-6.375000000000000000e+01 -2.026178010471204516e+01 1.000000000000000000e+00
-6.375000000000000000e+01 -1.931937172774869538e+01 3.765080000000000093e-01
-6.375000000000000000e+01 -1.837696335078534560e+01 1.623179999999999901e-01
-6.375000000000000000e+01 -1.743455497382199582e+01 6.516929999999999668e-01
-6.375000000000000000e+01 -1.649214659685864603e+01 7.796200000000000352e-02
-6.375000000000000000e+01 -1.554973821989529448e+01 7.796200000000000352e-02
-6.375000000000000000e+01 -1.460732984293194114e+01 5.881399999999999822e-02
-6.375000000000000000e+01 -1.366492146596859136e+01 4.956000000000000336e-03
-6.375000000000000000e+01 -1.272251308900523981e+01 4.765000000000000138e-03
-6.375000000000000000e+01 -1.178010471204188825e+01 2.313179999999999958e-01
-6.375000000000000000e+01 -1.083769633507853669e+01 6.446399999999999353e-02
-6.375000000000000000e+01 -9.895287958115185134e+00 5.576670000000000238e-01
-6.375000000000000000e+01 -8.952879581151833577e+00 8.422359999999999847e-01
-6.375000000000000000e+01 -8.010471204188482020e+00 5.259300000000000086e-01
-6.375000000000000000e+01 -7.068062827225130462e+00 2.435529999999999917e-01
-6.375000000000000000e+01 -6.125654450261779793e+00 1.532599999999999935e-02
-6.375000000000000000e+01 -5.183246073298429124e+00 8.162800000000000611e-02
-6.375000000000000000e+01 -4.240837696335078455e+00 2.555549999999999766e-01
-6.375000000000000000e+01 -3.298429319371727786e+00 8.507099999999999385e-02
-6.375000000000000000e+01 -2.356020942408377117e+00 3.249999999999999851e-04
-6.375000000000000000e+01 -1.413612565445026226e+00 2.946400000000000061e-02
-6.375000000000000000e+01 -4.712041884816753901e-01 6.601100000000000023e-02
-6.375000000000000000e+01 4.712041884816753901e-01 6.601100000000000023e-02
-6.375000000000000000e+01 1.413612565445026226e+00 1.933529999999999971e-01
-6.375000000000000000e+01 3.298429319371727786e+00 2.931900000000000131e-02
-6.250000000000000000e+01 -1.931937172774869538e+01 4.094280000000000141e-01
-6.250000000000000000e+01 -1.837696335078534560e+01 7.301090000000000080e-01
-6.250000000000000000e+01 -1.743455497382199582e+01 8.469090000000000229e-01
-6.250000000000000000e+01 -1.649214659685864603e+01 1.627470000000000028e-01
-6.250000000000000000e+01 -1.554973821989529448e+01 1.627470000000000028e-01
-6.250000000000000000e+01 -1.460732984293194114e+01 7.910999999999999630e-03
-6.250000000000000000e+01 -1.366492146596859136e+01 2.263999999999999953e-03
-6.250000000000000000e+01 -1.272251308900523981e+01 2.978999999999999877e-03
-6.250000000000000000e+01 -1.178010471204188825e+01 3.397209999999999952e-01
-6.250000000000000000e+01 -1.083769633507853669e+01 3.390340000000000020e-01
-6.250000000000000000e+01 -9.895287958115185134e+00 9.794910000000000005e-01
-6.250000000000000000e+01 -8.952879581151833577e+00 4.468329999999999802e-01
-6.250000000000000000e+01 -8.010471204188482020e+00 3.049850000000000061e-01
-6.250000000000000000e+01 -7.068062827225130462e+00 5.735080000000000178e-01
-6.250000000000000000e+01 -6.125654450261779793e+00 2.881480000000000152e-01
-6.250000000000000000e+01 -5.183246073298429124e+00 2.974000000000000081e-03
-6.250000000000000000e+01 -4.240837696335078455e+00 2.622249999999999859e-01
-6.250000000000000000e+01 -3.298429319371727786e+00 3.110100000000000017e-02
-6.250000000000000000e+01 -2.356020942408377117e+00 2.999800000000000036e-02
-6.250000000000000000e+01 -1.413612565445026226e+00 2.465960000000000096e-01
-6.250000000000000000e+01 -4.712041884816753901e-01 8.140000000000000534e-04
-6.250000000000000000e+01 4.712041884816753901e-01 8.140000000000000534e-04
-6.250000000000000000e+01 1.413612565445026226e+00 5.781000000000000028e-02
-6.250000000000000000e+01 2.356020942408377117e+00 1.488300000000000040e-02
-6.250000000000000000e+01 3.298429319371727786e+00 0.000000000000000000e+00
-6.125000000000000000e+01 -1.837696335078534560e+01 2.247490000000000043e-01
-6.125000000000000000e+01 -1.743455497382199582e+01 4.885289999999999910e-01
-6.125000000000000000e+01 -1.649214659685864603e+01 4.274930000000000119e-01
-6.125000000000000000e+01 -1.554973821989529448e+01 4.274930000000000119e-01
-6.125000000000000000e+01 -1.460732984293194114e+01 1.173659999999999981e-01
-6.125000000000000000e+01 -1.366492146596859136e+01 3.903500000000000025e-02
-6.125000000000000000e+01 -1.272251308900523981e+01 6.153220000000000356e-01
-6.125000000000000000e+01 -1.178010471204188825e+01 7.726499999999999480e-01
-6.125000000000000000e+01 -1.083769633507853669e+01 4.174889999999999990e-01
-6.125000000000000000e+01 -9.895287958115185134e+00 2.392479999999999885e-01
-6.125000000000000000e+01 -8.952879581151833577e+00 1.565940000000000110e-01
-6.125000000000000000e+01 -8.010471204188482020e+00 3.141860000000000208e-01
-6.125000000000000000e+01 -7.068062827225130462e+00 1.253420000000000090e-01
-6.125000000000000000e+01 -6.125654450261779793e+00 1.253350000000000020e-01
-6.125000000000000000e+01 -5.183246073298429124e+00 2.946799999999999975e-01
-6.125000000000000000e+01 -4.240837696335078455e+00 6.943510000000000515e-01
-6.125000000000000000e+01 -3.298429319371727786e+00 5.514520000000000532e-01
-6.125000000000000000e+01 -2.356020942408377117e+00 1.754400000000000057e-02
-6.125000000000000000e+01 -1.413612565445026226e+00 4.447899999999999771e-02
-6.125000000000000000e+01 -4.712041884816753901e-01 2.956960000000000144e-01
-6.125000000000000000e+01 4.712041884816753901e-01 2.956960000000000144e-01
-6.125000000000000000e+01 1.413612565445026226e+00 2.698860000000000148e-01
-6.125000000000000000e+01 2.356020942408377117e+00 6.201980000000000270e-01
-6.125000000000000000e+01 3.298429319371727786e+00 2.595910000000000162e-01
-6.125000000000000000e+01 4.240837696335078455e+00 3.649999999999999772e-02
-6.000000000000000000e+01 -1.554973821989529448e+01 9.881700000000000206e-02
-6.000000000000000000e+01 -1.460732984293194114e+01 4.012410000000000143e-01
-6.000000000000000000e+01 -1.366492146596859136e+01 4.291630000000000167e-01
-6.000000000000000000e+01 -1.272251308900523981e+01 3.625220000000000109e-01
-6.000000000000000000e+01 -1.178010471204188825e+01 1.192899999999999933e-01
-6.000000000000000000e+01 -1.083769633507853669e+01 1.132999999999999893e-03
-6.000000000000000000e+01 -9.895287958115185134e+00 5.444700000000000234e-02
-6.000000000000000000e+01 -8.952879581151833577e+00 5.904000000000000394e-03
-6.000000000000000000e+01 -8.010471204188482020e+00 1.162939999999999946e-01
-6.000000000000000000e+01 -7.068062827225130462e+00 7.876499999999999613e-01
-6.000000000000000000e+01 -6.125654450261779793e+00 2.017589999999999939e-01
-6.000000000000000000e+01 -5.183246073298429124e+00 1.568740000000000134e-01
-6.000000000000000000e+01 -4.240837696335078455e+00 7.520959999999999868e-01
-6.000000000000000000e+01 -3.298429319371727786e+00 8.336710000000000509e-01
-6.000000000000000000e+01 -2.356020942408377117e+00 8.342410000000000103e-01
-6.000000000000000000e+01 -1.413612565445026226e+00 4.719030000000000169e-01
-6.000000000000000000e+01 -4.712041884816753901e-01 1.438800000000000079e-01
-6.000000000000000000e+01 4.712041884816753901e-01 1.438800000000000079e-01
-6.000000000000000000e+01 1.413612565445026226e+00 7.556880000000000264e-01
-6.000000000000000000e+01 2.356020942408377117e+00 1.713169999999999971e-01
-6.000000000000000000e+01 3.298429319371727786e+00 1.488730000000000053e-01
-6.000000000000000000e+01 4.240837696335078455e+00 2.464399999999999924e-02
-6.000000000000000000e+01 5.183246073298429124e+00 1.579300000000000148e-02
-5.875000000000000000e+01 -1.366492146596859136e+01 5.121300000000000158e-02
-5.875000000000000000e+01 -1.272251308900523981e+01 4.676999999999999734e-03
-5.875000000000000000e+01 -1.178010471204188825e+01 2.015119999999999967e-01
-5.875000000000000000e+01 -1.083769633507853669e+01 4.085500000000000242e-01
-5.875000000000000000e+01 -9.895287958115185134e+00 3.738270000000000204e-01
-5.875000000000000000e+01 -8.952879581151833577e+00 9.130499999999999727e-02
-5.875000000000000000e+01 -8.010471204188482020e+00 2.826599999999999946e-02
-5.875000000000000000e+01 -7.068062827225130462e+00 6.864139999999999686e-01
-5.875000000000000000e+01 -6.125654450261779793e+00 1.305999999999999939e-01
-5.875000000000000000e+01 -5.183246073298429124e+00 4.590000000000000330e-03
-5.875000000000000000e+01 -4.240837696335078455e+00 4.646190000000000042e-01
-5.875000000000000000e+01 -3.298429319371727786e+00 8.782320000000000126e-01
-5.875000000000000000e+01 -2.356020942408377117e+00 4.860479999999999801e-01
-5.875000000000000000e+01 -1.413612565445026226e+00 4.443500000000000227e-02
-5.875000000000000000e+01 -4.712041884816753901e-01 5.564000000000000369e-03
-5.875000000000000000e+01 4.712041884816753901e-01 5.564000000000000369e-03
-5.750000000000000000e+01 -1.366492146596859136e+01 5.460899999999999782e-02
-5.750000000000000000e+01 -1.272251308900523981e+01 6.478299999999999337e-02
-5.750000000000000000e+01 -1.178010471204188825e+01 5.140409999999999702e-01
-5.750000000000000000e+01 -1.083769633507853669e+01 3.873429999999999929e-01
-5.750000000000000000e+01 -9.895287958115185134e+00 7.038579999999999837e-01
-5.750000000000000000e+01 -8.952879581151833577e+00 4.257799999999999779e-02
-5.750000000000000000e+01 -8.010471204188482020e+00 9.322999999999999690e-03
-5.750000000000000000e+01 -7.068062827225130462e+00 4.098000000000000254e-02
-5.750000000000000000e+01 -6.125654450261779793e+00 5.679340000000000499e-01
-5.750000000000000000e+01 -5.183246073298429124e+00 7.638300000000000645e-02
-5.750000000000000000e+01 -4.240837696335078455e+00 3.668529999999999847e-01
-5.750000000000000000e+01 -3.298429319371727786e+00 5.410509999999999486e-01
-5.750000000000000000e+01 -2.356020942408377117e+00 1.913590000000000013e-01
-5.750000000000000000e+01 -1.413612565445026226e+00 2.360399999999999998e-02
-5.750000000000000000e+01 -4.712041884816753901e-01 9.916600000000000414e-02
-5.750000000000000000e+01 4.712041884816753901e-01 9.916600000000000414e-02
-5.750000000000000000e+01 1.413612565445026226e+00 3.507819999999999827e-01
-5.625000000000000000e+01 -1.366492146596859136e+01 3.760100000000000109e-01
-5.625000000000000000e+01 -1.272251308900523981e+01 3.484260000000000135e-01
-5.625000000000000000e+01 -1.178010471204188825e+01 7.564629999999999965e-01
-5.625000000000000000e+01 -1.083769633507853669e+01 5.188300000000000134e-01
-5.625000000000000000e+01 -9.895287958115185134e+00 8.102270000000000305e-01
-5.625000000000000000e+01 -8.952879581151833577e+00 5.098699999999999760e-02
-5.625000000000000000e+01 -8.010471204188482020e+00 1.410999999999999928e-02
-5.625000000000000000e+01 -7.068062827225130462e+00 1.943979999999999875e-01
-5.625000000000000000e+01 -6.125654450261779793e+00 4.338589999999999947e-01
-5.625000000000000000e+01 -5.183246073298429124e+00 5.325950000000000406e-01
-5.625000000000000000e+01 -4.240837696335078455e+00 5.028439999999999577e-01
-5.625000000000000000e+01 -3.298429319371727786e+00 1.948709999999999887e-01
-5.625000000000000000e+01 -2.356020942408377117e+00 5.003900000000000015e-01
-5.625000000000000000e+01 -1.413612565445026226e+00 1.175599999999999978e-01
-5.625000000000000000e+01 -4.712041884816753901e-01 4.844899999999999901e-02
-5.625000000000000000e+01 4.712041884816753901e-01 4.844899999999999901e-02
-5.625000000000000000e+01 1.413612565445026226e+00 1.116000000000000021e-03
-5.500000000000000000e+01 -1.460732984293194114e+01 1.837709999999999899e-01
-5.500000000000000000e+01 -1.366492146596859136e+01 4.329899999999999721e-02
-5.500000000000000000e+01 -1.272251308900523981e+01 4.614770000000000261e-01
-5.500000000000000000e+01 -1.178010471204188825e+01 7.733579999999999899e-01
-5.500000000000000000e+01 -1.083769633507853669e+01 8.433439999999999825e-01
-5.500000000000000000e+01 -9.895287958115185134e+00 7.666349999999999554e-01
-5.500000000000000000e+01 -8.952879581151833577e+00 9.626899999999999347e-02
-5.500000000000000000e+01 -8.010471204188482020e+00 3.413720000000000088e-01
-5.500000000000000000e+01 -7.068062827225130462e+00 3.377069999999999794e-01
-5.500000000000000000e+01 -6.125654450261779793e+00 1.005370000000000014e-01
-5.500000000000000000e+01 -5.183246073298429124e+00 5.277899999999999953e-02
-5.500000000000000000e+01 -4.240837696335078455e+00 6.136509999999999465e-01
-5.500000000000000000e+01 -3.298429319371727786e+00 5.909809999999999786e-01
-5.500000000000000000e+01 -2.356020942408377117e+00 6.521740000000000315e-01
-5.500000000000000000e+01 -1.413612565445026226e+00 7.655900000000000205e-02
-5.500000000000000000e+01 -4.712041884816753901e-01 2.420000000000000005e-04
-5.500000000000000000e+01 4.712041884816753901e-01 2.420000000000000005e-04
-5.500000000000000000e+01 1.413612565445026226e+00 2.420000000000000005e-04
-5.500000000000000000e+01 2.356020942408377117e+00 5.760000000000000146e-04
-5.375000000000000000e+01 -1.460732984293194114e+01 4.079999999999999968e-04
-5.375000000000000000e+01 -1.366492146596859136e+01 4.145000000000000073e-02
-5.375000000000000000e+01 -1.272251308900523981e+01 2.146309999999999885e-01
-5.375000000000000000e+01 -1.178010471204188825e+01 2.076050000000000118e-01
-5.375000000000000000e+01 -1.083769633507853669e+01 2.839599999999999902e-01
-5.375000000000000000e+01 -9.895287958115185134e+00 3.524930000000000008e-01
-5.375000000000000000e+01 -8.952879581151833577e+00 1.337400000000000047e-02
-5.375000000000000000e+01 -8.010471204188482020e+00 8.000000000000000654e-05
-5.375000000000000000e+01 -7.068062827225130462e+00 2.101000000000000003e-03
-5.375000000000000000e+01 -6.125654450261779793e+00 6.347000000000000211e-03
-5.375000000000000000e+01 -5.183246073298429124e+00 3.327999999999999795e-03
-5.375000000000000000e+01 -4.240837696335078455e+00 5.722660000000000524e-01
-5.375000000000000000e+01 -3.298429319371727786e+00 6.644010000000000193e-01
-5.375000000000000000e+01 -2.356020942408377117e+00 5.001430000000000042e-01
-5.375000000000000000e+01 -1.413612565445026226e+00 1.126840000000000064e-01
-5.375000000000000000e+01 -4.712041884816753901e-01 9.719999999999999907e-04
-5.375000000000000000e+01 4.712041884816753901e-01 9.719999999999999907e-04
-5.375000000000000000e+01 1.413612565445026226e+00 1.217999999999999899e-03
-5.375000000000000000e+01 2.356020942408377117e+00 1.054000000000000032e-03
-5.250000000000000000e+01 -1.366492146596859136e+01 1.288800000000000015e-02
-5.250000000000000000e+01 -1.272251308900523981e+01 2.164899999999999880e-01
-5.250000000000000000e+01 -1.178010471204188825e+01 1.418830000000000091e-01
-5.250000000000000000e+01 -1.083769633507853669e+01 3.193590000000000040e-01
-5.250000000000000000e+01 -9.895287958115185134e+00 1.002870000000000011e-01
-5.250000000000000000e+01 -8.952879581151833577e+00 5.699999999999999772e-04
-5.250000000000000000e+01 -8.010471204188482020e+00 1.825000000000000016e-03
-5.250000000000000000e+01 -7.068062827225130462e+00 1.878099999999999908e-02
-5.250000000000000000e+01 -6.125654450261779793e+00 4.149599999999999816e-02
-5.250000000000000000e+01 -5.183246073298429124e+00 1.755000000000000050e-03
-5.250000000000000000e+01 -4.240837696335078455e+00 1.615419999999999912e-01
-5.250000000000000000e+01 -3.298429319371727786e+00 4.016259999999999830e-01
-5.250000000000000000e+01 -2.356020942408377117e+00 4.630399999999999794e-02
-5.250000000000000000e+01 -1.413612565445026226e+00 5.064149999999999485e-01
-5.250000000000000000e+01 -4.712041884816753901e-01 7.263600000000000612e-02
-5.250000000000000000e+01 4.712041884816753901e-01 7.263600000000000612e-02
-5.125000000000000000e+01 -8.952879581151833577e+00 5.963739999999999597e-01
-5.125000000000000000e+01 -8.010471204188482020e+00 4.196779999999999955e-01
-5.125000000000000000e+01 -7.068062827225130462e+00 4.634480000000000266e-01
-5.125000000000000000e+01 -5.183246073298429124e+00 1.905290000000000039e-01
-5.125000000000000000e+01 -4.240837696335078455e+00 3.560030000000000139e-01
-5.125000000000000000e+01 -3.298429319371727786e+00 5.440120000000000511e-01
-5.125000000000000000e+01 -2.356020942408377117e+00 1.453019999999999867e-01
-5.000000000000000000e+01 -3.298429319371727786e+00 6.835529999999999662e-01
