-7.875000000000000000e+01 -6.125654450261779793e+00 5.126150000000000428e-01
-7.875000000000000000e+01 -5.183246073298429124e+00 2.496329999999999938e-01
-7.875000000000000000e+01 -4.240837696335078455e+00 3.865120000000000222e-01
-7.875000000000000000e+01 -3.298429319371727786e+00 4.808999999999999941e-01
-7.875000000000000000e+01 -2.356020942408377117e+00 0.000000000000000000e+00
-7.875000000000000000e+01 -1.413612565445026226e+00 0.000000000000000000e+00
-7.750000000000000000e+01 -8.952879581151833577e+00 1.897490000000000010e-01
-7.750000000000000000e+01 -8.010471204188482020e+00 1.435049999999999937e-01
-7.750000000000000000e+01 -7.068062827225130462e+00 2.959080000000000044e-01
-7.750000000000000000e+01 -6.125654450261779793e+00 5.791410000000000169e-01
-7.750000000000000000e+01 -5.183246073298429124e+00 1.815710000000000102e-01
-7.750000000000000000e+01 -4.240837696335078455e+00 6.387400000000000022e-02
-7.750000000000000000e+01 -3.298429319371727786e+00 3.900299999999999878e-01
-7.750000000000000000e+01 -2.356020942408377117e+00 2.838330000000000020e-01
-7.750000000000000000e+01 -1.413612565445026226e+00 3.593350000000000155e-01
-7.750000000000000000e+01 -4.712041884816753901e-01 2.104570000000000052e-01
-7.750000000000000000e+01 4.712041884816753901e-01 2.104570000000000052e-01
-7.625000000000000000e+01 -1.083769633507853669e+01 6.801799999999999513e-02
-7.625000000000000000e+01 -9.895287958115185134e+00 1.376850000000000018e-01
-7.625000000000000000e+01 -8.952879581151833577e+00 4.505000000000000115e-01
-7.625000000000000000e+01 -8.010471204188482020e+00 1.689410000000000078e-01
-7.625000000000000000e+01 -7.068062827225130462e+00 3.136590000000000211e-01
-7.625000000000000000e+01 -6.125654450261779793e+00 4.478070000000000106e-01
-7.625000000000000000e+01 -5.183246073298429124e+00 4.517800000000000288e-02
-7.625000000000000000e+01 -4.240837696335078455e+00 1.472000000000000001e-03
-7.625000000000000000e+01 -3.298429319371727786e+00 3.983000000000000429e-03
-7.625000000000000000e+01 -2.356020942408377117e+00 2.553000000000000148e-03
-7.625000000000000000e+01 -1.413612565445026226e+00 2.611000000000000040e-03
-7.625000000000000000e+01 -4.712041884816753901e-01 7.640900000000000469e-02
-7.625000000000000000e+01 4.712041884816753901e-01 7.640900000000000469e-02
-7.625000000000000000e+01 1.413612565445026226e+00 8.653260000000000396e-01
-7.500000000000000000e+01 -1.366492146596859136e+01 7.814200000000000312e-02
-7.500000000000000000e+01 -1.272251308900523981e+01 1.417779999999999874e-01
-7.500000000000000000e+01 -1.178010471204188825e+01 1.241629999999999956e-01
-7.500000000000000000e+01 -1.083769633507853669e+01 3.875029999999999863e-01
-7.500000000000000000e+01 -9.895287958115185134e+00 1.892939999999999900e-01
-7.500000000000000000e+01 -8.952879581151833577e+00 5.016399999999999748e-01
-7.500000000000000000e+01 -8.010471204188482020e+00 2.568810000000000260e-01
-7.500000000000000000e+01 -7.068062827225130462e+00 3.560399999999999676e-02
-7.500000000000000000e+01 -6.125654450261779793e+00 6.070300000000000001e-02
-7.500000000000000000e+01 -5.183246073298429124e+00 4.566900000000000126e-02
-7.500000000000000000e+01 -4.240837696335078455e+00 2.003299999999999872e-02
-7.500000000000000000e+01 -3.298429319371727786e+00 2.305999999999999890e-03
-7.500000000000000000e+01 -2.356020942408377117e+00 6.376999999999999856e-03
-7.500000000000000000e+01 -1.413612565445026226e+00 5.597000000000000412e-03
-7.500000000000000000e+01 -4.712041884816753901e-01 2.969199999999999964e-02
-7.500000000000000000e+01 4.712041884816753901e-01 2.969199999999999964e-02
-7.500000000000000000e+01 1.413612565445026226e+00 5.993169999999999886e-01
-7.500000000000000000e+01 2.356020942408377117e+00 9.163440000000000474e-01
-7.375000000000000000e+01 -1.460732984293194114e+01 0.000000000000000000e+00
-7.375000000000000000e+01 -1.366492146596859136e+01 1.302490000000000037e-01
-7.375000000000000000e+01 -1.272251308900523981e+01 8.902000000000000191e-02
-7.375000000000000000e+01 -1.178010471204188825e+01 9.750899999999999845e-02
-7.375000000000000000e+01 -1.083769633507853669e+01 1.034280000000000060e-01
-7.375000000000000000e+01 -9.895287958115185134e+00 5.654499999999999804e-02
-7.375000000000000000e+01 -8.952879581151833577e+00 9.364000000000000101e-02
-7.375000000000000000e+01 -8.010471204188482020e+00 1.500199999999999867e-01
-7.375000000000000000e+01 -7.068062827225130462e+00 4.479600000000000248e-02
-7.375000000000000000e+01 -6.125654450261779793e+00 2.464699999999999877e-02
-7.375000000000000000e+01 -5.183246073298429124e+00 7.177999999999999658e-02
-7.375000000000000000e+01 -4.240837696335078455e+00 2.272499999999999867e-02
-7.375000000000000000e+01 -3.298429319371727786e+00 7.262000000000000226e-03
-7.375000000000000000e+01 -2.356020942408377117e+00 5.409999999999999878e-03
-7.375000000000000000e+01 -1.413612565445026226e+00 1.313489999999999935e-01
-7.375000000000000000e+01 -4.712041884816753901e-01 2.467000000000000009e-03
-7.375000000000000000e+01 4.712041884816753901e-01 2.467000000000000009e-03
-7.375000000000000000e+01 1.413612565445026226e+00 3.945800000000000002e-02
-7.250000000000000000e+01 -1.460732984293194114e+01 5.432000000000000196e-03
-7.250000000000000000e+01 -1.366492146596859136e+01 1.374849999999999961e-01
-7.250000000000000000e+01 -1.272251308900523981e+01 1.768309999999999882e-01
-7.250000000000000000e+01 -1.178010471204188825e+01 4.374800000000000216e-02
-7.250000000000000000e+01 -1.083769633507853669e+01 6.879999999999999831e-03
-7.250000000000000000e+01 -9.895287958115185134e+00 0.000000000000000000e+00
-7.250000000000000000e+01 -8.952879581151833577e+00 1.094000000000000007e-02
-7.250000000000000000e+01 -8.010471204188482020e+00 4.584409999999999874e-01
-7.250000000000000000e+01 -7.068062827225130462e+00 1.628999999999999893e-01
-7.250000000000000000e+01 -6.125654450261779793e+00 9.730000000000000151e-04
-7.250000000000000000e+01 -5.183246073298429124e+00 9.737000000000000863e-03
-7.250000000000000000e+01 -4.240837696335078455e+00 1.123389999999999944e-01
-7.250000000000000000e+01 -3.298429319371727786e+00 2.123999999999999846e-02
-7.250000000000000000e+01 -2.356020942408377117e+00 7.203099999999999781e-02
-7.250000000000000000e+01 -1.413612565445026226e+00 2.302399999999999933e-02
-7.250000000000000000e+01 -4.712041884816753901e-01 6.908000000000000078e-03
-7.250000000000000000e+01 4.712041884816753901e-01 6.908000000000000078e-03
-7.250000000000000000e+01 1.413612565445026226e+00 1.020399999999999953e-02
-7.125000000000000000e+01 -1.460732984293194114e+01 9.079900000000000471e-02
-7.125000000000000000e+01 -1.366492146596859136e+01 2.439500000000000002e-02
-7.125000000000000000e+01 -1.272251308900523981e+01 2.111679999999999946e-01
-7.125000000000000000e+01 -1.178010471204188825e+01 0.000000000000000000e+00
-7.125000000000000000e+01 -1.083769633507853669e+01 0.000000000000000000e+00
-7.125000000000000000e+01 -9.895287958115185134e+00 6.791000000000000161e-03
-7.125000000000000000e+01 -8.952879581151833577e+00 9.626899999999999347e-02
-7.125000000000000000e+01 -8.010471204188482020e+00 5.828280000000000127e-01
-7.125000000000000000e+01 -7.068062827225130462e+00 3.133099999999999774e-02
-7.125000000000000000e+01 -6.125654450261779793e+00 4.655000000000000283e-03
-7.125000000000000000e+01 -5.183246073298429124e+00 2.429999999999999977e-04
-7.125000000000000000e+01 -4.240837696335078455e+00 3.789100000000000107e-02
-7.125000000000000000e+01 -3.298429319371727786e+00 3.190000000000000019e-04
-7.125000000000000000e+01 -2.356020942408377117e+00 4.949800000000000033e-02
-7.125000000000000000e+01 -1.413612565445026226e+00 3.592000000000000141e-03
-7.125000000000000000e+01 -4.712041884816753901e-01 0.000000000000000000e+00
-7.125000000000000000e+01 4.712041884816753901e-01 0.000000000000000000e+00
-7.125000000000000000e+01 1.413612565445026226e+00 1.131879999999999969e-01
-7.000000000000000000e+01 -1.366492146596859136e+01 8.580000000000000820e-03
-7.000000000000000000e+01 -1.272251308900523981e+01 3.938840000000000119e-01
-7.000000000000000000e+01 -1.178010471204188825e+01 6.172099999999999809e-02
-7.000000000000000000e+01 -1.083769633507853669e+01 3.523789999999999978e-01
-7.000000000000000000e+01 -9.895287958115185134e+00 3.058900000000000161e-02
-7.000000000000000000e+01 -8.952879581151833577e+00 2.668510000000000049e-01
-7.000000000000000000e+01 -8.010471204188482020e+00 3.869859999999999967e-01
-7.000000000000000000e+01 -7.068062827225130462e+00 4.697899999999999993e-02
-7.000000000000000000e+01 -6.125654450261779793e+00 1.861000000000000024e-03
-7.000000000000000000e+01 -5.183246073298429124e+00 8.040000000000000271e-04
-7.000000000000000000e+01 -4.240837696335078455e+00 1.364350000000000007e-01
-7.000000000000000000e+01 -3.298429319371727786e+00 7.968899999999999595e-02
-7.000000000000000000e+01 -2.356020942408377117e+00 2.936899999999999927e-02
-7.000000000000000000e+01 -1.413612565445026226e+00 4.102000000000000091e-02
-7.000000000000000000e+01 -4.712041884816753901e-01 1.220300000000000031e-02
-7.000000000000000000e+01 4.712041884816753901e-01 1.220300000000000031e-02
-7.000000000000000000e+01 1.413612565445026226e+00 8.120999999999999747e-03
-6.875000000000000000e+01 -1.554973821989529448e+01 6.769999999999999759e-04
-6.875000000000000000e+01 -1.460732984293194114e+01 3.773100000000000065e-02
-6.875000000000000000e+01 -1.366492146596859136e+01 1.533799999999999920e-02
-6.875000000000000000e+01 -1.272251308900523981e+01 1.305949999999999889e-01
-6.875000000000000000e+01 -1.178010471204188825e+01 3.921120000000000161e-01
-6.875000000000000000e+01 -1.083769633507853669e+01 6.367439999999999767e-01
-6.875000000000000000e+01 -9.895287958115185134e+00 1.230500000000000066e-01
-6.875000000000000000e+01 -8.952879581151833577e+00 4.880559999999999898e-01
-6.875000000000000000e+01 -8.010471204188482020e+00 1.273299999999999953e-02
-6.875000000000000000e+01 -7.068062827225130462e+00 2.047999999999999907e-03
-6.875000000000000000e+01 -6.125654450261779793e+00 1.129999999999999928e-03
-6.875000000000000000e+01 -5.183246073298429124e+00 4.840000000000000010e-04
-6.875000000000000000e+01 -4.240837696335078455e+00 4.423999999999999981e-03
-6.875000000000000000e+01 -3.298429319371727786e+00 7.030999999999999923e-03
-6.875000000000000000e+01 -2.356020942408377117e+00 6.226999999999999896e-03
-6.875000000000000000e+01 -1.413612565445026226e+00 1.192999999999999963e-02
-6.875000000000000000e+01 -4.712041884816753901e-01 1.129100000000000069e-02
-6.875000000000000000e+01 4.712041884816753901e-01 1.129100000000000069e-02
-6.875000000000000000e+01 1.413612565445026226e+00 1.681200000000000055e-02
-6.875000000000000000e+01 2.356020942408377117e+00 6.131000000000000165e-03
-6.750000000000000000e+01 -1.649214659685864603e+01 3.002739999999999854e-01
-6.750000000000000000e+01 -1.554973821989529448e+01 3.002739999999999854e-01
-6.750000000000000000e+01 -1.460732984293194114e+01 1.586329999999999962e-01
-6.750000000000000000e+01 -1.366492146596859136e+01 1.221909999999999941e-01
-6.750000000000000000e+01 -1.272251308900523981e+01 1.931799999999999837e-02
-6.750000000000000000e+01 -1.178010471204188825e+01 2.061500000000000138e-02
-6.750000000000000000e+01 -1.083769633507853669e+01 4.254240000000000244e-01
-6.750000000000000000e+01 -9.895287958115185134e+00 8.209729999999999528e-01
-6.750000000000000000e+01 -8.952879581151833577e+00 2.566060000000000008e-01
-6.750000000000000000e+01 -8.010471204188482020e+00 2.716999999999999797e-03
-6.750000000000000000e+01 -7.068062827225130462e+00 8.919999999999999978e-04
-6.750000000000000000e+01 -6.125654450261779793e+00 6.602000000000000229e-03
-6.750000000000000000e+01 -5.183246073298429124e+00 1.128000000000000096e-03
-6.750000000000000000e+01 -4.240837696335078455e+00 8.059999999999999673e-04
-6.750000000000000000e+01 -3.298429319371727786e+00 1.675600000000000006e-02
-6.750000000000000000e+01 -2.356020942408377117e+00 3.310000000000000225e-04
-6.750000000000000000e+01 -1.413612565445026226e+00 8.000000000000000654e-05
-6.750000000000000000e+01 -4.712041884816753901e-01 8.989999999999999511e-04
-6.750000000000000000e+01 4.712041884816753901e-01 8.989999999999999511e-04
-6.750000000000000000e+01 1.413612565445026226e+00 6.081999999999999733e-03
-6.750000000000000000e+01 2.356020942408377117e+00 7.219999999999999855e-04
-6.625000000000000000e+01 -1.837696335078534560e+01 8.382100000000000661e-02
-6.625000000000000000e+01 -1.743455497382199582e+01 2.747729999999999895e-01
-6.625000000000000000e+01 -1.649214659685864603e+01 1.786999999999999960e-03
-6.625000000000000000e+01 -1.554973821989529448e+01 1.786999999999999960e-03
-6.625000000000000000e+01 -1.460732984293194114e+01 1.744100000000000164e-02
-6.625000000000000000e+01 -1.366492146596859136e+01 1.134000000000000025e-03
-6.625000000000000000e+01 -1.272251308900523981e+01 0.000000000000000000e+00
-6.625000000000000000e+01 -1.178010471204188825e+01 1.365899999999999927e-02
-6.625000000000000000e+01 -1.083769633507853669e+01 1.993360000000000132e-01
-6.625000000000000000e+01 -9.895287958115185134e+00 2.513369999999999771e-01
-6.625000000000000000e+01 -8.952879581151833577e+00 2.000000000000000111e-01
-6.625000000000000000e+01 -8.010471204188482020e+00 2.295000000000000165e-03
-6.625000000000000000e+01 -7.068062827225130462e+00 8.109999999999999805e-04
-6.625000000000000000e+01 -6.125654450261779793e+00 1.610000000000000103e-04
-6.625000000000000000e+01 -5.183246073298429124e+00 3.260000000000000094e-04
-6.625000000000000000e+01 -4.240837696335078455e+00 3.615999999999999857e-03
-6.625000000000000000e+01 -3.298429319371727786e+00 1.739299999999999874e-02
-6.625000000000000000e+01 -2.356020942408377117e+00 6.369999999999999794e-03
-6.625000000000000000e+01 -1.413612565445026226e+00 0.000000000000000000e+00
-6.625000000000000000e+01 -4.712041884816753901e-01 2.425000000000000072e-03
-6.625000000000000000e+01 4.712041884816753901e-01 2.425000000000000072e-03
-6.625000000000000000e+01 1.413612565445026226e+00 9.589999999999999913e-02
-6.625000000000000000e+01 2.356020942408377117e+00 1.286329999999999973e-01
-6.500000000000000000e+01 -1.837696335078534560e+01 2.526099999999999873e-02
-6.500000000000000000e+01 -1.743455497382199582e+01 5.016220000000000123e-01
-6.500000000000000000e+01 -1.649214659685864603e+01 7.112300000000000566e-02
-6.500000000000000000e+01 -1.554973821989529448e+01 7.112300000000000566e-02
-6.500000000000000000e+01 -1.460732984293194114e+01 1.431299999999999933e-02
-6.500000000000000000e+01 -1.366492146596859136e+01 1.001400000000000033e-02
-6.500000000000000000e+01 -1.272251308900523981e+01 2.658000000000000206e-03
-6.500000000000000000e+01 -1.178010471204188825e+01 9.343000000000000610e-03
-6.500000000000000000e+01 -1.083769633507853669e+01 2.141430000000000000e-01
-6.500000000000000000e+01 -9.895287958115185134e+00 6.845550000000000246e-01
-6.500000000000000000e+01 -8.952879581151833577e+00 1.761199999999999988e-01
-6.500000000000000000e+01 -8.010471204188482020e+00 8.189999999999999364e-03
-6.500000000000000000e+01 -7.068062827225130462e+00 6.482000000000000262e-02
-6.500000000000000000e+01 -6.125654450261779793e+00 1.147999999999999932e-03
-6.500000000000000000e+01 -5.183246073298429124e+00 1.183099999999999985e-01
-6.500000000000000000e+01 -4.240837696335078455e+00 3.318499999999999922e-02
-6.500000000000000000e+01 -3.298429319371727786e+00 7.368099999999999650e-02
-6.500000000000000000e+01 -2.356020942408377117e+00 4.329999999999999648e-03
-6.500000000000000000e+01 -1.413612565445026226e+00 1.791999999999999973e-03
-6.500000000000000000e+01 -4.712041884816753901e-01 7.742999999999999883e-03
-6.500000000000000000e+01 4.712041884816753901e-01 7.742999999999999883e-03
-6.500000000000000000e+01 1.413612565445026226e+00 2.658999999999999905e-03
-6.375000000000000000e+01 -2.026178010471204516e+01 8.333329999999999904e-01
-6.375000000000000000e+01 -1.931937172774869538e+01 3.359099999999999864e-01
-6.375000000000000000e+01 -1.837696335078534560e+01 1.539800000000000058e-01
-6.375000000000000000e+01 -1.743455497382199582e+01 5.958710000000000395e-01
-6.375000000000000000e+01 -1.649214659685864603e+01 7.024199999999999888e-02
-6.375000000000000000e+01 -1.554973821989529448e+01 7.024199999999999888e-02
-6.375000000000000000e+01 -1.460732984293194114e+01 4.522199999999999831e-02
-6.375000000000000000e+01 -1.366492146596859136e+01 4.129999999999999991e-03
-6.375000000000000000e+01 -1.272251308900523981e+01 3.177000000000000136e-03
-6.375000000000000000e+01 -1.178010471204188825e+01 2.307440000000000047e-01
-6.375000000000000000e+01 -1.083769633507853669e+01 6.357300000000000451e-02
-6.375000000000000000e+01 -9.895287958115185134e+00 5.452120000000000299e-01
-6.375000000000000000e+01 -8.952879581151833577e+00 8.344270000000000298e-01
-6.375000000000000000e+01 -8.010471204188482020e+00 4.861190000000000233e-01
-6.375000000000000000e+01 -7.068062827225130462e+00 1.858380000000000032e-01
-6.375000000000000000e+01 -6.125654450261779793e+00 4.970999999999999724e-03
-6.375000000000000000e+01 -5.183246073298429124e+00 4.452400000000000108e-02
-6.375000000000000000e+01 -4.240837696335078455e+00 1.831039999999999890e-01
-6.375000000000000000e+01 -3.298429319371727786e+00 4.417800000000000199e-02
-6.375000000000000000e+01 -2.356020942408377117e+00 3.249999999999999851e-04
-6.375000000000000000e+01 -1.413612565445026226e+00 4.859999999999999954e-04
-6.375000000000000000e+01 -4.712041884816753901e-01 1.471699999999999918e-02
-6.375000000000000000e+01 4.712041884816753901e-01 1.471699999999999918e-02
-6.375000000000000000e+01 1.413612565445026226e+00 7.180999999999999883e-02
-6.375000000000000000e+01 3.298429319371727786e+00 2.664599999999999955e-02
-6.250000000000000000e+01 -1.931937172774869538e+01 4.069530000000000092e-01
-6.250000000000000000e+01 -1.837696335078534560e+01 7.271689999999999543e-01
-6.250000000000000000e+01 -1.743455497382199582e+01 8.365110000000000046e-01
-6.250000000000000000e+01 -1.649214659685864603e+01 1.254609999999999892e-01
-6.250000000000000000e+01 -1.554973821989529448e+01 1.254609999999999892e-01
-6.250000000000000000e+01 -1.460732984293194114e+01 7.910999999999999630e-03
-6.250000000000000000e+01 -1.366492146596859136e+01 2.263999999999999953e-03
-6.250000000000000000e+01 -1.272251308900523981e+01 1.157999999999999958e-03
-6.250000000000000000e+01 -1.178010471204188825e+01 3.397209999999999952e-01
-6.250000000000000000e+01 -1.083769633507853669e+01 3.390340000000000020e-01
-6.250000000000000000e+01 -9.895287958115185134e+00 9.774730000000000363e-01
-6.250000000000000000e+01 -8.952879581151833577e+00 4.384669999999999956e-01
-6.250000000000000000e+01 -8.010471204188482020e+00 2.922529999999999850e-01
-6.250000000000000000e+01 -7.068062827225130462e+00 5.487849999999999673e-01
-6.250000000000000000e+01 -6.125654450261779793e+00 2.154389999999999916e-01
-6.250000000000000000e+01 -5.183246073298429124e+00 2.396000000000000126e-03
-6.250000000000000000e+01 -4.240837696335078455e+00 1.886380000000000001e-01
-6.250000000000000000e+01 -3.298429319371727786e+00 2.498099999999999973e-02
-6.250000000000000000e+01 -2.356020942408377117e+00 5.203000000000000159e-03
-6.250000000000000000e+01 -1.413612565445026226e+00 1.253400000000000070e-01
-6.250000000000000000e+01 -4.712041884816753901e-01 6.509999999999999945e-04
-6.250000000000000000e+01 4.712041884816753901e-01 6.509999999999999945e-04
-6.250000000000000000e+01 1.413612565445026226e+00 2.631000000000000092e-03
-6.250000000000000000e+01 2.356020942408377117e+00 1.350799999999999917e-02
-6.250000000000000000e+01 3.298429319371727786e+00 0.000000000000000000e+00
-6.125000000000000000e+01 -1.837696335078534560e+01 2.132030000000000036e-01
-6.125000000000000000e+01 -1.743455497382199582e+01 4.030159999999999854e-01
-6.125000000000000000e+01 -1.649214659685864603e+01 3.537290000000000156e-01
-6.125000000000000000e+01 -1.554973821989529448e+01 3.537290000000000156e-01
-6.125000000000000000e+01 -1.460732984293194114e+01 8.812599999999999600e-02
-6.125000000000000000e+01 -1.366492146596859136e+01 3.887199999999999683e-02
-6.125000000000000000e+01 -1.272251308900523981e+01 6.153220000000000356e-01
-6.125000000000000000e+01 -1.178010471204188825e+01 7.726499999999999480e-01
-6.125000000000000000e+01 -1.083769633507853669e+01 4.174889999999999990e-01
-6.125000000000000000e+01 -9.895287958115185134e+00 2.392479999999999885e-01
-6.125000000000000000e+01 -8.952879581151833577e+00 1.281819999999999904e-01
-6.125000000000000000e+01 -8.010471204188482020e+00 2.686060000000000114e-01
-6.125000000000000000e+01 -7.068062827225130462e+00 9.416800000000000170e-02
-6.125000000000000000e+01 -6.125654450261779793e+00 9.700499999999999401e-02
-6.125000000000000000e+01 -5.183246073298429124e+00 2.009900000000000020e-01
-6.125000000000000000e+01 -4.240837696335078455e+00 5.670809999999999462e-01
-6.125000000000000000e+01 -3.298429319371727786e+00 4.951929999999999943e-01
-6.125000000000000000e+01 -2.356020942408377117e+00 1.285400000000000084e-02
-6.125000000000000000e+01 -1.413612565445026226e+00 3.533800000000000135e-02
-6.125000000000000000e+01 -4.712041884816753901e-01 2.546510000000000162e-01
-6.125000000000000000e+01 4.712041884816753901e-01 2.546510000000000162e-01
-6.125000000000000000e+01 1.413612565445026226e+00 2.571519999999999917e-01
-6.125000000000000000e+01 2.356020942408377117e+00 6.177409999999999846e-01
-6.125000000000000000e+01 3.298429319371727786e+00 2.580830000000000068e-01
-6.125000000000000000e+01 4.240837696335078455e+00 3.592999999999999666e-02
-6.000000000000000000e+01 -1.554973821989529448e+01 9.736100000000000310e-02
-6.000000000000000000e+01 -1.460732984293194114e+01 3.988740000000000063e-01
-6.000000000000000000e+01 -1.366492146596859136e+01 4.278640000000000221e-01
-6.000000000000000000e+01 -1.272251308900523981e+01 3.625220000000000109e-01
-6.000000000000000000e+01 -1.178010471204188825e+01 1.192899999999999933e-01
-6.000000000000000000e+01 -1.083769633507853669e+01 1.132999999999999893e-03
-6.000000000000000000e+01 -9.895287958115185134e+00 5.444700000000000234e-02
-6.000000000000000000e+01 -8.952879581151833577e+00 5.904000000000000394e-03
-6.000000000000000000e+01 -8.010471204188482020e+00 6.043099999999999861e-02
-6.000000000000000000e+01 -7.068062827225130462e+00 6.518990000000000062e-01
-6.000000000000000000e+01 -6.125654450261779793e+00 1.189670000000000033e-01
-6.000000000000000000e+01 -5.183246073298429124e+00 1.214019999999999960e-01
-6.000000000000000000e+01 -4.240837696335078455e+00 6.456340000000000412e-01
-6.000000000000000000e+01 -3.298429319371727786e+00 7.960739999999999483e-01
-6.000000000000000000e+01 -2.356020942408377117e+00 7.821479999999999544e-01
-6.000000000000000000e+01 -1.413612565445026226e+00 3.585619999999999918e-01
-6.000000000000000000e+01 -4.712041884816753901e-01 1.275449999999999917e-01
-6.000000000000000000e+01 4.712041884816753901e-01 1.275449999999999917e-01
-6.000000000000000000e+01 1.413612565445026226e+00 7.401159999999999961e-01
-6.000000000000000000e+01 2.356020942408377117e+00 1.692079999999999973e-01
-6.000000000000000000e+01 3.298429319371727786e+00 1.349730000000000096e-01
-6.000000000000000000e+01 4.240837696335078455e+00 1.976500000000000132e-02
-6.000000000000000000e+01 5.183246073298429124e+00 1.299699999999999987e-02
-5.875000000000000000e+01 -1.366492146596859136e+01 5.121300000000000158e-02
-5.875000000000000000e+01 -1.272251308900523981e+01 4.676999999999999734e-03
-5.875000000000000000e+01 -1.178010471204188825e+01 2.015119999999999967e-01
-5.875000000000000000e+01 -1.083769633507853669e+01 4.085500000000000242e-01
-5.875000000000000000e+01 -9.895287958115185134e+00 3.413129999999999775e-01
-5.875000000000000000e+01 -8.952879581151833577e+00 7.067700000000000371e-02
-5.875000000000000000e+01 -8.010471204188482020e+00 1.021999999999999992e-02
-5.875000000000000000e+01 -7.068062827225130462e+00 4.765030000000000099e-01
-5.875000000000000000e+01 -6.125654450261779793e+00 5.981100000000000305e-02
-5.875000000000000000e+01 -5.183246073298429124e+00 2.786999999999999981e-03
-5.875000000000000000e+01 -4.240837696335078455e+00 3.906540000000000012e-01
-5.875000000000000000e+01 -3.298429319371727786e+00 8.567590000000000483e-01
-5.875000000000000000e+01 -2.356020942408377117e+00 3.596630000000000105e-01
-5.875000000000000000e+01 -1.413612565445026226e+00 1.214800000000000081e-02
-5.875000000000000000e+01 -4.712041884816753901e-01 2.740999999999999947e-03
-5.875000000000000000e+01 4.712041884816753901e-01 2.740999999999999947e-03
-5.750000000000000000e+01 -1.366492146596859136e+01 5.420500000000000318e-02
-5.750000000000000000e+01 -1.272251308900523981e+01 6.454000000000000015e-02
-5.750000000000000000e+01 -1.178010471204188825e+01 5.129799999999999915e-01
-5.750000000000000000e+01 -1.083769633507853669e+01 3.870080000000000187e-01
-5.750000000000000000e+01 -9.895287958115185134e+00 6.078959999999999919e-01
-5.750000000000000000e+01 -8.952879581151833577e+00 3.185099999999999737e-02
-5.750000000000000000e+01 -8.010471204188482020e+00 3.217999999999999940e-03
-5.750000000000000000e+01 -7.068062827225130462e+00 2.119400000000000103e-02
-5.750000000000000000e+01 -6.125654450261779793e+00 4.107049999999999867e-01
-5.750000000000000000e+01 -5.183246073298429124e+00 3.941599999999999965e-02
-5.750000000000000000e+01 -4.240837696335078455e+00 2.209210000000000063e-01
-5.750000000000000000e+01 -3.298429319371727786e+00 5.252959999999999852e-01
-5.750000000000000000e+01 -2.356020942408377117e+00 1.286249999999999893e-01
-5.750000000000000000e+01 -1.413612565445026226e+00 1.888300000000000048e-02
-5.750000000000000000e+01 -4.712041884816753901e-01 6.554300000000000403e-02
-5.750000000000000000e+01 4.712041884816753901e-01 6.554300000000000403e-02
-5.750000000000000000e+01 1.413612565445026226e+00 2.243570000000000009e-01
-5.625000000000000000e+01 -1.366492146596859136e+01 3.717670000000000141e-01
-5.625000000000000000e+01 -1.272251308900523981e+01 3.468930000000000069e-01
-5.625000000000000000e+01 -1.178010471204188825e+01 7.540320000000000356e-01
-5.625000000000000000e+01 -1.083769633507853669e+01 5.173750000000000293e-01
-5.625000000000000000e+01 -9.895287958115185134e+00 8.102270000000000305e-01
-5.625000000000000000e+01 -8.952879581151833577e+00 4.691100000000000131e-02
-5.625000000000000000e+01 -8.010471204188482020e+00 1.219699999999999951e-02
-5.625000000000000000e+01 -7.068062827225130462e+00 1.671070000000000055e-01
-5.625000000000000000e+01 -6.125654450261779793e+00 3.830299999999999816e-01
-5.625000000000000000e+01 -5.183246073298429124e+00 4.980729999999999880e-01
-5.625000000000000000e+01 -4.240837696335078455e+00 4.881210000000000271e-01
-5.625000000000000000e+01 -3.298429319371727786e+00 1.310030000000000083e-01
-5.625000000000000000e+01 -2.356020942408377117e+00 4.716319999999999957e-01
-5.625000000000000000e+01 -1.413612565445026226e+00 4.668100000000000027e-02
-5.625000000000000000e+01 -4.712041884816753901e-01 7.514999999999999979e-03
-5.625000000000000000e+01 4.712041884816753901e-01 7.514999999999999979e-03
-5.625000000000000000e+01 1.413612565445026226e+00 0.000000000000000000e+00
-5.500000000000000000e+01 -1.460732984293194114e+01 1.837709999999999899e-01
-5.500000000000000000e+01 -1.366492146596859136e+01 4.329899999999999721e-02
-5.500000000000000000e+01 -1.272251308900523981e+01 4.599520000000000275e-01
-5.500000000000000000e+01 -1.178010471204188825e+01 7.700890000000000235e-01
-5.500000000000000000e+01 -1.083769633507853669e+01 8.423000000000000487e-01
-5.500000000000000000e+01 -9.895287958115185134e+00 7.659960000000000102e-01
-5.500000000000000000e+01 -8.952879581151833577e+00 9.594600000000000350e-02
-5.500000000000000000e+01 -8.010471204188482020e+00 3.363849999999999896e-01
-5.500000000000000000e+01 -7.068062827225130462e+00 3.344469999999999943e-01
-5.500000000000000000e+01 -6.125654450261779793e+00 8.835099999999999898e-02
-5.500000000000000000e+01 -5.183246073298429124e+00 4.380900000000000072e-02
-5.500000000000000000e+01 -4.240837696335078455e+00 5.903000000000000469e-01
-5.500000000000000000e+01 -3.298429319371727786e+00 5.863230000000000386e-01
-5.500000000000000000e+01 -2.356020942408377117e+00 6.417030000000000234e-01
-5.500000000000000000e+01 -1.413612565445026226e+00 4.389699999999999852e-02
-5.500000000000000000e+01 -4.712041884816753901e-01 2.420000000000000005e-04
-5.500000000000000000e+01 4.712041884816753901e-01 2.420000000000000005e-04
-5.500000000000000000e+01 1.413612565445026226e+00 2.420000000000000005e-04
-5.500000000000000000e+01 2.356020942408377117e+00 5.760000000000000146e-04
-5.375000000000000000e+01 -1.460732984293194114e+01 4.079999999999999968e-04
-5.375000000000000000e+01 -1.366492146596859136e+01 4.145000000000000073e-02
-5.375000000000000000e+01 -1.272251308900523981e+01 2.133420000000000039e-01
-5.375000000000000000e+01 -1.178010471204188825e+01 2.061429999999999929e-01
-5.375000000000000000e+01 -1.083769633507853669e+01 2.833229999999999915e-01
-5.375000000000000000e+01 -9.895287958115185134e+00 3.524930000000000008e-01
-5.375000000000000000e+01 -8.952879581151833577e+00 1.337400000000000047e-02
-5.375000000000000000e+01 -8.010471204188482020e+00 8.000000000000000654e-05
-5.375000000000000000e+01 -7.068062827225130462e+00 2.101000000000000003e-03
-5.375000000000000000e+01 -6.125654450261779793e+00 6.347000000000000211e-03
-5.375000000000000000e+01 -5.183246073298429124e+00 3.327999999999999795e-03
-5.375000000000000000e+01 -4.240837696335078455e+00 5.582679999999999865e-01
-5.375000000000000000e+01 -3.298429319371727786e+00 6.390709999999999447e-01
-5.375000000000000000e+01 -2.356020942408377117e+00 4.963290000000000202e-01
-5.375000000000000000e+01 -1.413612565445026226e+00 1.111469999999999958e-01
-5.375000000000000000e+01 -4.712041884816753901e-01 9.719999999999999907e-04
-5.375000000000000000e+01 4.712041884816753901e-01 9.719999999999999907e-04
-5.375000000000000000e+01 1.413612565445026226e+00 1.217999999999999899e-03
-5.375000000000000000e+01 2.356020942408377117e+00 1.054000000000000032e-03
-5.250000000000000000e+01 -1.366492146596859136e+01 1.288800000000000015e-02
-5.250000000000000000e+01 -1.272251308900523981e+01 2.161659999999999970e-01
-5.250000000000000000e+01 -1.178010471204188825e+01 1.387990000000000057e-01
-5.250000000000000000e+01 -1.083769633507853669e+01 3.137409999999999921e-01
-5.250000000000000000e+01 -9.895287958115185134e+00 9.987699999999999356e-02
-5.250000000000000000e+01 -8.952879581151833577e+00 5.699999999999999772e-04
-5.250000000000000000e+01 -8.010471204188482020e+00 1.825000000000000016e-03
-5.250000000000000000e+01 -7.068062827225130462e+00 1.878099999999999908e-02
-5.250000000000000000e+01 -6.125654450261779793e+00 4.149599999999999816e-02
-5.250000000000000000e+01 -5.183246073298429124e+00 1.755000000000000050e-03
-5.250000000000000000e+01 -4.240837696335078455e+00 1.610270000000000035e-01
-5.250000000000000000e+01 -3.298429319371727786e+00 4.016259999999999830e-01
-5.250000000000000000e+01 -2.356020942408377117e+00 4.604199999999999959e-02
-5.250000000000000000e+01 -1.413612565445026226e+00 5.060879999999999823e-01
-5.250000000000000000e+01 -4.712041884816753901e-01 7.263600000000000612e-02
-5.250000000000000000e+01 4.712041884816753901e-01 7.263600000000000612e-02
-5.125000000000000000e+01 -8.952879581151833577e+00 5.962929999999999620e-01
-5.125000000000000000e+01 -8.010471204188482020e+00 4.196779999999999955e-01
-5.125000000000000000e+01 -7.068062827225130462e+00 4.634480000000000266e-01
-5.125000000000000000e+01 -5.183246073298429124e+00 1.905290000000000039e-01
-5.125000000000000000e+01 -4.240837696335078455e+00 3.560030000000000139e-01
-5.125000000000000000e+01 -3.298429319371727786e+00 5.440120000000000511e-01
-5.125000000000000000e+01 -2.356020942408377117e+00 1.453019999999999867e-01
-5.000000000000000000e+01 -3.298429319371727786e+00 6.835529999999999662e-01
