-7.875000000000000000e+01 -6.125654450261779793e+00 5.157249999999999890e-01
-7.875000000000000000e+01 -5.183246073298429124e+00 2.547320000000000140e-01
-7.875000000000000000e+01 -4.240837696335078455e+00 4.052069999999999839e-01
-7.875000000000000000e+01 -3.298429319371727786e+00 4.962509999999999977e-01
-7.875000000000000000e+01 -2.356020942408377117e+00 0.000000000000000000e+00
-7.875000000000000000e+01 -1.413612565445026226e+00 0.000000000000000000e+00
-7.750000000000000000e+01 -8.952879581151833577e+00 1.897490000000000010e-01
-7.750000000000000000e+01 -8.010471204188482020e+00 1.435049999999999937e-01
-7.750000000000000000e+01 -7.068062827225130462e+00 2.976409999999999889e-01
-7.750000000000000000e+01 -6.125654450261779793e+00 5.877160000000000162e-01
-7.750000000000000000e+01 -5.183246073298429124e+00 1.923580000000000012e-01
-7.750000000000000000e+01 -4.240837696335078455e+00 6.585699999999999887e-02
-7.750000000000000000e+01 -3.298429319371727786e+00 4.082330000000000125e-01
-7.750000000000000000e+01 -2.356020942408377117e+00 2.994180000000000175e-01
-7.750000000000000000e+01 -1.413612565445026226e+00 3.711630000000000207e-01
-7.750000000000000000e+01 -4.712041884816753901e-01 2.158829999999999916e-01
-7.750000000000000000e+01 4.712041884816753901e-01 2.158829999999999916e-01
-7.625000000000000000e+01 -1.083769633507853669e+01 6.949600000000000222e-02
-7.625000000000000000e+01 -9.895287958115185134e+00 1.379309999999999981e-01
-7.625000000000000000e+01 -8.952879581151833577e+00 4.677459999999999951e-01
-7.625000000000000000e+01 -8.010471204188482020e+00 1.856730000000000047e-01
-7.625000000000000000e+01 -7.068062827225130462e+00 3.270959999999999979e-01
-7.625000000000000000e+01 -6.125654450261779793e+00 4.706910000000000260e-01
-7.625000000000000000e+01 -5.183246073298429124e+00 5.041400000000000048e-02
-7.625000000000000000e+01 -4.240837696335078455e+00 1.472000000000000001e-03
-7.625000000000000000e+01 -3.298429319371727786e+00 3.983000000000000429e-03
-7.625000000000000000e+01 -2.356020942408377117e+00 2.553000000000000148e-03
-7.625000000000000000e+01 -1.413612565445026226e+00 2.611000000000000040e-03
-7.625000000000000000e+01 -4.712041884816753901e-01 8.893500000000000016e-02
-7.625000000000000000e+01 4.712041884816753901e-01 8.893500000000000016e-02
-7.625000000000000000e+01 1.413612565445026226e+00 8.844180000000000375e-01
-7.500000000000000000e+01 -1.366492146596859136e+01 7.814200000000000312e-02
-7.500000000000000000e+01 -1.272251308900523981e+01 1.417779999999999874e-01
-7.500000000000000000e+01 -1.178010471204188825e+01 1.243260000000000060e-01
-7.500000000000000000e+01 -1.083769633507853669e+01 3.946069999999999856e-01
-7.500000000000000000e+01 -9.895287958115185134e+00 1.996040000000000036e-01
-7.500000000000000000e+01 -8.952879581151833577e+00 5.141869999999999497e-01
-7.500000000000000000e+01 -8.010471204188482020e+00 2.652209999999999845e-01
-7.500000000000000000e+01 -7.068062827225130462e+00 3.560399999999999676e-02
-7.500000000000000000e+01 -6.125654450261779793e+00 6.070300000000000001e-02
-7.500000000000000000e+01 -5.183246073298429124e+00 4.566900000000000126e-02
-7.500000000000000000e+01 -4.240837696335078455e+00 2.003299999999999872e-02
-7.500000000000000000e+01 -3.298429319371727786e+00 2.305999999999999890e-03
-7.500000000000000000e+01 -2.356020942408377117e+00 6.376999999999999856e-03
-7.500000000000000000e+01 -1.413612565445026226e+00 5.597000000000000412e-03
-7.500000000000000000e+01 -4.712041884816753901e-01 3.259499999999999897e-02
-7.500000000000000000e+01 4.712041884816753901e-01 3.259499999999999897e-02
-7.500000000000000000e+01 1.413612565445026226e+00 6.296329999999999982e-01
-7.500000000000000000e+01 2.356020942408377117e+00 9.279629999999999823e-01
-7.375000000000000000e+01 -1.460732984293194114e+01 0.000000000000000000e+00
-7.375000000000000000e+01 -1.366492146596859136e+01 1.302490000000000037e-01
-7.375000000000000000e+01 -1.272251308900523981e+01 9.049300000000000399e-02
-7.375000000000000000e+01 -1.178010471204188825e+01 9.767299999999999593e-02
-7.375000000000000000e+01 -1.083769633507853669e+01 1.059240000000000043e-01
-7.375000000000000000e+01 -9.895287958115185134e+00 5.654499999999999804e-02
-7.375000000000000000e+01 -8.952879581151833577e+00 9.698700000000000376e-02
-7.375000000000000000e+01 -8.010471204188482020e+00 1.646440000000000126e-01
-7.375000000000000000e+01 -7.068062827225130462e+00 6.116599999999999815e-02
-7.375000000000000000e+01 -6.125654450261779793e+00 2.464699999999999877e-02
-7.375000000000000000e+01 -5.183246073298429124e+00 7.177999999999999658e-02
-7.375000000000000000e+01 -4.240837696335078455e+00 2.272499999999999867e-02
-7.375000000000000000e+01 -3.298429319371727786e+00 7.262000000000000226e-03
-7.375000000000000000e+01 -2.356020942408377117e+00 5.409999999999999878e-03
-7.375000000000000000e+01 -1.413612565445026226e+00 1.434529999999999972e-01
-7.375000000000000000e+01 -4.712041884816753901e-01 2.467000000000000009e-03
-7.375000000000000000e+01 4.712041884816753901e-01 2.467000000000000009e-03
-7.375000000000000000e+01 1.413612565445026226e+00 4.060099999999999820e-02
-7.250000000000000000e+01 -1.460732984293194114e+01 5.432000000000000196e-03
-7.250000000000000000e+01 -1.366492146596859136e+01 1.374849999999999961e-01
-7.250000000000000000e+01 -1.272251308900523981e+01 1.787340000000000040e-01
-7.250000000000000000e+01 -1.178010471204188825e+01 4.374800000000000216e-02
-7.250000000000000000e+01 -1.083769633507853669e+01 6.879999999999999831e-03
-7.250000000000000000e+01 -9.895287958115185134e+00 0.000000000000000000e+00
-7.250000000000000000e+01 -8.952879581151833577e+00 1.094000000000000007e-02
-7.250000000000000000e+01 -8.010471204188482020e+00 4.684869999999999868e-01
-7.250000000000000000e+01 -7.068062827225130462e+00 1.714859999999999995e-01
-7.250000000000000000e+01 -6.125654450261779793e+00 9.730000000000000151e-04
-7.250000000000000000e+01 -5.183246073298429124e+00 9.737000000000000863e-03
-7.250000000000000000e+01 -4.240837696335078455e+00 1.123389999999999944e-01
-7.250000000000000000e+01 -3.298429319371727786e+00 2.123999999999999846e-02
-7.250000000000000000e+01 -2.356020942408377117e+00 8.005299999999999916e-02
-7.250000000000000000e+01 -1.413612565445026226e+00 2.466899999999999996e-02
-7.250000000000000000e+01 -4.712041884816753901e-01 6.908000000000000078e-03
-7.250000000000000000e+01 4.712041884816753901e-01 6.908000000000000078e-03
-7.250000000000000000e+01 1.413612565445026226e+00 1.020399999999999953e-02
-7.125000000000000000e+01 -1.460732984293194114e+01 9.079900000000000471e-02
-7.125000000000000000e+01 -1.366492146596859136e+01 2.439500000000000002e-02
-7.125000000000000000e+01 -1.272251308900523981e+01 2.304100000000000037e-01
-7.125000000000000000e+01 -1.178010471204188825e+01 0.000000000000000000e+00
-7.125000000000000000e+01 -1.083769633507853669e+01 0.000000000000000000e+00
-7.125000000000000000e+01 -9.895287958115185134e+00 6.791000000000000161e-03
-7.125000000000000000e+01 -8.952879581151833577e+00 1.032440000000000024e-01
-7.125000000000000000e+01 -8.010471204188482020e+00 6.040339999999999598e-01
-7.125000000000000000e+01 -7.068062827225130462e+00 4.962799999999999850e-02
-7.125000000000000000e+01 -6.125654450261779793e+00 4.655000000000000283e-03
-7.125000000000000000e+01 -5.183246073298429124e+00 2.429999999999999977e-04
-7.125000000000000000e+01 -4.240837696335078455e+00 3.848399999999999738e-02
-7.125000000000000000e+01 -3.298429319371727786e+00 3.190000000000000019e-04
-7.125000000000000000e+01 -2.356020942408377117e+00 5.186600000000000238e-02
-7.125000000000000000e+01 -1.413612565445026226e+00 3.592000000000000141e-03
-7.125000000000000000e+01 -4.712041884816753901e-01 0.000000000000000000e+00
-7.125000000000000000e+01 4.712041884816753901e-01 0.000000000000000000e+00
-7.125000000000000000e+01 1.413612565445026226e+00 1.203690000000000038e-01
-7.000000000000000000e+01 -1.366492146596859136e+01 8.673000000000000154e-03
-7.000000000000000000e+01 -1.272251308900523981e+01 4.121489999999999876e-01
-7.000000000000000000e+01 -1.178010471204188825e+01 7.540099999999999580e-02
-7.000000000000000000e+01 -1.083769633507853669e+01 3.639700000000000157e-01
-7.000000000000000000e+01 -9.895287958115185134e+00 3.435300000000000159e-02
-7.000000000000000000e+01 -8.952879581151833577e+00 2.870969999999999911e-01
-7.000000000000000000e+01 -8.010471204188482020e+00 4.160960000000000214e-01
-7.000000000000000000e+01 -7.068062827225130462e+00 5.052299999999999847e-02
-7.000000000000000000e+01 -6.125654450261779793e+00 1.861000000000000024e-03
-7.000000000000000000e+01 -5.183246073298429124e+00 8.040000000000000271e-04
-7.000000000000000000e+01 -4.240837696335078455e+00 1.422609999999999986e-01
-7.000000000000000000e+01 -3.298429319371727786e+00 8.606500000000000261e-02
-7.000000000000000000e+01 -2.356020942408377117e+00 3.385099999999999915e-02
-7.000000000000000000e+01 -1.413612565445026226e+00 4.425799999999999873e-02
-7.000000000000000000e+01 -4.712041884816753901e-01 1.220300000000000031e-02
-7.000000000000000000e+01 4.712041884816753901e-01 1.220300000000000031e-02
-7.000000000000000000e+01 1.413612565445026226e+00 8.932999999999999968e-03
-6.875000000000000000e+01 -1.554973821989529448e+01 6.769999999999999759e-04
-6.875000000000000000e+01 -1.460732984293194114e+01 4.104499999999999815e-02
-6.875000000000000000e+01 -1.366492146596859136e+01 1.647500000000000006e-02
-6.875000000000000000e+01 -1.272251308900523981e+01 1.335520000000000040e-01
-6.875000000000000000e+01 -1.178010471204188825e+01 4.123970000000000136e-01
-6.875000000000000000e+01 -1.083769633507853669e+01 6.496150000000000535e-01
-6.875000000000000000e+01 -9.895287958115185134e+00 1.321039999999999992e-01
-6.875000000000000000e+01 -8.952879581151833577e+00 5.092440000000000300e-01
-6.875000000000000000e+01 -8.010471204188482020e+00 1.537600000000000078e-02
-6.875000000000000000e+01 -7.068062827225130462e+00 2.047999999999999907e-03
-6.875000000000000000e+01 -6.125654450261779793e+00 1.129999999999999928e-03
-6.875000000000000000e+01 -5.183246073298429124e+00 4.840000000000000010e-04
-6.875000000000000000e+01 -4.240837696335078455e+00 4.423999999999999981e-03
-6.875000000000000000e+01 -3.298429319371727786e+00 7.030999999999999923e-03
-6.875000000000000000e+01 -2.356020942408377117e+00 6.226999999999999896e-03
-6.875000000000000000e+01 -1.413612565445026226e+00 1.273600000000000079e-02
-6.875000000000000000e+01 -4.712041884816753901e-01 1.129100000000000069e-02
-6.875000000000000000e+01 4.712041884816753901e-01 1.129100000000000069e-02
-6.875000000000000000e+01 1.413612565445026226e+00 1.681200000000000055e-02
-6.875000000000000000e+01 2.356020942408377117e+00 6.131000000000000165e-03
-6.750000000000000000e+01 -1.649214659685864603e+01 3.140789999999999971e-01
-6.750000000000000000e+01 -1.554973821989529448e+01 3.140789999999999971e-01
-6.750000000000000000e+01 -1.460732984293194114e+01 1.649059999999999970e-01
-6.750000000000000000e+01 -1.366492146596859136e+01 1.256799999999999862e-01
-6.750000000000000000e+01 -1.272251308900523981e+01 2.238899999999999918e-02
-6.750000000000000000e+01 -1.178010471204188825e+01 2.127000000000000071e-02
-6.750000000000000000e+01 -1.083769633507853669e+01 4.456269999999999953e-01
-6.750000000000000000e+01 -9.895287958115185134e+00 8.285270000000000135e-01
-6.750000000000000000e+01 -8.952879581151833577e+00 2.744940000000000158e-01
-6.750000000000000000e+01 -8.010471204188482020e+00 2.955999999999999860e-03
-6.750000000000000000e+01 -7.068062827225130462e+00 8.919999999999999978e-04
-6.750000000000000000e+01 -6.125654450261779793e+00 7.416999999999999982e-03
-6.750000000000000000e+01 -5.183246073298429124e+00 1.128000000000000096e-03
-6.750000000000000000e+01 -4.240837696335078455e+00 8.059999999999999673e-04
-6.750000000000000000e+01 -3.298429319371727786e+00 1.719000000000000042e-02
-6.750000000000000000e+01 -2.356020942408377117e+00 3.310000000000000225e-04
-6.750000000000000000e+01 -1.413612565445026226e+00 8.000000000000000654e-05
-6.750000000000000000e+01 -4.712041884816753901e-01 8.989999999999999511e-04
-6.750000000000000000e+01 4.712041884816753901e-01 8.989999999999999511e-04
-6.750000000000000000e+01 1.413612565445026226e+00 6.081999999999999733e-03
-6.750000000000000000e+01 2.356020942408377117e+00 1.845000000000000069e-03
-6.625000000000000000e+01 -1.837696335078534560e+01 8.382100000000000661e-02
-6.625000000000000000e+01 -1.743455497382199582e+01 2.844070000000000209e-01
-6.625000000000000000e+01 -1.649214659685864603e+01 1.786999999999999960e-03
-6.625000000000000000e+01 -1.554973821989529448e+01 1.786999999999999960e-03
-6.625000000000000000e+01 -1.460732984293194114e+01 2.019999999999999921e-02
-6.625000000000000000e+01 -1.366492146596859136e+01 1.134000000000000025e-03
-6.625000000000000000e+01 -1.272251308900523981e+01 0.000000000000000000e+00
-6.625000000000000000e+01 -1.178010471204188825e+01 1.430500000000000001e-02
-6.625000000000000000e+01 -1.083769633507853669e+01 2.106560000000000099e-01
-6.625000000000000000e+01 -9.895287958115185134e+00 2.575779999999999736e-01
-6.625000000000000000e+01 -8.952879581151833577e+00 2.076830000000000065e-01
-6.625000000000000000e+01 -8.010471204188482020e+00 2.295000000000000165e-03
-6.625000000000000000e+01 -7.068062827225130462e+00 8.109999999999999805e-04
-6.625000000000000000e+01 -6.125654450261779793e+00 1.610000000000000103e-04
-6.625000000000000000e+01 -5.183246073298429124e+00 3.260000000000000094e-04
-6.625000000000000000e+01 -4.240837696335078455e+00 3.696000000000000067e-03
-6.625000000000000000e+01 -3.298429319371727786e+00 1.823699999999999974e-02
-6.625000000000000000e+01 -2.356020942408377117e+00 6.369999999999999794e-03
-6.625000000000000000e+01 -1.413612565445026226e+00 0.000000000000000000e+00
-6.625000000000000000e+01 -4.712041884816753901e-01 2.425000000000000072e-03
-6.625000000000000000e+01 4.712041884816753901e-01 2.425000000000000072e-03
-6.625000000000000000e+01 1.413612565445026226e+00 9.719400000000000261e-02
-6.625000000000000000e+01 2.356020942408377117e+00 1.382400000000000018e-01
-6.500000000000000000e+01 -1.837696335078534560e+01 2.526099999999999873e-02
-6.500000000000000000e+01 -1.743455497382199582e+01 5.161769999999999969e-01
-6.500000000000000000e+01 -1.649214659685864603e+01 7.394399999999999584e-02
-6.500000000000000000e+01 -1.554973821989529448e+01 7.394399999999999584e-02
-6.500000000000000000e+01 -1.460732984293194114e+01 1.473200000000000030e-02
-6.500000000000000000e+01 -1.366492146596859136e+01 1.043900000000000036e-02
-6.500000000000000000e+01 -1.272251308900523981e+01 2.990000000000000036e-03
-6.500000000000000000e+01 -1.178010471204188825e+01 1.127900000000000083e-02
-6.500000000000000000e+01 -1.083769633507853669e+01 2.166389999999999982e-01
-6.500000000000000000e+01 -9.895287958115185134e+00 6.949070000000000524e-01
-6.500000000000000000e+01 -8.952879581151833577e+00 1.805509999999999893e-01
-6.500000000000000000e+01 -8.010471204188482020e+00 8.514000000000000734e-03
-6.500000000000000000e+01 -7.068062827225130462e+00 6.605999999999999373e-02
-6.500000000000000000e+01 -6.125654450261779793e+00 1.147999999999999932e-03
-6.500000000000000000e+01 -5.183246073298429124e+00 1.508289999999999909e-01
-6.500000000000000000e+01 -4.240837696335078455e+00 3.631399999999999906e-02
-6.500000000000000000e+01 -3.298429319371727786e+00 8.419400000000000495e-02
-6.500000000000000000e+01 -2.356020942408377117e+00 4.329999999999999648e-03
-6.500000000000000000e+01 -1.413612565445026226e+00 1.791999999999999973e-03
-6.500000000000000000e+01 -4.712041884816753901e-01 7.742999999999999883e-03
-6.500000000000000000e+01 4.712041884816753901e-01 7.742999999999999883e-03
-6.500000000000000000e+01 1.413612565445026226e+00 2.658999999999999905e-03
-6.375000000000000000e+01 -2.026178010471204516e+01 8.333329999999999904e-01
-6.375000000000000000e+01 -1.931937172774869538e+01 3.498390000000000111e-01
-6.375000000000000000e+01 -1.837696335078534560e+01 1.565390000000000115e-01
-6.375000000000000000e+01 -1.743455497382199582e+01 6.117259999999999920e-01
-6.375000000000000000e+01 -1.649214659685864603e+01 7.200399999999999856e-02
-6.375000000000000000e+01 -1.554973821989529448e+01 7.200399999999999856e-02
-6.375000000000000000e+01 -1.460732984293194114e+01 4.892900000000000027e-02
-6.375000000000000000e+01 -1.366492146596859136e+01 4.129999999999999991e-03
-6.375000000000000000e+01 -1.272251308900523981e+01 3.510999999999999798e-03
-6.375000000000000000e+01 -1.178010471204188825e+01 2.310719999999999996e-01
-6.375000000000000000e+01 -1.083769633507853669e+01 6.405900000000000483e-02
-6.375000000000000000e+01 -9.895287958115185134e+00 5.500650000000000261e-01
-6.375000000000000000e+01 -8.952879581151833577e+00 8.369189999999999685e-01
-6.375000000000000000e+01 -8.010471204188482020e+00 4.994709999999999983e-01
-6.375000000000000000e+01 -7.068062827225130462e+00 2.077440000000000120e-01
-6.375000000000000000e+01 -6.125654450261779793e+00 4.970999999999999724e-03
-6.375000000000000000e+01 -5.183246073298429124e+00 5.251600000000000018e-02
-6.375000000000000000e+01 -4.240837696335078455e+00 2.069030000000000036e-01
-6.375000000000000000e+01 -3.298429319371727786e+00 5.460700000000000276e-02
-6.375000000000000000e+01 -2.356020942408377117e+00 3.249999999999999851e-04
-6.375000000000000000e+01 -1.413612565445026226e+00 4.290000000000000410e-03
-6.375000000000000000e+01 -4.712041884816753901e-01 3.074100000000000096e-02
-6.375000000000000000e+01 4.712041884816753901e-01 3.074100000000000096e-02
-6.375000000000000000e+01 1.413612565445026226e+00 1.129710000000000020e-01
-6.375000000000000000e+01 3.298429319371727786e+00 2.761800000000000019e-02
-6.250000000000000000e+01 -1.931937172774869538e+01 4.081910000000000260e-01
-6.250000000000000000e+01 -1.837696335078534560e+01 7.283119999999999594e-01
-6.250000000000000000e+01 -1.743455497382199582e+01 8.403070000000000261e-01
-6.250000000000000000e+01 -1.649214659685864603e+01 1.352949999999999986e-01
-6.250000000000000000e+01 -1.554973821989529448e+01 1.352949999999999986e-01
-6.250000000000000000e+01 -1.460732984293194114e+01 7.910999999999999630e-03
-6.250000000000000000e+01 -1.366492146596859136e+01 2.263999999999999953e-03
-6.250000000000000000e+01 -1.272251308900523981e+01 1.157999999999999958e-03
-6.250000000000000000e+01 -1.178010471204188825e+01 3.397209999999999952e-01
-6.250000000000000000e+01 -1.083769633507853669e+01 3.390340000000000020e-01
-6.250000000000000000e+01 -9.895287958115185134e+00 9.786030000000000006e-01
-6.250000000000000000e+01 -8.952879581151833577e+00 4.414790000000000103e-01
-6.250000000000000000e+01 -8.010471204188482020e+00 2.966630000000000100e-01
-6.250000000000000000e+01 -7.068062827225130462e+00 5.585409999999999542e-01
-6.250000000000000000e+01 -6.125654450261779793e+00 2.429900000000000115e-01
-6.250000000000000000e+01 -5.183246073298429124e+00 2.396000000000000126e-03
-6.250000000000000000e+01 -4.240837696335078455e+00 2.108470000000000066e-01
-6.250000000000000000e+01 -3.298429319371727786e+00 2.615500000000000116e-02
-6.250000000000000000e+01 -2.356020942408377117e+00 1.138100000000000049e-02
-6.250000000000000000e+01 -1.413612565445026226e+00 1.708109999999999906e-01
-6.250000000000000000e+01 -4.712041884816753901e-01 6.509999999999999945e-04
-6.250000000000000000e+01 4.712041884816753901e-01 6.509999999999999945e-04
-6.250000000000000000e+01 1.413612565445026226e+00 9.329000000000000486e-03
-6.250000000000000000e+01 2.356020942408377117e+00 1.399300000000000023e-02
-6.250000000000000000e+01 3.298429319371727786e+00 0.000000000000000000e+00
-6.125000000000000000e+01 -1.837696335078534560e+01 2.190199999999999925e-01
-6.125000000000000000e+01 -1.743455497382199582e+01 4.278839999999999866e-01
-6.125000000000000000e+01 -1.649214659685864603e+01 3.758009999999999962e-01
-6.125000000000000000e+01 -1.554973821989529448e+01 3.758009999999999962e-01
-6.125000000000000000e+01 -1.460732984293194114e+01 9.574000000000000565e-02
-6.125000000000000000e+01 -1.366492146596859136e+01 3.895400000000000251e-02
-6.125000000000000000e+01 -1.272251308900523981e+01 6.153220000000000356e-01
-6.125000000000000000e+01 -1.178010471204188825e+01 7.726499999999999480e-01
-6.125000000000000000e+01 -1.083769633507853669e+01 4.174889999999999990e-01
-6.125000000000000000e+01 -9.895287958115185134e+00 2.392479999999999885e-01
-6.125000000000000000e+01 -8.952879581151833577e+00 1.351620000000000044e-01
-6.125000000000000000e+01 -8.010471204188482020e+00 2.898120000000000140e-01
-6.125000000000000000e+01 -7.068062827225130462e+00 1.040760000000000018e-01
-6.125000000000000000e+01 -6.125654450261779793e+00 1.038229999999999986e-01
-6.125000000000000000e+01 -5.183246073298429124e+00 2.214430000000000009e-01
-6.125000000000000000e+01 -4.240837696335078455e+00 6.089440000000000408e-01
-6.125000000000000000e+01 -3.298429319371727786e+00 5.153739999999999988e-01
-6.125000000000000000e+01 -2.356020942408377117e+00 1.476500000000000035e-02
-6.125000000000000000e+01 -1.413612565445026226e+00 3.835800000000000320e-02
-6.125000000000000000e+01 -4.712041884816753901e-01 2.658309999999999840e-01
-6.125000000000000000e+01 4.712041884816753901e-01 2.658309999999999840e-01
-6.125000000000000000e+01 1.413612565445026226e+00 2.612039999999999917e-01
-6.125000000000000000e+01 2.356020942408377117e+00 6.186420000000000252e-01
-6.125000000000000000e+01 3.298429319371727786e+00 2.585859999999999825e-01
-6.125000000000000000e+01 4.240837696335078455e+00 3.625500000000000250e-02
-6.000000000000000000e+01 -1.554973821989529448e+01 9.772500000000000631e-02
-6.000000000000000000e+01 -1.460732984293194114e+01 4.000980000000000092e-01
-6.000000000000000000e+01 -1.366492146596859136e+01 4.285950000000000037e-01
-6.000000000000000000e+01 -1.272251308900523981e+01 3.625220000000000109e-01
-6.000000000000000000e+01 -1.178010471204188825e+01 1.192899999999999933e-01
-6.000000000000000000e+01 -1.083769633507853669e+01 1.132999999999999893e-03
-6.000000000000000000e+01 -9.895287958115185134e+00 5.444700000000000234e-02
-6.000000000000000000e+01 -8.952879581151833577e+00 5.904000000000000394e-03
-6.000000000000000000e+01 -8.010471204188482020e+00 7.641499999999999682e-02
-6.000000000000000000e+01 -7.068062827225130462e+00 6.997729999999999784e-01
-6.000000000000000000e+01 -6.125654450261779793e+00 1.429749999999999910e-01
-6.000000000000000000e+01 -5.183246073298429124e+00 1.332540000000000113e-01
-6.000000000000000000e+01 -4.240837696335078455e+00 6.827309999999999768e-01
-6.000000000000000000e+01 -3.298429319371727786e+00 8.041840000000000099e-01
-6.000000000000000000e+01 -2.356020942408377117e+00 7.975410000000000554e-01
-6.000000000000000000e+01 -1.413612565445026226e+00 3.929830000000000267e-01
-6.000000000000000000e+01 -4.712041884816753901e-01 1.335800000000000043e-01
-6.000000000000000000e+01 4.712041884816753901e-01 1.335800000000000043e-01
-6.000000000000000000e+01 1.413612565445026226e+00 7.457639999999999825e-01
-6.000000000000000000e+01 2.356020942408377117e+00 1.705869999999999886e-01
-6.000000000000000000e+01 3.298429319371727786e+00 1.386739999999999917e-01
-6.000000000000000000e+01 4.240837696335078455e+00 2.017899999999999902e-02
-6.000000000000000000e+01 5.183246073298429124e+00 1.357200000000000073e-02
-5.875000000000000000e+01 -1.366492146596859136e+01 5.121300000000000158e-02
-5.875000000000000000e+01 -1.272251308900523981e+01 4.676999999999999734e-03
-5.875000000000000000e+01 -1.178010471204188825e+01 2.015119999999999967e-01
-5.875000000000000000e+01 -1.083769633507853669e+01 4.085500000000000242e-01
-5.875000000000000000e+01 -9.895287958115185134e+00 3.538499999999999979e-01
-5.875000000000000000e+01 -8.952879581151833577e+00 7.618300000000000072e-02
-5.875000000000000000e+01 -8.010471204188482020e+00 1.565000000000000072e-02
-5.875000000000000000e+01 -7.068062827225130462e+00 5.383080000000000087e-01
-5.875000000000000000e+01 -6.125654450261779793e+00 7.611600000000000310e-02
-5.875000000000000000e+01 -5.183246073298429124e+00 3.442000000000000181e-03
-5.875000000000000000e+01 -4.240837696335078455e+00 4.060529999999999973e-01
-5.875000000000000000e+01 -3.298429319371727786e+00 8.674960000000000448e-01
-5.875000000000000000e+01 -2.356020942408377117e+00 3.953809999999999825e-01
-5.875000000000000000e+01 -1.413612565445026226e+00 1.753000000000000044e-02
-5.875000000000000000e+01 -4.712041884816753901e-01 3.709000000000000057e-03
-5.875000000000000000e+01 4.712041884816753901e-01 3.709000000000000057e-03
-5.750000000000000000e+01 -1.366492146596859136e+01 5.436599999999999766e-02
-5.750000000000000000e+01 -1.272251308900523981e+01 6.478299999999999337e-02
-5.750000000000000000e+01 -1.178010471204188825e+01 5.131430000000000158e-01
-5.750000000000000000e+01 -1.083769633507853669e+01 3.872590000000000199e-01
-5.750000000000000000e+01 -9.895287958115185134e+00 6.449240000000000528e-01
-5.750000000000000000e+01 -8.952879581151833577e+00 3.578200000000000131e-02
-5.750000000000000000e+01 -8.010471204188482020e+00 3.959999999999999978e-03
-5.750000000000000000e+01 -7.068062827225130462e+00 2.624399999999999997e-02
-5.750000000000000000e+01 -6.125654450261779793e+00 4.649860000000000104e-01
-5.750000000000000000e+01 -5.183246073298429124e+00 4.708699999999999691e-02
-5.750000000000000000e+01 -4.240837696335078455e+00 2.452860000000000040e-01
-5.750000000000000000e+01 -3.298429319371727786e+00 5.306779999999999831e-01
-5.750000000000000000e+01 -2.356020942408377117e+00 1.442460000000000131e-01
-5.750000000000000000e+01 -1.413612565445026226e+00 2.091799999999999909e-02
-5.750000000000000000e+01 -4.712041884816753901e-01 7.469800000000000051e-02
-5.750000000000000000e+01 4.712041884816753901e-01 7.469800000000000051e-02
-5.750000000000000000e+01 1.413612565445026226e+00 2.605830000000000091e-01
-5.625000000000000000e+01 -1.366492146596859136e+01 3.741329999999999933e-01
-5.625000000000000000e+01 -1.272251308900523981e+01 3.477799999999999780e-01
-5.625000000000000000e+01 -1.178010471204188825e+01 7.554100000000000259e-01
-5.625000000000000000e+01 -1.083769633507853669e+01 5.184260000000000534e-01
-5.625000000000000000e+01 -9.895287958115185134e+00 8.102270000000000305e-01
-5.625000000000000000e+01 -8.952879581151833577e+00 4.834999999999999715e-02
-5.625000000000000000e+01 -8.010471204188482020e+00 1.315400000000000076e-02
-5.625000000000000000e+01 -7.068062827225130462e+00 1.781510000000000038e-01
-5.625000000000000000e+01 -6.125654450261779793e+00 3.997580000000000022e-01
-5.625000000000000000e+01 -5.183246073298429124e+00 5.107829999999999870e-01
-5.625000000000000000e+01 -4.240837696335078455e+00 4.939769999999999994e-01
-5.625000000000000000e+01 -3.298429319371727786e+00 1.442340000000000011e-01
-5.625000000000000000e+01 -2.356020942408377117e+00 4.816730000000000178e-01
-5.625000000000000000e+01 -1.413612565445026226e+00 5.829000000000000153e-02
-5.625000000000000000e+01 -4.712041884816753901e-01 1.319200000000000060e-02
-5.625000000000000000e+01 4.712041884816753901e-01 1.319200000000000060e-02
-5.625000000000000000e+01 1.413612565445026226e+00 0.000000000000000000e+00
-5.500000000000000000e+01 -1.460732984293194114e+01 1.837709999999999899e-01
-5.500000000000000000e+01 -1.366492146596859136e+01 4.329899999999999721e-02
-5.500000000000000000e+01 -1.272251308900523981e+01 4.607539999999999969e-01
-5.500000000000000000e+01 -1.178010471204188825e+01 7.719230000000000258e-01
-5.500000000000000000e+01 -1.083769633507853669e+01 8.427810000000000024e-01
-5.500000000000000000e+01 -9.895287958115185134e+00 7.665549999999999864e-01
-5.500000000000000000e+01 -8.952879581151833577e+00 9.626899999999999347e-02
-5.500000000000000000e+01 -8.010471204188482020e+00 3.388379999999999725e-01
-5.500000000000000000e+01 -7.068062827225130462e+00 3.357510000000000217e-01
-5.500000000000000000e+01 -6.125654450261779793e+00 9.195899999999999908e-02
-5.500000000000000000e+01 -5.183246073298429124e+00 4.749300000000000049e-02
-5.500000000000000000e+01 -4.240837696335078455e+00 5.993629999999999791e-01
-5.500000000000000000e+01 -3.298429319371727786e+00 5.884650000000000158e-01
-5.500000000000000000e+01 -2.356020942408377117e+00 6.462550000000000239e-01
-5.500000000000000000e+01 -1.413612565445026226e+00 4.927399999999999836e-02
-5.500000000000000000e+01 -4.712041884816753901e-01 2.420000000000000005e-04
-5.500000000000000000e+01 4.712041884816753901e-01 2.420000000000000005e-04
-5.500000000000000000e+01 1.413612565445026226e+00 2.420000000000000005e-04
-5.500000000000000000e+01 2.356020942408377117e+00 5.760000000000000146e-04
-5.375000000000000000e+01 -1.460732984293194114e+01 4.079999999999999968e-04
-5.375000000000000000e+01 -1.366492146596859136e+01 4.145000000000000073e-02
-5.375000000000000000e+01 -1.272251308900523981e+01 2.139060000000000128e-01
-5.375000000000000000e+01 -1.178010471204188825e+01 2.071989999999999943e-01
-5.375000000000000000e+01 -1.083769633507853669e+01 2.836420000000000052e-01
-5.375000000000000000e+01 -9.895287958115185134e+00 3.524930000000000008e-01
-5.375000000000000000e+01 -8.952879581151833577e+00 1.337400000000000047e-02
-5.375000000000000000e+01 -8.010471204188482020e+00 8.000000000000000654e-05
-5.375000000000000000e+01 -7.068062827225130462e+00 2.101000000000000003e-03
-5.375000000000000000e+01 -6.125654450261779793e+00 6.347000000000000211e-03
-5.375000000000000000e+01 -5.183246073298429124e+00 3.327999999999999795e-03
-5.375000000000000000e+01 -4.240837696335078455e+00 5.659990000000000299e-01
-5.375000000000000000e+01 -3.298429319371727786e+00 6.499150000000000205e-01
-5.375000000000000000e+01 -2.356020942408377117e+00 4.972820000000000018e-01
-5.375000000000000000e+01 -1.413612565445026226e+00 1.124409999999999993e-01
-5.375000000000000000e+01 -4.712041884816753901e-01 9.719999999999999907e-04
-5.375000000000000000e+01 4.712041884816753901e-01 9.719999999999999907e-04
-5.375000000000000000e+01 1.413612565445026226e+00 1.217999999999999899e-03
-5.375000000000000000e+01 2.356020942408377117e+00 1.054000000000000032e-03
-5.250000000000000000e+01 -1.366492146596859136e+01 1.288800000000000015e-02
-5.250000000000000000e+01 -1.272251308900523981e+01 2.164899999999999880e-01
-5.250000000000000000e+01 -1.178010471204188825e+01 1.398540000000000061e-01
-5.250000000000000000e+01 -1.083769633507853669e+01 3.157769999999999744e-01
-5.250000000000000000e+01 -9.895287958115185134e+00 1.002050000000000024e-01
-5.250000000000000000e+01 -8.952879581151833577e+00 5.699999999999999772e-04
-5.250000000000000000e+01 -8.010471204188482020e+00 1.825000000000000016e-03
-5.250000000000000000e+01 -7.068062827225130462e+00 1.878099999999999908e-02
-5.250000000000000000e+01 -6.125654450261779793e+00 4.149599999999999816e-02
-5.250000000000000000e+01 -5.183246073298429124e+00 1.755000000000000050e-03
-5.250000000000000000e+01 -4.240837696335078455e+00 1.611130000000000062e-01
-5.250000000000000000e+01 -3.298429319371727786e+00 4.016259999999999830e-01
-5.250000000000000000e+01 -2.356020942408377117e+00 4.630399999999999794e-02
-5.250000000000000000e+01 -1.413612565445026226e+00 5.063330000000000330e-01
-5.250000000000000000e+01 -4.712041884816753901e-01 7.263600000000000612e-02
-5.250000000000000000e+01 4.712041884816753901e-01 7.263600000000000612e-02
-5.125000000000000000e+01 -8.952879581151833577e+00 5.962929999999999620e-01
-5.125000000000000000e+01 -8.010471204188482020e+00 4.196779999999999955e-01
-5.125000000000000000e+01 -7.068062827225130462e+00 4.634480000000000266e-01
-5.125000000000000000e+01 -5.183246073298429124e+00 1.905290000000000039e-01
-5.125000000000000000e+01 -4.240837696335078455e+00 3.560030000000000139e-01
-5.125000000000000000e+01 -3.298429319371727786e+00 5.440120000000000511e-01
-5.125000000000000000e+01 -2.356020942408377117e+00 1.453019999999999867e-01
-5.000000000000000000e+01 -3.298429319371727786e+00 6.835529999999999662e-01
