-7.875000000000000000e+01 -6.125654450261779793e+00 4.987559999999999771e-01
-7.875000000000000000e+01 -5.183246073298429124e+00 1.908549999999999969e-01
-7.875000000000000000e+01 -4.240837696335078455e+00 2.697689999999999810e-01
-7.875000000000000000e+01 -3.298429319371727786e+00 4.005710000000000104e-01
-7.875000000000000000e+01 -2.356020942408377117e+00 0.000000000000000000e+00
-7.875000000000000000e+01 -1.413612565445026226e+00 0.000000000000000000e+00
-7.750000000000000000e+01 -8.952879581151833577e+00 1.875680000000000125e-01
-7.750000000000000000e+01 -8.010471204188482020e+00 1.435049999999999937e-01
-7.750000000000000000e+01 -7.068062827225130462e+00 2.842770000000000019e-01
-7.750000000000000000e+01 -6.125654450261779793e+00 4.964060000000000139e-01
-7.750000000000000000e+01 -5.183246073298429124e+00 1.385049999999999892e-01
-7.750000000000000000e+01 -4.240837696335078455e+00 3.189600000000000074e-02
-7.750000000000000000e+01 -3.298429319371727786e+00 3.257349999999999968e-01
-7.750000000000000000e+01 -2.356020942408377117e+00 1.838780000000000137e-01
-7.750000000000000000e+01 -1.413612565445026226e+00 3.120220000000000216e-01
-7.750000000000000000e+01 -4.712041884816753901e-01 1.925350000000000117e-01
-7.750000000000000000e+01 4.712041884816753901e-01 1.925350000000000117e-01
-7.625000000000000000e+01 -1.083769633507853669e+01 6.427800000000000180e-02
-7.625000000000000000e+01 -9.895287958115185134e+00 1.298219999999999930e-01
-7.625000000000000000e+01 -8.952879581151833577e+00 3.859110000000000040e-01
-7.625000000000000000e+01 -8.010471204188482020e+00 1.056689999999999990e-01
-7.625000000000000000e+01 -7.068062827225130462e+00 2.164699999999999958e-01
-7.625000000000000000e+01 -6.125654450261779793e+00 3.125780000000000225e-01
-7.625000000000000000e+01 -5.183246073298429124e+00 4.002700000000000008e-02
-7.625000000000000000e+01 -4.240837696335078455e+00 1.472000000000000001e-03
-7.625000000000000000e+01 -3.298429319371727786e+00 3.983000000000000429e-03
-7.625000000000000000e+01 -2.356020942408377117e+00 2.553000000000000148e-03
-7.625000000000000000e+01 -1.413612565445026226e+00 3.344999999999999883e-03
-7.625000000000000000e+01 -4.712041884816753901e-01 1.090610000000000052e-01
-7.625000000000000000e+01 4.712041884816753901e-01 1.090610000000000052e-01
-7.625000000000000000e+01 1.413612565445026226e+00 7.110919999999999463e-01
-7.500000000000000000e+01 -1.366492146596859136e+01 7.814200000000000312e-02
-7.500000000000000000e+01 -1.272251308900523981e+01 1.417779999999999874e-01
-7.500000000000000000e+01 -1.178010471204188825e+01 1.237540000000000029e-01
-7.500000000000000000e+01 -1.083769633507853669e+01 3.231609999999999761e-01
-7.500000000000000000e+01 -9.895287958115185134e+00 1.568789999999999907e-01
-7.500000000000000000e+01 -8.952879581151833577e+00 4.336559999999999859e-01
-7.500000000000000000e+01 -8.010471204188482020e+00 2.140950000000000075e-01
-7.500000000000000000e+01 -7.068062827225130462e+00 3.468899999999999761e-02
-7.500000000000000000e+01 -6.125654450261779793e+00 6.070300000000000001e-02
-7.500000000000000000e+01 -5.183246073298429124e+00 4.566900000000000126e-02
-7.500000000000000000e+01 -4.240837696335078455e+00 2.003299999999999872e-02
-7.500000000000000000e+01 -3.298429319371727786e+00 2.305999999999999890e-03
-7.500000000000000000e+01 -2.356020942408377117e+00 6.376999999999999856e-03
-7.500000000000000000e+01 -1.413612565445026226e+00 5.597000000000000412e-03
-7.500000000000000000e+01 -4.712041884816753901e-01 2.338900000000000007e-02
-7.500000000000000000e+01 4.712041884816753901e-01 2.338900000000000007e-02
-7.500000000000000000e+01 1.413612565445026226e+00 4.308359999999999967e-01
-7.500000000000000000e+01 2.356020942408377117e+00 8.453399999999999803e-01
-7.375000000000000000e+01 -1.460732984293194114e+01 0.000000000000000000e+00
-7.375000000000000000e+01 -1.366492146596859136e+01 1.302490000000000037e-01
-7.375000000000000000e+01 -1.272251308900523981e+01 8.026500000000000301e-02
-7.375000000000000000e+01 -1.178010471204188825e+01 9.636200000000000321e-02
-7.375000000000000000e+01 -1.083769633507853669e+01 8.803500000000000214e-02
-7.375000000000000000e+01 -9.895287958115185134e+00 5.811100000000000293e-02
-7.375000000000000000e+01 -8.952879581151833577e+00 8.702899999999999525e-02
-7.375000000000000000e+01 -8.010471204188482020e+00 9.353200000000000403e-02
-7.375000000000000000e+01 -7.068062827225130462e+00 3.885000000000000259e-02
-7.375000000000000000e+01 -6.125654450261779793e+00 2.464699999999999877e-02
-7.375000000000000000e+01 -5.183246073298429124e+00 7.177999999999999658e-02
-7.375000000000000000e+01 -4.240837696335078455e+00 2.272499999999999867e-02
-7.375000000000000000e+01 -3.298429319371727786e+00 7.262000000000000226e-03
-7.375000000000000000e+01 -2.356020942408377117e+00 5.409999999999999878e-03
-7.375000000000000000e+01 -1.413612565445026226e+00 6.739199999999999358e-02
-7.375000000000000000e+01 -4.712041884816753901e-01 2.467000000000000009e-03
-7.375000000000000000e+01 4.712041884816753901e-01 2.467000000000000009e-03
-7.375000000000000000e+01 1.413612565445026226e+00 3.635300000000000337e-02
-7.250000000000000000e+01 -1.460732984293194114e+01 5.432000000000000196e-03
-7.250000000000000000e+01 -1.366492146596859136e+01 1.374849999999999961e-01
-7.250000000000000000e+01 -1.272251308900523981e+01 1.681420000000000137e-01
-7.250000000000000000e+01 -1.178010471204188825e+01 4.293199999999999794e-02
-7.250000000000000000e+01 -1.083769633507853669e+01 6.879999999999999831e-03
-7.250000000000000000e+01 -9.895287958115185134e+00 0.000000000000000000e+00
-7.250000000000000000e+01 -8.952879581151833577e+00 9.797000000000000153e-03
-7.250000000000000000e+01 -8.010471204188482020e+00 3.482660000000000200e-01
-7.250000000000000000e+01 -7.068062827225130462e+00 1.454030000000000045e-01
-7.250000000000000000e+01 -6.125654450261779793e+00 9.730000000000000151e-04
-7.250000000000000000e+01 -5.183246073298429124e+00 9.737000000000000863e-03
-7.250000000000000000e+01 -4.240837696335078455e+00 1.123389999999999944e-01
-7.250000000000000000e+01 -3.298429319371727786e+00 2.123999999999999846e-02
-7.250000000000000000e+01 -2.356020942408377117e+00 3.225299999999999695e-02
-7.250000000000000000e+01 -1.413612565445026226e+00 7.893999999999999975e-03
-7.250000000000000000e+01 -4.712041884816753901e-01 6.908000000000000078e-03
-7.250000000000000000e+01 4.712041884816753901e-01 6.908000000000000078e-03
-7.250000000000000000e+01 1.413612565445026226e+00 1.020399999999999953e-02
-7.125000000000000000e+01 -1.460732984293194114e+01 9.079900000000000471e-02
-7.125000000000000000e+01 -1.366492146596859136e+01 2.439500000000000002e-02
-7.125000000000000000e+01 -1.272251308900523981e+01 1.505769999999999886e-01
-7.125000000000000000e+01 -1.178010471204188825e+01 1.804999999999999964e-03
-7.125000000000000000e+01 -1.083769633507853669e+01 0.000000000000000000e+00
-7.125000000000000000e+01 -9.895287958115185134e+00 6.791000000000000161e-03
-7.125000000000000000e+01 -8.952879581151833577e+00 6.634199999999999819e-02
-7.125000000000000000e+01 -8.010471204188482020e+00 4.194829999999999948e-01
-7.125000000000000000e+01 -7.068062827225130462e+00 1.044400000000000016e-02
-7.125000000000000000e+01 -6.125654450261779793e+00 4.655000000000000283e-03
-7.125000000000000000e+01 -5.183246073298429124e+00 2.429999999999999977e-04
-7.125000000000000000e+01 -4.240837696335078455e+00 2.704099999999999906e-02
-7.125000000000000000e+01 -3.298429319371727786e+00 1.589999999999999888e-04
-7.125000000000000000e+01 -2.356020942408377117e+00 3.446899999999999964e-02
-7.125000000000000000e+01 -1.413612565445026226e+00 3.592000000000000141e-03
-7.125000000000000000e+01 -4.712041884816753901e-01 0.000000000000000000e+00
-7.125000000000000000e+01 4.712041884816753901e-01 0.000000000000000000e+00
-7.125000000000000000e+01 1.413612565445026226e+00 7.238500000000000489e-02
-7.000000000000000000e+01 -1.366492146596859136e+01 8.580000000000000820e-03
-7.000000000000000000e+01 -1.272251308900523981e+01 2.201089999999999991e-01
-7.000000000000000000e+01 -1.178010471204188825e+01 1.864700000000000038e-02
-7.000000000000000000e+01 -1.083769633507853669e+01 2.410420000000000063e-01
-7.000000000000000000e+01 -9.895287958115185134e+00 1.842000000000000104e-03
-7.000000000000000000e+01 -8.952879581151833577e+00 1.752170000000000116e-01
-7.000000000000000000e+01 -8.010471204188482020e+00 2.304309999999999969e-01
-7.000000000000000000e+01 -7.068062827225130462e+00 3.074299999999999949e-02
-7.000000000000000000e+01 -6.125654450261779793e+00 1.861000000000000024e-03
-7.000000000000000000e+01 -5.183246073298429124e+00 8.040000000000000271e-04
-7.000000000000000000e+01 -4.240837696335078455e+00 1.002610000000000029e-01
-7.000000000000000000e+01 -3.298429319371727786e+00 3.457299999999999957e-02
-7.000000000000000000e+01 -2.356020942408377117e+00 1.144399999999999931e-02
-7.000000000000000000e+01 -1.413612565445026226e+00 2.291800000000000087e-02
-7.000000000000000000e+01 -4.712041884816753901e-01 1.220300000000000031e-02
-7.000000000000000000e+01 4.712041884816753901e-01 1.220300000000000031e-02
-7.000000000000000000e+01 1.413612565445026226e+00 5.766000000000000292e-03
-6.875000000000000000e+01 -1.554973821989529448e+01 1.353999999999999952e-03
-6.875000000000000000e+01 -1.460732984293194114e+01 2.753299999999999845e-02
-6.875000000000000000e+01 -1.366492146596859136e+01 1.387799999999999971e-02
-6.875000000000000000e+01 -1.272251308900523981e+01 1.374130000000000074e-01
-6.875000000000000000e+01 -1.178010471204188825e+01 3.506549999999999945e-01
-6.875000000000000000e+01 -1.083769633507853669e+01 5.461549999999999461e-01
-6.875000000000000000e+01 -9.895287958115185134e+00 1.069610000000000005e-01
-6.875000000000000000e+01 -8.952879581151833577e+00 4.618780000000000108e-01
-6.875000000000000000e+01 -8.010471204188482020e+00 8.009999999999999542e-04
-6.875000000000000000e+01 -7.068062827225130462e+00 2.047999999999999907e-03
-6.875000000000000000e+01 -6.125654450261779793e+00 1.129999999999999928e-03
-6.875000000000000000e+01 -5.183246073298429124e+00 4.840000000000000010e-04
-6.875000000000000000e+01 -4.240837696335078455e+00 4.423999999999999981e-03
-6.875000000000000000e+01 -3.298429319371727786e+00 7.030999999999999923e-03
-6.875000000000000000e+01 -2.356020942408377117e+00 4.423999999999999981e-03
-6.875000000000000000e+01 -1.413612565445026226e+00 4.595000000000000126e-03
-6.875000000000000000e+01 -4.712041884816753901e-01 1.129100000000000069e-02
-6.875000000000000000e+01 4.712041884816753901e-01 1.129100000000000069e-02
-6.875000000000000000e+01 1.413612565445026226e+00 1.379299999999999971e-02
-6.875000000000000000e+01 2.356020942408377117e+00 6.295000000000000248e-03
-6.750000000000000000e+01 -1.649214659685864603e+01 2.882319999999999882e-01
-6.750000000000000000e+01 -1.554973821989529448e+01 2.882319999999999882e-01
-6.750000000000000000e+01 -1.460732984293194114e+01 1.200890000000000013e-01
-6.750000000000000000e+01 -1.366492146596859136e+01 1.025559999999999944e-01
-6.750000000000000000e+01 -1.272251308900523981e+01 1.115400000000000072e-02
-6.750000000000000000e+01 -1.178010471204188825e+01 1.627899999999999833e-02
-6.750000000000000000e+01 -1.083769633507853669e+01 3.332220000000000182e-01
-6.750000000000000000e+01 -9.895287958115185134e+00 8.062709999999999599e-01
-6.750000000000000000e+01 -8.952879581151833577e+00 2.318890000000000118e-01
-6.750000000000000000e+01 -8.010471204188482020e+00 1.278000000000000056e-03
-6.750000000000000000e+01 -7.068062827225130462e+00 8.919999999999999978e-04
-6.750000000000000000e+01 -6.125654450261779793e+00 5.134999999999999808e-03
-6.750000000000000000e+01 -5.183246073298429124e+00 1.128000000000000096e-03
-6.750000000000000000e+01 -4.240837696335078455e+00 8.059999999999999673e-04
-6.750000000000000000e+01 -3.298429319371727786e+00 1.389100000000000057e-02
-6.750000000000000000e+01 -2.356020942408377117e+00 3.310000000000000225e-04
-6.750000000000000000e+01 -1.413612565445026226e+00 8.000000000000000654e-05
-6.750000000000000000e+01 -4.712041884816753901e-01 8.989999999999999511e-04
-6.750000000000000000e+01 4.712041884816753901e-01 8.989999999999999511e-04
-6.750000000000000000e+01 1.413612565445026226e+00 6.081999999999999733e-03
-6.750000000000000000e+01 2.356020942408377117e+00 1.765000000000000076e-03
-6.625000000000000000e+01 -1.837696335078534560e+01 8.382100000000000661e-02
-6.625000000000000000e+01 -1.743455497382199582e+01 2.402040000000000008e-01
-6.625000000000000000e+01 -1.649214659685864603e+01 7.067999999999999630e-03
-6.625000000000000000e+01 -1.554973821989529448e+01 7.067999999999999630e-03
-6.625000000000000000e+01 -1.460732984293194114e+01 8.437000000000000055e-03
-6.625000000000000000e+01 -1.366492146596859136e+01 1.134000000000000025e-03
-6.625000000000000000e+01 -1.272251308900523981e+01 0.000000000000000000e+00
-6.625000000000000000e+01 -1.178010471204188825e+01 7.759000000000000272e-03
-6.625000000000000000e+01 -1.083769633507853669e+01 1.255429999999999879e-01
-6.625000000000000000e+01 -9.895287958115185134e+00 2.772729999999999917e-01
-6.625000000000000000e+01 -8.952879581151833577e+00 1.403149999999999953e-01
-6.625000000000000000e+01 -8.010471204188482020e+00 2.295000000000000165e-03
-6.625000000000000000e+01 -7.068062827225130462e+00 8.109999999999999805e-04
-6.625000000000000000e+01 -6.125654450261779793e+00 1.610000000000000103e-04
-6.625000000000000000e+01 -5.183246073298429124e+00 3.260000000000000094e-04
-6.625000000000000000e+01 -4.240837696335078455e+00 3.536000000000000081e-03
-6.625000000000000000e+01 -3.298429319371727786e+00 1.401600000000000068e-02
-6.625000000000000000e+01 -2.356020942408377117e+00 6.283999999999999655e-03
-6.625000000000000000e+01 -1.413612565445026226e+00 0.000000000000000000e+00
-6.625000000000000000e+01 -4.712041884816753901e-01 2.425000000000000072e-03
-6.625000000000000000e+01 4.712041884816753901e-01 2.425000000000000072e-03
-6.625000000000000000e+01 1.413612565445026226e+00 7.997100000000000042e-02
-6.625000000000000000e+01 2.356020942408377117e+00 6.789900000000000102e-02
-6.500000000000000000e+01 -1.837696335078534560e+01 2.705300000000000066e-02
-6.500000000000000000e+01 -1.743455497382199582e+01 4.771690000000000098e-01
-6.500000000000000000e+01 -1.649214659685864603e+01 2.658599999999999852e-02
-6.500000000000000000e+01 -1.554973821989529448e+01 2.658599999999999852e-02
-6.500000000000000000e+01 -1.460732984293194114e+01 7.450000000000000025e-03
-6.500000000000000000e+01 -1.366492146596859136e+01 4.413000000000000256e-03
-6.500000000000000000e+01 -1.272251308900523981e+01 1.992999999999999980e-03
-6.500000000000000000e+01 -1.178010471204188825e+01 1.784499999999999975e-02
-6.500000000000000000e+01 -1.083769633507853669e+01 2.236269999999999925e-01
-6.500000000000000000e+01 -9.895287958115185134e+00 6.121739999999999959e-01
-6.500000000000000000e+01 -8.952879581151833577e+00 2.454880000000000118e-01
-6.500000000000000000e+01 -8.010471204188482020e+00 2.335399999999999976e-02
-6.500000000000000000e+01 -7.068062827225130462e+00 7.135199999999999876e-02
-6.500000000000000000e+01 -6.125654450261779793e+00 1.147999999999999932e-03
-6.500000000000000000e+01 -5.183246073298429124e+00 1.094900000000000040e-02
-6.500000000000000000e+01 -4.240837696335078455e+00 2.182100000000000012e-02
-6.500000000000000000e+01 -3.298429319371727786e+00 6.639599999999999669e-02
-6.500000000000000000e+01 -2.356020942408377117e+00 4.329999999999999648e-03
-6.500000000000000000e+01 -1.413612565445026226e+00 1.791999999999999973e-03
-6.500000000000000000e+01 -4.712041884816753901e-01 7.742999999999999883e-03
-6.500000000000000000e+01 4.712041884816753901e-01 7.742999999999999883e-03
-6.500000000000000000e+01 1.413612565445026226e+00 2.658999999999999905e-03
-6.375000000000000000e+01 -2.026178010471204516e+01 3.333329999999999904e-01
-6.375000000000000000e+01 -1.931937172774869538e+01 2.367930000000000035e-01
-6.375000000000000000e+01 -1.837696335078534560e+01 1.633090000000000097e-01
-6.375000000000000000e+01 -1.743455497382199582e+01 5.573909999999999698e-01
-6.375000000000000000e+01 -1.649214659685864603e+01 6.512300000000000033e-02
-6.375000000000000000e+01 -1.554973821989529448e+01 6.512300000000000033e-02
-6.375000000000000000e+01 -1.460732984293194114e+01 2.742999999999999952e-02
-6.375000000000000000e+01 -1.366492146596859136e+01 3.386000000000000121e-03
-6.375000000000000000e+01 -1.272251308900523981e+01 4.682000000000000398e-03
-6.375000000000000000e+01 -1.178010471204188825e+01 5.287610000000000365e-01
-6.375000000000000000e+01 -1.083769633507853669e+01 6.899900000000000477e-02
-6.375000000000000000e+01 -9.895287958115185134e+00 5.367199999999999749e-01
-6.375000000000000000e+01 -8.952879581151833577e+00 8.124949999999999672e-01
-6.375000000000000000e+01 -8.010471204188482020e+00 4.266059999999999852e-01
-6.375000000000000000e+01 -7.068062827225130462e+00 7.663100000000000467e-02
-6.375000000000000000e+01 -6.125654450261779793e+00 4.970999999999999724e-03
-6.375000000000000000e+01 -5.183246073298429124e+00 2.495299999999999949e-02
-6.375000000000000000e+01 -4.240837696335078455e+00 8.175999999999999934e-02
-6.375000000000000000e+01 -3.298429319371727786e+00 1.724000000000000055e-03
-6.375000000000000000e+01 -2.356020942408377117e+00 3.249999999999999851e-04
-6.375000000000000000e+01 -1.413612565445026226e+00 3.240000000000000150e-04
-6.375000000000000000e+01 -4.712041884816753901e-01 1.828999999999999897e-03
-6.375000000000000000e+01 4.712041884816753901e-01 1.828999999999999897e-03
-6.375000000000000000e+01 1.413612565445026226e+00 0.000000000000000000e+00
-6.375000000000000000e+01 3.298429319371727786e+00 1.457800000000000068e-02
-6.250000000000000000e+01 -1.931937172774869538e+01 3.930020000000000180e-01
-6.250000000000000000e+01 -1.837696335078534560e+01 7.168759999999999577e-01
-6.250000000000000000e+01 -1.743455497382199582e+01 8.166210000000000413e-01
-6.250000000000000000e+01 -1.649214659685864603e+01 1.229210000000000025e-01
-6.250000000000000000e+01 -1.554973821989529448e+01 1.229210000000000025e-01
-6.250000000000000000e+01 -1.460732984293194114e+01 8.234000000000000000e-03
-6.250000000000000000e+01 -1.366492146596859136e+01 2.263999999999999953e-03
-6.250000000000000000e+01 -1.272251308900523981e+01 1.530800000000000043e-02
-6.250000000000000000e+01 -1.178010471204188825e+01 5.635719999999999619e-01
-6.250000000000000000e+01 -1.083769633507853669e+01 4.478500000000000258e-01
-6.250000000000000000e+01 -9.895287958115185134e+00 9.743239999999999679e-01
-6.250000000000000000e+01 -8.952879581151833577e+00 4.984520000000000062e-01
-6.250000000000000000e+01 -8.010471204188482020e+00 3.105600000000000027e-01
-6.250000000000000000e+01 -7.068062827225130462e+00 5.658180000000000431e-01
-6.250000000000000000e+01 -6.125654450261779793e+00 1.172160000000000007e-01
-6.250000000000000000e+01 -5.183246073298429124e+00 2.396000000000000126e-03
-6.250000000000000000e+01 -4.240837696335078455e+00 1.538460000000000105e-01
-6.250000000000000000e+01 -3.298429319371727786e+00 1.425099999999999978e-02
-6.250000000000000000e+01 -2.356020942408377117e+00 1.056999999999999997e-03
-6.250000000000000000e+01 -1.413612565445026226e+00 4.356499999999999956e-02
-6.250000000000000000e+01 -4.712041884816753901e-01 6.509999999999999945e-04
-6.250000000000000000e+01 4.712041884816753901e-01 6.509999999999999945e-04
-6.250000000000000000e+01 1.413612565445026226e+00 1.595000000000000064e-03
-6.250000000000000000e+01 2.356020942408377117e+00 2.507000000000000114e-03
-6.250000000000000000e+01 3.298429319371727786e+00 0.000000000000000000e+00
-6.125000000000000000e+01 -1.837696335078534560e+01 1.902870000000000117e-01
-6.125000000000000000e+01 -1.743455497382199582e+01 2.316699999999999871e-01
-6.125000000000000000e+01 -1.649214659685864603e+01 2.599199999999999844e-01
-6.125000000000000000e+01 -1.554973821989529448e+01 2.599199999999999844e-01
-6.125000000000000000e+01 -1.460732984293194114e+01 4.276699999999999946e-02
-6.125000000000000000e+01 -1.366492146596859136e+01 6.217899999999999816e-02
-6.125000000000000000e+01 -1.272251308900523981e+01 6.905590000000000339e-01
-6.125000000000000000e+01 -1.178010471204188825e+01 8.034710000000000463e-01
-6.125000000000000000e+01 -1.083769633507853669e+01 5.028479999999999617e-01
-6.125000000000000000e+01 -9.895287958115185134e+00 4.990189999999999904e-01
-6.125000000000000000e+01 -8.952879581151833577e+00 1.611100000000000032e-01
-6.125000000000000000e+01 -8.010471204188482020e+00 1.062720000000000053e-01
-6.125000000000000000e+01 -7.068062827225130462e+00 3.971299999999999830e-02
-6.125000000000000000e+01 -6.125654450261779793e+00 1.291499999999999870e-01
-6.125000000000000000e+01 -5.183246073298429124e+00 8.610299999999999898e-02
-6.125000000000000000e+01 -4.240837696335078455e+00 2.689980000000000149e-01
-6.125000000000000000e+01 -3.298429319371727786e+00 3.530699999999999950e-01
-6.125000000000000000e+01 -2.356020942408377117e+00 4.342999999999999639e-03
-6.125000000000000000e+01 -1.413612565445026226e+00 2.962499999999999856e-02
-6.125000000000000000e+01 -4.712041884816753901e-01 1.829429999999999945e-01
-6.125000000000000000e+01 4.712041884816753901e-01 1.829429999999999945e-01
-6.125000000000000000e+01 1.413612565445026226e+00 2.311060000000000059e-01
-6.125000000000000000e+01 2.356020942408377117e+00 6.950610000000000399e-01
-6.125000000000000000e+01 3.298429319371727786e+00 2.631930000000000103e-01
-6.125000000000000000e+01 4.240837696335078455e+00 7.601399999999999824e-02
-6.000000000000000000e+01 -1.554973821989529448e+01 1.312099999999999933e-01
-6.000000000000000000e+01 -1.460732984293194114e+01 4.236039999999999806e-01
-6.000000000000000000e+01 -1.366492146596859136e+01 5.503660000000000219e-01
-6.000000000000000000e+01 -1.272251308900523981e+01 4.478449999999999931e-01
-6.000000000000000000e+01 -1.178010471204188825e+01 1.589990000000000014e-01
-6.000000000000000000e+01 -1.083769633507853669e+01 3.162899999999999739e-02
-6.000000000000000000e+01 -9.895287958115185134e+00 3.074410000000000198e-01
-6.000000000000000000e+01 -8.952879581151833577e+00 1.080259999999999970e-01
-6.000000000000000000e+01 -8.010471204188482020e+00 4.729999999999999830e-03
-6.000000000000000000e+01 -7.068062827225130462e+00 2.951960000000000139e-01
-6.000000000000000000e+01 -6.125654450261779793e+00 1.040859999999999980e-01
-6.000000000000000000e+01 -5.183246073298429124e+00 1.219950000000000062e-01
-6.000000000000000000e+01 -4.240837696335078455e+00 4.293219999999999814e-01
-6.000000000000000000e+01 -3.298429319371727786e+00 7.926649999999999530e-01
-6.000000000000000000e+01 -2.356020942408377117e+00 7.653459999999999708e-01
-6.000000000000000000e+01 -1.413612565445026226e+00 2.215459999999999929e-01
-6.000000000000000000e+01 -4.712041884816753901e-01 5.689199999999999813e-02
-6.000000000000000000e+01 4.712041884816753901e-01 5.689199999999999813e-02
-6.000000000000000000e+01 1.413612565445026226e+00 6.870260000000000256e-01
-6.000000000000000000e+01 2.356020942408377117e+00 2.745779999999999887e-01
-6.000000000000000000e+01 3.298429319371727786e+00 1.197570000000000023e-01
-6.000000000000000000e+01 4.240837696335078455e+00 1.281799999999999953e-02
-6.000000000000000000e+01 5.183246073298429124e+00 1.332599999999999930e-02
-5.875000000000000000e+01 -1.366492146596859136e+01 5.178300000000000264e-02
-5.875000000000000000e+01 -1.272251308900523981e+01 4.676999999999999734e-03
-5.875000000000000000e+01 -1.178010471204188825e+01 2.356530000000000014e-01
-5.875000000000000000e+01 -1.083769633507853669e+01 6.647380000000000511e-01
-5.875000000000000000e+01 -9.895287958115185134e+00 6.867520000000000291e-01
-5.875000000000000000e+01 -8.952879581151833577e+00 1.510519999999999918e-01
-5.875000000000000000e+01 -8.010471204188482020e+00 2.400000000000000061e-04
-5.875000000000000000e+01 -7.068062827225130462e+00 9.598900000000000488e-02
-5.875000000000000000e+01 -6.125654450261779793e+00 5.085000000000000110e-03
-5.875000000000000000e+01 -5.183246073298429124e+00 3.196000000000000056e-03
-5.875000000000000000e+01 -4.240837696335078455e+00 2.655989999999999740e-01
-5.875000000000000000e+01 -3.298429319371727786e+00 7.406279999999999530e-01
-5.875000000000000000e+01 -2.356020942408377117e+00 1.702579999999999927e-01
-5.875000000000000000e+01 -1.413612565445026226e+00 1.051799999999999957e-02
-5.875000000000000000e+01 -4.712041884816753901e-01 8.100000000000000375e-05
-5.875000000000000000e+01 4.712041884816753901e-01 8.100000000000000375e-05
-5.750000000000000000e+01 -1.366492146596859136e+01 5.630500000000000088e-02
-5.750000000000000000e+01 -1.272251308900523981e+01 7.725300000000000222e-02
-5.750000000000000000e+01 -1.178010471204188825e+01 6.091429999999999900e-01
-5.750000000000000000e+01 -1.083769633507853669e+01 5.275779999999999914e-01
-5.750000000000000000e+01 -9.895287958115185134e+00 6.387939999999999729e-01
-5.750000000000000000e+01 -8.952879581151833577e+00 1.209370000000000028e-01
-5.750000000000000000e+01 -8.010471204188482020e+00 9.513199999999999434e-02
-5.750000000000000000e+01 -7.068062827225130462e+00 8.444000000000000117e-03
-5.750000000000000000e+01 -6.125654450261779793e+00 1.124980000000000008e-01
-5.750000000000000000e+01 -5.183246073298429124e+00 1.631999999999999987e-03
-5.750000000000000000e+01 -4.240837696335078455e+00 7.542000000000000093e-02
-5.750000000000000000e+01 -3.298429319371727786e+00 4.447599999999999887e-01
-5.750000000000000000e+01 -2.356020942408377117e+00 7.843799999999999384e-02
-5.750000000000000000e+01 -1.413612565445026226e+00 1.400000000000000029e-02
-5.750000000000000000e+01 -4.712041884816753901e-01 4.212999999999999731e-03
-5.750000000000000000e+01 4.712041884816753901e-01 4.212999999999999731e-03
-5.750000000000000000e+01 1.413612565445026226e+00 2.425899999999999931e-02
-5.625000000000000000e+01 -1.366492146596859136e+01 3.877599999999999936e-01
-5.625000000000000000e+01 -1.272251308900523981e+01 3.621469999999999967e-01
-5.625000000000000000e+01 -1.178010471204188825e+01 7.987680000000000335e-01
-5.625000000000000000e+01 -1.083769633507853669e+01 5.985129999999999617e-01
-5.625000000000000000e+01 -9.895287958115185134e+00 9.742260000000000364e-01
-5.625000000000000000e+01 -8.952879581151833577e+00 1.206740000000000035e-01
-5.625000000000000000e+01 -8.010471204188482020e+00 5.524600000000000344e-02
-5.625000000000000000e+01 -7.068062827225130462e+00 2.236090000000000022e-01
-5.625000000000000000e+01 -6.125654450261779793e+00 2.638380000000000170e-01
-5.625000000000000000e+01 -5.183246073298429124e+00 4.063140000000000085e-01
-5.625000000000000000e+01 -4.240837696335078455e+00 4.550779999999999825e-01
-5.625000000000000000e+01 -3.298429319371727786e+00 1.236519999999999980e-01
-5.625000000000000000e+01 -2.356020942408377117e+00 4.263989999999999725e-01
-5.625000000000000000e+01 -1.413612565445026226e+00 5.052299999999999847e-02
-5.625000000000000000e+01 -4.712041884816753901e-01 8.000000000000000654e-05
-5.625000000000000000e+01 4.712041884816753901e-01 8.000000000000000654e-05
-5.625000000000000000e+01 1.413612565445026226e+00 0.000000000000000000e+00
-5.500000000000000000e+01 -1.460732984293194114e+01 1.848249999999999893e-01
-5.500000000000000000e+01 -1.366492146596859136e+01 5.369100000000000261e-02
-5.500000000000000000e+01 -1.272251308900523981e+01 5.792129999999999779e-01
-5.500000000000000000e+01 -1.178010471204188825e+01 8.490109999999999602e-01
-5.500000000000000000e+01 -1.083769633507853669e+01 9.012369999999999548e-01
-5.500000000000000000e+01 -9.895287958115185134e+00 8.958829999999999849e-01
-5.500000000000000000e+01 -8.952879581151833577e+00 2.700690000000000035e-01
-5.500000000000000000e+01 -8.010471204188482020e+00 5.123849999999999794e-01
-5.500000000000000000e+01 -7.068062827225130462e+00 3.411290000000000155e-01
-5.500000000000000000e+01 -6.125654450261779793e+00 1.149680000000000007e-01
-5.500000000000000000e+01 -5.183246073298429124e+00 5.365999999999999936e-02
-5.500000000000000000e+01 -4.240837696335078455e+00 5.354339999999999655e-01
-5.500000000000000000e+01 -3.298429319371727786e+00 6.357030000000000181e-01
-5.500000000000000000e+01 -2.356020942408377117e+00 6.445480000000000098e-01
-5.500000000000000000e+01 -1.413612565445026226e+00 4.895300000000000346e-02
-5.500000000000000000e+01 -4.712041884816753901e-01 2.420000000000000005e-04
-5.500000000000000000e+01 4.712041884816753901e-01 2.420000000000000005e-04
-5.500000000000000000e+01 1.413612565445026226e+00 2.420000000000000005e-04
-5.500000000000000000e+01 2.356020942408377117e+00 5.760000000000000146e-04
-5.375000000000000000e+01 -1.460732984293194114e+01 6.530000000000000431e-04
-5.375000000000000000e+01 -1.366492146596859136e+01 4.817199999999999954e-02
-5.375000000000000000e+01 -1.272251308900523981e+01 3.864000000000000212e-01
-5.375000000000000000e+01 -1.178010471204188825e+01 2.872350000000000181e-01
-5.375000000000000000e+01 -1.083769633507853669e+01 5.290979999999999572e-01
-5.375000000000000000e+01 -9.895287958115185134e+00 5.428460000000000507e-01
-5.375000000000000000e+01 -8.952879581151833577e+00 4.479500000000000148e-02
-5.375000000000000000e+01 -8.010471204188482020e+00 8.000000000000000654e-05
-5.375000000000000000e+01 -7.068062827225130462e+00 4.023600000000000093e-02
-5.375000000000000000e+01 -6.125654450261779793e+00 1.188870000000000066e-01
-5.375000000000000000e+01 -5.183246073298429124e+00 1.827259999999999995e-01
-5.375000000000000000e+01 -4.240837696335078455e+00 5.303550000000000209e-01
-5.375000000000000000e+01 -3.298429319371727786e+00 6.678809999999999469e-01
-5.375000000000000000e+01 -2.356020942408377117e+00 5.328500000000000458e-01
-5.375000000000000000e+01 -1.413612565445026226e+00 2.212429999999999952e-01
-5.375000000000000000e+01 -4.712041884816753901e-01 2.412999999999999867e-02
-5.375000000000000000e+01 4.712041884816753901e-01 2.412999999999999867e-02
-5.375000000000000000e+01 1.413612565445026226e+00 2.636789999999999967e-01
-5.375000000000000000e+01 2.356020942408377117e+00 2.269999999999999882e-03
-5.250000000000000000e+01 -1.366492146596859136e+01 1.353200000000000063e-02
-5.250000000000000000e+01 -1.272251308900523981e+01 3.209690000000000043e-01
-5.250000000000000000e+01 -1.178010471204188825e+01 1.644480000000000108e-01
-5.250000000000000000e+01 -1.083769633507853669e+01 3.420710000000000139e-01
-5.250000000000000000e+01 -9.895287958115185134e+00 1.634879999999999944e-01
-5.250000000000000000e+01 -8.952879581151833577e+00 8.140000000000000534e-04
-5.250000000000000000e+01 -8.010471204188482020e+00 1.692000000000000101e-02
-5.250000000000000000e+01 -7.068062827225130462e+00 4.015799999999999925e-01
-5.250000000000000000e+01 -6.125654450261779793e+00 5.013119999999999798e-01
-5.250000000000000000e+01 -5.183246073298429124e+00 2.264199999999999893e-02
-5.250000000000000000e+01 -4.240837696335078455e+00 2.110100000000000031e-01
-5.250000000000000000e+01 -3.298429319371727786e+00 5.659279999999999866e-01
-5.250000000000000000e+01 -2.356020942408377117e+00 1.413590000000000124e-01
-5.250000000000000000e+01 -1.413612565445026226e+00 7.356380000000000141e-01
-5.250000000000000000e+01 -4.712041884816753901e-01 1.909730000000000039e-01
-5.250000000000000000e+01 4.712041884816753901e-01 1.909730000000000039e-01
-5.125000000000000000e+01 -8.952879581151833577e+00 7.605960000000000498e-01
-5.125000000000000000e+01 -8.010471204188482020e+00 5.093379999999999574e-01
-5.125000000000000000e+01 -7.068062827225130462e+00 6.417899999999999716e-01
-5.125000000000000000e+01 -5.183246073298429124e+00 3.901470000000000216e-01
-5.125000000000000000e+01 -4.240837696335078455e+00 6.048599999999999532e-01
-5.125000000000000000e+01 -3.298429319371727786e+00 8.805730000000000501e-01
-5.125000000000000000e+01 -2.356020942408377117e+00 5.458190000000000541e-01
-5.000000000000000000e+01 -3.298429319371727786e+00 8.832410000000000538e-01
