-7.875000000000000000e+01 -6.125654450261779793e+00 4.984009999999999829e-01
-7.875000000000000000e+01 -5.183246073298429124e+00 1.947450000000000014e-01
-7.875000000000000000e+01 -4.240837696335078455e+00 2.483039999999999969e-01
-7.875000000000000000e+01 -3.298429319371727786e+00 3.695109999999999784e-01
-7.875000000000000000e+01 -2.356020942408377117e+00 0.000000000000000000e+00
-7.875000000000000000e+01 -1.413612565445026226e+00 0.000000000000000000e+00
-7.750000000000000000e+01 -8.952879581151833577e+00 1.897490000000000010e-01
-7.750000000000000000e+01 -8.010471204188482020e+00 1.435049999999999937e-01
-7.750000000000000000e+01 -7.068062827225130462e+00 2.822970000000000201e-01
-7.750000000000000000e+01 -6.125654450261779793e+00 5.032670000000000199e-01
-7.750000000000000000e+01 -5.183246073298429124e+00 1.162709999999999994e-01
-7.750000000000000000e+01 -4.240837696335078455e+00 4.073700000000000238e-02
-7.750000000000000000e+01 -3.298429319371727786e+00 2.171009999999999884e-01
-7.750000000000000000e+01 -2.356020942408377117e+00 1.650689999999999935e-01
-7.750000000000000000e+01 -1.413612565445026226e+00 2.726620000000000155e-01
-7.750000000000000000e+01 -4.712041884816753901e-01 1.894109999999999960e-01
-7.750000000000000000e+01 4.712041884816753901e-01 1.894109999999999960e-01
-7.625000000000000000e+01 -1.083769633507853669e+01 6.097199999999999842e-02
-7.625000000000000000e+01 -9.895287958115185134e+00 1.276930000000000009e-01
-7.625000000000000000e+01 -8.952879581151833577e+00 3.367769999999999930e-01
-7.625000000000000000e+01 -8.010471204188482020e+00 9.291699999999999959e-02
-7.625000000000000000e+01 -7.068062827225130462e+00 1.974279999999999924e-01
-7.625000000000000000e+01 -6.125654450261779793e+00 2.629960000000000075e-01
-7.625000000000000000e+01 -5.183246073298429124e+00 4.002700000000000008e-02
-7.625000000000000000e+01 -4.240837696335078455e+00 1.472000000000000001e-03
-7.625000000000000000e+01 -3.298429319371727786e+00 3.983000000000000429e-03
-7.625000000000000000e+01 -2.356020942408377117e+00 2.553000000000000148e-03
-7.625000000000000000e+01 -1.413612565445026226e+00 2.611000000000000040e-03
-7.625000000000000000e+01 -4.712041884816753901e-01 3.699399999999999911e-02
-7.625000000000000000e+01 4.712041884816753901e-01 3.699399999999999911e-02
-7.625000000000000000e+01 1.413612565445026226e+00 6.129269999999999996e-01
-7.500000000000000000e+01 -1.366492146596859136e+01 7.814200000000000312e-02
-7.500000000000000000e+01 -1.272251308900523981e+01 1.417779999999999874e-01
-7.500000000000000000e+01 -1.178010471204188825e+01 1.239989999999999981e-01
-7.500000000000000000e+01 -1.083769633507853669e+01 3.194480000000000097e-01
-7.500000000000000000e+01 -9.895287958115185134e+00 1.408780000000000032e-01
-7.500000000000000000e+01 -8.952879581151833577e+00 3.798590000000000022e-01
-7.500000000000000000e+01 -8.010471204188482020e+00 2.020019999999999871e-01
-7.500000000000000000e+01 -7.068062827225130462e+00 3.560399999999999676e-02
-7.500000000000000000e+01 -6.125654450261779793e+00 6.070300000000000001e-02
-7.500000000000000000e+01 -5.183246073298429124e+00 4.566900000000000126e-02
-7.500000000000000000e+01 -4.240837696335078455e+00 2.003299999999999872e-02
-7.500000000000000000e+01 -3.298429319371727786e+00 2.305999999999999890e-03
-7.500000000000000000e+01 -2.356020942408377117e+00 6.376999999999999856e-03
-7.500000000000000000e+01 -1.413612565445026226e+00 5.597000000000000412e-03
-7.500000000000000000e+01 -4.712041884816753901e-01 2.222800000000000123e-02
-7.500000000000000000e+01 4.712041884816753901e-01 2.222800000000000123e-02
-7.500000000000000000e+01 1.413612565445026226e+00 4.425390000000000157e-01
-7.500000000000000000e+01 2.356020942408377117e+00 7.471379999999999688e-01
-7.375000000000000000e+01 -1.460732984293194114e+01 0.000000000000000000e+00
-7.375000000000000000e+01 -1.366492146596859136e+01 1.302490000000000037e-01
-7.375000000000000000e+01 -1.272251308900523981e+01 8.198300000000000032e-02
-7.375000000000000000e+01 -1.178010471204188825e+01 9.382200000000000262e-02
-7.375000000000000000e+01 -1.083769633507853669e+01 8.179400000000000559e-02
-7.375000000000000000e+01 -9.895287958115185134e+00 5.654499999999999804e-02
-7.375000000000000000e+01 -8.952879581151833577e+00 7.464400000000000202e-02
-7.375000000000000000e+01 -8.010471204188482020e+00 6.516700000000000270e-02
-7.375000000000000000e+01 -7.068062827225130462e+00 1.099499999999999957e-02
-7.375000000000000000e+01 -6.125654450261779793e+00 2.464699999999999877e-02
-7.375000000000000000e+01 -5.183246073298429124e+00 7.177999999999999658e-02
-7.375000000000000000e+01 -4.240837696335078455e+00 2.272499999999999867e-02
-7.375000000000000000e+01 -3.298429319371727786e+00 7.262000000000000226e-03
-7.375000000000000000e+01 -2.356020942408377117e+00 5.409999999999999878e-03
-7.375000000000000000e+01 -1.413612565445026226e+00 5.716899999999999760e-02
-7.375000000000000000e+01 -4.712041884816753901e-01 2.467000000000000009e-03
-7.375000000000000000e+01 4.712041884816753901e-01 2.467000000000000009e-03
-7.375000000000000000e+01 1.413612565445026226e+00 3.635300000000000337e-02
-7.250000000000000000e+01 -1.460732984293194114e+01 5.432000000000000196e-03
-7.250000000000000000e+01 -1.366492146596859136e+01 1.374849999999999961e-01
-7.250000000000000000e+01 -1.272251308900523981e+01 1.672319999999999918e-01
-7.250000000000000000e+01 -1.178010471204188825e+01 4.293199999999999794e-02
-7.250000000000000000e+01 -1.083769633507853669e+01 6.879999999999999831e-03
-7.250000000000000000e+01 -9.895287958115185134e+00 0.000000000000000000e+00
-7.250000000000000000e+01 -8.952879581151833577e+00 9.388999999999999777e-03
-7.250000000000000000e+01 -8.010471204188482020e+00 2.733309999999999906e-01
-7.250000000000000000e+01 -7.068062827225130462e+00 7.598199999999999399e-02
-7.250000000000000000e+01 -6.125654450261779793e+00 9.730000000000000151e-04
-7.250000000000000000e+01 -5.183246073298429124e+00 9.737000000000000863e-03
-7.250000000000000000e+01 -4.240837696335078455e+00 1.123389999999999944e-01
-7.250000000000000000e+01 -3.298429319371727786e+00 2.123999999999999846e-02
-7.250000000000000000e+01 -2.356020942408377117e+00 3.208699999999999747e-02
-7.250000000000000000e+01 -1.413612565445026226e+00 9.044999999999999221e-03
-7.250000000000000000e+01 -4.712041884816753901e-01 6.908000000000000078e-03
-7.250000000000000000e+01 4.712041884816753901e-01 6.908000000000000078e-03
-7.250000000000000000e+01 1.413612565445026226e+00 1.020399999999999953e-02
-7.125000000000000000e+01 -1.460732984293194114e+01 9.079900000000000471e-02
-7.125000000000000000e+01 -1.366492146596859136e+01 2.439500000000000002e-02
-7.125000000000000000e+01 -1.272251308900523981e+01 8.662899999999999767e-02
-7.125000000000000000e+01 -1.178010471204188825e+01 0.000000000000000000e+00
-7.125000000000000000e+01 -1.083769633507853669e+01 0.000000000000000000e+00
-7.125000000000000000e+01 -9.895287958115185134e+00 6.791000000000000161e-03
-7.125000000000000000e+01 -8.952879581151833577e+00 3.665899999999999714e-02
-7.125000000000000000e+01 -8.010471204188482020e+00 2.793370000000000020e-01
-7.125000000000000000e+01 -7.068062827225130462e+00 5.019000000000000024e-03
-7.125000000000000000e+01 -6.125654450261779793e+00 4.655000000000000283e-03
-7.125000000000000000e+01 -5.183246073298429124e+00 2.429999999999999977e-04
-7.125000000000000000e+01 -4.240837696335078455e+00 2.305700000000000111e-02
-7.125000000000000000e+01 -3.298429319371727786e+00 2.390000000000000089e-04
-7.125000000000000000e+01 -2.356020942408377117e+00 2.670900000000000010e-02
-7.125000000000000000e+01 -1.413612565445026226e+00 3.592000000000000141e-03
-7.125000000000000000e+01 -4.712041884816753901e-01 0.000000000000000000e+00
-7.125000000000000000e+01 4.712041884816753901e-01 0.000000000000000000e+00
-7.125000000000000000e+01 1.413612565445026226e+00 5.606300000000000172e-02
-7.000000000000000000e+01 -1.366492146596859136e+01 8.580000000000000820e-03
-7.000000000000000000e+01 -1.272251308900523981e+01 1.901130000000000042e-01
-7.000000000000000000e+01 -1.178010471204188825e+01 1.954000000000000008e-03
-7.000000000000000000e+01 -1.083769633507853669e+01 2.000649999999999928e-01
-7.000000000000000000e+01 -9.895287958115185134e+00 4.244000000000000376e-03
-7.000000000000000000e+01 -8.952879581151833577e+00 6.772899999999999754e-02
-7.000000000000000000e+01 -8.010471204188482020e+00 1.668300000000000061e-01
-7.000000000000000000e+01 -7.068062827225130462e+00 2.983600000000000141e-02
-7.000000000000000000e+01 -6.125654450261779793e+00 1.861000000000000024e-03
-7.000000000000000000e+01 -5.183246073298429124e+00 8.040000000000000271e-04
-7.000000000000000000e+01 -4.240837696335078455e+00 9.626099999999999934e-02
-7.000000000000000000e+01 -3.298429319371727786e+00 3.931300000000000072e-02
-7.000000000000000000e+01 -2.356020942408377117e+00 1.088300000000000031e-02
-7.000000000000000000e+01 -1.413612565445026226e+00 2.258599999999999844e-02
-7.000000000000000000e+01 -4.712041884816753901e-01 1.220300000000000031e-02
-7.000000000000000000e+01 4.712041884816753901e-01 1.220300000000000031e-02
-7.000000000000000000e+01 1.413612565445026226e+00 6.091000000000000060e-03
-6.875000000000000000e+01 -1.554973821989529448e+01 6.769999999999999759e-04
-6.875000000000000000e+01 -1.460732984293194114e+01 2.715100000000000152e-02
-6.875000000000000000e+01 -1.366492146596859136e+01 3.976999999999999633e-03
-6.875000000000000000e+01 -1.272251308900523981e+01 9.831600000000000061e-02
-6.875000000000000000e+01 -1.178010471204188825e+01 2.335540000000000116e-01
-6.875000000000000000e+01 -1.083769633507853669e+01 4.656500000000000083e-01
-6.875000000000000000e+01 -9.895287958115185134e+00 4.632499999999999812e-02
-6.875000000000000000e+01 -8.952879581151833577e+00 2.356840000000000046e-01
-6.875000000000000000e+01 -8.010471204188482020e+00 3.200000000000000262e-04
-6.875000000000000000e+01 -7.068062827225130462e+00 2.047999999999999907e-03
-6.875000000000000000e+01 -6.125654450261779793e+00 1.129999999999999928e-03
-6.875000000000000000e+01 -5.183246073298429124e+00 4.840000000000000010e-04
-6.875000000000000000e+01 -4.240837696335078455e+00 4.423999999999999981e-03
-6.875000000000000000e+01 -3.298429319371727786e+00 7.030999999999999923e-03
-6.875000000000000000e+01 -2.356020942408377117e+00 4.261000000000000031e-03
-6.875000000000000000e+01 -1.413612565445026226e+00 7.013000000000000136e-03
-6.875000000000000000e+01 -4.712041884816753901e-01 1.129100000000000069e-02
-6.875000000000000000e+01 4.712041884816753901e-01 1.129100000000000069e-02
-6.875000000000000000e+01 1.413612565445026226e+00 1.411899999999999961e-02
-6.875000000000000000e+01 2.356020942408377117e+00 6.131000000000000165e-03
-6.750000000000000000e+01 -1.649214659685864603e+01 2.332089999999999996e-01
-6.750000000000000000e+01 -1.554973821989529448e+01 2.332089999999999996e-01
-6.750000000000000000e+01 -1.460732984293194114e+01 8.492900000000000449e-02
-6.750000000000000000e+01 -1.366492146596859136e+01 7.034500000000000475e-02
-6.750000000000000000e+01 -1.272251308900523981e+01 7.597999999999999719e-03
-6.750000000000000000e+01 -1.178010471204188825e+01 1.407100000000000017e-02
-6.750000000000000000e+01 -1.083769633507853669e+01 2.764380000000000170e-01
-6.750000000000000000e+01 -9.895287958115185134e+00 7.134270000000000334e-01
-6.750000000000000000e+01 -8.952879581151833577e+00 1.252949999999999897e-01
-6.750000000000000000e+01 -8.010471204188482020e+00 9.590000000000000000e-04
-6.750000000000000000e+01 -7.068062827225130462e+00 8.919999999999999978e-04
-6.750000000000000000e+01 -6.125654450261779793e+00 5.134999999999999808e-03
-6.750000000000000000e+01 -5.183246073298429124e+00 1.128000000000000096e-03
-6.750000000000000000e+01 -4.240837696335078455e+00 8.059999999999999673e-04
-6.750000000000000000e+01 -3.298429319371727786e+00 1.432499999999999919e-02
-6.750000000000000000e+01 -2.356020942408377117e+00 3.310000000000000225e-04
-6.750000000000000000e+01 -1.413612565445026226e+00 8.000000000000000654e-05
-6.750000000000000000e+01 -4.712041884816753901e-01 8.989999999999999511e-04
-6.750000000000000000e+01 4.712041884816753901e-01 8.989999999999999511e-04
-6.750000000000000000e+01 1.413612565445026226e+00 6.081999999999999733e-03
-6.750000000000000000e+01 2.356020942408377117e+00 7.219999999999999855e-04
-6.625000000000000000e+01 -1.837696335078534560e+01 8.382100000000000661e-02
-6.625000000000000000e+01 -1.743455497382199582e+01 1.913050000000000028e-01
-6.625000000000000000e+01 -1.649214659685864603e+01 1.786999999999999960e-03
-6.625000000000000000e+01 -1.554973821989529448e+01 1.786999999999999960e-03
-6.625000000000000000e+01 -1.460732984293194114e+01 7.950000000000000469e-03
-6.625000000000000000e+01 -1.366492146596859136e+01 1.134000000000000025e-03
-6.625000000000000000e+01 -1.272251308900523981e+01 0.000000000000000000e+00
-6.625000000000000000e+01 -1.178010471204188825e+01 8.163000000000000117e-03
-6.625000000000000000e+01 -1.083769633507853669e+01 1.150739999999999957e-01
-6.625000000000000000e+01 -9.895287958115185134e+00 1.849570000000000103e-01
-6.625000000000000000e+01 -8.952879581151833577e+00 8.240999999999999714e-02
-6.625000000000000000e+01 -8.010471204188482020e+00 2.295000000000000165e-03
-6.625000000000000000e+01 -7.068062827225130462e+00 8.109999999999999805e-04
-6.625000000000000000e+01 -6.125654450261779793e+00 1.610000000000000103e-04
-6.625000000000000000e+01 -5.183246073298429124e+00 3.260000000000000094e-04
-6.625000000000000000e+01 -4.240837696335078455e+00 3.536000000000000081e-03
-6.625000000000000000e+01 -3.298429319371727786e+00 1.426900000000000043e-02
-6.625000000000000000e+01 -2.356020942408377117e+00 6.283999999999999655e-03
-6.625000000000000000e+01 -1.413612565445026226e+00 0.000000000000000000e+00
-6.625000000000000000e+01 -4.712041884816753901e-01 2.425000000000000072e-03
-6.625000000000000000e+01 4.712041884816753901e-01 2.425000000000000072e-03
-6.625000000000000000e+01 1.413612565445026226e+00 8.522699999999999720e-02
-6.625000000000000000e+01 2.356020942408377117e+00 8.352999999999999314e-02
-6.500000000000000000e+01 -1.837696335078534560e+01 2.395699999999999913e-02
-6.500000000000000000e+01 -1.743455497382199582e+01 3.928300000000000125e-01
-6.500000000000000000e+01 -1.649214659685864603e+01 2.974900000000000114e-02
-6.500000000000000000e+01 -1.554973821989529448e+01 2.974900000000000114e-02
-6.500000000000000000e+01 -1.460732984293194114e+01 7.366000000000000152e-03
-6.500000000000000000e+01 -1.366492146596859136e+01 4.413000000000000256e-03
-6.500000000000000000e+01 -1.272251308900523981e+01 2.242000000000000069e-03
-6.500000000000000000e+01 -1.178010471204188825e+01 7.238999999999999775e-03
-6.500000000000000000e+01 -1.083769633507853669e+01 1.753740000000000021e-01
-6.500000000000000000e+01 -9.895287958115185134e+00 4.926710000000000256e-01
-6.500000000000000000e+01 -8.952879581151833577e+00 9.079900000000000471e-02
-6.500000000000000000e+01 -8.010471204188482020e+00 3.972999999999999969e-03
-6.500000000000000000e+01 -7.068062827225130462e+00 3.670899999999999858e-02
-6.500000000000000000e+01 -6.125654450261779793e+00 1.147999999999999932e-03
-6.500000000000000000e+01 -5.183246073298429124e+00 1.797999999999999902e-03
-6.500000000000000000e+01 -4.240837696335078455e+00 1.177500000000000074e-02
-6.500000000000000000e+01 -3.298429319371727786e+00 2.904800000000000090e-02
-6.500000000000000000e+01 -2.356020942408377117e+00 4.329999999999999648e-03
-6.500000000000000000e+01 -1.413612565445026226e+00 1.791999999999999973e-03
-6.500000000000000000e+01 -4.712041884816753901e-01 7.742999999999999883e-03
-6.500000000000000000e+01 4.712041884816753901e-01 7.742999999999999883e-03
-6.500000000000000000e+01 1.413612565445026226e+00 2.658999999999999905e-03
-6.375000000000000000e+01 -2.026178010471204516e+01 6.666670000000000096e-01
-6.375000000000000000e+01 -1.931937172774869538e+01 1.742819999999999925e-01
-6.375000000000000000e+01 -1.837696335078534560e+01 1.279720000000000024e-01
-6.375000000000000000e+01 -1.743455497382199582e+01 4.917420000000000124e-01
-6.375000000000000000e+01 -1.649214659685864603e+01 5.790499999999999814e-02
-6.375000000000000000e+01 -1.554973821989529448e+01 5.790499999999999814e-02
-6.375000000000000000e+01 -1.460732984293194114e+01 2.709999999999999909e-02
-6.375000000000000000e+01 -1.366492146596859136e+01 3.220999999999999905e-03
-6.375000000000000000e+01 -1.272251308900523981e+01 1.505000000000000044e-03
-6.375000000000000000e+01 -1.178010471204188825e+01 2.276299999999999990e-01
-6.375000000000000000e+01 -1.083769633507853669e+01 5.393599999999999783e-02
-6.375000000000000000e+01 -9.895287958115185134e+00 4.380459999999999909e-01
-6.375000000000000000e+01 -8.952879581151833577e+00 7.259280000000000177e-01
-6.375000000000000000e+01 -8.010471204188482020e+00 2.314579999999999971e-01
-6.375000000000000000e+01 -7.068062827225130462e+00 5.286600000000000327e-02
-6.375000000000000000e+01 -6.125654450261779793e+00 4.970999999999999724e-03
-6.375000000000000000e+01 -5.183246073298429124e+00 7.992000000000000839e-03
-6.375000000000000000e+01 -4.240837696335078455e+00 5.348200000000000176e-02
-6.375000000000000000e+01 -3.298429319371727786e+00 1.724000000000000055e-03
-6.375000000000000000e+01 -2.356020942408377117e+00 3.249999999999999851e-04
-6.375000000000000000e+01 -1.413612565445026226e+00 3.240000000000000150e-04
-6.375000000000000000e+01 -4.712041884816753901e-01 1.828999999999999897e-03
-6.375000000000000000e+01 4.712041884816753901e-01 1.828999999999999897e-03
-6.375000000000000000e+01 1.413612565445026226e+00 0.000000000000000000e+00
-6.375000000000000000e+01 3.298429319371727786e+00 1.692700000000000107e-02
-6.250000000000000000e+01 -1.931937172774869538e+01 3.682489999999999930e-01
-6.250000000000000000e+01 -1.837696335078534560e+01 7.123019999999999907e-01
-6.250000000000000000e+01 -1.743455497382199582e+01 7.776680000000000259e-01
-6.250000000000000000e+01 -1.649214659685864603e+01 8.121000000000000441e-02
-6.250000000000000000e+01 -1.554973821989529448e+01 8.121000000000000441e-02
-6.250000000000000000e+01 -1.460732984293194114e+01 7.910999999999999630e-03
-6.250000000000000000e+01 -1.366492146596859136e+01 2.263999999999999953e-03
-6.250000000000000000e+01 -1.272251308900523981e+01 1.157999999999999958e-03
-6.250000000000000000e+01 -1.178010471204188825e+01 3.397209999999999952e-01
-6.250000000000000000e+01 -1.083769633507853669e+01 3.375009999999999954e-01
-6.250000000000000000e+01 -9.895287958115185134e+00 9.421070000000000277e-01
-6.250000000000000000e+01 -8.952879581151833577e+00 3.579019999999999979e-01
-6.250000000000000000e+01 -8.010471204188482020e+00 1.725889999999999924e-01
-6.250000000000000000e+01 -7.068062827225130462e+00 2.807180000000000231e-01
-6.250000000000000000e+01 -6.125654450261779793e+00 3.073000000000000037e-02
-6.250000000000000000e+01 -5.183246073298429124e+00 2.396000000000000126e-03
-6.250000000000000000e+01 -4.240837696335078455e+00 6.472200000000000175e-02
-6.250000000000000000e+01 -3.298429319371727786e+00 8.382999999999999827e-03
-6.250000000000000000e+01 -2.356020942408377117e+00 1.056999999999999997e-03
-6.250000000000000000e+01 -1.413612565445026226e+00 7.261000000000000093e-03
-6.250000000000000000e+01 -4.712041884816753901e-01 6.509999999999999945e-04
-6.250000000000000000e+01 4.712041884816753901e-01 6.509999999999999945e-04
-6.250000000000000000e+01 1.413612565445026226e+00 1.435000000000000078e-03
-6.250000000000000000e+01 2.356020942408377117e+00 6.714000000000000350e-03
-6.250000000000000000e+01 3.298429319371727786e+00 0.000000000000000000e+00
-6.125000000000000000e+01 -1.837696335078534560e+01 1.778599999999999903e-01
-6.125000000000000000e+01 -1.743455497382199582e+01 1.719080000000000052e-01
-6.125000000000000000e+01 -1.649214659685864603e+01 1.900509999999999977e-01
-6.125000000000000000e+01 -1.554973821989529448e+01 1.900509999999999977e-01
-6.125000000000000000e+01 -1.460732984293194114e+01 3.474800000000000111e-02
-6.125000000000000000e+01 -1.366492146596859136e+01 3.846499999999999919e-02
-6.125000000000000000e+01 -1.272251308900523981e+01 6.097399999999999487e-01
-6.125000000000000000e+01 -1.178010471204188825e+01 7.546439999999999815e-01
-6.125000000000000000e+01 -1.083769633507853669e+01 4.134780000000000122e-01
-6.125000000000000000e+01 -9.895287958115185134e+00 2.340150000000000008e-01
-6.125000000000000000e+01 -8.952879581151833577e+00 4.204299999999999704e-02
-6.125000000000000000e+01 -8.010471204188482020e+00 6.231699999999999739e-02
-6.125000000000000000e+01 -7.068062827225130462e+00 1.981600000000000028e-02
-6.125000000000000000e+01 -6.125654450261779793e+00 4.578299999999999731e-02
-6.125000000000000000e+01 -5.183246073298429124e+00 4.618599999999999789e-02
-6.125000000000000000e+01 -4.240837696335078455e+00 1.737559999999999938e-01
-6.125000000000000000e+01 -3.298429319371727786e+00 2.338890000000000136e-01
-6.125000000000000000e+01 -2.356020942408377117e+00 2.171000000000000187e-03
-6.125000000000000000e+01 -1.413612565445026226e+00 6.854999999999999982e-03
-6.125000000000000000e+01 -4.712041884816753901e-01 1.363090000000000135e-01
-6.125000000000000000e+01 4.712041884816753901e-01 1.363090000000000135e-01
-6.125000000000000000e+01 1.413612565445026226e+00 1.530509999999999926e-01
-6.125000000000000000e+01 2.356020942408377117e+00 5.074940000000000007e-01
-6.125000000000000000e+01 3.298429319371727786e+00 2.265870000000000106e-01
-6.125000000000000000e+01 4.240837696335078455e+00 2.338300000000000101e-02
-6.000000000000000000e+01 -1.554973821989529448e+01 9.017300000000000315e-02
-6.000000000000000000e+01 -1.460732984293194114e+01 3.792030000000000123e-01
-6.000000000000000000e+01 -1.366492146596859136e+01 4.038180000000000103e-01
-6.000000000000000000e+01 -1.272251308900523981e+01 3.507449999999999735e-01
-6.000000000000000000e+01 -1.178010471204188825e+01 1.127520000000000050e-01
-6.000000000000000000e+01 -1.083769633507853669e+01 1.132999999999999893e-03
-6.000000000000000000e+01 -9.895287958115185134e+00 5.412700000000000150e-02
-6.000000000000000000e+01 -8.952879581151833577e+00 5.904000000000000394e-03
-6.000000000000000000e+01 -8.010471204188482020e+00 1.956999999999999972e-03
-6.000000000000000000e+01 -7.068062827225130462e+00 2.373419999999999974e-01
-6.000000000000000000e+01 -6.125654450261779793e+00 3.420200000000000323e-02
-6.000000000000000000e+01 -5.183246073298429124e+00 3.995900000000000146e-02
-6.000000000000000000e+01 -4.240837696335078455e+00 3.403909999999999991e-01
-6.000000000000000000e+01 -3.298429319371727786e+00 6.693700000000000205e-01
-6.000000000000000000e+01 -2.356020942408377117e+00 5.274079999999999879e-01
-6.000000000000000000e+01 -1.413612565445026226e+00 1.429110000000000102e-01
-6.000000000000000000e+01 -4.712041884816753901e-01 4.948899999999999827e-02
-6.000000000000000000e+01 4.712041884816753901e-01 4.948899999999999827e-02
-6.000000000000000000e+01 1.413612565445026226e+00 6.036789999999999656e-01
-6.000000000000000000e+01 2.356020942408377117e+00 1.070730000000000015e-01
-6.000000000000000000e+01 3.298429319371727786e+00 1.013320000000000054e-01
-6.000000000000000000e+01 4.240837696335078455e+00 1.091600000000000036e-02
-6.000000000000000000e+01 5.183246073298429124e+00 1.274999999999999918e-02
-5.875000000000000000e+01 -1.366492146596859136e+01 4.347800000000000276e-02
-5.875000000000000000e+01 -1.272251308900523981e+01 4.113000000000000336e-03
-5.875000000000000000e+01 -1.178010471204188825e+01 1.930580000000000074e-01
-5.875000000000000000e+01 -1.083769633507853669e+01 4.040500000000000203e-01
-5.875000000000000000e+01 -9.895287958115185134e+00 1.924130000000000007e-01
-5.875000000000000000e+01 -8.952879581151833577e+00 3.862600000000000061e-02
-5.875000000000000000e+01 -8.010471204188482020e+00 2.400000000000000061e-04
-5.875000000000000000e+01 -7.068062827225130462e+00 5.852199999999999763e-02
-5.875000000000000000e+01 -6.125654450261779793e+00 8.069999999999999916e-04
-5.875000000000000000e+01 -5.183246073298429124e+00 1.229000000000000058e-03
-5.875000000000000000e+01 -4.240837696335078455e+00 2.150420000000000109e-01
-5.875000000000000000e+01 -3.298429319371727786e+00 6.552740000000000231e-01
-5.875000000000000000e+01 -2.356020942408377117e+00 1.026019999999999988e-01
-5.875000000000000000e+01 -1.413612565445026226e+00 6.520000000000000188e-04
-5.875000000000000000e+01 -4.712041884816753901e-01 0.000000000000000000e+00
-5.875000000000000000e+01 4.712041884816753901e-01 0.000000000000000000e+00
-5.750000000000000000e+01 -1.366492146596859136e+01 5.089300000000000074e-02
-5.750000000000000000e+01 -1.272251308900523981e+01 6.081500000000000100e-02
-5.750000000000000000e+01 -1.178010471204188825e+01 4.789390000000000036e-01
-5.750000000000000000e+01 -1.083769633507853669e+01 3.742670000000000163e-01
-5.750000000000000000e+01 -9.895287958115185134e+00 2.447280000000000011e-01
-5.750000000000000000e+01 -8.952879581151833577e+00 1.875100000000000031e-02
-5.750000000000000000e+01 -8.010471204188482020e+00 1.814999999999999990e-03
-5.750000000000000000e+01 -7.068062827225130462e+00 5.049999999999999802e-03
-5.750000000000000000e+01 -6.125654450261779793e+00 9.432100000000000206e-02
-5.750000000000000000e+01 -5.183246073298429124e+00 1.631999999999999987e-03
-5.750000000000000000e+01 -4.240837696335078455e+00 9.039999999999999425e-02
-5.750000000000000000e+01 -3.298429319371727786e+00 3.939719999999999889e-01
-5.750000000000000000e+01 -2.356020942408377117e+00 5.392600000000000171e-02
-5.750000000000000000e+01 -1.413612565445026226e+00 8.465000000000000302e-03
-5.750000000000000000e+01 -4.712041884816753901e-01 0.000000000000000000e+00
-5.750000000000000000e+01 4.712041884816753901e-01 0.000000000000000000e+00
-5.750000000000000000e+01 1.413612565445026226e+00 8.100000000000000375e-05
-5.625000000000000000e+01 -1.366492146596859136e+01 3.194609999999999950e-01
-5.625000000000000000e+01 -1.272251308900523981e+01 3.278449999999999975e-01
-5.625000000000000000e+01 -1.178010471204188825e+01 7.021640000000000104e-01
-5.625000000000000000e+01 -1.083769633507853669e+01 4.847259999999999902e-01
-5.625000000000000000e+01 -9.895287958115185134e+00 8.053019999999999623e-01
-5.625000000000000000e+01 -8.952879581151833577e+00 3.923900000000000304e-02
-5.625000000000000000e+01 -8.010471204188482020e+00 3.667000000000000121e-03
-5.625000000000000000e+01 -7.068062827225130462e+00 6.626700000000000645e-02
-5.625000000000000000e+01 -6.125654450261779793e+00 1.744650000000000090e-01
-5.625000000000000000e+01 -5.183246073298429124e+00 3.084870000000000112e-01
-5.625000000000000000e+01 -4.240837696335078455e+00 4.058889999999999998e-01
-5.625000000000000000e+01 -3.298429319371727786e+00 4.475699999999999817e-02
-5.625000000000000000e+01 -2.356020942408377117e+00 3.881850000000000023e-01
-5.625000000000000000e+01 -1.413612565445026226e+00 2.534300000000000094e-02
-5.625000000000000000e+01 -4.712041884816753901e-01 8.000000000000000654e-05
-5.625000000000000000e+01 4.712041884816753901e-01 8.000000000000000654e-05
-5.625000000000000000e+01 1.413612565445026226e+00 0.000000000000000000e+00
-5.500000000000000000e+01 -1.460732984293194114e+01 1.819070000000000131e-01
-5.500000000000000000e+01 -1.366492146596859136e+01 4.329899999999999721e-02
-5.500000000000000000e+01 -1.272251308900523981e+01 4.197429999999999772e-01
-5.500000000000000000e+01 -1.178010471204188825e+01 7.029659999999999798e-01
-5.500000000000000000e+01 -1.083769633507853669e+01 7.894649999999999723e-01
-5.500000000000000000e+01 -9.895287958115185134e+00 7.542680000000000495e-01
-5.500000000000000000e+01 -8.952879581151833577e+00 8.165100000000000136e-02
-5.500000000000000000e+01 -8.010471204188482020e+00 2.415599999999999969e-01
-5.500000000000000000e+01 -7.068062827225130462e+00 2.562949999999999950e-01
-5.500000000000000000e+01 -6.125654450261779793e+00 2.878199999999999856e-02
-5.500000000000000000e+01 -5.183246073298429124e+00 2.962999999999999922e-03
-5.500000000000000000e+01 -4.240837696335078455e+00 4.073320000000000274e-01
-5.500000000000000000e+01 -3.298429319371727786e+00 5.234320000000000084e-01
-5.500000000000000000e+01 -2.356020942408377117e+00 5.852490000000000192e-01
-5.500000000000000000e+01 -1.413612565445026226e+00 2.062399999999999997e-02
-5.500000000000000000e+01 -4.712041884816753901e-01 2.420000000000000005e-04
-5.500000000000000000e+01 4.712041884816753901e-01 2.420000000000000005e-04
-5.500000000000000000e+01 1.413612565445026226e+00 2.420000000000000005e-04
-5.500000000000000000e+01 2.356020942408377117e+00 5.760000000000000146e-04
-5.375000000000000000e+01 -1.460732984293194114e+01 4.079999999999999968e-04
-5.375000000000000000e+01 -1.366492146596859136e+01 4.080999999999999905e-02
-5.375000000000000000e+01 -1.272251308900523981e+01 2.060909999999999964e-01
-5.375000000000000000e+01 -1.178010471204188825e+01 1.627530000000000088e-01
-5.375000000000000000e+01 -1.083769633507853669e+01 2.590879999999999850e-01
-5.375000000000000000e+01 -9.895287958115185134e+00 3.402510000000000256e-01
-5.375000000000000000e+01 -8.952879581151833577e+00 1.176299999999999915e-02
-5.375000000000000000e+01 -8.010471204188482020e+00 8.000000000000000654e-05
-5.375000000000000000e+01 -7.068062827225130462e+00 2.101000000000000003e-03
-5.375000000000000000e+01 -6.125654450261779793e+00 6.347000000000000211e-03
-5.375000000000000000e+01 -5.183246073298429124e+00 3.246999999999999886e-03
-5.375000000000000000e+01 -4.240837696335078455e+00 4.074710000000000276e-01
-5.375000000000000000e+01 -3.298429319371727786e+00 3.869870000000000254e-01
-5.375000000000000000e+01 -2.356020942408377117e+00 4.736339999999999995e-01
-5.375000000000000000e+01 -1.413612565445026226e+00 7.830399999999999860e-02
-5.375000000000000000e+01 -4.712041884816753901e-01 9.719999999999999907e-04
-5.375000000000000000e+01 4.712041884816753901e-01 9.719999999999999907e-04
-5.375000000000000000e+01 1.413612565445026226e+00 1.217999999999999899e-03
-5.375000000000000000e+01 2.356020942408377117e+00 1.054000000000000032e-03
-5.250000000000000000e+01 -1.366492146596859136e+01 1.288800000000000015e-02
-5.250000000000000000e+01 -1.272251308900523981e+01 2.150320000000000009e-01
-5.250000000000000000e+01 -1.178010471204188825e+01 1.208599999999999952e-01
-5.250000000000000000e+01 -1.083769633507853669e+01 2.890750000000000264e-01
-5.250000000000000000e+01 -9.895287958115185134e+00 9.463799999999999990e-02
-5.250000000000000000e+01 -8.952879581151833577e+00 5.699999999999999772e-04
-5.250000000000000000e+01 -8.010471204188482020e+00 1.825000000000000016e-03
-5.250000000000000000e+01 -7.068062827225130462e+00 1.878099999999999908e-02
-5.250000000000000000e+01 -6.125654450261779793e+00 4.141399999999999942e-02
-5.250000000000000000e+01 -5.183246073298429124e+00 1.755000000000000050e-03
-5.250000000000000000e+01 -4.240837696335078455e+00 1.313979999999999870e-01
-5.250000000000000000e+01 -3.298429319371727786e+00 3.492509999999999781e-01
-5.250000000000000000e+01 -2.356020942408377117e+00 3.512099999999999944e-02
-5.250000000000000000e+01 -1.413612565445026226e+00 4.141540000000000221e-01
-5.250000000000000000e+01 -4.712041884816753901e-01 3.785499999999999976e-02
-5.250000000000000000e+01 4.712041884816753901e-01 3.785499999999999976e-02
-5.125000000000000000e+01 -8.952879581151833577e+00 5.748590000000000089e-01
-5.125000000000000000e+01 -8.010471204188482020e+00 4.153120000000000145e-01
-5.125000000000000000e+01 -7.068062827225130462e+00 4.624840000000000062e-01
-5.125000000000000000e+01 -5.183246073298429124e+00 1.891740000000000088e-01
-5.125000000000000000e+01 -4.240837696335078455e+00 3.448550000000000226e-01
-5.125000000000000000e+01 -3.298429319371727786e+00 4.480149999999999966e-01
-5.125000000000000000e+01 -2.356020942408377117e+00 1.285429999999999906e-01
-5.000000000000000000e+01 -3.298429319371727786e+00 6.035740000000000549e-01
