-7.875000000000000000e+01 -6.125654450261779793e+00 5.055969999999999631e-01
-7.875000000000000000e+01 -5.183246073298429124e+00 2.261219999999999897e-01
-7.875000000000000000e+01 -4.240837696335078455e+00 3.316720000000000224e-01
-7.875000000000000000e+01 -3.298429319371727786e+00 4.366300000000000181e-01
-7.875000000000000000e+01 -2.356020942408377117e+00 0.000000000000000000e+00
-7.875000000000000000e+01 -1.413612565445026226e+00 0.000000000000000000e+00
-7.750000000000000000e+01 -8.952879581151833577e+00 1.897490000000000010e-01
-7.750000000000000000e+01 -8.010471204188482020e+00 1.435049999999999937e-01
-7.750000000000000000e+01 -7.068062827225130462e+00 2.891440000000000121e-01
-7.750000000000000000e+01 -6.125654450261779793e+00 5.484320000000000306e-01
-7.750000000000000000e+01 -5.183246073298429124e+00 1.512680000000000136e-01
-7.750000000000000000e+01 -4.240837696335078455e+00 5.569299999999999945e-02
-7.750000000000000000e+01 -3.298429319371727786e+00 3.243150000000000199e-01
-7.750000000000000000e+01 -2.356020942408377117e+00 2.428120000000000001e-01
-7.750000000000000000e+01 -1.413612565445026226e+00 3.284389999999999810e-01
-7.750000000000000000e+01 -4.712041884816753901e-01 1.981259999999999966e-01
-7.750000000000000000e+01 4.712041884816753901e-01 1.981259999999999966e-01
-7.625000000000000000e+01 -1.083769633507853669e+01 6.566900000000000515e-02
-7.625000000000000000e+01 -9.895287958115185134e+00 1.335079999999999878e-01
-7.625000000000000000e+01 -8.952879581151833577e+00 4.064099999999999935e-01
-7.625000000000000000e+01 -8.010471204188482020e+00 1.326350000000000029e-01
-7.625000000000000000e+01 -7.068062827225130462e+00 2.661780000000000257e-01
-7.625000000000000000e+01 -6.125654450261779793e+00 3.799850000000000172e-01
-7.625000000000000000e+01 -5.183246073298429124e+00 4.002700000000000008e-02
-7.625000000000000000e+01 -4.240837696335078455e+00 1.472000000000000001e-03
-7.625000000000000000e+01 -3.298429319371727786e+00 3.983000000000000429e-03
-7.625000000000000000e+01 -2.356020942408377117e+00 2.553000000000000148e-03
-7.625000000000000000e+01 -1.413612565445026226e+00 2.611000000000000040e-03
-7.625000000000000000e+01 -4.712041884816753901e-01 5.453000000000000208e-02
-7.625000000000000000e+01 4.712041884816753901e-01 5.453000000000000208e-02
-7.625000000000000000e+01 1.413612565445026226e+00 7.882090000000000485e-01
-7.500000000000000000e+01 -1.366492146596859136e+01 7.814200000000000312e-02
-7.500000000000000000e+01 -1.272251308900523981e+01 1.417779999999999874e-01
-7.500000000000000000e+01 -1.178010471204188825e+01 1.241629999999999956e-01
-7.500000000000000000e+01 -1.083769633507853669e+01 3.634459999999999913e-01
-7.500000000000000000e+01 -9.895287958115185134e+00 1.690859999999999863e-01
-7.500000000000000000e+01 -8.952879581151833577e+00 4.626049999999999884e-01
-7.500000000000000000e+01 -8.010471204188482020e+00 2.391989999999999950e-01
-7.500000000000000000e+01 -7.068062827225130462e+00 3.560399999999999676e-02
-7.500000000000000000e+01 -6.125654450261779793e+00 6.070300000000000001e-02
-7.500000000000000000e+01 -5.183246073298429124e+00 4.566900000000000126e-02
-7.500000000000000000e+01 -4.240837696335078455e+00 2.003299999999999872e-02
-7.500000000000000000e+01 -3.298429319371727786e+00 2.305999999999999890e-03
-7.500000000000000000e+01 -2.356020942408377117e+00 6.376999999999999856e-03
-7.500000000000000000e+01 -1.413612565445026226e+00 5.597000000000000412e-03
-7.500000000000000000e+01 -4.712041884816753901e-01 2.372099999999999903e-02
-7.500000000000000000e+01 4.712041884816753901e-01 2.372099999999999903e-02
-7.500000000000000000e+01 1.413612565445026226e+00 5.264140000000000486e-01
-7.500000000000000000e+01 2.356020942408377117e+00 8.700400000000000356e-01
-7.375000000000000000e+01 -1.460732984293194114e+01 0.000000000000000000e+00
-7.375000000000000000e+01 -1.366492146596859136e+01 1.302490000000000037e-01
-7.375000000000000000e+01 -1.272251308900523981e+01 8.541999999999999593e-02
-7.375000000000000000e+01 -1.178010471204188825e+01 9.709900000000000475e-02
-7.375000000000000000e+01 -1.083769633507853669e+01 9.310999999999999832e-02
-7.375000000000000000e+01 -9.895287958115185134e+00 5.654499999999999804e-02
-7.375000000000000000e+01 -8.952879581151833577e+00 8.493699999999999861e-02
-7.375000000000000000e+01 -8.010471204188482020e+00 1.137809999999999933e-01
-7.375000000000000000e+01 -7.068062827225130462e+00 2.060599999999999932e-02
-7.375000000000000000e+01 -6.125654450261779793e+00 2.464699999999999877e-02
-7.375000000000000000e+01 -5.183246073298429124e+00 7.177999999999999658e-02
-7.375000000000000000e+01 -4.240837696335078455e+00 2.272499999999999867e-02
-7.375000000000000000e+01 -3.298429319371727786e+00 7.262000000000000226e-03
-7.375000000000000000e+01 -2.356020942408377117e+00 5.409999999999999878e-03
-7.375000000000000000e+01 -1.413612565445026226e+00 1.007610000000000033e-01
-7.375000000000000000e+01 -4.712041884816753901e-01 2.467000000000000009e-03
-7.375000000000000000e+01 4.712041884816753901e-01 2.467000000000000009e-03
-7.375000000000000000e+01 1.413612565445026226e+00 3.643500000000000211e-02
-7.250000000000000000e+01 -1.460732984293194114e+01 5.432000000000000196e-03
-7.250000000000000000e+01 -1.366492146596859136e+01 1.374849999999999961e-01
-7.250000000000000000e+01 -1.272251308900523981e+01 1.734380000000000088e-01
-7.250000000000000000e+01 -1.178010471204188825e+01 4.325799999999999784e-02
-7.250000000000000000e+01 -1.083769633507853669e+01 6.879999999999999831e-03
-7.250000000000000000e+01 -9.895287958115185134e+00 0.000000000000000000e+00
-7.250000000000000000e+01 -8.952879581151833577e+00 1.004200000000000058e-02
-7.250000000000000000e+01 -8.010471204188482020e+00 4.088629999999999765e-01
-7.250000000000000000e+01 -7.068062827225130462e+00 1.285540000000000016e-01
-7.250000000000000000e+01 -6.125654450261779793e+00 9.730000000000000151e-04
-7.250000000000000000e+01 -5.183246073298429124e+00 9.737000000000000863e-03
-7.250000000000000000e+01 -4.240837696335078455e+00 1.123389999999999944e-01
-7.250000000000000000e+01 -3.298429319371727786e+00 2.123999999999999846e-02
-7.250000000000000000e+01 -2.356020942408377117e+00 5.673199999999999771e-02
-7.250000000000000000e+01 -1.413612565445026226e+00 1.726799999999999863e-02
-7.250000000000000000e+01 -4.712041884816753901e-01 6.908000000000000078e-03
-7.250000000000000000e+01 4.712041884816753901e-01 6.908000000000000078e-03
-7.250000000000000000e+01 1.413612565445026226e+00 1.020399999999999953e-02
-7.125000000000000000e+01 -1.460732984293194114e+01 9.079900000000000471e-02
-7.125000000000000000e+01 -1.366492146596859136e+01 2.439500000000000002e-02
-7.125000000000000000e+01 -1.272251308900523981e+01 1.568819999999999937e-01
-7.125000000000000000e+01 -1.178010471204188825e+01 0.000000000000000000e+00
-7.125000000000000000e+01 -1.083769633507853669e+01 0.000000000000000000e+00
-7.125000000000000000e+01 -9.895287958115185134e+00 6.791000000000000161e-03
-7.125000000000000000e+01 -8.952879581151833577e+00 6.893799999999999928e-02
-7.125000000000000000e+01 -8.010471204188482020e+00 5.033480000000000176e-01
-7.125000000000000000e+01 -7.068062827225130462e+00 1.238700000000000044e-02
-7.125000000000000000e+01 -6.125654450261779793e+00 4.655000000000000283e-03
-7.125000000000000000e+01 -5.183246073298429124e+00 2.429999999999999977e-04
-7.125000000000000000e+01 -4.240837696335078455e+00 3.204200000000000104e-02
-7.125000000000000000e+01 -3.298429319371727786e+00 2.390000000000000089e-04
-7.125000000000000000e+01 -2.356020942408377117e+00 4.018599999999999950e-02
-7.125000000000000000e+01 -1.413612565445026226e+00 3.592000000000000141e-03
-7.125000000000000000e+01 -4.712041884816753901e-01 0.000000000000000000e+00
-7.125000000000000000e+01 4.712041884816753901e-01 0.000000000000000000e+00
-7.125000000000000000e+01 1.413612565445026226e+00 9.400999999999999635e-02
-7.000000000000000000e+01 -1.366492146596859136e+01 8.580000000000000820e-03
-7.000000000000000000e+01 -1.272251308900523981e+01 3.296189999999999953e-01
-7.000000000000000000e+01 -1.178010471204188825e+01 2.630100000000000146e-02
-7.000000000000000000e+01 -1.083769633507853669e+01 3.117300000000000071e-01
-7.000000000000000000e+01 -9.895287958115185134e+00 2.266200000000000159e-02
-7.000000000000000000e+01 -8.952879581151833577e+00 1.839989999999999959e-01
-7.000000000000000000e+01 -8.010471204188482020e+00 2.935420000000000251e-01
-7.000000000000000000e+01 -7.068062827225130462e+00 3.684199999999999975e-02
-7.000000000000000000e+01 -6.125654450261779793e+00 1.861000000000000024e-03
-7.000000000000000000e+01 -5.183246073298429124e+00 8.040000000000000271e-04
-7.000000000000000000e+01 -4.240837696335078455e+00 1.209569999999999951e-01
-7.000000000000000000e+01 -3.298429319371727786e+00 6.358800000000000563e-02
-7.000000000000000000e+01 -2.356020942408377117e+00 2.104699999999999974e-02
-7.000000000000000000e+01 -1.413612565445026226e+00 3.404499999999999887e-02
-7.000000000000000000e+01 -4.712041884816753901e-01 1.220300000000000031e-02
-7.000000000000000000e+01 4.712041884816753901e-01 1.220300000000000031e-02
-7.000000000000000000e+01 1.413612565445026226e+00 7.551999999999999685e-03
-6.875000000000000000e+01 -1.554973821989529448e+01 6.769999999999999759e-04
-6.875000000000000000e+01 -1.460732984293194114e+01 3.403400000000000175e-02
-6.875000000000000000e+01 -1.366492146596859136e+01 9.414000000000000493e-03
-6.875000000000000000e+01 -1.272251308900523981e+01 1.219709999999999961e-01
-6.875000000000000000e+01 -1.178010471204188825e+01 3.352189999999999892e-01
-6.875000000000000000e+01 -1.083769633507853669e+01 5.752580000000000471e-01
-6.875000000000000000e+01 -9.895287958115185134e+00 9.580400000000000027e-02
-6.875000000000000000e+01 -8.952879581151833577e+00 4.198299999999999810e-01
-6.875000000000000000e+01 -8.010471204188482020e+00 5.686000000000000082e-03
-6.875000000000000000e+01 -7.068062827225130462e+00 2.047999999999999907e-03
-6.875000000000000000e+01 -6.125654450261779793e+00 1.129999999999999928e-03
-6.875000000000000000e+01 -5.183246073298429124e+00 4.840000000000000010e-04
-6.875000000000000000e+01 -4.240837696335078455e+00 4.423999999999999981e-03
-6.875000000000000000e+01 -3.298429319371727786e+00 7.030999999999999923e-03
-6.875000000000000000e+01 -2.356020942408377117e+00 5.571000000000000431e-03
-6.875000000000000000e+01 -1.413612565445026226e+00 9.915000000000000202e-03
-6.875000000000000000e+01 -4.712041884816753901e-01 1.129100000000000069e-02
-6.875000000000000000e+01 4.712041884816753901e-01 1.129100000000000069e-02
-6.875000000000000000e+01 1.413612565445026226e+00 1.542499999999999948e-02
-6.875000000000000000e+01 2.356020942408377117e+00 6.131000000000000165e-03
-6.750000000000000000e+01 -1.649214659685864603e+01 2.737419999999999853e-01
-6.750000000000000000e+01 -1.554973821989529448e+01 2.737419999999999853e-01
-6.750000000000000000e+01 -1.460732984293194114e+01 1.379990000000000105e-01
-6.750000000000000000e+01 -1.366492146596859136e+01 1.061259999999999981e-01
-6.750000000000000000e+01 -1.272251308900523981e+01 1.285200000000000058e-02
-6.750000000000000000e+01 -1.178010471204188825e+01 1.775200000000000042e-02
-6.750000000000000000e+01 -1.083769633507853669e+01 3.683069999999999955e-01
-6.750000000000000000e+01 -9.895287958115185134e+00 7.944120000000000070e-01
-6.750000000000000000e+01 -8.952879581151833577e+00 2.054640000000000077e-01
-6.750000000000000000e+01 -8.010471204188482020e+00 1.038999999999999993e-03
-6.750000000000000000e+01 -7.068062827225130462e+00 8.919999999999999978e-04
-6.750000000000000000e+01 -6.125654450261779793e+00 5.297999999999999758e-03
-6.750000000000000000e+01 -5.183246073298429124e+00 1.128000000000000096e-03
-6.750000000000000000e+01 -4.240837696335078455e+00 8.059999999999999673e-04
-6.750000000000000000e+01 -3.298429319371727786e+00 1.562799999999999953e-02
-6.750000000000000000e+01 -2.356020942408377117e+00 3.310000000000000225e-04
-6.750000000000000000e+01 -1.413612565445026226e+00 8.000000000000000654e-05
-6.750000000000000000e+01 -4.712041884816753901e-01 8.989999999999999511e-04
-6.750000000000000000e+01 4.712041884816753901e-01 8.989999999999999511e-04
-6.750000000000000000e+01 1.413612565445026226e+00 6.081999999999999733e-03
-6.750000000000000000e+01 2.356020942408377117e+00 7.219999999999999855e-04
-6.625000000000000000e+01 -1.837696335078534560e+01 8.382100000000000661e-02
-6.625000000000000000e+01 -1.743455497382199582e+01 2.444139999999999924e-01
-6.625000000000000000e+01 -1.649214659685864603e+01 1.786999999999999960e-03
-6.625000000000000000e+01 -1.554973821989529448e+01 1.786999999999999960e-03
-6.625000000000000000e+01 -1.460732984293194114e+01 1.314199999999999917e-02
-6.625000000000000000e+01 -1.366492146596859136e+01 1.134000000000000025e-03
-6.625000000000000000e+01 -1.272251308900523981e+01 0.000000000000000000e+00
-6.625000000000000000e+01 -1.178010471204188825e+01 1.293099999999999979e-02
-6.625000000000000000e+01 -1.083769633507853669e+01 1.658010000000000039e-01
-6.625000000000000000e+01 -9.895287958115185134e+00 2.335059999999999913e-01
-6.625000000000000000e+01 -8.952879581151833577e+00 1.684589999999999976e-01
-6.625000000000000000e+01 -8.010471204188482020e+00 2.295000000000000165e-03
-6.625000000000000000e+01 -7.068062827225130462e+00 8.109999999999999805e-04
-6.625000000000000000e+01 -6.125654450261779793e+00 1.610000000000000103e-04
-6.625000000000000000e+01 -5.183246073298429124e+00 3.260000000000000094e-04
-6.625000000000000000e+01 -4.240837696335078455e+00 3.536000000000000081e-03
-6.625000000000000000e+01 -3.298429319371727786e+00 1.536599999999999945e-02
-6.625000000000000000e+01 -2.356020942408377117e+00 6.369999999999999794e-03
-6.625000000000000000e+01 -1.413612565445026226e+00 0.000000000000000000e+00
-6.625000000000000000e+01 -4.712041884816753901e-01 2.425000000000000072e-03
-6.625000000000000000e+01 4.712041884816753901e-01 2.425000000000000072e-03
-6.625000000000000000e+01 1.413612565445026226e+00 9.323199999999999543e-02
-6.625000000000000000e+01 2.356020942408377117e+00 1.050230000000000052e-01
-6.500000000000000000e+01 -1.837696335078534560e+01 2.501600000000000004e-02
-6.500000000000000000e+01 -1.743455497382199582e+01 4.649420000000000219e-01
-6.500000000000000000e+01 -1.649214659685864603e+01 5.710400000000000198e-02
-6.500000000000000000e+01 -1.554973821989529448e+01 5.710400000000000198e-02
-6.500000000000000000e+01 -1.460732984293194114e+01 1.096500000000000079e-02
-6.500000000000000000e+01 -1.366492146596859136e+01 6.364999999999999998e-03
-6.500000000000000000e+01 -1.272251308900523981e+01 2.407999999999999984e-03
-6.500000000000000000e+01 -1.178010471204188825e+01 7.576000000000000269e-03
-6.500000000000000000e+01 -1.083769633507853669e+01 2.037440000000000084e-01
-6.500000000000000000e+01 -9.895287958115185134e+00 6.429810000000000247e-01
-6.500000000000000000e+01 -8.952879581151833577e+00 1.495329999999999993e-01
-6.500000000000000000e+01 -8.010471204188482020e+00 7.217000000000000325e-03
-6.500000000000000000e+01 -7.068062827225130462e+00 5.828900000000000053e-02
-6.500000000000000000e+01 -6.125654450261779793e+00 1.147999999999999932e-03
-6.500000000000000000e+01 -5.183246073298429124e+00 3.456200000000000244e-02
-6.500000000000000000e+01 -4.240837696335078455e+00 2.305700000000000111e-02
-6.500000000000000000e+01 -3.298429319371727786e+00 4.472500000000000087e-02
-6.500000000000000000e+01 -2.356020942408377117e+00 4.329999999999999648e-03
-6.500000000000000000e+01 -1.413612565445026226e+00 1.791999999999999973e-03
-6.500000000000000000e+01 -4.712041884816753901e-01 7.742999999999999883e-03
-6.500000000000000000e+01 4.712041884816753901e-01 7.742999999999999883e-03
-6.500000000000000000e+01 1.413612565445026226e+00 2.658999999999999905e-03
-6.375000000000000000e+01 -2.026178010471204516e+01 8.333329999999999904e-01
-6.375000000000000000e+01 -1.931937172774869538e+01 2.803640000000000021e-01
-6.375000000000000000e+01 -1.837696335078534560e+01 1.463009999999999866e-01
-6.375000000000000000e+01 -1.743455497382199582e+01 5.459950000000000081e-01
-6.375000000000000000e+01 -1.649214659685864603e+01 6.403200000000000558e-02
-6.375000000000000000e+01 -1.554973821989529448e+01 6.403200000000000558e-02
-6.375000000000000000e+01 -1.460732984293194114e+01 3.780900000000000233e-02
-6.375000000000000000e+01 -1.366492146596859136e+01 3.798999999999999860e-03
-6.375000000000000000e+01 -1.272251308900523981e+01 2.674999999999999861e-03
-6.375000000000000000e+01 -1.178010471204188825e+01 2.300879999999999870e-01
-6.375000000000000000e+01 -1.083769633507853669e+01 6.146700000000000080e-02
-6.375000000000000000e+01 -9.895287958115185134e+00 5.242639999999999523e-01
-6.375000000000000000e+01 -8.952879581151833577e+00 8.177290000000000392e-01
-6.375000000000000000e+01 -8.010471204188482020e+00 4.236750000000000238e-01
-6.375000000000000000e+01 -7.068062827225130462e+00 1.433190000000000019e-01
-6.375000000000000000e+01 -6.125654450261779793e+00 4.970999999999999724e-03
-6.375000000000000000e+01 -5.183246073298429124e+00 2.731799999999999853e-02
-6.375000000000000000e+01 -4.240837696335078455e+00 1.240010000000000001e-01
-6.375000000000000000e+01 -3.298429319371727786e+00 1.847599999999999937e-02
-6.375000000000000000e+01 -2.356020942408377117e+00 3.249999999999999851e-04
-6.375000000000000000e+01 -1.413612565445026226e+00 3.240000000000000150e-04
-6.375000000000000000e+01 -4.712041884816753901e-01 1.828999999999999897e-03
-6.375000000000000000e+01 4.712041884816753901e-01 1.828999999999999897e-03
-6.375000000000000000e+01 1.413612565445026226e+00 1.601199999999999846e-02
-6.375000000000000000e+01 3.298429319371727786e+00 2.356799999999999867e-02
-6.250000000000000000e+01 -1.931937172774869538e+01 4.009900000000000131e-01
-6.250000000000000000e+01 -1.837696335078534560e+01 7.247179999999999733e-01
-6.250000000000000000e+01 -1.743455497382199582e+01 8.213249999999999718e-01
-6.250000000000000000e+01 -1.649214659685864603e+01 1.038270000000000026e-01
-6.250000000000000000e+01 -1.554973821989529448e+01 1.038270000000000026e-01
-6.250000000000000000e+01 -1.460732984293194114e+01 7.910999999999999630e-03
-6.250000000000000000e+01 -1.366492146596859136e+01 2.263999999999999953e-03
-6.250000000000000000e+01 -1.272251308900523981e+01 1.157999999999999958e-03
-6.250000000000000000e+01 -1.178010471204188825e+01 3.397209999999999952e-01
-6.250000000000000000e+01 -1.083769633507853669e+01 3.385500000000000176e-01
-6.250000000000000000e+01 -9.895287958115185134e+00 9.729510000000000103e-01
-6.250000000000000000e+01 -8.952879581151833577e+00 4.166320000000000023e-01
-6.250000000000000000e+01 -8.010471204188482020e+00 2.621290000000000009e-01
-6.250000000000000000e+01 -7.068062827225130462e+00 4.957829999999999737e-01
-6.250000000000000000e+01 -6.125654450261779793e+00 1.490059999999999996e-01
-6.250000000000000000e+01 -5.183246073298429124e+00 2.396000000000000126e-03
-6.250000000000000000e+01 -4.240837696335078455e+00 1.262989999999999946e-01
-6.250000000000000000e+01 -3.298429319371727786e+00 1.844200000000000006e-02
-6.250000000000000000e+01 -2.356020942408377117e+00 1.056999999999999997e-03
-6.250000000000000000e+01 -1.413612565445026226e+00 4.093299999999999716e-02
-6.250000000000000000e+01 -4.712041884816753901e-01 6.509999999999999945e-04
-6.250000000000000000e+01 4.712041884816753901e-01 6.509999999999999945e-04
-6.250000000000000000e+01 1.413612565445026226e+00 1.435000000000000078e-03
-6.250000000000000000e+01 2.356020942408377117e+00 1.156699999999999916e-02
-6.250000000000000000e+01 3.298429319371727786e+00 0.000000000000000000e+00
-6.125000000000000000e+01 -1.837696335078534560e+01 2.005989999999999995e-01
-6.125000000000000000e+01 -1.743455497382199582e+01 3.258460000000000245e-01
-6.125000000000000000e+01 -1.649214659685864603e+01 2.977360000000000007e-01
-6.125000000000000000e+01 -1.554973821989529448e+01 2.977360000000000007e-01
-6.125000000000000000e+01 -1.460732984293194114e+01 6.504100000000000159e-02
-6.125000000000000000e+01 -1.366492146596859136e+01 3.887199999999999683e-02
-6.125000000000000000e+01 -1.272251308900523981e+01 6.150799999999999601e-01
-6.125000000000000000e+01 -1.178010471204188825e+01 7.725689999999999502e-01
-6.125000000000000000e+01 -1.083769633507853669e+01 4.174889999999999990e-01
-6.125000000000000000e+01 -9.895287958115185134e+00 2.391659999999999897e-01
-6.125000000000000000e+01 -8.952879581151833577e+00 9.903099999999999403e-02
-6.125000000000000000e+01 -8.010471204188482020e+00 1.823200000000000098e-01
-6.125000000000000000e+01 -7.068062827225130462e+00 6.138199999999999906e-02
-6.125000000000000000e+01 -6.125654450261779793e+00 7.541200000000000681e-02
-6.125000000000000000e+01 -5.183246073298429124e+00 1.347629999999999939e-01
-6.125000000000000000e+01 -4.240837696335078455e+00 4.375419999999999865e-01
-6.125000000000000000e+01 -3.298429319371727786e+00 4.133270000000000000e-01
-6.125000000000000000e+01 -2.356020942408377117e+00 6.601000000000000097e-03
-6.125000000000000000e+01 -1.413612565445026226e+00 2.750299999999999967e-02
-6.125000000000000000e+01 -4.712041884816753901e-01 2.228700000000000125e-01
-6.125000000000000000e+01 4.712041884816753901e-01 2.228700000000000125e-01
-6.125000000000000000e+01 1.413612565445026226e+00 2.362329999999999985e-01
-6.125000000000000000e+01 2.356020942408377117e+00 6.059459999999999846e-01
-6.125000000000000000e+01 3.298429319371727786e+00 2.547329999999999872e-01
-6.125000000000000000e+01 4.240837696335078455e+00 3.462599999999999706e-02
-6.000000000000000000e+01 -1.554973821989529448e+01 9.663299999999999668e-02
-6.000000000000000000e+01 -1.460732984293194114e+01 3.953639999999999932e-01
-6.000000000000000000e+01 -1.366492146596859136e+01 4.242890000000000272e-01
-6.000000000000000000e+01 -1.272251308900523981e+01 3.616409999999999902e-01
-6.000000000000000000e+01 -1.178010471204188825e+01 1.192089999999999955e-01
-6.000000000000000000e+01 -1.083769633507853669e+01 1.132999999999999893e-03
-6.000000000000000000e+01 -9.895287958115185134e+00 5.420699999999999824e-02
-6.000000000000000000e+01 -8.952879581151833577e+00 5.904000000000000394e-03
-6.000000000000000000e+01 -8.010471204188482020e+00 2.479200000000000154e-02
-6.000000000000000000e+01 -7.068062827225130462e+00 4.654329999999999856e-01
-6.000000000000000000e+01 -6.125654450261779793e+00 8.229899999999999716e-02
-6.000000000000000000e+01 -5.183246073298429124e+00 9.338000000000000467e-02
-6.000000000000000000e+01 -4.240837696335078455e+00 5.308720000000000105e-01
-6.000000000000000000e+01 -3.298429319371727786e+00 7.711019999999999541e-01
-6.000000000000000000e+01 -2.356020942408377117e+00 7.340900000000000203e-01
-6.000000000000000000e+01 -1.413612565445026226e+00 2.785969999999999835e-01
-6.000000000000000000e+01 -4.712041884816753901e-01 1.036450000000000010e-01
-6.000000000000000000e+01 4.712041884816753901e-01 1.036450000000000010e-01
-6.000000000000000000e+01 1.413612565445026226e+00 7.196219999999999839e-01
-6.000000000000000000e+01 2.356020942408377117e+00 1.559860000000000135e-01
-6.000000000000000000e+01 3.298429319371727786e+00 1.223889999999999978e-01
-6.000000000000000000e+01 4.240837696335078455e+00 1.397600000000000058e-02
-6.000000000000000000e+01 5.183246073298429124e+00 1.274999999999999918e-02
-5.875000000000000000e+01 -1.366492146596859136e+01 5.080599999999999700e-02
-5.875000000000000000e+01 -1.272251308900523981e+01 4.676999999999999734e-03
-5.875000000000000000e+01 -1.178010471204188825e+01 1.998860000000000081e-01
-5.875000000000000000e+01 -1.083769633507853669e+01 4.081489999999999840e-01
-5.875000000000000000e+01 -9.895287958115185134e+00 2.751540000000000097e-01
-5.875000000000000000e+01 -8.952879581151833577e+00 5.448700000000000071e-02
-5.875000000000000000e+01 -8.010471204188482020e+00 3.190000000000000019e-04
-5.875000000000000000e+01 -7.068062827225130462e+00 2.794809999999999794e-01
-5.875000000000000000e+01 -6.125654450261779793e+00 2.437599999999999836e-02
-5.875000000000000000e+01 -5.183246073298429124e+00 1.229000000000000058e-03
-5.875000000000000000e+01 -4.240837696335078455e+00 3.344900000000000095e-01
-5.875000000000000000e+01 -3.298429319371727786e+00 8.068349999999999689e-01
-5.875000000000000000e+01 -2.356020942408377117e+00 2.802439999999999931e-01
-5.875000000000000000e+01 -1.413612565445026226e+00 5.381000000000000366e-03
-5.875000000000000000e+01 -4.712041884816753901e-01 0.000000000000000000e+00
-5.875000000000000000e+01 4.712041884816753901e-01 0.000000000000000000e+00
-5.750000000000000000e+01 -1.366492146596859136e+01 5.371999999999999692e-02
-5.750000000000000000e+01 -1.272251308900523981e+01 6.454000000000000015e-02
-5.750000000000000000e+01 -1.178010471204188825e+01 5.085709999999999953e-01
-5.750000000000000000e+01 -1.083769633507853669e+01 3.856660000000000088e-01
-5.750000000000000000e+01 -9.895287958115185134e+00 4.550429999999999753e-01
-5.750000000000000000e+01 -8.952879581151833577e+00 2.341800000000000131e-02
-5.750000000000000000e+01 -8.010471204188482020e+00 2.475000000000000203e-03
-5.750000000000000000e+01 -7.068062827225130462e+00 1.523300000000000001e-02
-5.750000000000000000e+01 -6.125654450261779793e+00 2.532249999999999779e-01
-5.750000000000000000e+01 -5.183246073298429124e+00 1.370999999999999996e-02
-5.750000000000000000e+01 -4.240837696335078455e+00 1.556609999999999938e-01
-5.750000000000000000e+01 -3.298429319371727786e+00 4.954500000000000015e-01
-5.750000000000000000e+01 -2.356020942408377117e+00 9.189899999999999458e-02
-5.750000000000000000e+01 -1.413612565445026226e+00 1.277900000000000043e-02
-5.750000000000000000e+01 -4.712041884816753901e-01 2.868000000000000063e-02
-5.750000000000000000e+01 4.712041884816753901e-01 2.868000000000000063e-02
-5.750000000000000000e+01 1.413612565445026226e+00 1.049329999999999985e-01
-5.625000000000000000e+01 -1.366492146596859136e+01 3.605059999999999931e-01
-5.625000000000000000e+01 -1.272251308900523981e+01 3.422919999999999852e-01
-5.625000000000000000e+01 -1.178010471204188825e+01 7.444690000000000474e-01
-5.625000000000000000e+01 -1.083769633507853669e+01 5.151930000000000121e-01
-5.625000000000000000e+01 -9.895287958115185134e+00 8.096529999999999561e-01
-5.625000000000000000e+01 -8.952879581151833577e+00 4.275600000000000234e-02
-5.625000000000000000e+01 -8.010471204188482020e+00 9.247000000000000011e-03
-5.625000000000000000e+01 -7.068062827225130462e+00 1.336529999999999940e-01
-5.625000000000000000e+01 -6.125654450261779793e+00 3.234750000000000125e-01
-5.625000000000000000e+01 -5.183246073298429124e+00 4.458380000000000121e-01
-5.625000000000000000e+01 -4.240837696335078455e+00 4.657020000000000048e-01
-5.625000000000000000e+01 -3.298429319371727786e+00 9.465899999999999315e-02
-5.625000000000000000e+01 -2.356020942408377117e+00 4.403389999999999804e-01
-5.625000000000000000e+01 -1.413612565445026226e+00 3.171999999999999820e-02
-5.625000000000000000e+01 -4.712041884816753901e-01 8.000000000000000654e-05
-5.625000000000000000e+01 4.712041884816753901e-01 8.000000000000000654e-05
-5.625000000000000000e+01 1.413612565445026226e+00 0.000000000000000000e+00
-5.500000000000000000e+01 -1.460732984293194114e+01 1.834469999999999990e-01
-5.500000000000000000e+01 -1.366492146596859136e+01 4.329899999999999721e-02
-5.500000000000000000e+01 -1.272251308900523981e+01 4.546549999999999758e-01
-5.500000000000000000e+01 -1.178010471204188825e+01 7.590879999999999850e-01
-5.500000000000000000e+01 -1.083769633507853669e+01 8.353140000000000009e-01
-5.500000000000000000e+01 -9.895287958115185134e+00 7.649589999999999446e-01
-5.500000000000000000e+01 -8.952879581151833577e+00 9.432999999999999718e-02
-5.500000000000000000e+01 -8.010471204188482020e+00 3.254310000000000258e-01
-5.500000000000000000e+01 -7.068062827225130462e+00 3.256459999999999910e-01
-5.500000000000000000e+01 -6.125654450261779793e+00 7.351900000000000102e-02
-5.500000000000000000e+01 -5.183246073298429124e+00 3.027399999999999883e-02
-5.500000000000000000e+01 -4.240837696335078455e+00 5.482529999999999903e-01
-5.500000000000000000e+01 -3.298429319371727786e+00 5.725329999999999586e-01
-5.500000000000000000e+01 -2.356020942408377117e+00 6.208740000000000370e-01
-5.500000000000000000e+01 -1.413612565445026226e+00 3.226099999999999801e-02
-5.500000000000000000e+01 -4.712041884816753901e-01 2.420000000000000005e-04
-5.500000000000000000e+01 4.712041884816753901e-01 2.420000000000000005e-04
-5.500000000000000000e+01 1.413612565445026226e+00 2.420000000000000005e-04
-5.500000000000000000e+01 2.356020942408377117e+00 5.760000000000000146e-04
-5.375000000000000000e+01 -1.460732984293194114e+01 4.079999999999999968e-04
-5.375000000000000000e+01 -1.366492146596859136e+01 4.129000000000000031e-02
-5.375000000000000000e+01 -1.272251308900523981e+01 2.122140000000000137e-01
-5.375000000000000000e+01 -1.178010471204188825e+01 1.998860000000000081e-01
-5.375000000000000000e+01 -1.083769633507853669e+01 2.798950000000000049e-01
-5.375000000000000000e+01 -9.895287958115185134e+00 3.524120000000000030e-01
-5.375000000000000000e+01 -8.952879581151833577e+00 1.337400000000000047e-02
-5.375000000000000000e+01 -8.010471204188482020e+00 8.000000000000000654e-05
-5.375000000000000000e+01 -7.068062827225130462e+00 2.101000000000000003e-03
-5.375000000000000000e+01 -6.125654450261779793e+00 6.347000000000000211e-03
-5.375000000000000000e+01 -5.183246073298429124e+00 3.327999999999999795e-03
-5.375000000000000000e+01 -4.240837696335078455e+00 5.294600000000000417e-01
-5.375000000000000000e+01 -3.298429319371727786e+00 5.736830000000000540e-01
-5.375000000000000000e+01 -2.356020942408377117e+00 4.921329999999999871e-01
-5.375000000000000000e+01 -1.413612565445026226e+00 1.043520000000000003e-01
-5.375000000000000000e+01 -4.712041884816753901e-01 9.719999999999999907e-04
-5.375000000000000000e+01 4.712041884816753901e-01 9.719999999999999907e-04
-5.375000000000000000e+01 1.413612565445026226e+00 1.217999999999999899e-03
-5.375000000000000000e+01 2.356020942408377117e+00 1.054000000000000032e-03
-5.250000000000000000e+01 -1.366492146596859136e+01 1.288800000000000015e-02
-5.250000000000000000e+01 -1.272251308900523981e+01 2.157610000000000083e-01
-5.250000000000000000e+01 -1.178010471204188825e+01 1.326299999999999979e-01
-5.250000000000000000e+01 -1.083769633507853669e+01 3.043799999999999839e-01
-5.250000000000000000e+01 -9.895287958115185134e+00 9.897699999999999554e-02
-5.250000000000000000e+01 -8.952879581151833577e+00 5.699999999999999772e-04
-5.250000000000000000e+01 -8.010471204188482020e+00 1.825000000000000016e-03
-5.250000000000000000e+01 -7.068062827225130462e+00 1.878099999999999908e-02
-5.250000000000000000e+01 -6.125654450261779793e+00 4.149599999999999816e-02
-5.250000000000000000e+01 -5.183246073298429124e+00 1.755000000000000050e-03
-5.250000000000000000e+01 -4.240837696335078455e+00 1.575060000000000071e-01
-5.250000000000000000e+01 -3.298429319371727786e+00 3.996330000000000160e-01
-5.250000000000000000e+01 -2.356020942408377117e+00 4.473200000000000093e-02
-5.250000000000000000e+01 -1.413612565445026226e+00 5.049439999999999484e-01
-5.250000000000000000e+01 -4.712041884816753901e-01 7.247399999999999676e-02
-5.250000000000000000e+01 4.712041884816753901e-01 7.247399999999999676e-02
-5.125000000000000000e+01 -8.952879581151833577e+00 5.946820000000000439e-01
-5.125000000000000000e+01 -8.010471204188482020e+00 4.190309999999999868e-01
-5.125000000000000000e+01 -7.068062827225130462e+00 4.634480000000000266e-01
-5.125000000000000000e+01 -5.183246073298429124e+00 1.905290000000000039e-01
-5.125000000000000000e+01 -4.240837696335078455e+00 3.560030000000000139e-01
-5.125000000000000000e+01 -3.298429319371727786e+00 5.438499999999999446e-01
-5.125000000000000000e+01 -2.356020942408377117e+00 1.449459999999999915e-01
-5.000000000000000000e+01 -3.298429319371727786e+00 6.821650000000000214e-01
