-7.875000000000000000e+01 -6.125654450261779793e+00 5.074629999999999974e-01
-7.875000000000000000e+01 -5.183246073298429124e+00 2.620799999999999796e-01
-7.875000000000000000e+01 -4.240837696335078455e+00 3.818030000000000035e-01
-7.875000000000000000e+01 -3.298429319371727786e+00 5.130310000000000148e-01
-7.875000000000000000e+01 -2.356020942408377117e+00 0.000000000000000000e+00
-7.875000000000000000e+01 -1.413612565445026226e+00 0.000000000000000000e+00
-7.750000000000000000e+01 -8.952879581151833577e+00 1.875680000000000125e-01
-7.750000000000000000e+01 -8.010471204188482020e+00 1.435049999999999937e-01
-7.750000000000000000e+01 -7.068062827225130462e+00 2.868339999999999779e-01
-7.750000000000000000e+01 -6.125654450261779793e+00 5.414900000000000269e-01
-7.750000000000000000e+01 -5.183246073298429124e+00 1.984519999999999895e-01
-7.750000000000000000e+01 -4.240837696335078455e+00 5.478399999999999936e-02
-7.750000000000000000e+01 -3.298429319371727786e+00 4.600029999999999952e-01
-7.750000000000000000e+01 -2.356020942408377117e+00 2.777430000000000176e-01
-7.750000000000000000e+01 -1.413612565445026226e+00 4.053229999999999889e-01
-7.750000000000000000e+01 -4.712041884816753901e-01 2.321600000000000052e-01
-7.750000000000000000e+01 4.712041884816753901e-01 2.321600000000000052e-01
-7.625000000000000000e+01 -1.083769633507853669e+01 7.427999999999999881e-02
-7.625000000000000000e+01 -9.895287958115185134e+00 1.505450000000000121e-01
-7.625000000000000000e+01 -8.952879581151833577e+00 4.937770000000000215e-01
-7.625000000000000000e+01 -8.010471204188482020e+00 1.979370000000000018e-01
-7.625000000000000000e+01 -7.068062827225130462e+00 2.768109999999999737e-01
-7.625000000000000000e+01 -6.125654450261779793e+00 4.954810000000000048e-01
-7.625000000000000000e+01 -5.183246073298429124e+00 4.070300000000000307e-02
-7.625000000000000000e+01 -4.240837696335078455e+00 1.472000000000000001e-03
-7.625000000000000000e+01 -3.298429319371727786e+00 3.983000000000000429e-03
-7.625000000000000000e+01 -2.356020942408377117e+00 2.553000000000000148e-03
-7.625000000000000000e+01 -1.413612565445026226e+00 7.832000000000000420e-03
-7.625000000000000000e+01 -4.712041884816753901e-01 2.287270000000000136e-01
-7.625000000000000000e+01 4.712041884816753901e-01 2.287270000000000136e-01
-7.625000000000000000e+01 1.413612565445026226e+00 8.706340000000000190e-01
-7.500000000000000000e+01 -1.366492146596859136e+01 7.814200000000000312e-02
-7.500000000000000000e+01 -1.272251308900523981e+01 1.417779999999999874e-01
-7.500000000000000000e+01 -1.178010471204188825e+01 1.237540000000000029e-01
-7.500000000000000000e+01 -1.083769633507853669e+01 3.862920000000000242e-01
-7.500000000000000000e+01 -9.895287958115185134e+00 2.179969999999999963e-01
-7.500000000000000000e+01 -8.952879581151833577e+00 5.501070000000000126e-01
-7.500000000000000000e+01 -8.010471204188482020e+00 2.555459999999999954e-01
-7.500000000000000000e+01 -7.068062827225130462e+00 4.001299999999999996e-02
-7.500000000000000000e+01 -6.125654450261779793e+00 6.070300000000000001e-02
-7.500000000000000000e+01 -5.183246073298429124e+00 4.566900000000000126e-02
-7.500000000000000000e+01 -4.240837696335078455e+00 2.003299999999999872e-02
-7.500000000000000000e+01 -3.298429319371727786e+00 2.305999999999999890e-03
-7.500000000000000000e+01 -2.356020942408377117e+00 6.376999999999999856e-03
-7.500000000000000000e+01 -1.413612565445026226e+00 5.597000000000000412e-03
-7.500000000000000000e+01 -4.712041884816753901e-01 4.561699999999999783e-02
-7.500000000000000000e+01 4.712041884816753901e-01 4.561699999999999783e-02
-7.500000000000000000e+01 1.413612565445026226e+00 5.982610000000000428e-01
-7.500000000000000000e+01 2.356020942408377117e+00 9.251230000000000286e-01
-7.375000000000000000e+01 -1.460732984293194114e+01 0.000000000000000000e+00
-7.375000000000000000e+01 -1.366492146596859136e+01 1.302490000000000037e-01
-7.375000000000000000e+01 -1.272251308900523981e+01 8.427400000000000169e-02
-7.375000000000000000e+01 -1.178010471204188825e+01 1.027529999999999971e-01
-7.375000000000000000e+01 -1.083769633507853669e+01 1.012649999999999939e-01
-7.375000000000000000e+01 -9.895287958115185134e+00 5.918199999999999850e-02
-7.375000000000000000e+01 -8.952879581151833577e+00 1.116319999999999951e-01
-7.375000000000000000e+01 -8.010471204188482020e+00 1.958219999999999961e-01
-7.375000000000000000e+01 -7.068062827225130462e+00 1.136179999999999968e-01
-7.375000000000000000e+01 -6.125654450261779793e+00 2.464699999999999877e-02
-7.375000000000000000e+01 -5.183246073298429124e+00 7.177999999999999658e-02
-7.375000000000000000e+01 -4.240837696335078455e+00 2.272499999999999867e-02
-7.375000000000000000e+01 -3.298429319371727786e+00 7.262000000000000226e-03
-7.375000000000000000e+01 -2.356020942408377117e+00 5.409999999999999878e-03
-7.375000000000000000e+01 -1.413612565445026226e+00 1.190810000000000063e-01
-7.375000000000000000e+01 -4.712041884816753901e-01 2.467000000000000009e-03
-7.375000000000000000e+01 4.712041884816753901e-01 2.467000000000000009e-03
-7.375000000000000000e+01 1.413612565445026226e+00 5.579599999999999838e-02
-7.250000000000000000e+01 -1.460732984293194114e+01 5.432000000000000196e-03
-7.250000000000000000e+01 -1.366492146596859136e+01 1.374849999999999961e-01
-7.250000000000000000e+01 -1.272251308900523981e+01 1.805539999999999923e-01
-7.250000000000000000e+01 -1.178010471204188825e+01 4.293199999999999794e-02
-7.250000000000000000e+01 -1.083769633507853669e+01 6.879999999999999831e-03
-7.250000000000000000e+01 -9.895287958115185134e+00 0.000000000000000000e+00
-7.250000000000000000e+01 -8.952879581151833577e+00 3.592100000000000154e-02
-7.250000000000000000e+01 -8.010471204188482020e+00 5.718569999999999487e-01
-7.250000000000000000e+01 -7.068062827225130462e+00 3.466989999999999794e-01
-7.250000000000000000e+01 -6.125654450261779793e+00 9.730000000000000151e-04
-7.250000000000000000e+01 -5.183246073298429124e+00 9.737000000000000863e-03
-7.250000000000000000e+01 -4.240837696335078455e+00 1.123389999999999944e-01
-7.250000000000000000e+01 -3.298429319371727786e+00 2.123999999999999846e-02
-7.250000000000000000e+01 -2.356020942408377117e+00 5.813800000000000218e-02
-7.250000000000000000e+01 -1.413612565445026226e+00 1.332099999999999951e-02
-7.250000000000000000e+01 -4.712041884816753901e-01 6.908000000000000078e-03
-7.250000000000000000e+01 4.712041884816753901e-01 6.908000000000000078e-03
-7.250000000000000000e+01 1.413612565445026226e+00 1.293599999999999958e-02
-7.125000000000000000e+01 -1.460732984293194114e+01 9.079900000000000471e-02
-7.125000000000000000e+01 -1.366492146596859136e+01 2.504899999999999835e-02
-7.125000000000000000e+01 -1.272251308900523981e+01 2.729880000000000084e-01
-7.125000000000000000e+01 -1.178010471204188825e+01 1.074800000000000061e-02
-7.125000000000000000e+01 -1.083769633507853669e+01 1.968000000000000131e-03
-7.125000000000000000e+01 -9.895287958115185134e+00 6.791000000000000161e-03
-7.125000000000000000e+01 -8.952879581151833577e+00 1.789939999999999864e-01
-7.125000000000000000e+01 -8.010471204188482020e+00 7.328599999999999559e-01
-7.125000000000000000e+01 -7.068062827225130462e+00 1.713079999999999881e-01
-7.125000000000000000e+01 -6.125654450261779793e+00 7.463000000000000016e-03
-7.125000000000000000e+01 -5.183246073298429124e+00 2.429999999999999977e-04
-7.125000000000000000e+01 -4.240837696335078455e+00 3.585699999999999998e-02
-7.125000000000000000e+01 -3.298429319371727786e+00 1.589999999999999888e-04
-7.125000000000000000e+01 -2.356020942408377117e+00 5.154000000000000248e-02
-7.125000000000000000e+01 -1.413612565445026226e+00 3.592000000000000141e-03
-7.125000000000000000e+01 -4.712041884816753901e-01 0.000000000000000000e+00
-7.125000000000000000e+01 4.712041884816753901e-01 0.000000000000000000e+00
-7.125000000000000000e+01 1.413612565445026226e+00 1.060060000000000030e-01
-7.000000000000000000e+01 -1.366492146596859136e+01 1.035200000000000009e-02
-7.000000000000000000e+01 -1.272251308900523981e+01 3.840799999999999770e-01
-7.000000000000000000e+01 -1.178010471204188825e+01 1.415190000000000059e-01
-7.000000000000000000e+01 -1.083769633507853669e+01 4.284549999999999748e-01
-7.000000000000000000e+01 -9.895287958115185134e+00 6.053800000000000153e-02
-7.000000000000000000e+01 -8.952879581151833577e+00 4.023090000000000277e-01
-7.000000000000000000e+01 -8.010471204188482020e+00 5.341650000000000009e-01
-7.000000000000000000e+01 -7.068062827225130462e+00 1.017890000000000045e-01
-7.000000000000000000e+01 -6.125654450261779793e+00 1.861000000000000024e-03
-7.000000000000000000e+01 -5.183246073298429124e+00 8.040000000000000271e-04
-7.000000000000000000e+01 -4.240837696335078455e+00 1.344349999999999989e-01
-7.000000000000000000e+01 -3.298429319371727786e+00 5.516999999999999682e-02
-7.000000000000000000e+01 -2.356020942408377117e+00 2.064699999999999869e-02
-7.000000000000000000e+01 -1.413612565445026226e+00 3.429399999999999810e-02
-7.000000000000000000e+01 -4.712041884816753901e-01 1.220300000000000031e-02
-7.000000000000000000e+01 4.712041884816753901e-01 1.220300000000000031e-02
-7.000000000000000000e+01 1.413612565445026226e+00 7.795999999999999978e-03
-6.875000000000000000e+01 -1.554973821989529448e+01 1.353999999999999952e-03
-6.875000000000000000e+01 -1.460732984293194114e+01 4.219200000000000034e-02
-6.875000000000000000e+01 -1.366492146596859136e+01 2.085700000000000054e-02
-6.875000000000000000e+01 -1.272251308900523981e+01 1.788089999999999957e-01
-6.875000000000000000e+01 -1.178010471204188825e+01 5.307899999999999840e-01
-6.875000000000000000e+01 -1.083769633507853669e+01 7.425810000000000466e-01
-6.875000000000000000e+01 -9.895287958115185134e+00 3.108580000000000232e-01
-6.875000000000000000e+01 -8.952879581151833577e+00 8.120089999999999808e-01
-6.875000000000000000e+01 -8.010471204188482020e+00 6.622899999999999621e-02
-6.875000000000000000e+01 -7.068062827225130462e+00 2.047999999999999907e-03
-6.875000000000000000e+01 -6.125654450261779793e+00 1.129999999999999928e-03
-6.875000000000000000e+01 -5.183246073298429124e+00 4.840000000000000010e-04
-6.875000000000000000e+01 -4.240837696335078455e+00 4.423999999999999981e-03
-6.875000000000000000e+01 -3.298429319371727786e+00 7.030999999999999923e-03
-6.875000000000000000e+01 -2.356020942408377117e+00 4.997999999999999839e-03
-6.875000000000000000e+01 -1.413612565445026226e+00 1.160699999999999926e-02
-6.875000000000000000e+01 -4.712041884816753901e-01 1.129100000000000069e-02
-6.875000000000000000e+01 4.712041884816753901e-01 1.129100000000000069e-02
-6.875000000000000000e+01 1.413612565445026226e+00 1.526199999999999952e-02
-6.875000000000000000e+01 2.356020942408377117e+00 6.458000000000000199e-03
-6.750000000000000000e+01 -1.649214659685864603e+01 4.178580000000000072e-01
-6.750000000000000000e+01 -1.554973821989529448e+01 4.178580000000000072e-01
-6.750000000000000000e+01 -1.460732984293194114e+01 2.008909999999999862e-01
-6.750000000000000000e+01 -1.366492146596859136e+01 1.611360000000000015e-01
-6.750000000000000000e+01 -1.272251308900523981e+01 3.031000000000000014e-02
-6.750000000000000000e+01 -1.178010471204188825e+01 5.922800000000000287e-02
-6.750000000000000000e+01 -1.083769633507853669e+01 4.913540000000000130e-01
-6.750000000000000000e+01 -9.895287958115185134e+00 9.217769999999999575e-01
-6.750000000000000000e+01 -8.952879581151833577e+00 4.967880000000000074e-01
-6.750000000000000000e+01 -8.010471204188482020e+00 5.673000000000000091e-03
-6.750000000000000000e+01 -7.068062827225130462e+00 2.667599999999999832e-02
-6.750000000000000000e+01 -6.125654450261779793e+00 6.846999999999999788e-03
-6.750000000000000000e+01 -5.183246073298429124e+00 1.128000000000000096e-03
-6.750000000000000000e+01 -4.240837696335078455e+00 8.059999999999999673e-04
-6.750000000000000000e+01 -3.298429319371727786e+00 1.875299999999999884e-02
-6.750000000000000000e+01 -2.356020942408377117e+00 3.310000000000000225e-04
-6.750000000000000000e+01 -1.413612565445026226e+00 8.000000000000000654e-05
-6.750000000000000000e+01 -4.712041884816753901e-01 8.989999999999999511e-04
-6.750000000000000000e+01 4.712041884816753901e-01 8.989999999999999511e-04
-6.750000000000000000e+01 1.413612565445026226e+00 1.273099999999999926e-02
-6.750000000000000000e+01 2.356020942408377117e+00 8.044600000000000362e-02
-6.625000000000000000e+01 -1.837696335078534560e+01 8.390400000000000635e-02
-6.625000000000000000e+01 -1.743455497382199582e+01 3.545170000000000265e-01
-6.625000000000000000e+01 -1.649214659685864603e+01 2.957200000000000106e-02
-6.625000000000000000e+01 -1.554973821989529448e+01 2.957200000000000106e-02
-6.625000000000000000e+01 -1.460732984293194114e+01 1.881999999999999992e-02
-6.625000000000000000e+01 -1.366492146596859136e+01 1.134000000000000025e-03
-6.625000000000000000e+01 -1.272251308900523981e+01 0.000000000000000000e+00
-6.625000000000000000e+01 -1.178010471204188825e+01 1.293099999999999979e-02
-6.625000000000000000e+01 -1.083769633507853669e+01 1.817179999999999906e-01
-6.625000000000000000e+01 -9.895287958115185134e+00 3.451130000000000031e-01
-6.625000000000000000e+01 -8.952879581151833577e+00 3.444400000000000239e-01
-6.625000000000000000e+01 -8.010471204188482020e+00 4.728700000000000264e-02
-6.625000000000000000e+01 -7.068062827225130462e+00 6.411000000000000032e-03
-6.625000000000000000e+01 -6.125654450261779793e+00 1.610000000000000103e-04
-6.625000000000000000e+01 -5.183246073298429124e+00 3.260000000000000094e-04
-6.625000000000000000e+01 -4.240837696335078455e+00 3.536000000000000081e-03
-6.625000000000000000e+01 -3.298429319371727786e+00 1.891299999999999926e-02
-6.625000000000000000e+01 -2.356020942408377117e+00 6.455999999999999933e-03
-6.625000000000000000e+01 -1.413612565445026226e+00 0.000000000000000000e+00
-6.625000000000000000e+01 -4.712041884816753901e-01 1.003500000000000052e-02
-6.625000000000000000e+01 4.712041884816753901e-01 1.003500000000000052e-02
-6.625000000000000000e+01 1.413612565445026226e+00 8.514599999999999946e-02
-6.625000000000000000e+01 2.356020942408377117e+00 7.628400000000000458e-02
-6.500000000000000000e+01 -1.837696335078534560e+01 3.047599999999999962e-02
-6.500000000000000000e+01 -1.743455497382199582e+01 5.730680000000000218e-01
-6.500000000000000000e+01 -1.649214659685864603e+01 7.326000000000000567e-02
-6.500000000000000000e+01 -1.554973821989529448e+01 7.326000000000000567e-02
-6.500000000000000000e+01 -1.460732984293194114e+01 1.314099999999999990e-02
-6.500000000000000000e+01 -1.366492146596859136e+01 5.432000000000000196e-03
-6.500000000000000000e+01 -1.272251308900523981e+01 1.992999999999999980e-03
-6.500000000000000000e+01 -1.178010471204188825e+01 9.688599999999999990e-02
-6.500000000000000000e+01 -1.083769633507853669e+01 3.920130000000000003e-01
-6.500000000000000000e+01 -9.895287958115185134e+00 7.985919999999999686e-01
-6.500000000000000000e+01 -8.952879581151833577e+00 5.215109999999999468e-01
-6.500000000000000000e+01 -8.010471204188482020e+00 1.891829999999999901e-01
-6.500000000000000000e+01 -7.068062827225130462e+00 1.890860000000000041e-01
-6.500000000000000000e+01 -6.125654450261779793e+00 1.147999999999999932e-03
-6.500000000000000000e+01 -5.183246073298429124e+00 1.388189999999999980e-01
-6.500000000000000000e+01 -4.240837696335078455e+00 1.754779999999999951e-01
-6.500000000000000000e+01 -3.298429319371727786e+00 1.465329999999999966e-01
-6.500000000000000000e+01 -2.356020942408377117e+00 4.329999999999999648e-03
-6.500000000000000000e+01 -1.413612565445026226e+00 1.791999999999999973e-03
-6.500000000000000000e+01 -4.712041884816753901e-01 9.700000000000000289e-03
-6.500000000000000000e+01 4.712041884816753901e-01 9.700000000000000289e-03
-6.500000000000000000e+01 1.413612565445026226e+00 2.658999999999999905e-03
-6.375000000000000000e+01 -2.026178010471204516e+01 8.333329999999999904e-01
-6.375000000000000000e+01 -1.931937172774869538e+01 3.634279999999999733e-01
-6.375000000000000000e+01 -1.837696335078534560e+01 2.336529999999999996e-01
-6.375000000000000000e+01 -1.743455497382199582e+01 7.045420000000000016e-01
-6.375000000000000000e+01 -1.649214659685864603e+01 7.846599999999999409e-02
-6.375000000000000000e+01 -1.554973821989529448e+01 7.846599999999999409e-02
-6.375000000000000000e+01 -1.460732984293194114e+01 4.991799999999999710e-02
-6.375000000000000000e+01 -1.366492146596859136e+01 3.468999999999999861e-03
-6.375000000000000000e+01 -1.272251308900523981e+01 7.692000000000000053e-03
-6.375000000000000000e+01 -1.178010471204188825e+01 6.497049999999999770e-01
-6.375000000000000000e+01 -1.083769633507853669e+01 1.723359999999999892e-01
-6.375000000000000000e+01 -9.895287958115185134e+00 7.576840000000000241e-01
-6.375000000000000000e+01 -8.952879581151833577e+00 9.272240000000000482e-01
-6.375000000000000000e+01 -8.010471204188482020e+00 6.945369999999999600e-01
-6.375000000000000000e+01 -7.068062827225130462e+00 3.319860000000000033e-01
-6.375000000000000000e+01 -6.125654450261779793e+00 6.130000000000000032e-03
-6.375000000000000000e+01 -5.183246073298429124e+00 4.754099999999999993e-02
-6.375000000000000000e+01 -4.240837696335078455e+00 3.118469999999999853e-01
-6.375000000000000000e+01 -3.298429319371727786e+00 1.807000000000000012e-03
-6.375000000000000000e+01 -2.356020942408377117e+00 3.249999999999999851e-04
-6.375000000000000000e+01 -1.413612565445026226e+00 3.240000000000000150e-04
-6.375000000000000000e+01 -4.712041884816753901e-01 1.828999999999999897e-03
-6.375000000000000000e+01 4.712041884816753901e-01 1.828999999999999897e-03
-6.375000000000000000e+01 1.413612565445026226e+00 3.275100000000000233e-02
-6.375000000000000000e+01 3.298429319371727786e+00 3.069600000000000106e-02
-6.250000000000000000e+01 -1.931937172774869538e+01 4.076279999999999903e-01
-6.250000000000000000e+01 -1.837696335078534560e+01 7.255350000000000410e-01
-6.250000000000000000e+01 -1.743455497382199582e+01 8.540889999999999871e-01
-6.250000000000000000e+01 -1.649214659685864603e+01 2.189629999999999910e-01
-6.250000000000000000e+01 -1.554973821989529448e+01 2.189629999999999910e-01
-6.250000000000000000e+01 -1.460732984293194114e+01 1.348099999999999993e-02
-6.250000000000000000e+01 -1.366492146596859136e+01 6.470000000000000057e-03
-6.250000000000000000e+01 -1.272251308900523981e+01 2.341700000000000031e-02
-6.250000000000000000e+01 -1.178010471204188825e+01 6.006120000000000347e-01
-6.250000000000000000e+01 -1.083769633507853669e+01 4.738240000000000229e-01
-6.250000000000000000e+01 -9.895287958115185134e+00 9.867580000000000240e-01
-6.250000000000000000e+01 -8.952879581151833577e+00 7.129590000000000094e-01
-6.250000000000000000e+01 -8.010471204188482020e+00 6.207040000000000335e-01
-6.250000000000000000e+01 -7.068062827225130462e+00 8.566230000000000233e-01
-6.250000000000000000e+01 -6.125654450261779793e+00 3.912619999999999987e-01
-6.250000000000000000e+01 -5.183246073298429124e+00 2.478999999999999867e-03
-6.250000000000000000e+01 -4.240837696335078455e+00 3.773710000000000120e-01
-6.250000000000000000e+01 -3.298429319371727786e+00 2.707700000000000037e-02
-6.250000000000000000e+01 -2.356020942408377117e+00 1.503900000000000028e-02
-6.250000000000000000e+01 -1.413612565445026226e+00 1.918680000000000108e-01
-6.250000000000000000e+01 -4.712041884816753901e-01 2.279000000000000210e-03
-6.250000000000000000e+01 4.712041884816753901e-01 2.279000000000000210e-03
-6.250000000000000000e+01 1.413612565445026226e+00 3.683899999999999675e-02
-6.250000000000000000e+01 2.356020942408377117e+00 2.369999999999999885e-02
-6.250000000000000000e+01 3.298429319371727786e+00 0.000000000000000000e+00
-6.125000000000000000e+01 -1.837696335078534560e+01 2.157590000000000063e-01
-6.125000000000000000e+01 -1.743455497382199582e+01 4.240329999999999933e-01
-6.125000000000000000e+01 -1.649214659685864603e+01 4.180800000000000072e-01
-6.125000000000000000e+01 -1.554973821989529448e+01 4.180800000000000072e-01
-6.125000000000000000e+01 -1.460732984293194114e+01 9.849299999999999722e-02
-6.125000000000000000e+01 -1.366492146596859136e+01 8.132999999999999952e-02
-6.125000000000000000e+01 -1.272251308900523981e+01 7.541459999999999830e-01
-6.125000000000000000e+01 -1.178010471204188825e+01 8.195310000000000095e-01
-6.125000000000000000e+01 -1.083769633507853669e+01 5.383069999999999800e-01
-6.125000000000000000e+01 -9.895287958115185134e+00 6.757149999999999546e-01
-6.125000000000000000e+01 -8.952879581151833577e+00 5.229099999999999859e-01
-6.125000000000000000e+01 -8.010471204188482020e+00 4.974810000000000065e-01
-6.125000000000000000e+01 -7.068062827225130462e+00 1.822139999999999871e-01
-6.125000000000000000e+01 -6.125654450261779793e+00 2.850070000000000103e-01
-6.125000000000000000e+01 -5.183246073298429124e+00 2.361240000000000006e-01
-6.125000000000000000e+01 -4.240837696335078455e+00 6.135680000000000023e-01
-6.125000000000000000e+01 -3.298429319371727786e+00 5.472630000000000550e-01
-6.125000000000000000e+01 -2.356020942408377117e+00 1.754400000000000057e-02
-6.125000000000000000e+01 -1.413612565445026226e+00 1.323759999999999937e-01
-6.125000000000000000e+01 -4.712041884816753901e-01 2.940989999999999993e-01
-6.125000000000000000e+01 4.712041884816753901e-01 2.940989999999999993e-01
-6.125000000000000000e+01 1.413612565445026226e+00 4.671739999999999782e-01
-6.125000000000000000e+01 2.356020942408377117e+00 8.801700000000000079e-01
-6.125000000000000000e+01 3.298429319371727786e+00 2.992960000000000065e-01
-6.125000000000000000e+01 4.240837696335078455e+00 1.462440000000000129e-01
-6.000000000000000000e+01 -1.554973821989529448e+01 1.748860000000000137e-01
-6.000000000000000000e+01 -1.460732984293194114e+01 4.791050000000000031e-01
-6.000000000000000000e+01 -1.366492146596859136e+01 6.566210000000000102e-01
-6.000000000000000000e+01 -1.272251308900523981e+01 5.415799999999999503e-01
-6.000000000000000000e+01 -1.178010471204188825e+01 1.974170000000000091e-01
-6.000000000000000000e+01 -1.083769633507853669e+01 5.031499999999999861e-02
-6.000000000000000000e+01 -9.895287958115185134e+00 5.126140000000000141e-01
-6.000000000000000000e+01 -8.952879581151833577e+00 4.447900000000000187e-01
-6.000000000000000000e+01 -8.010471204188482020e+00 2.387859999999999983e-01
-6.000000000000000000e+01 -7.068062827225130462e+00 7.301199999999999912e-01
-6.000000000000000000e+01 -6.125654450261779793e+00 3.528729999999999922e-01
-6.000000000000000000e+01 -5.183246073298429124e+00 3.250080000000000191e-01
-6.000000000000000000e+01 -4.240837696335078455e+00 7.432029999999999470e-01
-6.000000000000000000e+01 -3.298429319371727786e+00 8.955950000000000299e-01
-6.000000000000000000e+01 -2.356020942408377117e+00 9.468739999999999934e-01
-6.000000000000000000e+01 -1.413612565445026226e+00 4.781779999999999919e-01
-6.000000000000000000e+01 -4.712041884816753901e-01 1.252109999999999890e-01
-6.000000000000000000e+01 4.712041884816753901e-01 1.252109999999999890e-01
-6.000000000000000000e+01 1.413612565445026226e+00 8.355660000000000309e-01
-6.000000000000000000e+01 2.356020942408377117e+00 4.779360000000000275e-01
-6.000000000000000000e+01 3.298429319371727786e+00 1.420460000000000056e-01
-6.000000000000000000e+01 4.240837696335078455e+00 2.398300000000000085e-02
-6.000000000000000000e+01 5.183246073298429124e+00 2.311399999999999913e-02
-5.875000000000000000e+01 -1.366492146596859136e+01 6.717099999999999460e-02
-5.875000000000000000e+01 -1.272251308900523981e+01 1.508100000000000065e-02
-5.875000000000000000e+01 -1.178010471204188825e+01 3.097869999999999790e-01
-5.875000000000000000e+01 -1.083769633507853669e+01 7.914660000000000029e-01
-5.875000000000000000e+01 -9.895287958115185134e+00 8.921059999999999546e-01
-5.875000000000000000e+01 -8.952879581151833577e+00 5.258049999999999669e-01
-5.875000000000000000e+01 -8.010471204188482020e+00 7.321900000000000630e-02
-5.875000000000000000e+01 -7.068062827225130462e+00 5.885839999999999961e-01
-5.875000000000000000e+01 -6.125654450261779793e+00 8.733599999999999697e-02
-5.875000000000000000e+01 -5.183246073298429124e+00 6.474999999999999853e-03
-5.875000000000000000e+01 -4.240837696335078455e+00 4.632839999999999736e-01
-5.875000000000000000e+01 -3.298429319371727786e+00 8.819900000000000517e-01
-5.875000000000000000e+01 -2.356020942408377117e+00 4.130679999999999907e-01
-5.875000000000000000e+01 -1.413612565445026226e+00 4.891999999999999821e-02
-5.875000000000000000e+01 -4.712041884816753901e-01 1.282100000000000080e-02
-5.875000000000000000e+01 4.712041884816753901e-01 1.282100000000000080e-02
-5.750000000000000000e+01 -1.366492146596859136e+01 6.406000000000000583e-02
-5.750000000000000000e+01 -1.272251308900523981e+01 1.127220000000000028e-01
-5.750000000000000000e+01 -1.178010471204188825e+01 7.186940000000000550e-01
-5.750000000000000000e+01 -1.083769633507853669e+01 6.894379999999999953e-01
-5.750000000000000000e+01 -9.895287958115185134e+00 9.512829999999999897e-01
-5.750000000000000000e+01 -8.952879581151833577e+00 4.600839999999999930e-01
-5.750000000000000000e+01 -8.010471204188482020e+00 3.936470000000000247e-01
-5.750000000000000000e+01 -7.068062827225130462e+00 5.315000000000000280e-02
-5.750000000000000000e+01 -6.125654450261779793e+00 5.604789999999999495e-01
-5.750000000000000000e+01 -5.183246073298429124e+00 1.473800000000000110e-01
-5.750000000000000000e+01 -4.240837696335078455e+00 2.869570000000000176e-01
-5.750000000000000000e+01 -3.298429319371727786e+00 5.265680000000000360e-01
-5.750000000000000000e+01 -2.356020942408377117e+00 1.932699999999999974e-01
-5.750000000000000000e+01 -1.413612565445026226e+00 2.571999999999999981e-02
-5.750000000000000000e+01 -4.712041884816753901e-01 2.080529999999999879e-01
-5.750000000000000000e+01 4.712041884816753901e-01 2.080529999999999879e-01
-5.750000000000000000e+01 1.413612565445026226e+00 2.959129999999999816e-01
-5.625000000000000000e+01 -1.366492146596859136e+01 4.567120000000000068e-01
-5.625000000000000000e+01 -1.272251308900523981e+01 3.992740000000000178e-01
-5.625000000000000000e+01 -1.178010471204188825e+01 8.663589999999999902e-01
-5.625000000000000000e+01 -1.083769633507853669e+01 6.823989999999999778e-01
-5.625000000000000000e+01 -9.895287958115185134e+00 9.916279999999999539e-01
-5.625000000000000000e+01 -8.952879581151833577e+00 2.004319999999999991e-01
-5.625000000000000000e+01 -8.010471204188482020e+00 2.382019999999999971e-01
-5.625000000000000000e+01 -7.068062827225130462e+00 4.897960000000000091e-01
-5.625000000000000000e+01 -6.125654450261779793e+00 5.758379999999999610e-01
-5.625000000000000000e+01 -5.183246073298429124e+00 6.657650000000000512e-01
-5.625000000000000000e+01 -4.240837696335078455e+00 5.654169999999999474e-01
-5.625000000000000000e+01 -3.298429319371727786e+00 4.514050000000000007e-01
-5.625000000000000000e+01 -2.356020942408377117e+00 5.145250000000000101e-01
-5.625000000000000000e+01 -1.413612565445026226e+00 1.792020000000000002e-01
-5.625000000000000000e+01 -4.712041884816753901e-01 3.517699999999999994e-02
-5.625000000000000000e+01 4.712041884816753901e-01 3.517699999999999994e-02
-5.625000000000000000e+01 1.413612565445026226e+00 8.689000000000000543e-03
-5.500000000000000000e+01 -1.460732984293194114e+01 1.909049999999999914e-01
-5.500000000000000000e+01 -1.366492146596859136e+01 7.051499999999999435e-02
-5.500000000000000000e+01 -1.272251308900523981e+01 6.842700000000000449e-01
-5.500000000000000000e+01 -1.178010471204188825e+01 9.530450000000000310e-01
-5.500000000000000000e+01 -1.083769633507853669e+01 9.576839999999999797e-01
-5.500000000000000000e+01 -9.895287958115185134e+00 9.296309999999999851e-01
-5.500000000000000000e+01 -8.952879581151833577e+00 3.616539999999999755e-01
-5.500000000000000000e+01 -8.010471204188482020e+00 7.963700000000000223e-01
-5.500000000000000000e+01 -7.068062827225130462e+00 6.533290000000000486e-01
-5.500000000000000000e+01 -6.125654450261779793e+00 4.607550000000000257e-01
-5.500000000000000000e+01 -5.183246073298429124e+00 4.261570000000000080e-01
-5.500000000000000000e+01 -4.240837696335078455e+00 8.005390000000000006e-01
-5.500000000000000000e+01 -3.298429319371727786e+00 8.115160000000000151e-01
-5.500000000000000000e+01 -2.356020942408377117e+00 7.303659999999999597e-01
-5.500000000000000000e+01 -1.413612565445026226e+00 4.039800000000000058e-01
-5.500000000000000000e+01 -4.712041884816753901e-01 1.014600000000000050e-02
-5.500000000000000000e+01 4.712041884816753901e-01 1.014600000000000050e-02
-5.500000000000000000e+01 1.413612565445026226e+00 3.225000000000000002e-03
-5.500000000000000000e+01 2.356020942408377117e+00 5.675700000000000189e-02
-5.375000000000000000e+01 -1.460732984293194114e+01 5.875000000000000014e-03
-5.375000000000000000e+01 -1.366492146596859136e+01 6.409499999999999920e-02
-5.375000000000000000e+01 -1.272251308900523981e+01 5.476959999999999607e-01
-5.375000000000000000e+01 -1.178010471204188825e+01 3.959539999999999726e-01
-5.375000000000000000e+01 -1.083769633507853669e+01 6.976240000000000219e-01
-5.375000000000000000e+01 -9.895287958115185134e+00 7.175519999999999676e-01
-5.375000000000000000e+01 -8.952879581151833577e+00 1.376090000000000091e-01
-5.375000000000000000e+01 -8.010471204188482020e+00 1.638999999999999832e-02
-5.375000000000000000e+01 -7.068062827225130462e+00 4.203770000000000007e-01
-5.375000000000000000e+01 -6.125654450261779793e+00 5.937019999999999520e-01
-5.375000000000000000e+01 -5.183246073298429124e+00 7.753060000000000507e-01
-5.375000000000000000e+01 -4.240837696335078455e+00 7.191570000000000462e-01
-5.375000000000000000e+01 -3.298429319371727786e+00 9.491789999999999949e-01
-5.375000000000000000e+01 -2.356020942408377117e+00 6.216270000000000406e-01
-5.375000000000000000e+01 -1.413612565445026226e+00 6.299949999999999717e-01
-5.375000000000000000e+01 -4.712041884816753901e-01 2.823479999999999879e-01
-5.375000000000000000e+01 4.712041884816753901e-01 2.823479999999999879e-01
-5.375000000000000000e+01 1.413612565445026226e+00 5.193210000000000326e-01
-5.375000000000000000e+01 2.356020942408377117e+00 2.520270000000000010e-01
-5.250000000000000000e+01 -1.366492146596859136e+01 1.546499999999999958e-02
-5.250000000000000000e+01 -1.272251308900523981e+01 4.093300000000000272e-01
-5.250000000000000000e+01 -1.178010471204188825e+01 2.465910000000000046e-01
-5.250000000000000000e+01 -1.083769633507853669e+01 4.027999999999999914e-01
-5.250000000000000000e+01 -9.895287958115185134e+00 2.961929999999999841e-01
-5.250000000000000000e+01 -8.952879581151833577e+00 4.315999999999999698e-02
-5.250000000000000000e+01 -8.010471204188482020e+00 1.434850000000000014e-01
-5.250000000000000000e+01 -7.068062827225130462e+00 7.313399999999999901e-01
-5.250000000000000000e+01 -6.125654450261779793e+00 8.263899999999999579e-01
-5.250000000000000000e+01 -5.183246073298429124e+00 3.116380000000000261e-01
-5.250000000000000000e+01 -4.240837696335078455e+00 4.864310000000000023e-01
-5.250000000000000000e+01 -3.298429319371727786e+00 8.960460000000000091e-01
-5.250000000000000000e+01 -2.356020942408377117e+00 3.778610000000000024e-01
-5.250000000000000000e+01 -1.413612565445026226e+00 8.699839999999999796e-01
-5.250000000000000000e+01 -4.712041884816753901e-01 4.678479999999999861e-01
-5.250000000000000000e+01 4.712041884816753901e-01 4.678479999999999861e-01
-5.125000000000000000e+01 -8.952879581151833577e+00 8.636580000000000368e-01
-5.125000000000000000e+01 -8.010471204188482020e+00 5.688410000000000410e-01
-5.125000000000000000e+01 -7.068062827225130462e+00 7.003530000000000033e-01
-5.125000000000000000e+01 -5.183246073298429124e+00 4.997610000000000108e-01
-5.125000000000000000e+01 -4.240837696335078455e+00 7.330980000000000274e-01
-5.125000000000000000e+01 -3.298429319371727786e+00 9.858440000000000536e-01
-5.125000000000000000e+01 -2.356020942408377117e+00 8.218929999999999847e-01
-5.000000000000000000e+01 -3.298429319371727786e+00 9.460439999999999960e-01
