-7.875000000000000000e+01 -6.125654450261779793e+00 5.183010000000000117e-01
-7.875000000000000000e+01 -5.183246073298429124e+00 3.523209999999999953e-01
-7.875000000000000000e+01 -4.240837696335078455e+00 4.819280000000000230e-01
-7.875000000000000000e+01 -3.298429319371727786e+00 5.772939999999999738e-01
-7.875000000000000000e+01 -2.356020942408377117e+00 0.000000000000000000e+00
-7.875000000000000000e+01 -1.413612565445026226e+00 0.000000000000000000e+00
-7.750000000000000000e+01 -8.952879581151833577e+00 1.886589999999999934e-01
-7.750000000000000000e+01 -8.010471204188482020e+00 1.435049999999999937e-01
-7.750000000000000000e+01 -7.068062827225130462e+00 2.893910000000000093e-01
-7.750000000000000000e+01 -6.125654450261779793e+00 6.024990000000000068e-01
-7.750000000000000000e+01 -5.183246073298429124e+00 2.476939999999999975e-01
-7.750000000000000000e+01 -4.240837696335078455e+00 6.593999999999999861e-02
-7.750000000000000000e+01 -3.298429319371727786e+00 5.942720000000000224e-01
-7.750000000000000000e+01 -2.356020942408377117e+00 3.941779999999999728e-01
-7.750000000000000000e+01 -1.413612565445026226e+00 4.761900000000000022e-01
-7.750000000000000000e+01 -4.712041884816753901e-01 2.798419999999999797e-01
-7.750000000000000000e+01 4.712041884816753901e-01 2.798419999999999797e-01
-7.625000000000000000e+01 -1.083769633507853669e+01 8.280400000000000260e-02
-7.625000000000000000e+01 -9.895287958115185134e+00 1.760180000000000078e-01
-7.625000000000000000e+01 -8.952879581151833577e+00 5.612949999999999884e-01
-7.625000000000000000e+01 -8.010471204188482020e+00 2.832200000000000273e-01
-7.625000000000000000e+01 -7.068062827225130462e+00 3.313820000000000099e-01
-7.625000000000000000e+01 -6.125654450261779793e+00 6.279740000000000322e-01
-7.625000000000000000e+01 -5.183246073298429124e+00 5.370699999999999780e-02
-7.625000000000000000e+01 -4.240837696335078455e+00 1.472000000000000001e-03
-7.625000000000000000e+01 -3.298429319371727786e+00 3.983000000000000429e-03
-7.625000000000000000e+01 -2.356020942408377117e+00 3.952999999999999917e-03
-7.625000000000000000e+01 -1.413612565445026226e+00 2.064099999999999963e-02
-7.625000000000000000e+01 -4.712041884816753901e-01 3.779540000000000122e-01
-7.625000000000000000e+01 4.712041884816753901e-01 3.779540000000000122e-01
-7.625000000000000000e+01 1.413612565445026226e+00 9.324759999999999716e-01
-7.500000000000000000e+01 -1.366492146596859136e+01 7.814200000000000312e-02
-7.500000000000000000e+01 -1.272251308900523981e+01 1.417779999999999874e-01
-7.500000000000000000e+01 -1.178010471204188825e+01 1.239180000000000004e-01
-7.500000000000000000e+01 -1.083769633507853669e+01 4.666989999999999750e-01
-7.500000000000000000e+01 -9.895287958115185134e+00 3.149950000000000250e-01
-7.500000000000000000e+01 -8.952879581151833577e+00 6.289979999999999460e-01
-7.500000000000000000e+01 -8.010471204188482020e+00 3.067559999999999731e-01
-7.500000000000000000e+01 -7.068062827225130462e+00 6.097700000000000342e-02
-7.500000000000000000e+01 -6.125654450261779793e+00 6.221200000000000341e-02
-7.500000000000000000e+01 -5.183246073298429124e+00 4.566900000000000126e-02
-7.500000000000000000e+01 -4.240837696335078455e+00 2.003299999999999872e-02
-7.500000000000000000e+01 -3.298429319371727786e+00 2.305999999999999890e-03
-7.500000000000000000e+01 -2.356020942408377117e+00 6.376999999999999856e-03
-7.500000000000000000e+01 -1.413612565445026226e+00 5.597000000000000412e-03
-7.500000000000000000e+01 -4.712041884816753901e-01 1.208430000000000060e-01
-7.500000000000000000e+01 4.712041884816753901e-01 1.208430000000000060e-01
-7.500000000000000000e+01 1.413612565445026226e+00 7.868169999999999886e-01
-7.500000000000000000e+01 2.356020942408377117e+00 9.473279999999999479e-01
-7.375000000000000000e+01 -1.460732984293194114e+01 0.000000000000000000e+00
-7.375000000000000000e+01 -1.366492146596859136e+01 1.302490000000000037e-01
-7.375000000000000000e+01 -1.272251308900523981e+01 8.918299999999999839e-02
-7.375000000000000000e+01 -1.178010471204188825e+01 1.107830000000000065e-01
-7.375000000000000000e+01 -1.083769633507853669e+01 1.311370000000000036e-01
-7.375000000000000000e+01 -9.895287958115185134e+00 6.025400000000000200e-02
-7.375000000000000000e+01 -8.952879581151833577e+00 1.317989999999999995e-01
-7.375000000000000000e+01 -8.010471204188482020e+00 3.247889999999999944e-01
-7.375000000000000000e+01 -7.068062827225130462e+00 2.482489999999999974e-01
-7.375000000000000000e+01 -6.125654450261779793e+00 2.464699999999999877e-02
-7.375000000000000000e+01 -5.183246073298429124e+00 7.177999999999999658e-02
-7.375000000000000000e+01 -4.240837696335078455e+00 2.272499999999999867e-02
-7.375000000000000000e+01 -3.298429319371727786e+00 7.262000000000000226e-03
-7.375000000000000000e+01 -2.356020942408377117e+00 5.409999999999999878e-03
-7.375000000000000000e+01 -1.413612565445026226e+00 1.436169999999999947e-01
-7.375000000000000000e+01 -4.712041884816753901e-01 1.480300000000000019e-02
-7.375000000000000000e+01 4.712041884816753901e-01 1.480300000000000019e-02
-7.375000000000000000e+01 1.413612565445026226e+00 1.160039999999999960e-01
-7.250000000000000000e+01 -1.460732984293194114e+01 5.432000000000000196e-03
-7.250000000000000000e+01 -1.366492146596859136e+01 1.374849999999999961e-01
-7.250000000000000000e+01 -1.272251308900523981e+01 2.005790000000000073e-01
-7.250000000000000000e+01 -1.178010471204188825e+01 4.505399999999999683e-02
-7.250000000000000000e+01 -1.083769633507853669e+01 6.962000000000000306e-03
-7.250000000000000000e+01 -9.895287958115185134e+00 0.000000000000000000e+00
-7.250000000000000000e+01 -8.952879581151833577e+00 1.283370000000000066e-01
-7.250000000000000000e+01 -8.010471204188482020e+00 7.064160000000000439e-01
-7.250000000000000000e+01 -7.068062827225130462e+00 5.858240000000000114e-01
-7.250000000000000000e+01 -6.125654450261779793e+00 9.730000000000000151e-04
-7.250000000000000000e+01 -5.183246073298429124e+00 1.080099999999999984e-02
-7.250000000000000000e+01 -4.240837696335078455e+00 1.123389999999999944e-01
-7.250000000000000000e+01 -3.298429319371727786e+00 2.123999999999999846e-02
-7.250000000000000000e+01 -2.356020942408377117e+00 6.963300000000000045e-02
-7.250000000000000000e+01 -1.413612565445026226e+00 1.784399999999999875e-02
-7.250000000000000000e+01 -4.712041884816753901e-01 6.908000000000000078e-03
-7.250000000000000000e+01 4.712041884816753901e-01 6.908000000000000078e-03
-7.250000000000000000e+01 1.413612565445026226e+00 3.133500000000000174e-02
-7.125000000000000000e+01 -1.460732984293194114e+01 9.079900000000000471e-02
-7.125000000000000000e+01 -1.366492146596859136e+01 2.551600000000000049e-02
-7.125000000000000000e+01 -1.272251308900523981e+01 3.614180000000000170e-01
-7.125000000000000000e+01 -1.178010471204188825e+01 3.281900000000000095e-02
-7.125000000000000000e+01 -1.083769633507853669e+01 2.878199999999999856e-02
-7.125000000000000000e+01 -9.895287958115185134e+00 3.665500000000000008e-02
-7.125000000000000000e+01 -8.952879581151833577e+00 3.524740000000000095e-01
-7.125000000000000000e+01 -8.010471204188482020e+00 8.875960000000000516e-01
-7.125000000000000000e+01 -7.068062827225130462e+00 4.535299999999999887e-01
-7.125000000000000000e+01 -6.125654450261779793e+00 7.607700000000000573e-02
-7.125000000000000000e+01 -5.183246073298429124e+00 2.429999999999999977e-04
-7.125000000000000000e+01 -4.240837696335078455e+00 4.111200000000000271e-02
-7.125000000000000000e+01 -3.298429319371727786e+00 1.589999999999999888e-04
-7.125000000000000000e+01 -2.356020942408377117e+00 5.807400000000000062e-02
-7.125000000000000000e+01 -1.413612565445026226e+00 3.592000000000000141e-03
-7.125000000000000000e+01 -4.712041884816753901e-01 0.000000000000000000e+00
-7.125000000000000000e+01 4.712041884816753901e-01 0.000000000000000000e+00
-7.125000000000000000e+01 1.413612565445026226e+00 1.267340000000000133e-01
-7.000000000000000000e+01 -1.366492146596859136e+01 1.566700000000000037e-02
-7.000000000000000000e+01 -1.272251308900523981e+01 5.067450000000000010e-01
-7.000000000000000000e+01 -1.178010471204188825e+01 3.770870000000000055e-01
-7.000000000000000000e+01 -1.083769633507853669e+01 5.771770000000000511e-01
-7.000000000000000000e+01 -9.895287958115185134e+00 2.874760000000000093e-01
-7.000000000000000000e+01 -8.952879581151833577e+00 6.329780000000000406e-01
-7.000000000000000000e+01 -8.010471204188482020e+00 7.288000000000000034e-01
-7.000000000000000000e+01 -7.068062827225130462e+00 4.963319999999999954e-01
-7.000000000000000000e+01 -6.125654450261779793e+00 1.003399999999999952e-02
-7.000000000000000000e+01 -5.183246073298429124e+00 1.157599999999999948e-02
-7.000000000000000000e+01 -4.240837696335078455e+00 1.978260000000000018e-01
-7.000000000000000000e+01 -3.298429319371727786e+00 6.236200000000000077e-02
-7.000000000000000000e+01 -2.356020942408377117e+00 2.816899999999999959e-02
-7.000000000000000000e+01 -1.413612565445026226e+00 3.645299999999999929e-02
-7.000000000000000000e+01 -4.712041884816753901e-01 1.220300000000000031e-02
-7.000000000000000000e+01 4.712041884816753901e-01 1.220300000000000031e-02
-7.000000000000000000e+01 1.413612565445026226e+00 8.526999999999999857e-03
-6.875000000000000000e+01 -1.554973821989529448e+01 1.353999999999999952e-03
-6.875000000000000000e+01 -1.460732984293194114e+01 5.927299999999999930e-02
-6.875000000000000000e+01 -1.366492146596859136e+01 2.872900000000000106e-02
-6.875000000000000000e+01 -1.272251308900523981e+01 2.187270000000000048e-01
-6.875000000000000000e+01 -1.178010471204188825e+01 6.229999999999999982e-01
-6.875000000000000000e+01 -1.083769633507853669e+01 8.597310000000000230e-01
-6.875000000000000000e+01 -9.895287958115185134e+00 5.423240000000000283e-01
-6.875000000000000000e+01 -8.952879581151833577e+00 9.526339999999999808e-01
-6.875000000000000000e+01 -8.010471204188482020e+00 2.802919999999999856e-01
-6.875000000000000000e+01 -7.068062827225130462e+00 2.859000000000000083e-02
-6.875000000000000000e+01 -6.125654450261779793e+00 9.763000000000000844e-03
-6.875000000000000000e+01 -5.183246073298429124e+00 8.869999999999999846e-04
-6.875000000000000000e+01 -4.240837696335078455e+00 1.009900000000000034e-02
-6.875000000000000000e+01 -3.298429319371727786e+00 3.198399999999999854e-02
-6.875000000000000000e+01 -2.356020942408377117e+00 5.981000000000000205e-03
-6.875000000000000000e+01 -1.413612565445026226e+00 1.362200000000000043e-02
-6.875000000000000000e+01 -4.712041884816753901e-01 1.129100000000000069e-02
-6.875000000000000000e+01 4.712041884816753901e-01 1.129100000000000069e-02
-6.875000000000000000e+01 1.413612565445026226e+00 1.615899999999999975e-02
-6.875000000000000000e+01 2.356020942408377117e+00 6.998000000000000054e-02
-6.750000000000000000e+01 -1.649214659685864603e+01 5.121400000000000396e-01
-6.750000000000000000e+01 -1.554973821989529448e+01 5.121400000000000396e-01
-6.750000000000000000e+01 -1.460732984293194114e+01 2.635359999999999925e-01
-6.750000000000000000e+01 -1.366492146596859136e+01 2.116020000000000123e-01
-6.750000000000000000e+01 -1.272251308900523981e+01 5.956999999999999795e-02
-6.750000000000000000e+01 -1.178010471204188825e+01 1.185370000000000035e-01
-6.750000000000000000e+01 -1.083769633507853669e+01 6.163950000000000262e-01
-6.750000000000000000e+01 -9.895287958115185134e+00 9.614979999999999638e-01
-6.750000000000000000e+01 -8.952879581151833577e+00 6.782669999999999533e-01
-6.750000000000000000e+01 -8.010471204188482020e+00 8.086300000000000432e-02
-6.750000000000000000e+01 -7.068062827225130462e+00 2.119520000000000015e-01
-6.750000000000000000e+01 -6.125654450261779793e+00 3.349900000000000100e-02
-6.750000000000000000e+01 -5.183246073298429124e+00 1.128000000000000096e-03
-6.750000000000000000e+01 -4.240837696335078455e+00 1.289999999999999914e-03
-6.750000000000000000e+01 -3.298429319371727786e+00 5.764899999999999886e-02
-6.750000000000000000e+01 -2.356020942408377117e+00 1.157999999999999958e-03
-6.750000000000000000e+01 -1.413612565445026226e+00 8.000000000000000654e-05
-6.750000000000000000e+01 -4.712041884816753901e-01 8.989999999999999511e-04
-6.750000000000000000e+01 4.712041884816753901e-01 8.989999999999999511e-04
-6.750000000000000000e+01 1.413612565445026226e+00 1.282840000000000091e-01
-6.750000000000000000e+01 2.356020942408377117e+00 3.248320000000000096e-01
-6.625000000000000000e+01 -1.837696335078534560e+01 8.398600000000000509e-02
-6.625000000000000000e+01 -1.743455497382199582e+01 4.351519999999999833e-01
-6.625000000000000000e+01 -1.649214659685864603e+01 8.814700000000000313e-02
-6.625000000000000000e+01 -1.554973821989529448e+01 8.814700000000000313e-02
-6.625000000000000000e+01 -1.460732984293194114e+01 4.453599999999999920e-02
-6.625000000000000000e+01 -1.366492146596859136e+01 1.134000000000000025e-03
-6.625000000000000000e+01 -1.272251308900523981e+01 0.000000000000000000e+00
-6.625000000000000000e+01 -1.178010471204188825e+01 1.972000000000000142e-02
-6.625000000000000000e+01 -1.083769633507853669e+01 2.345730000000000037e-01
-6.625000000000000000e+01 -9.895287958115185134e+00 3.806939999999999769e-01
-6.625000000000000000e+01 -8.952879581151833577e+00 5.055399999999999894e-01
-6.625000000000000000e+01 -8.010471204188482020e+00 1.875100000000000100e-01
-6.625000000000000000e+01 -7.068062827225130462e+00 1.214800000000000046e-01
-6.625000000000000000e+01 -6.125654450261779793e+00 5.619999999999999996e-04
-6.625000000000000000e+01 -5.183246073298429124e+00 4.889999999999999599e-04
-6.625000000000000000e+01 -4.240837696335078455e+00 1.076700000000000053e-02
-6.625000000000000000e+01 -3.298429319371727786e+00 5.386699999999999822e-02
-6.625000000000000000e+01 -2.356020942408377117e+00 1.721599999999999867e-02
-6.625000000000000000e+01 -1.413612565445026226e+00 0.000000000000000000e+00
-6.625000000000000000e+01 -4.712041884816753901e-01 9.115199999999999692e-02
-6.625000000000000000e+01 4.712041884816753901e-01 9.115199999999999692e-02
-6.625000000000000000e+01 1.413612565445026226e+00 9.193800000000000583e-02
-6.625000000000000000e+01 2.356020942408377117e+00 1.208990000000000065e-01
-6.500000000000000000e+01 -1.837696335078534560e+01 4.375799999999999829e-02
-6.500000000000000000e+01 -1.743455497382199582e+01 6.712139999999999773e-01
-6.500000000000000000e+01 -1.649214659685864603e+01 1.133529999999999954e-01
-6.500000000000000000e+01 -1.554973821989529448e+01 1.133529999999999954e-01
-6.500000000000000000e+01 -1.460732984293194114e+01 1.841500000000000081e-02
-6.500000000000000000e+01 -1.366492146596859136e+01 9.674999999999999573e-03
-6.500000000000000000e+01 -1.272251308900523981e+01 2.658000000000000206e-03
-6.500000000000000000e+01 -1.178010471204188825e+01 1.590070000000000094e-01
-6.500000000000000000e+01 -1.083769633507853669e+01 5.073210000000000219e-01
-6.500000000000000000e+01 -9.895287958115185134e+00 8.542440000000000033e-01
-6.500000000000000000e+01 -8.952879581151833577e+00 6.715280000000000138e-01
-6.500000000000000000e+01 -8.010471204188482020e+00 3.396850000000000147e-01
-6.500000000000000000e+01 -7.068062827225130462e+00 4.573789999999999800e-01
-6.500000000000000000e+01 -6.125654450261779793e+00 4.648299999999999654e-02
-6.500000000000000000e+01 -5.183246073298429124e+00 4.074679999999999969e-01
-6.500000000000000000e+01 -4.240837696335078455e+00 4.392289999999999806e-01
-6.500000000000000000e+01 -3.298429319371727786e+00 2.831060000000000243e-01
-6.500000000000000000e+01 -2.356020942408377117e+00 7.047000000000000312e-03
-6.500000000000000000e+01 -1.413612565445026226e+00 2.524999999999999901e-03
-6.500000000000000000e+01 -4.712041884816753901e-01 2.280300000000000035e-02
-6.500000000000000000e+01 4.712041884816753901e-01 2.280300000000000035e-02
-6.500000000000000000e+01 1.413612565445026226e+00 2.658999999999999905e-03
-6.375000000000000000e+01 -2.026178010471204516e+01 8.333329999999999904e-01
-6.375000000000000000e+01 -1.931937172774869538e+01 4.329879999999999840e-01
-6.375000000000000000e+01 -1.837696335078534560e+01 3.020149999999999779e-01
-6.375000000000000000e+01 -1.743455497382199582e+01 8.061110000000000220e-01
-6.375000000000000000e+01 -1.649214659685864603e+01 1.122859999999999969e-01
-6.375000000000000000e+01 -1.554973821989529448e+01 1.122859999999999969e-01
-6.375000000000000000e+01 -1.460732984293194114e+01 8.541999999999999593e-02
-6.375000000000000000e+01 -1.366492146596859136e+01 3.468999999999999861e-03
-6.375000000000000000e+01 -1.272251308900523981e+01 9.447000000000000536e-03
-6.375000000000000000e+01 -1.178010471204188825e+01 6.823989999999999778e-01
-6.375000000000000000e+01 -1.083769633507853669e+01 2.772109999999999852e-01
-6.375000000000000000e+01 -9.895287958115185134e+00 8.654969999999999608e-01
-6.375000000000000000e+01 -8.952879581151833577e+00 9.577139999999999542e-01
-6.375000000000000000e+01 -8.010471204188482020e+00 8.030610000000000248e-01
-6.375000000000000000e+01 -7.068062827225130462e+00 6.900819999999999732e-01
-6.375000000000000000e+01 -6.125654450261779793e+00 1.982440000000000035e-01
-6.375000000000000000e+01 -5.183246073298429124e+00 1.411560000000000037e-01
-6.375000000000000000e+01 -4.240837696335078455e+00 6.578549999999999676e-01
-6.375000000000000000e+01 -3.298429319371727786e+00 1.535599999999999986e-02
-6.375000000000000000e+01 -2.356020942408377117e+00 1.299000000000000024e-03
-6.375000000000000000e+01 -1.413612565445026226e+00 3.067800000000000041e-02
-6.375000000000000000e+01 -4.712041884816753901e-01 1.524000000000000007e-02
-6.375000000000000000e+01 4.712041884816753901e-01 1.524000000000000007e-02
-6.375000000000000000e+01 1.413612565445026226e+00 2.067769999999999886e-01
-6.375000000000000000e+01 3.298429319371727786e+00 5.491200000000000248e-02
-6.250000000000000000e+01 -1.931937172774869538e+01 4.106659999999999755e-01
-6.250000000000000000e+01 -1.837696335078534560e+01 7.305180000000000007e-01
-6.250000000000000000e+01 -1.743455497382199582e+01 8.634979999999999878e-01
-6.250000000000000000e+01 -1.649214659685864603e+01 3.621240000000000014e-01
-6.250000000000000000e+01 -1.554973821989529448e+01 3.621240000000000014e-01
-6.250000000000000000e+01 -1.460732984293194114e+01 3.713299999999999934e-02
-6.250000000000000000e+01 -1.366492146596859136e+01 1.253499999999999927e-02
-6.250000000000000000e+01 -1.272251308900523981e+01 3.409199999999999731e-02
-6.250000000000000000e+01 -1.178010471204188825e+01 6.034300000000000219e-01
-6.250000000000000000e+01 -1.083769633507853669e+01 4.755179999999999962e-01
-6.250000000000000000e+01 -9.895287958115185134e+00 9.878890000000000171e-01
-6.250000000000000000e+01 -8.952879581151833577e+00 8.494939999999999714e-01
-6.250000000000000000e+01 -8.010471204188482020e+00 7.610050000000000425e-01
-6.250000000000000000e+01 -7.068062827225130462e+00 8.923429999999999973e-01
-6.250000000000000000e+01 -6.125654450261779793e+00 6.867459999999999676e-01
-6.250000000000000000e+01 -5.183246073298429124e+00 1.246799999999999992e-01
-6.250000000000000000e+01 -4.240837696335078455e+00 6.395960000000000534e-01
-6.250000000000000000e+01 -3.298429319371727786e+00 1.062120000000000009e-01
-6.250000000000000000e+01 -2.356020942408377117e+00 9.625200000000000422e-02
-6.250000000000000000e+01 -1.413612565445026226e+00 4.883830000000000116e-01
-6.250000000000000000e+01 -4.712041884816753901e-01 9.678499999999999603e-02
-6.250000000000000000e+01 4.712041884816753901e-01 9.678499999999999603e-02
-6.250000000000000000e+01 1.413612565445026226e+00 3.827450000000000019e-01
-6.250000000000000000e+01 2.356020942408377117e+00 1.675969999999999960e-01
-6.250000000000000000e+01 3.298429319371727786e+00 2.446200000000000110e-02
-6.125000000000000000e+01 -1.837696335078534560e+01 2.371759999999999979e-01
-6.125000000000000000e+01 -1.743455497382199582e+01 5.884810000000000318e-01
-6.125000000000000000e+01 -1.649214659685864603e+01 5.243849999999999900e-01
-6.125000000000000000e+01 -1.554973821989529448e+01 5.243849999999999900e-01
-6.125000000000000000e+01 -1.460732984293194114e+01 1.796530000000000071e-01
-6.125000000000000000e+01 -1.366492146596859136e+01 8.760500000000000231e-02
-6.125000000000000000e+01 -1.272251308900523981e+01 7.717009999999999703e-01
-6.125000000000000000e+01 -1.178010471204188825e+01 8.217210000000000347e-01
-6.125000000000000000e+01 -1.083769633507853669e+01 5.465700000000000003e-01
-6.125000000000000000e+01 -9.895287958115185134e+00 7.620609999999999884e-01
-6.125000000000000000e+01 -8.952879581151833577e+00 7.712269999999999959e-01
-6.125000000000000000e+01 -8.010471204188482020e+00 8.034609999999999808e-01
-6.125000000000000000e+01 -7.068062827225130462e+00 4.908969999999999723e-01
-6.125000000000000000e+01 -6.125654450261779793e+00 5.592169999999999641e-01
-6.125000000000000000e+01 -5.183246073298429124e+00 7.167010000000000325e-01
-6.125000000000000000e+01 -4.240837696335078455e+00 9.372059999999999835e-01
-6.125000000000000000e+01 -3.298429319371727786e+00 7.170870000000000299e-01
-6.125000000000000000e+01 -2.356020942408377117e+00 9.909700000000000453e-02
-6.125000000000000000e+01 -1.413612565445026226e+00 3.869259999999999922e-01
-6.125000000000000000e+01 -4.712041884816753901e-01 4.462990000000000013e-01
-6.125000000000000000e+01 4.712041884816753901e-01 4.462990000000000013e-01
-6.125000000000000000e+01 1.413612565445026226e+00 5.571359999999999646e-01
-6.125000000000000000e+01 2.356020942408377117e+00 9.171920000000000073e-01
-6.125000000000000000e+01 3.298429319371727786e+00 3.054109999999999880e-01
-6.125000000000000000e+01 4.240837696335078455e+00 1.722339999999999982e-01
-6.000000000000000000e+01 -1.554973821989529448e+01 2.057319999999999982e-01
-6.000000000000000000e+01 -1.460732984293194114e+01 5.044889999999999652e-01
-6.000000000000000000e+01 -1.366492146596859136e+01 6.886269999999999891e-01
-6.000000000000000000e+01 -1.272251308900523981e+01 5.757889999999999953e-01
-6.000000000000000000e+01 -1.178010471204188825e+01 2.273610000000000075e-01
-6.000000000000000000e+01 -1.083769633507853669e+01 7.984099999999999531e-02
-6.000000000000000000e+01 -9.895287958115185134e+00 6.434619999999999784e-01
-6.000000000000000000e+01 -8.952879581151833577e+00 8.243979999999999642e-01
-6.000000000000000000e+01 -8.010471204188482020e+00 5.580659999999999510e-01
-6.000000000000000000e+01 -7.068062827225130462e+00 9.774420000000000330e-01
-6.000000000000000000e+01 -6.125654450261779793e+00 7.891150000000000109e-01
-6.000000000000000000e+01 -5.183246073298429124e+00 7.063160000000000549e-01
-6.000000000000000000e+01 -4.240837696335078455e+00 9.613789999999999836e-01
-6.000000000000000000e+01 -3.298429319371727786e+00 8.999260000000000037e-01
-6.000000000000000000e+01 -2.356020942408377117e+00 9.805709999999999704e-01
-6.000000000000000000e+01 -1.413612565445026226e+00 7.557289999999999841e-01
-6.000000000000000000e+01 -4.712041884816753901e-01 1.779189999999999938e-01
-6.000000000000000000e+01 4.712041884816753901e-01 1.779189999999999938e-01
-6.000000000000000000e+01 1.413612565445026226e+00 8.895429999999999726e-01
-6.000000000000000000e+01 2.356020942408377117e+00 5.570249999999999924e-01
-6.000000000000000000e+01 3.298429319371727786e+00 1.519159999999999955e-01
-6.000000000000000000e+01 4.240837696335078455e+00 3.671800000000000064e-02
-6.000000000000000000e+01 5.183246073298429124e+00 6.013000000000000289e-02
-5.875000000000000000e+01 -1.366492146596859136e+01 7.254499999999999837e-02
-5.875000000000000000e+01 -1.272251308900523981e+01 2.887100000000000083e-02
-5.875000000000000000e+01 -1.178010471204188825e+01 3.705899999999999750e-01
-5.875000000000000000e+01 -1.083769633507853669e+01 8.687719999999999887e-01
-5.875000000000000000e+01 -9.895287958115185134e+00 9.445970000000000200e-01
-5.875000000000000000e+01 -8.952879581151833577e+00 8.561800000000000521e-01
-5.875000000000000000e+01 -8.010471204188482020e+00 3.609870000000000023e-01
-5.875000000000000000e+01 -7.068062827225130462e+00 9.578900000000000192e-01
-5.875000000000000000e+01 -6.125654450261779793e+00 3.361049999999999871e-01
-5.875000000000000000e+01 -5.183246073298429124e+00 2.106399999999999939e-02
-5.875000000000000000e+01 -4.240837696335078455e+00 5.744550000000000489e-01
-5.875000000000000000e+01 -3.298429319371727786e+00 8.918310000000000404e-01
-5.875000000000000000e+01 -2.356020942408377117e+00 8.078480000000000105e-01
-5.875000000000000000e+01 -1.413612565445026226e+00 1.878519999999999912e-01
-5.875000000000000000e+01 -4.712041884816753901e-01 5.466900000000000232e-02
-5.875000000000000000e+01 4.712041884816753901e-01 5.466900000000000232e-02
-5.750000000000000000e+01 -1.366492146596859136e+01 7.092700000000000393e-02
-5.750000000000000000e+01 -1.272251308900523981e+01 1.400919999999999943e-01
-5.750000000000000000e+01 -1.178010471204188825e+01 7.537139999999999951e-01
-5.750000000000000000e+01 -1.083769633507853669e+01 7.549869999999999637e-01
-5.750000000000000000e+01 -9.895287958115185134e+00 9.731079999999999730e-01
-5.750000000000000000e+01 -8.952879581151833577e+00 6.569230000000000347e-01
-5.750000000000000000e+01 -8.010471204188482020e+00 6.085810000000000386e-01
-5.750000000000000000e+01 -7.068062827225130462e+00 3.172449999999999992e-01
-5.750000000000000000e+01 -6.125654450261779793e+00 8.374099999999999877e-01
-5.750000000000000000e+01 -5.183246073298429124e+00 4.660520000000000218e-01
-5.750000000000000000e+01 -4.240837696335078455e+00 6.725790000000000379e-01
-5.750000000000000000e+01 -3.298429319371727786e+00 5.549469999999999681e-01
-5.750000000000000000e+01 -2.356020942408377117e+00 6.037390000000000256e-01
-5.750000000000000000e+01 -1.413612565445026226e+00 1.372289999999999899e-01
-5.750000000000000000e+01 -4.712041884816753901e-01 4.155389999999999917e-01
-5.750000000000000000e+01 4.712041884816753901e-01 4.155389999999999917e-01
-5.750000000000000000e+01 1.413612565445026226e+00 5.737539999999999862e-01
-5.625000000000000000e+01 -1.366492146596859136e+01 4.751529999999999920e-01
-5.625000000000000000e+01 -1.272251308900523981e+01 4.133169999999999900e-01
-5.625000000000000000e+01 -1.178010471204188825e+01 8.860519999999999508e-01
-5.625000000000000000e+01 -1.083769633507853669e+01 7.110880000000000534e-01
-5.625000000000000000e+01 -9.895287958115185134e+00 9.945829999999999949e-01
-5.625000000000000000e+01 -8.952879581151833577e+00 3.385279999999999956e-01
-5.625000000000000000e+01 -8.010471204188482020e+00 4.491390000000000104e-01
-5.625000000000000000e+01 -7.068062827225130462e+00 7.333330000000000126e-01
-5.625000000000000000e+01 -6.125654450261779793e+00 8.092120000000000424e-01
-5.625000000000000000e+01 -5.183246073298429124e+00 8.183679999999999843e-01
-5.625000000000000000e+01 -4.240837696335078455e+00 7.353189999999999449e-01
-5.625000000000000000e+01 -3.298429319371727786e+00 7.328489999999999727e-01
-5.625000000000000000e+01 -2.356020942408377117e+00 5.549809999999999466e-01
-5.625000000000000000e+01 -1.413612565445026226e+00 6.073410000000000197e-01
-5.625000000000000000e+01 -4.712041884816753901e-01 3.156379999999999741e-01
-5.625000000000000000e+01 4.712041884816753901e-01 3.156379999999999741e-01
-5.625000000000000000e+01 1.413612565445026226e+00 1.313779999999999948e-01
-5.500000000000000000e+01 -1.460732984293194114e+01 1.934180000000000066e-01
-5.500000000000000000e+01 -1.366492146596859136e+01 7.900999999999999690e-02
-5.500000000000000000e+01 -1.272251308900523981e+01 7.197430000000000216e-01
-5.500000000000000000e+01 -1.178010471204188825e+01 9.804690000000000349e-01
-5.500000000000000000e+01 -1.083769633507853669e+01 9.718970000000000109e-01
-5.500000000000000000e+01 -9.895287958115185134e+00 9.325039999999999996e-01
-5.500000000000000000e+01 -8.952879581151833577e+00 3.984010000000000051e-01
-5.500000000000000000e+01 -8.010471204188482020e+00 8.884980000000000100e-01
-5.500000000000000000e+01 -7.068062827225130462e+00 8.049870000000000081e-01
-5.500000000000000000e+01 -6.125654450261779793e+00 7.067269999999999941e-01
-5.500000000000000000e+01 -5.183246073298429124e+00 6.330289999999999528e-01
-5.500000000000000000e+01 -4.240837696335078455e+00 9.306830000000000380e-01
-5.500000000000000000e+01 -3.298429319371727786e+00 8.947169999999999845e-01
-5.500000000000000000e+01 -2.356020942408377117e+00 7.530160000000000187e-01
-5.500000000000000000e+01 -1.413612565445026226e+00 6.712139999999999773e-01
-5.500000000000000000e+01 -4.712041884816753901e-01 1.506560000000000121e-01
-5.500000000000000000e+01 4.712041884816753901e-01 1.506560000000000121e-01
-5.500000000000000000e+01 1.413612565445026226e+00 3.225000000000000002e-03
-5.500000000000000000e+01 2.356020942408377117e+00 8.924899999999999500e-02
-5.375000000000000000e+01 -1.460732984293194114e+01 7.342999999999999701e-03
-5.375000000000000000e+01 -1.366492146596859136e+01 8.025899999999999701e-02
-5.375000000000000000e+01 -1.272251308900523981e+01 6.364809999999999635e-01
-5.375000000000000000e+01 -1.178010471204188825e+01 4.392619999999999858e-01
-5.375000000000000000e+01 -1.083769633507853669e+01 7.598850000000000326e-01
-5.375000000000000000e+01 -9.895287958115185134e+00 7.539519999999999555e-01
-5.375000000000000000e+01 -8.952879581151833577e+00 2.607149999999999745e-01
-5.375000000000000000e+01 -8.010471204188482020e+00 7.131400000000000239e-02
-5.375000000000000000e+01 -7.068062827225130462e+00 6.031349999999999767e-01
-5.375000000000000000e+01 -6.125654450261779793e+00 8.511680000000000357e-01
-5.375000000000000000e+01 -5.183246073298429124e+00 9.109509999999999552e-01
-5.375000000000000000e+01 -4.240837696335078455e+00 8.372399999999999842e-01
-5.375000000000000000e+01 -3.298429319371727786e+00 9.833290000000000086e-01
-5.375000000000000000e+01 -2.356020942408377117e+00 6.540479999999999627e-01
-5.375000000000000000e+01 -1.413612565445026226e+00 7.921859999999999458e-01
-5.375000000000000000e+01 -4.712041884816753901e-01 3.357089999999999796e-01
-5.375000000000000000e+01 4.712041884816753901e-01 3.357089999999999796e-01
-5.375000000000000000e+01 1.413612565445026226e+00 5.354769999999999808e-01
-5.375000000000000000e+01 2.356020942408377117e+00 4.579280000000000017e-01
-5.250000000000000000e+01 -1.366492146596859136e+01 1.643199999999999869e-02
-5.250000000000000000e+01 -1.272251308900523981e+01 4.547660000000000036e-01
-5.250000000000000000e+01 -1.178010471204188825e+01 2.922080000000000233e-01
-5.250000000000000000e+01 -1.083769633507853669e+01 4.417940000000000200e-01
-5.250000000000000000e+01 -9.895287958115185134e+00 3.353249999999999842e-01
-5.250000000000000000e+01 -8.952879581151833577e+00 1.317589999999999872e-01
-5.250000000000000000e+01 -8.010471204188482020e+00 2.805840000000000001e-01
-5.250000000000000000e+01 -7.068062827225130462e+00 7.863130000000000397e-01
-5.250000000000000000e+01 -6.125654450261779793e+00 9.010169999999999568e-01
-5.250000000000000000e+01 -5.183246073298429124e+00 5.373050000000000326e-01
-5.250000000000000000e+01 -4.240837696335078455e+00 6.489179999999999948e-01
-5.250000000000000000e+01 -3.298429319371727786e+00 9.256219999999999448e-01
-5.250000000000000000e+01 -2.356020942408377117e+00 4.005770000000000164e-01
-5.250000000000000000e+01 -1.413612565445026226e+00 8.714549999999999796e-01
-5.250000000000000000e+01 -4.712041884816753901e-01 5.580359999999999765e-01
-5.250000000000000000e+01 4.712041884816753901e-01 5.580359999999999765e-01
-5.125000000000000000e+01 -8.952879581151833577e+00 8.828359999999999541e-01
-5.125000000000000000e+01 -8.010471204188482020e+00 5.795940000000000536e-01
-5.125000000000000000e+01 -7.068062827225130462e+00 7.097529999999999673e-01
-5.125000000000000000e+01 -5.183246073298429124e+00 5.290979999999999572e-01
-5.125000000000000000e+01 -4.240837696335078455e+00 7.836229999999999585e-01
-5.125000000000000000e+01 -3.298429319371727786e+00 9.860889999999999933e-01
-5.125000000000000000e+01 -2.356020942408377117e+00 8.337489999999999624e-01
-5.000000000000000000e+01 -3.298429319371727786e+00 9.461310000000000553e-01
