-7.875000000000000000e+01 -6.125654450261779793e+00 5.100390000000000201e-01
-7.875000000000000000e+01 -5.183246073298429124e+00 3.130780000000000229e-01
-7.875000000000000000e+01 -4.240837696335078455e+00 4.351200000000000068e-01
-7.875000000000000000e+01 -3.298429319371727786e+00 5.608710000000000084e-01
-7.875000000000000000e+01 -2.356020942408377117e+00 0.000000000000000000e+00
-7.875000000000000000e+01 -1.413612565445026226e+00 0.000000000000000000e+00
-7.750000000000000000e+01 -8.952879581151833577e+00 1.886589999999999934e-01
-7.750000000000000000e+01 -8.010471204188482020e+00 1.435049999999999937e-01
-7.750000000000000000e+01 -7.068062827225130462e+00 2.873290000000000011e-01
-7.750000000000000000e+01 -6.125654450261779793e+00 5.739140000000000352e-01
-7.750000000000000000e+01 -5.183246073298429124e+00 2.264490000000000114e-01
-7.750000000000000000e+01 -4.240837696335078455e+00 6.131199999999999845e-02
-7.750000000000000000e+01 -3.298429319371727786e+00 5.286410000000000275e-01
-7.750000000000000000e+01 -2.356020942408377117e+00 3.435739999999999905e-01
-7.750000000000000000e+01 -1.413612565445026226e+00 4.441729999999999845e-01
-7.750000000000000000e+01 -4.712041884816753901e-01 2.551789999999999892e-01
-7.750000000000000000e+01 4.712041884816753901e-01 2.551789999999999892e-01
-7.625000000000000000e+01 -1.083769633507853669e+01 7.906399999999999539e-02
-7.625000000000000000e+01 -9.895287958115185134e+00 1.612740000000000007e-01
-7.625000000000000000e+01 -8.952879581151833577e+00 5.312780000000000280e-01
-7.625000000000000000e+01 -8.010471204188482020e+00 2.401719999999999966e-01
-7.625000000000000000e+01 -7.068062827225130462e+00 3.073940000000000006e-01
-7.625000000000000000e+01 -6.125654450261779793e+00 5.727550000000000141e-01
-7.625000000000000000e+01 -5.183246073298429124e+00 4.585399999999999893e-02
-7.625000000000000000e+01 -4.240837696335078455e+00 1.472000000000000001e-03
-7.625000000000000000e+01 -3.298429319371727786e+00 3.983000000000000429e-03
-7.625000000000000000e+01 -2.356020942408377117e+00 2.964000000000000055e-03
-7.625000000000000000e+01 -1.413612565445026226e+00 1.272700000000000047e-02
-7.625000000000000000e+01 -4.712041884816753901e-01 3.057199999999999918e-01
-7.625000000000000000e+01 4.712041884816753901e-01 3.057199999999999918e-01
-7.625000000000000000e+01 1.413612565445026226e+00 9.050949999999999829e-01
-7.500000000000000000e+01 -1.366492146596859136e+01 7.814200000000000312e-02
-7.500000000000000000e+01 -1.272251308900523981e+01 1.417779999999999874e-01
-7.500000000000000000e+01 -1.178010471204188825e+01 1.238360000000000016e-01
-7.500000000000000000e+01 -1.083769633507853669e+01 4.291599999999999859e-01
-7.500000000000000000e+01 -9.895287958115185134e+00 2.679810000000000247e-01
-7.500000000000000000e+01 -8.952879581151833577e+00 5.915200000000000458e-01
-7.500000000000000000e+01 -8.010471204188482020e+00 2.827359999999999873e-01
-7.500000000000000000e+01 -7.068062827225130462e+00 5.024499999999999800e-02
-7.500000000000000000e+01 -6.125654450261779793e+00 6.070300000000000001e-02
-7.500000000000000000e+01 -5.183246073298429124e+00 4.566900000000000126e-02
-7.500000000000000000e+01 -4.240837696335078455e+00 2.003299999999999872e-02
-7.500000000000000000e+01 -3.298429319371727786e+00 2.305999999999999890e-03
-7.500000000000000000e+01 -2.356020942408377117e+00 6.376999999999999856e-03
-7.500000000000000000e+01 -1.413612565445026226e+00 5.597000000000000412e-03
-7.500000000000000000e+01 -4.712041884816753901e-01 8.401799999999999546e-02
-7.500000000000000000e+01 4.712041884816753901e-01 8.401799999999999546e-02
-7.500000000000000000e+01 1.413612565445026226e+00 7.069250000000000256e-01
-7.500000000000000000e+01 2.356020942408377117e+00 9.409589999999999899e-01
-7.375000000000000000e+01 -1.460732984293194114e+01 0.000000000000000000e+00
-7.375000000000000000e+01 -1.366492146596859136e+01 1.302490000000000037e-01
-7.375000000000000000e+01 -1.272251308900523981e+01 8.713799999999999324e-02
-7.375000000000000000e+01 -1.178010471204188825e+01 1.064409999999999940e-01
-7.375000000000000000e+01 -1.083769633507853669e+01 1.135800000000000004e-01
-7.375000000000000000e+01 -9.895287958115185134e+00 6.000699999999999784e-02
-7.375000000000000000e+01 -8.952879581151833577e+00 1.212550000000000017e-01
-7.375000000000000000e+01 -8.010471204188482020e+00 2.653269999999999795e-01
-7.375000000000000000e+01 -7.068062827225130462e+00 1.841510000000000091e-01
-7.375000000000000000e+01 -6.125654450261779793e+00 2.464699999999999877e-02
-7.375000000000000000e+01 -5.183246073298429124e+00 7.177999999999999658e-02
-7.375000000000000000e+01 -4.240837696335078455e+00 2.272499999999999867e-02
-7.375000000000000000e+01 -3.298429319371727786e+00 7.262000000000000226e-03
-7.375000000000000000e+01 -2.356020942408377117e+00 5.409999999999999878e-03
-7.375000000000000000e+01 -1.413612565445026226e+00 1.356020000000000003e-01
-7.375000000000000000e+01 -4.712041884816753901e-01 2.467000000000000009e-03
-7.375000000000000000e+01 4.712041884816753901e-01 2.467000000000000009e-03
-7.375000000000000000e+01 1.413612565445026226e+00 7.858800000000000507e-02
-7.250000000000000000e+01 -1.460732984293194114e+01 5.432000000000000196e-03
-7.250000000000000000e+01 -1.366492146596859136e+01 1.374849999999999961e-01
-7.250000000000000000e+01 -1.272251308900523981e+01 1.892429999999999946e-01
-7.250000000000000000e+01 -1.178010471204188825e+01 4.293199999999999794e-02
-7.250000000000000000e+01 -1.083769633507853669e+01 6.962000000000000306e-03
-7.250000000000000000e+01 -9.895287958115185134e+00 0.000000000000000000e+00
-7.250000000000000000e+01 -8.952879581151833577e+00 8.465999999999999914e-02
-7.250000000000000000e+01 -8.010471204188482020e+00 6.543259999999999632e-01
-7.250000000000000000e+01 -7.068062827225130462e+00 4.683680000000000065e-01
-7.250000000000000000e+01 -6.125654450261779793e+00 9.730000000000000151e-04
-7.250000000000000000e+01 -5.183246073298429124e+00 9.737000000000000863e-03
-7.250000000000000000e+01 -4.240837696335078455e+00 1.123389999999999944e-01
-7.250000000000000000e+01 -3.298429319371727786e+00 2.123999999999999846e-02
-7.250000000000000000e+01 -2.356020942408377117e+00 6.508400000000000296e-02
-7.250000000000000000e+01 -1.413612565445026226e+00 1.710400000000000115e-02
-7.250000000000000000e+01 -4.712041884816753901e-01 6.908000000000000078e-03
-7.250000000000000000e+01 4.712041884816753901e-01 6.908000000000000078e-03
-7.250000000000000000e+01 1.413612565445026226e+00 2.121200000000000169e-02
-7.125000000000000000e+01 -1.460732984293194114e+01 9.079900000000000471e-02
-7.125000000000000000e+01 -1.366492146596859136e+01 2.551600000000000049e-02
-7.125000000000000000e+01 -1.272251308900523981e+01 3.239170000000000105e-01
-7.125000000000000000e+01 -1.178010471204188825e+01 2.305499999999999911e-02
-7.125000000000000000e+01 -1.083769633507853669e+01 1.148000000000000062e-02
-7.125000000000000000e+01 -9.895287958115185134e+00 1.276399999999999930e-02
-7.125000000000000000e+01 -8.952879581151833577e+00 2.524739999999999762e-01
-7.125000000000000000e+01 -8.010471204188482020e+00 8.211100000000000065e-01
-7.125000000000000000e+01 -7.068062827225130462e+00 3.071570000000000134e-01
-7.125000000000000000e+01 -6.125654450261779793e+00 3.314299999999999885e-02
-7.125000000000000000e+01 -5.183246073298429124e+00 2.429999999999999977e-04
-7.125000000000000000e+01 -4.240837696335078455e+00 3.907800000000000162e-02
-7.125000000000000000e+01 -3.298429319371727786e+00 1.589999999999999888e-04
-7.125000000000000000e+01 -2.356020942408377117e+00 5.488900000000000029e-02
-7.125000000000000000e+01 -1.413612565445026226e+00 3.592000000000000141e-03
-7.125000000000000000e+01 -4.712041884816753901e-01 0.000000000000000000e+00
-7.125000000000000000e+01 4.712041884816753901e-01 0.000000000000000000e+00
-7.125000000000000000e+01 1.413612565445026226e+00 1.164520000000000000e-01
-7.000000000000000000e+01 -1.366492146596859136e+01 1.286999999999999950e-02
-7.000000000000000000e+01 -1.272251308900523981e+01 4.547129999999999783e-01
-7.000000000000000000e+01 -1.178010471204188825e+01 2.601580000000000004e-01
-7.000000000000000000e+01 -1.083769633507853669e+01 5.109789999999999610e-01
-7.000000000000000000e+01 -9.895287958115185134e+00 1.619960000000000011e-01
-7.000000000000000000e+01 -8.952879581151833577e+00 5.267089999999999828e-01
-7.000000000000000000e+01 -8.010471204188482020e+00 6.447330000000000005e-01
-7.000000000000000000e+01 -7.068062827225130462e+00 2.912719999999999754e-01
-7.000000000000000000e+01 -6.125654450261779793e+00 2.023000000000000059e-03
-7.000000000000000000e+01 -5.183246073298429124e+00 1.446999999999999936e-03
-7.000000000000000000e+01 -4.240837696335078455e+00 1.676519999999999955e-01
-7.000000000000000000e+01 -3.298429319371727786e+00 5.884799999999999753e-02
-7.000000000000000000e+01 -2.356020942408377117e+00 2.688899999999999971e-02
-7.000000000000000000e+01 -1.413612565445026226e+00 3.628699999999999981e-02
-7.000000000000000000e+01 -4.712041884816753901e-01 1.220300000000000031e-02
-7.000000000000000000e+01 4.712041884816753901e-01 1.220300000000000031e-02
-7.000000000000000000e+01 1.413612565445026226e+00 8.201999999999999222e-03
-6.875000000000000000e+01 -1.554973821989529448e+01 1.353999999999999952e-03
-6.875000000000000000e+01 -1.460732984293194114e+01 4.933099999999999985e-02
-6.875000000000000000e+01 -1.366492146596859136e+01 2.523900000000000102e-02
-6.875000000000000000e+01 -1.272251308900523981e+01 2.039430000000000132e-01
-6.875000000000000000e+01 -1.178010471204188825e+01 5.857440000000000424e-01
-6.875000000000000000e+01 -1.083769633507853669e+01 8.141500000000000403e-01
-6.875000000000000000e+01 -9.895287958115185134e+00 4.427200000000000024e-01
-6.875000000000000000e+01 -8.952879581151833577e+00 9.094400000000000261e-01
-6.875000000000000000e+01 -8.010471204188482020e+00 1.877149999999999930e-01
-6.875000000000000000e+01 -7.068062827225130462e+00 2.129999999999999949e-03
-6.875000000000000000e+01 -6.125654450261779793e+00 1.613999999999999983e-03
-6.875000000000000000e+01 -5.183246073298429124e+00 4.840000000000000010e-04
-6.875000000000000000e+01 -4.240837696335078455e+00 4.840999999999999817e-03
-6.875000000000000000e+01 -3.298429319371727786e+00 8.318000000000000740e-03
-6.875000000000000000e+01 -2.356020942408377117e+00 5.080000000000000314e-03
-6.875000000000000000e+01 -1.413612565445026226e+00 1.273600000000000079e-02
-6.875000000000000000e+01 -4.712041884816753901e-01 1.129100000000000069e-02
-6.875000000000000000e+01 4.712041884816753901e-01 1.129100000000000069e-02
-6.875000000000000000e+01 1.413612565445026226e+00 1.542499999999999948e-02
-6.875000000000000000e+01 2.356020942408377117e+00 4.014100000000000307e-02
-6.750000000000000000e+01 -1.649214659685864603e+01 4.734680000000000000e-01
-6.750000000000000000e+01 -1.554973821989529448e+01 4.734680000000000000e-01
-6.750000000000000000e+01 -1.460732984293194114e+01 2.345659999999999967e-01
-6.750000000000000000e+01 -1.366492146596859136e+01 1.894520000000000093e-01
-6.750000000000000000e+01 -1.272251308900523981e+01 4.211100000000000260e-02
-6.750000000000000000e+01 -1.178010471204188825e+01 8.802400000000000502e-02
-6.750000000000000000e+01 -1.083769633507853669e+01 5.650150000000000450e-01
-6.750000000000000000e+01 -9.895287958115185134e+00 9.499630000000000019e-01
-6.750000000000000000e+01 -8.952879581151833577e+00 6.059029999999999694e-01
-6.750000000000000000e+01 -8.010471204188482020e+00 2.972400000000000042e-02
-6.750000000000000000e+01 -7.068062827225130462e+00 1.230030000000000012e-01
-6.750000000000000000e+01 -6.125654450261779793e+00 1.263300000000000013e-02
-6.750000000000000000e+01 -5.183246073298429124e+00 1.128000000000000096e-03
-6.750000000000000000e+01 -4.240837696335078455e+00 8.059999999999999673e-04
-6.750000000000000000e+01 -3.298429319371727786e+00 3.021400000000000127e-02
-6.750000000000000000e+01 -2.356020942408377117e+00 3.310000000000000225e-04
-6.750000000000000000e+01 -1.413612565445026226e+00 8.000000000000000654e-05
-6.750000000000000000e+01 -4.712041884816753901e-01 8.989999999999999511e-04
-6.750000000000000000e+01 4.712041884816753901e-01 8.989999999999999511e-04
-6.750000000000000000e+01 1.413612565445026226e+00 4.273400000000000115e-02
-6.750000000000000000e+01 2.356020942408377117e+00 1.908890000000000031e-01
-6.625000000000000000e+01 -1.837696335078534560e+01 8.390400000000000635e-02
-6.625000000000000000e+01 -1.743455497382199582e+01 4.018780000000000130e-01
-6.625000000000000000e+01 -1.649214659685864603e+01 5.345699999999999757e-02
-6.625000000000000000e+01 -1.554973821989529448e+01 5.345699999999999757e-02
-6.625000000000000000e+01 -1.460732984293194114e+01 3.090800000000000144e-02
-6.625000000000000000e+01 -1.366492146596859136e+01 1.134000000000000025e-03
-6.625000000000000000e+01 -1.272251308900523981e+01 0.000000000000000000e+00
-6.625000000000000000e+01 -1.178010471204188825e+01 1.729599999999999888e-02
-6.625000000000000000e+01 -1.083769633507853669e+01 2.075069999999999970e-01
-6.625000000000000000e+01 -9.895287958115185134e+00 3.650510000000000144e-01
-6.625000000000000000e+01 -8.952879581151833577e+00 4.583099999999999952e-01
-6.625000000000000000e+01 -8.010471204188482020e+00 1.269460000000000033e-01
-6.625000000000000000e+01 -7.068062827225130462e+00 6.581199999999999550e-02
-6.625000000000000000e+01 -6.125654450261779793e+00 1.610000000000000103e-04
-6.625000000000000000e+01 -5.183246073298429124e+00 3.260000000000000094e-04
-6.625000000000000000e+01 -4.240837696335078455e+00 4.499999999999999660e-03
-6.625000000000000000e+01 -3.298429319371727786e+00 2.667999999999999886e-02
-6.625000000000000000e+01 -2.356020942408377117e+00 7.661000000000000275e-03
-6.625000000000000000e+01 -1.413612565445026226e+00 0.000000000000000000e+00
-6.625000000000000000e+01 -4.712041884816753901e-01 4.557599999999999846e-02
-6.625000000000000000e+01 4.712041884816753901e-01 4.557599999999999846e-02
-6.625000000000000000e+01 1.413612565445026226e+00 8.878500000000000281e-02
-6.625000000000000000e+01 2.356020942408377117e+00 9.378799999999999637e-02
-6.500000000000000000e+01 -1.837696335078534560e+01 3.626100000000000156e-02
-6.500000000000000000e+01 -1.743455497382199582e+01 6.266319999999999668e-01
-6.500000000000000000e+01 -1.649214659685864603e+01 9.446100000000000330e-02
-6.500000000000000000e+01 -1.554973821989529448e+01 9.446100000000000330e-02
-6.500000000000000000e+01 -1.460732984293194114e+01 1.665700000000000167e-02
-6.500000000000000000e+01 -1.366492146596859136e+01 7.637999999999999824e-03
-6.500000000000000000e+01 -1.272251308900523981e+01 2.242000000000000069e-03
-6.500000000000000000e+01 -1.178010471204188825e+01 1.404040000000000010e-01
-6.500000000000000000e+01 -1.083769633507853669e+01 4.701330000000000231e-01
-6.500000000000000000e+01 -9.895287958115185134e+00 8.337059999999999471e-01
-6.500000000000000000e+01 -8.952879581151833577e+00 6.220590000000000286e-01
-6.500000000000000000e+01 -8.010471204188482020e+00 2.811389999999999723e-01
-6.500000000000000000e+01 -7.068062827225130462e+00 3.250930000000000208e-01
-6.500000000000000000e+01 -6.125654450261779793e+00 1.410100000000000069e-02
-6.500000000000000000e+01 -5.183246073298429124e+00 3.023939999999999961e-01
-6.500000000000000000e+01 -4.240837696335078455e+00 3.013830000000000120e-01
-6.500000000000000000e+01 -3.298429319371727786e+00 2.061969999999999914e-01
-6.500000000000000000e+01 -2.356020942408377117e+00 4.499999999999999660e-03
-6.500000000000000000e+01 -1.413612565445026226e+00 1.791999999999999973e-03
-6.500000000000000000e+01 -4.712041884816753901e-01 1.463500000000000044e-02
-6.500000000000000000e+01 4.712041884816753901e-01 1.463500000000000044e-02
-6.500000000000000000e+01 1.413612565445026226e+00 2.658999999999999905e-03
-6.375000000000000000e+01 -2.026178010471204516e+01 8.333329999999999904e-01
-6.375000000000000000e+01 -1.931937172774869538e+01 4.060639999999999805e-01
-6.375000000000000000e+01 -1.837696335078534560e+01 2.730350000000000277e-01
-6.375000000000000000e+01 -1.743455497382199582e+01 7.647399999999999753e-01
-6.375000000000000000e+01 -1.649214659685864603e+01 9.407500000000000584e-02
-6.375000000000000000e+01 -1.554973821989529448e+01 9.407500000000000584e-02
-6.375000000000000000e+01 -1.460732984293194114e+01 6.614499999999999547e-02
-6.375000000000000000e+01 -1.366492146596859136e+01 3.468999999999999861e-03
-6.375000000000000000e+01 -1.272251308900523981e+01 8.109999999999999154e-03
-6.375000000000000000e+01 -1.178010471204188825e+01 6.747790000000000177e-01
-6.375000000000000000e+01 -1.083769633507853669e+01 2.362329999999999985e-01
-6.375000000000000000e+01 -9.895287958115185134e+00 8.307989999999999542e-01
-6.375000000000000000e+01 -8.952879581151833577e+00 9.493230000000000279e-01
-6.375000000000000000e+01 -8.010471204188482020e+00 7.604009999999999936e-01
-6.375000000000000000e+01 -7.068062827225130462e+00 5.548459999999999503e-01
-6.375000000000000000e+01 -6.125654450261779793e+00 4.788300000000000195e-02
-6.375000000000000000e+01 -5.183246073298429124e+00 6.743899999999999895e-02
-6.375000000000000000e+01 -4.240837696335078455e+00 4.737859999999999849e-01
-6.375000000000000000e+01 -3.298429319371727786e+00 5.666000000000000029e-03
-6.375000000000000000e+01 -2.356020942408377117e+00 3.249999999999999851e-04
-6.375000000000000000e+01 -1.413612565445026226e+00 3.240000000000000150e-04
-6.375000000000000000e+01 -4.712041884816753901e-01 4.440999999999999635e-03
-6.375000000000000000e+01 4.712041884816753901e-01 4.440999999999999635e-03
-6.375000000000000000e+01 1.413612565445026226e+00 1.284170000000000034e-01
-6.375000000000000000e+01 3.298429319371727786e+00 4.462599999999999900e-02
-6.250000000000000000e+01 -1.931937172774869538e+01 4.095409999999999884e-01
-6.250000000000000000e+01 -1.837696335078534560e+01 7.274960000000000315e-01
-6.250000000000000000e+01 -1.743455497382199582e+01 8.597010000000000485e-01
-6.250000000000000000e+01 -1.649214659685864603e+01 2.893549999999999733e-01
-6.250000000000000000e+01 -1.554973821989529448e+01 2.893549999999999733e-01
-6.250000000000000000e+01 -1.460732984293194114e+01 2.470100000000000073e-02
-6.250000000000000000e+01 -1.366492146596859136e+01 1.083699999999999941e-02
-6.250000000000000000e+01 -1.272251308900523981e+01 2.879599999999999868e-02
-6.250000000000000000e+01 -1.178010471204188825e+01 6.021419999999999551e-01
-6.250000000000000000e+01 -1.083769633507853669e+01 4.749539999999999873e-01
-6.250000000000000000e+01 -9.895287958115185134e+00 9.874849999999999461e-01
-6.250000000000000000e+01 -8.952879581151833577e+00 8.032289999999999708e-01
-6.250000000000000000e+01 -8.010471204188482020e+00 7.203960000000000363e-01
-6.250000000000000000e+01 -7.068062827225130462e+00 8.870510000000000339e-01
-6.250000000000000000e+01 -6.125654450261779793e+00 5.516790000000000305e-01
-6.250000000000000000e+01 -5.183246073298429124e+00 2.635699999999999849e-02
-6.250000000000000000e+01 -4.240837696335078455e+00 5.140599999999999614e-01
-6.250000000000000000e+01 -3.298429319371727786e+00 4.652499999999999691e-02
-6.250000000000000000e+01 -2.356020942408377117e+00 6.397899999999999421e-02
-6.250000000000000000e+01 -1.413612565445026226e+00 3.320020000000000193e-01
-6.250000000000000000e+01 -4.712041884816753901e-01 2.311799999999999966e-02
-6.250000000000000000e+01 4.712041884816753901e-01 2.311799999999999966e-02
-6.250000000000000000e+01 1.413612565445026226e+00 1.868269999999999931e-01
-6.250000000000000000e+01 2.356020942408377117e+00 7.999699999999999867e-02
-6.250000000000000000e+01 3.298429319371727786e+00 7.420000000000000380e-03
-6.125000000000000000e+01 -1.837696335078534560e+01 2.232500000000000040e-01
-6.125000000000000000e+01 -1.743455497382199582e+01 5.216589999999999838e-01
-6.125000000000000000e+01 -1.649214659685864603e+01 4.821070000000000078e-01
-6.125000000000000000e+01 -1.554973821989529448e+01 4.821070000000000078e-01
-6.125000000000000000e+01 -1.460732984293194114e+01 1.363999999999999935e-01
-6.125000000000000000e+01 -1.366492146596859136e+01 8.475299999999999501e-02
-6.125000000000000000e+01 -1.272251308900523981e+01 7.684649999999999537e-01
-6.125000000000000000e+01 -1.178010471204188825e+01 8.205860000000000376e-01
-6.125000000000000000e+01 -1.083769633507853669e+01 5.441639999999999810e-01
-6.125000000000000000e+01 -9.895287958115185134e+00 7.280459999999999710e-01
-6.125000000000000000e+01 -8.952879581151833577e+00 6.813930000000000264e-01
-6.125000000000000000e+01 -8.010471204188482020e+00 7.191260000000000430e-01
-6.125000000000000000e+01 -7.068062827225130462e+00 2.928950000000000164e-01
-6.125000000000000000e+01 -6.125654450261779793e+00 4.160240000000000049e-01
-6.125000000000000000e+01 -5.183246073298429124e+00 4.538559999999999817e-01
-6.125000000000000000e+01 -4.240837696335078455e+00 8.159889999999999644e-01
-6.125000000000000000e+01 -3.298429319371727786e+00 6.429319999999999480e-01
-6.125000000000000000e+01 -2.356020942408377117e+00 5.037300000000000111e-02
-6.125000000000000000e+01 -1.413612565445026226e+00 2.507960000000000189e-01
-6.125000000000000000e+01 -4.712041884816753901e-01 3.563839999999999786e-01
-6.125000000000000000e+01 4.712041884816753901e-01 3.563839999999999786e-01
-6.125000000000000000e+01 1.413612565445026226e+00 5.429969999999999519e-01
-6.125000000000000000e+01 2.356020942408377117e+00 9.085919999999999552e-01
-6.125000000000000000e+01 3.298429319371727786e+00 3.040709999999999802e-01
-6.125000000000000000e+01 4.240837696335078455e+00 1.682420000000000027e-01
-6.000000000000000000e+01 -1.554973821989529448e+01 1.955409999999999926e-01
-6.000000000000000000e+01 -1.460732984293194114e+01 4.951840000000000130e-01
-6.000000000000000000e+01 -1.366492146596859136e+01 6.796910000000000451e-01
-6.000000000000000000e+01 -1.272251308900523981e+01 5.674569999999999892e-01
-6.000000000000000000e+01 -1.178010471204188825e+01 2.131560000000000121e-01
-6.000000000000000000e+01 -1.083769633507853669e+01 6.317699999999999705e-02
-6.000000000000000000e+01 -9.895287958115185134e+00 5.914099999999999913e-01
-6.000000000000000000e+01 -8.952879581151833577e+00 6.756020000000000358e-01
-6.000000000000000000e+01 -8.010471204188482020e+00 3.928400000000000225e-01
-6.000000000000000000e+01 -7.068062827225130462e+00 8.811259999999999648e-01
-6.000000000000000000e+01 -6.125654450261779793e+00 5.789689999999999559e-01
-6.000000000000000000e+01 -5.183246073298429124e+00 4.928890000000000216e-01
-6.000000000000000000e+01 -4.240837696335078455e+00 8.847289999999999877e-01
-6.000000000000000000e+01 -3.298429319371727786e+00 8.999260000000000037e-01
-6.000000000000000000e+01 -2.356020942408377117e+00 9.682749999999999968e-01
-6.000000000000000000e+01 -1.413612565445026226e+00 6.174760000000000248e-01
-6.000000000000000000e+01 -4.712041884816753901e-01 1.473399999999999987e-01
-6.000000000000000000e+01 4.712041884816753901e-01 1.473399999999999987e-01
-6.000000000000000000e+01 1.413612565445026226e+00 8.667899999999999494e-01
-6.000000000000000000e+01 2.356020942408377117e+00 5.293639999999999457e-01
-6.000000000000000000e+01 3.298429319371727786e+00 1.480509999999999882e-01
-6.000000000000000000e+01 4.240837696335078455e+00 3.274900000000000033e-02
-6.000000000000000000e+01 5.183246073298429124e+00 4.244499999999999662e-02
-5.875000000000000000e+01 -1.366492146596859136e+01 7.165000000000000535e-02
-5.875000000000000000e+01 -1.272251308900523981e+01 2.508099999999999913e-02
-5.875000000000000000e+01 -1.178010471204188825e+01 3.466099999999999737e-01
-5.875000000000000000e+01 -1.083769633507853669e+01 8.378330000000000499e-01
-5.875000000000000000e+01 -9.895287958115185134e+00 9.191200000000000481e-01
-5.875000000000000000e+01 -8.952879581151833577e+00 7.181130000000000013e-01
-5.875000000000000000e+01 -8.010471204188482020e+00 1.560999999999999888e-01
-5.875000000000000000e+01 -7.068062827225130462e+00 8.438080000000000025e-01
-5.875000000000000000e+01 -6.125654450261779793e+00 2.126079999999999914e-01
-5.875000000000000000e+01 -5.183246073298429124e+00 9.015999999999999709e-03
-5.875000000000000000e+01 -4.240837696335078455e+00 5.192700000000000093e-01
-5.875000000000000000e+01 -3.298429319371727786e+00 8.913839999999999542e-01
-5.875000000000000000e+01 -2.356020942408377117e+00 5.745689999999999964e-01
-5.875000000000000000e+01 -1.413612565445026226e+00 9.058299999999999685e-02
-5.875000000000000000e+01 -4.712041884816753901e-01 2.467300000000000049e-02
-5.875000000000000000e+01 4.712041884816753901e-01 2.467300000000000049e-02
-5.750000000000000000e+01 -1.366492146596859136e+01 6.874500000000000055e-02
-5.750000000000000000e+01 -1.272251308900523981e+01 1.302939999999999932e-01
-5.750000000000000000e+01 -1.178010471204188825e+01 7.435920000000000307e-01
-5.750000000000000000e+01 -1.083769633507853669e+01 7.315169999999999728e-01
-5.750000000000000000e+01 -9.895287958115185134e+00 9.657510000000000261e-01
-5.750000000000000000e+01 -8.952879581151833577e+00 6.020630000000000148e-01
-5.750000000000000000e+01 -8.010471204188482020e+00 5.087460000000000315e-01
-5.750000000000000000e+01 -7.068062827225130462e+00 1.615199999999999969e-01
-5.750000000000000000e+01 -6.125654450261779793e+00 7.430060000000000553e-01
-5.750000000000000000e+01 -5.183246073298429124e+00 2.677490000000000148e-01
-5.750000000000000000e+01 -4.240837696335078455e+00 4.674130000000000229e-01
-5.750000000000000000e+01 -3.298429319371727786e+00 5.507389999999999786e-01
-5.750000000000000000e+01 -2.356020942408377117e+00 3.717489999999999961e-01
-5.750000000000000000e+01 -1.413612565445026226e+00 5.868500000000000105e-02
-5.750000000000000000e+01 -4.712041884816753901e-01 3.376810000000000089e-01
-5.750000000000000000e+01 4.712041884816753901e-01 3.376810000000000089e-01
-5.750000000000000000e+01 1.413612565445026226e+00 4.274669999999999859e-01
-5.625000000000000000e+01 -1.366492146596859136e+01 4.684619999999999895e-01
-5.625000000000000000e+01 -1.272251308900523981e+01 4.091199999999999837e-01
-5.625000000000000000e+01 -1.178010471204188825e+01 8.821620000000000017e-01
-5.625000000000000000e+01 -1.083769633507853669e+01 7.005010000000000403e-01
-5.625000000000000000e+01 -9.895287958115185134e+00 9.935159999999999547e-01
-5.625000000000000000e+01 -8.952879581151833577e+00 2.705190000000000095e-01
-5.625000000000000000e+01 -8.010471204188482020e+00 3.588169999999999971e-01
-5.625000000000000000e+01 -7.068062827225130462e+00 6.361740000000000173e-01
-5.625000000000000000e+01 -6.125654450261779793e+00 7.152319999999999789e-01
-5.625000000000000000e+01 -5.183246073298429124e+00 7.608859999999999513e-01
-5.625000000000000000e+01 -4.240837696335078455e+00 6.542580000000000062e-01
-5.625000000000000000e+01 -3.298429319371727786e+00 6.345969999999999667e-01
-5.625000000000000000e+01 -2.356020942408377117e+00 5.464999999999999858e-01
-5.625000000000000000e+01 -1.413612565445026226e+00 3.448330000000000006e-01
-5.625000000000000000e+01 -4.712041884816753901e-01 1.914770000000000083e-01
-5.625000000000000000e+01 4.712041884816753901e-01 1.914770000000000083e-01
-5.625000000000000000e+01 1.413612565445026226e+00 5.883300000000000335e-02
-5.500000000000000000e+01 -1.460732984293194114e+01 1.922830000000000095e-01
-5.500000000000000000e+01 -1.366492146596859136e+01 7.678400000000000503e-02
-5.500000000000000000e+01 -1.272251308900523981e+01 7.097109999999999808e-01
-5.500000000000000000e+01 -1.178010471204188825e+01 9.736129999999999507e-01
-5.500000000000000000e+01 -1.083769633507853669e+01 9.674800000000000066e-01
-5.500000000000000000e+01 -9.895287958115185134e+00 9.317860000000000031e-01
-5.500000000000000000e+01 -8.952879581151833577e+00 3.810370000000000146e-01
-5.500000000000000000e+01 -8.010471204188482020e+00 8.623399999999999954e-01
-5.500000000000000000e+01 -7.068062827225130462e+00 7.782580000000000053e-01
-5.500000000000000000e+01 -6.125654450261779793e+00 6.384990000000000387e-01
-5.500000000000000000e+01 -5.183246073298429124e+00 5.903410000000000046e-01
-5.500000000000000000e+01 -4.240837696335078455e+00 8.850419999999999954e-01
-5.500000000000000000e+01 -3.298429319371727786e+00 8.717040000000000344e-01
-5.500000000000000000e+01 -2.356020942408377117e+00 7.506260000000000154e-01
-5.500000000000000000e+01 -1.413612565445026226e+00 5.799699999999999855e-01
-5.500000000000000000e+01 -4.712041884816753901e-01 7.255000000000000338e-02
-5.500000000000000000e+01 4.712041884816753901e-01 7.255000000000000338e-02
-5.500000000000000000e+01 1.413612565445026226e+00 3.225000000000000002e-03
-5.500000000000000000e+01 2.356020942408377117e+00 7.839100000000000235e-02
-5.375000000000000000e+01 -1.460732984293194114e+01 6.690999999999999899e-03
-5.375000000000000000e+01 -1.366492146596859136e+01 7.489800000000000624e-02
-5.375000000000000000e+01 -1.272251308900523981e+01 6.081210000000000226e-01
-5.375000000000000000e+01 -1.178010471204188825e+01 4.269120000000000137e-01
-5.375000000000000000e+01 -1.083769633507853669e+01 7.416289999999999827e-01
-5.375000000000000000e+01 -9.895287958115185134e+00 7.494929999999999648e-01
-5.375000000000000000e+01 -8.952879581151833577e+00 2.263129999999999864e-01
-5.375000000000000000e+01 -8.010471204188482020e+00 5.756300000000000305e-02
-5.375000000000000000e+01 -7.068062827225130462e+00 5.676660000000000039e-01
-5.375000000000000000e+01 -6.125654450261779793e+00 7.958340000000000414e-01
-5.375000000000000000e+01 -5.183246073298429124e+00 8.822140000000000537e-01
-5.375000000000000000e+01 -4.240837696335078455e+00 8.015139999999999487e-01
-5.375000000000000000e+01 -3.298429319371727786e+00 9.776639999999999775e-01
-5.375000000000000000e+01 -2.356020942408377117e+00 6.449890000000000345e-01
-5.375000000000000000e+01 -1.413612565445026226e+00 7.421130000000000226e-01
-5.375000000000000000e+01 -4.712041884816753901e-01 3.236439999999999872e-01
-5.375000000000000000e+01 4.712041884816753901e-01 3.236439999999999872e-01
-5.375000000000000000e+01 1.413612565445026226e+00 5.335280000000000022e-01
-5.375000000000000000e+01 2.356020942408377117e+00 4.020750000000000157e-01
-5.250000000000000000e+01 -1.366492146596859136e+01 1.586800000000000016e-02
-5.250000000000000000e+01 -1.272251308900523981e+01 4.375959999999999850e-01
-5.250000000000000000e+01 -1.178010471204188825e+01 2.741069999999999895e-01
-5.250000000000000000e+01 -1.083769633507853669e+01 4.292579999999999729e-01
-5.250000000000000000e+01 -9.895287958115185134e+00 3.286939999999999862e-01
-5.250000000000000000e+01 -8.952879581151833577e+00 1.098530000000000062e-01
-5.250000000000000000e+01 -8.010471204188482020e+00 2.546240000000000170e-01
-5.250000000000000000e+01 -7.068062827225130462e+00 7.784940000000000193e-01
-5.250000000000000000e+01 -6.125654450261779793e+00 8.879780000000000451e-01
-5.250000000000000000e+01 -5.183246073298429124e+00 4.740579999999999794e-01
-5.250000000000000000e+01 -4.240837696335078455e+00 6.101860000000000062e-01
-5.250000000000000000e+01 -3.298429319371727786e+00 9.190850000000000408e-01
-5.250000000000000000e+01 -2.356020942408377117e+00 3.955969999999999764e-01
-5.250000000000000000e+01 -1.413612565445026226e+00 8.709649999999999892e-01
-5.250000000000000000e+01 -4.712041884816753901e-01 5.337699999999999667e-01
-5.250000000000000000e+01 4.712041884816753901e-01 5.337699999999999667e-01
-5.125000000000000000e+01 -8.952879581151833577e+00 8.776789999999999869e-01
-5.125000000000000000e+01 -8.010471204188482020e+00 5.774920000000000053e-01
-5.125000000000000000e+01 -7.068062827225130462e+00 7.083070000000000199e-01
-5.125000000000000000e+01 -5.183246073298429124e+00 5.258289999999999909e-01
-5.125000000000000000e+01 -4.240837696335078455e+00 7.748819999999999597e-01
-5.125000000000000000e+01 -3.298429319371727786e+00 9.860889999999999933e-01
-5.125000000000000000e+01 -2.356020942408377117e+00 8.314319999999999489e-01
-5.000000000000000000e+01 -3.298429319371727786e+00 9.461310000000000553e-01
