-7.875000000000000000e+01 -6.125654450261779793e+00 5.121710000000000429e-01
-7.875000000000000000e+01 -5.183246073298429124e+00 3.266490000000000227e-01
-7.875000000000000000e+01 -4.240837696335078455e+00 4.489679999999999782e-01
-7.875000000000000000e+01 -3.298429319371727786e+00 5.665829999999999478e-01
-7.875000000000000000e+01 -2.356020942408377117e+00 0.000000000000000000e+00
-7.875000000000000000e+01 -1.413612565445026226e+00 0.000000000000000000e+00
-7.750000000000000000e+01 -8.952879581151833577e+00 1.886589999999999934e-01
-7.750000000000000000e+01 -8.010471204188482020e+00 1.435049999999999937e-01
-7.750000000000000000e+01 -7.068062827225130462e+00 2.884010000000000185e-01
-7.750000000000000000e+01 -6.125654450261779793e+00 5.840410000000000323e-01
-7.750000000000000000e+01 -5.183246073298429124e+00 2.340250000000000108e-01
-7.750000000000000000e+01 -4.240837696335078455e+00 6.321300000000000530e-02
-7.750000000000000000e+01 -3.298429319371727786e+00 5.485139999999999461e-01
-7.750000000000000000e+01 -2.356020942408377117e+00 3.620240000000000125e-01
-7.750000000000000000e+01 -1.413612565445026226e+00 4.542669999999999764e-01
-7.750000000000000000e+01 -4.712041884816753901e-01 2.665239999999999831e-01
-7.750000000000000000e+01 4.712041884816753901e-01 2.665239999999999831e-01
-7.625000000000000000e+01 -1.083769633507853669e+01 8.028200000000000613e-02
-7.625000000000000000e+01 -9.895287958115185134e+00 1.647150000000000003e-01
-7.625000000000000000e+01 -8.952879581151833577e+00 5.409580000000000499e-01
-7.625000000000000000e+01 -8.010471204188482020e+00 2.577969999999999984e-01
-7.625000000000000000e+01 -7.068062827225130462e+00 3.161320000000000241e-01
-7.625000000000000000e+01 -6.125654450261779793e+00 5.905810000000000226e-01
-7.625000000000000000e+01 -5.183246073298429124e+00 4.821799999999999697e-02
-7.625000000000000000e+01 -4.240837696335078455e+00 1.472000000000000001e-03
-7.625000000000000000e+01 -3.298429319371727786e+00 3.983000000000000429e-03
-7.625000000000000000e+01 -2.356020942408377117e+00 3.210999999999999879e-03
-7.625000000000000000e+01 -1.413612565445026226e+00 1.476700000000000061e-02
-7.625000000000000000e+01 -4.712041884816753901e-01 3.331109999999999904e-01
-7.625000000000000000e+01 4.712041884816753901e-01 3.331109999999999904e-01
-7.625000000000000000e+01 1.413612565445026226e+00 9.160850000000000382e-01
-7.500000000000000000e+01 -1.366492146596859136e+01 7.814200000000000312e-02
-7.500000000000000000e+01 -1.272251308900523981e+01 1.417779999999999874e-01
-7.500000000000000000e+01 -1.178010471204188825e+01 1.239180000000000004e-01
-7.500000000000000000e+01 -1.083769633507853669e+01 4.423989999999999867e-01
-7.500000000000000000e+01 -9.895287958115185134e+00 2.869519999999999849e-01
-7.500000000000000000e+01 -8.952879581151833577e+00 6.039860000000000229e-01
-7.500000000000000000e+01 -8.010471204188482020e+00 2.913259999999999739e-01
-7.500000000000000000e+01 -7.068062827225130462e+00 5.307400000000000312e-02
-7.500000000000000000e+01 -6.125654450261779793e+00 6.078599999999999975e-02
-7.500000000000000000e+01 -5.183246073298429124e+00 4.566900000000000126e-02
-7.500000000000000000e+01 -4.240837696335078455e+00 2.003299999999999872e-02
-7.500000000000000000e+01 -3.298429319371727786e+00 2.305999999999999890e-03
-7.500000000000000000e+01 -2.356020942408377117e+00 6.376999999999999856e-03
-7.500000000000000000e+01 -1.413612565445026226e+00 5.597000000000000412e-03
-7.500000000000000000e+01 -4.712041884816753901e-01 9.554600000000000593e-02
-7.500000000000000000e+01 4.712041884816753901e-01 9.554600000000000593e-02
-7.500000000000000000e+01 1.413612565445026226e+00 7.377280000000000504e-01
-7.500000000000000000e+01 2.356020942408377117e+00 9.441429999999999545e-01
-7.375000000000000000e+01 -1.460732984293194114e+01 0.000000000000000000e+00
-7.375000000000000000e+01 -1.366492146596859136e+01 1.302490000000000037e-01
-7.375000000000000000e+01 -1.272251308900523981e+01 8.722000000000000586e-02
-7.375000000000000000e+01 -1.178010471204188825e+01 1.079969999999999958e-01
-7.375000000000000000e+01 -1.083769633507853669e+01 1.197369999999999962e-01
-7.375000000000000000e+01 -9.895287958115185134e+00 6.000699999999999784e-02
-7.375000000000000000e+01 -8.952879581151833577e+00 1.246860000000000052e-01
-7.375000000000000000e+01 -8.010471204188482020e+00 2.838089999999999780e-01
-7.375000000000000000e+01 -7.068062827225130462e+00 2.021499999999999964e-01
-7.375000000000000000e+01 -6.125654450261779793e+00 2.464699999999999877e-02
-7.375000000000000000e+01 -5.183246073298429124e+00 7.177999999999999658e-02
-7.375000000000000000e+01 -4.240837696335078455e+00 2.272499999999999867e-02
-7.375000000000000000e+01 -3.298429319371727786e+00 7.262000000000000226e-03
-7.375000000000000000e+01 -2.356020942408377117e+00 5.409999999999999878e-03
-7.375000000000000000e+01 -1.413612565445026226e+00 1.392819999999999891e-01
-7.375000000000000000e+01 -4.712041884816753901e-01 4.193999999999999811e-03
-7.375000000000000000e+01 4.712041884816753901e-01 4.193999999999999811e-03
-7.375000000000000000e+01 1.413612565445026226e+00 8.479699999999999738e-02
-7.250000000000000000e+01 -1.460732984293194114e+01 5.432000000000000196e-03
-7.250000000000000000e+01 -1.366492146596859136e+01 1.374849999999999961e-01
-7.250000000000000000e+01 -1.272251308900523981e+01 1.918910000000000060e-01
-7.250000000000000000e+01 -1.178010471204188825e+01 4.293199999999999794e-02
-7.250000000000000000e+01 -1.083769633507853669e+01 6.962000000000000306e-03
-7.250000000000000000e+01 -9.895287958115185134e+00 0.000000000000000000e+00
-7.250000000000000000e+01 -8.952879581151833577e+00 9.764100000000000557e-02
-7.250000000000000000e+01 -8.010471204188482020e+00 6.727969999999999784e-01
-7.250000000000000000e+01 -7.068062827225130462e+00 5.106519999999999948e-01
-7.250000000000000000e+01 -6.125654450261779793e+00 9.730000000000000151e-04
-7.250000000000000000e+01 -5.183246073298429124e+00 9.737000000000000863e-03
-7.250000000000000000e+01 -4.240837696335078455e+00 1.123389999999999944e-01
-7.250000000000000000e+01 -3.298429319371727786e+00 2.123999999999999846e-02
-7.250000000000000000e+01 -2.356020942408377117e+00 6.682100000000000539e-02
-7.250000000000000000e+01 -1.413612565445026226e+00 1.735099999999999837e-02
-7.250000000000000000e+01 -4.712041884816753901e-01 6.908000000000000078e-03
-7.250000000000000000e+01 4.712041884816753901e-01 6.908000000000000078e-03
-7.250000000000000000e+01 1.413612565445026226e+00 2.466700000000000143e-02
-7.125000000000000000e+01 -1.460732984293194114e+01 9.079900000000000471e-02
-7.125000000000000000e+01 -1.366492146596859136e+01 2.551600000000000049e-02
-7.125000000000000000e+01 -1.272251308900523981e+01 3.351350000000000162e-01
-7.125000000000000000e+01 -1.178010471204188825e+01 2.568099999999999897e-02
-7.125000000000000000e+01 -1.083769633507853669e+01 1.549799999999999962e-02
-7.125000000000000000e+01 -9.895287958115185134e+00 2.258200000000000138e-02
-7.125000000000000000e+01 -8.952879581151833577e+00 2.880780000000000007e-01
-7.125000000000000000e+01 -8.010471204188482020e+00 8.442279999999999784e-01
-7.125000000000000000e+01 -7.068062827225130462e+00 3.578370000000000162e-01
-7.125000000000000000e+01 -6.125654450261779793e+00 4.734800000000000120e-02
-7.125000000000000000e+01 -5.183246073298429124e+00 2.429999999999999977e-04
-7.125000000000000000e+01 -4.240837696335078455e+00 3.941700000000000065e-02
-7.125000000000000000e+01 -3.298429319371727786e+00 1.589999999999999888e-04
-7.125000000000000000e+01 -2.356020942408377117e+00 5.627700000000000063e-02
-7.125000000000000000e+01 -1.413612565445026226e+00 3.592000000000000141e-03
-7.125000000000000000e+01 -4.712041884816753901e-01 0.000000000000000000e+00
-7.125000000000000000e+01 4.712041884816753901e-01 0.000000000000000000e+00
-7.125000000000000000e+01 1.413612565445026226e+00 1.211030000000000023e-01
-7.000000000000000000e+01 -1.366492146596859136e+01 1.370900000000000070e-02
-7.000000000000000000e+01 -1.272251308900523981e+01 4.737330000000000152e-01
-7.000000000000000000e+01 -1.178010471204188825e+01 2.980209999999999804e-01
-7.000000000000000000e+01 -1.083769633507853669e+01 5.334259999999999557e-01
-7.000000000000000000e+01 -9.895287958115185134e+00 2.013929999999999887e-01
-7.000000000000000000e+01 -8.952879581151833577e+00 5.632169999999999677e-01
-7.000000000000000000e+01 -8.010471204188482020e+00 6.713959999999999928e-01
-7.000000000000000000e+01 -7.068062827225130462e+00 3.693230000000000124e-01
-7.000000000000000000e+01 -6.125654450261779793e+00 3.318000000000000203e-03
-7.000000000000000000e+01 -5.183246073298429124e+00 3.295999999999999885e-03
-7.000000000000000000e+01 -4.240837696335078455e+00 1.791300000000000114e-01
-7.000000000000000000e+01 -3.298429319371727786e+00 5.974700000000000150e-02
-7.000000000000000000e+01 -2.356020942408377117e+00 2.704900000000000013e-02
-7.000000000000000000e+01 -1.413612565445026226e+00 3.628699999999999981e-02
-7.000000000000000000e+01 -4.712041884816753901e-01 1.220300000000000031e-02
-7.000000000000000000e+01 4.712041884816753901e-01 1.220300000000000031e-02
-7.000000000000000000e+01 1.413612565445026226e+00 8.283000000000000432e-03
-6.875000000000000000e+01 -1.554973821989529448e+01 1.353999999999999952e-03
-6.875000000000000000e+01 -1.460732984293194114e+01 5.366499999999999743e-02
-6.875000000000000000e+01 -1.366492146596859136e+01 2.702500000000000041e-02
-6.875000000000000000e+01 -1.272251308900523981e+01 2.080490000000000117e-01
-6.875000000000000000e+01 -1.178010471204188825e+01 5.991600000000000259e-01
-6.875000000000000000e+01 -1.083769633507853669e+01 8.297259999999999636e-01
-6.875000000000000000e+01 -9.895287958115185134e+00 4.787779999999999814e-01
-6.875000000000000000e+01 -8.952879581151833577e+00 9.257199999999999873e-01
-6.875000000000000000e+01 -8.010471204188482020e+00 2.161450000000000038e-01
-6.875000000000000000e+01 -7.068062827225130462e+00 3.768000000000000082e-03
-6.875000000000000000e+01 -6.125654450261779793e+00 1.936000000000000004e-03
-6.875000000000000000e+01 -5.183246073298429124e+00 4.840000000000000010e-04
-6.875000000000000000e+01 -4.240837696335078455e+00 5.759000000000000230e-03
-6.875000000000000000e+01 -3.298429319371727786e+00 1.183299999999999977e-02
-6.875000000000000000e+01 -2.356020942408377117e+00 5.326000000000000005e-03
-6.875000000000000000e+01 -1.413612565445026226e+00 1.289700000000000048e-02
-6.875000000000000000e+01 -4.712041884816753901e-01 1.129100000000000069e-02
-6.875000000000000000e+01 4.712041884816753901e-01 1.129100000000000069e-02
-6.875000000000000000e+01 1.413612565445026226e+00 1.575100000000000111e-02
-6.875000000000000000e+01 2.356020942408377117e+00 4.986899999999999666e-02
-6.750000000000000000e+01 -1.649214659685864603e+01 4.873700000000000254e-01
-6.750000000000000000e+01 -1.554973821989529448e+01 4.873700000000000254e-01
-6.750000000000000000e+01 -1.460732984293194114e+01 2.474409999999999943e-01
-6.750000000000000000e+01 -1.366492146596859136e+01 1.992700000000000027e-01
-6.750000000000000000e+01 -1.272251308900523981e+01 4.720300000000000190e-02
-6.750000000000000000e+01 -1.178010471204188825e+01 9.751300000000000245e-02
-6.750000000000000000e+01 -1.083769633507853669e+01 5.820589999999999931e-01
-6.750000000000000000e+01 -9.895287958115185134e+00 9.549180000000000446e-01
-6.750000000000000000e+01 -8.952879581151833577e+00 6.322470000000000034e-01
-6.750000000000000000e+01 -8.010471204188482020e+00 4.362800000000000011e-02
-6.750000000000000000e+01 -7.068062827225130462e+00 1.461929999999999896e-01
-6.750000000000000000e+01 -6.125654450261779793e+00 1.630099999999999952e-02
-6.750000000000000000e+01 -5.183246073298429124e+00 1.128000000000000096e-03
-6.750000000000000000e+01 -4.240837696335078455e+00 8.059999999999999673e-04
-6.750000000000000000e+01 -3.298429319371727786e+00 3.759300000000000141e-02
-6.750000000000000000e+01 -2.356020942408377117e+00 4.960000000000000216e-04
-6.750000000000000000e+01 -1.413612565445026226e+00 8.000000000000000654e-05
-6.750000000000000000e+01 -4.712041884816753901e-01 8.989999999999999511e-04
-6.750000000000000000e+01 4.712041884816753901e-01 8.989999999999999511e-04
-6.750000000000000000e+01 1.413612565445026226e+00 6.697999999999999787e-02
-6.750000000000000000e+01 2.356020942408377117e+00 2.256980000000000097e-01
-6.625000000000000000e+01 -1.837696335078534560e+01 8.390400000000000635e-02
-6.625000000000000000e+01 -1.743455497382199582e+01 4.120789999999999731e-01
-6.625000000000000000e+01 -1.649214659685864603e+01 6.401800000000000546e-02
-6.625000000000000000e+01 -1.554973821989529448e+01 6.401800000000000546e-02
-6.625000000000000000e+01 -1.460732984293194114e+01 3.423400000000000054e-02
-6.625000000000000000e+01 -1.366492146596859136e+01 1.134000000000000025e-03
-6.625000000000000000e+01 -1.272251308900523981e+01 0.000000000000000000e+00
-6.625000000000000000e+01 -1.178010471204188825e+01 1.802300000000000083e-02
-6.625000000000000000e+01 -1.083769633507853669e+01 2.190819999999999990e-01
-6.625000000000000000e+01 -9.895287958115185134e+00 3.699140000000000206e-01
-6.625000000000000000e+01 -8.952879581151833577e+00 4.775579999999999825e-01
-6.625000000000000000e+01 -8.010471204188482020e+00 1.522699999999999887e-01
-6.625000000000000000e+01 -7.068062827225130462e+00 8.366500000000000326e-02
-6.625000000000000000e+01 -6.125654450261779793e+00 1.610000000000000103e-04
-6.625000000000000000e+01 -5.183246073298429124e+00 3.260000000000000094e-04
-6.625000000000000000e+01 -4.240837696335078455e+00 5.705000000000000002e-03
-6.625000000000000000e+01 -3.298429319371727786e+00 3.326599999999999696e-02
-6.625000000000000000e+01 -2.356020942408377117e+00 9.726999999999999535e-03
-6.625000000000000000e+01 -1.413612565445026226e+00 0.000000000000000000e+00
-6.625000000000000000e+01 -4.712041884816753901e-01 5.770200000000000329e-02
-6.625000000000000000e+01 4.712041884816753901e-01 5.770200000000000329e-02
-6.625000000000000000e+01 1.413612565445026226e+00 8.975500000000000145e-02
-6.625000000000000000e+01 2.356020942408377117e+00 1.020110000000000045e-01
-6.500000000000000000e+01 -1.837696335078534560e+01 3.797299999999999981e-02
-6.500000000000000000e+01 -1.743455497382199582e+01 6.387760000000000105e-01
-6.500000000000000000e+01 -1.649214659685864603e+01 9.993200000000000693e-02
-6.500000000000000000e+01 -1.554973821989529448e+01 9.993200000000000693e-02
-6.500000000000000000e+01 -1.460732984293194114e+01 1.707499999999999990e-02
-6.500000000000000000e+01 -1.366492146596859136e+01 7.893000000000000710e-03
-6.500000000000000000e+01 -1.272251308900523981e+01 2.407999999999999984e-03
-6.500000000000000000e+01 -1.178010471204188825e+01 1.495789999999999897e-01
-6.500000000000000000e+01 -1.083769633507853669e+01 4.853580000000000116e-01
-6.500000000000000000e+01 -9.895287958115185134e+00 8.407449999999999646e-01
-6.500000000000000000e+01 -8.952879581151833577e+00 6.430069999999999952e-01
-6.500000000000000000e+01 -8.010471204188482020e+00 3.001949999999999896e-01
-6.500000000000000000e+01 -7.068062827225130462e+00 3.569240000000000190e-01
-6.500000000000000000e+01 -6.125654450261779793e+00 2.016700000000000090e-02
-6.500000000000000000e+01 -5.183246073298429124e+00 3.412859999999999783e-01
-6.500000000000000000e+01 -4.240837696335078455e+00 3.428849999999999953e-01
-6.500000000000000000e+01 -3.298429319371727786e+00 2.309110000000000051e-01
-6.500000000000000000e+01 -2.356020942408377117e+00 4.924000000000000425e-03
-6.500000000000000000e+01 -1.413612565445026226e+00 1.791999999999999973e-03
-6.500000000000000000e+01 -4.712041884816753901e-01 1.616599999999999981e-02
-6.500000000000000000e+01 4.712041884816753901e-01 1.616599999999999981e-02
-6.500000000000000000e+01 1.413612565445026226e+00 2.658999999999999905e-03
-6.375000000000000000e+01 -2.026178010471204516e+01 8.333329999999999904e-01
-6.375000000000000000e+01 -1.931937172774869538e+01 4.152370000000000227e-01
-6.375000000000000000e+01 -1.837696335078534560e+01 2.840159999999999907e-01
-6.375000000000000000e+01 -1.743455497382199582e+01 7.767129999999999868e-01
-6.375000000000000000e+01 -1.649214659685864603e+01 9.919400000000000439e-02
-6.375000000000000000e+01 -1.554973821989529448e+01 9.919400000000000439e-02
-6.375000000000000000e+01 -1.460732984293194114e+01 7.298200000000000520e-02
-6.375000000000000000e+01 -1.366492146596859136e+01 3.468999999999999861e-03
-6.375000000000000000e+01 -1.272251308900523981e+01 8.611000000000000598e-03
-6.375000000000000000e+01 -1.178010471204188825e+01 6.777290000000000258e-01
-6.375000000000000000e+01 -1.083769633507853669e+01 2.582599999999999896e-01
-6.375000000000000000e+01 -9.895287958115185134e+00 8.454380000000000228e-01
-6.375000000000000000e+01 -8.952879581151833577e+00 9.532279999999999642e-01
-6.375000000000000000e+01 -8.010471204188482020e+00 7.753809999999999869e-01
-6.375000000000000000e+01 -7.068062827225130462e+00 6.069839999999999680e-01
-6.375000000000000000e+01 -6.125654450261779793e+00 8.557700000000000029e-02
-6.375000000000000000e+01 -5.183246073298429124e+00 8.480799999999999450e-02
-6.375000000000000000e+01 -4.240837696335078455e+00 5.266530000000000378e-01
-6.375000000000000000e+01 -3.298429319371727786e+00 8.786000000000000407e-03
-6.375000000000000000e+01 -2.356020942408377117e+00 6.489999999999999459e-04
-6.375000000000000000e+01 -1.413612565445026226e+00 3.562000000000000062e-03
-6.375000000000000000e+01 -4.712041884816753901e-01 6.879999999999999831e-03
-6.375000000000000000e+01 4.712041884816753901e-01 6.879999999999999831e-03
-6.375000000000000000e+01 1.413612565445026226e+00 1.490380000000000038e-01
-6.375000000000000000e+01 3.298429319371727786e+00 4.827100000000000141e-02
-6.250000000000000000e+01 -1.931937172774869538e+01 4.098780000000000201e-01
-6.250000000000000000e+01 -1.837696335078534560e+01 7.292110000000000536e-01
-6.250000000000000000e+01 -1.743455497382199582e+01 8.609390000000000098e-01
-6.250000000000000000e+01 -1.649214659685864603e+01 3.130379999999999829e-01
-6.250000000000000000e+01 -1.554973821989529448e+01 3.130379999999999829e-01
-6.250000000000000000e+01 -1.460732984293194114e+01 2.865699999999999845e-02
-6.250000000000000000e+01 -1.366492146596859136e+01 1.164600000000000010e-02
-6.250000000000000000e+01 -1.272251308900523981e+01 3.102999999999999856e-02
-6.250000000000000000e+01 -1.178010471204188825e+01 6.028670000000000417e-01
-6.250000000000000000e+01 -1.083769633507853669e+01 4.752759999999999763e-01
-6.250000000000000000e+01 -9.895287958115185134e+00 9.878080000000000194e-01
-6.250000000000000000e+01 -8.952879581151833577e+00 8.207980000000000276e-01
-6.250000000000000000e+01 -8.010471204188482020e+00 7.382870000000000266e-01
-6.250000000000000000e+01 -7.068062827225130462e+00 8.893670000000000186e-01
-6.250000000000000000e+01 -6.125654450261779793e+00 5.917019999999999502e-01
-6.250000000000000000e+01 -5.183246073298429124e+00 5.114400000000000196e-02
-6.250000000000000000e+01 -4.240837696335078455e+00 5.573350000000000248e-01
-6.250000000000000000e+01 -3.298429319371727786e+00 6.278799999999999659e-02
-6.250000000000000000e+01 -2.356020942408377117e+00 7.454700000000000215e-02
-6.250000000000000000e+01 -1.413612565445026226e+00 3.863679999999999892e-01
-6.250000000000000000e+01 -4.712041884816753901e-01 4.835199999999999915e-02
-6.250000000000000000e+01 4.712041884816753901e-01 4.835199999999999915e-02
-6.250000000000000000e+01 1.413612565445026226e+00 2.493420000000000081e-01
-6.250000000000000000e+01 2.356020942408377117e+00 1.102479999999999988e-01
-6.250000000000000000e+01 3.298429319371727786e+00 1.345400000000000068e-02
-6.125000000000000000e+01 -1.837696335078534560e+01 2.272170000000000023e-01
-6.125000000000000000e+01 -1.743455497382199582e+01 5.466870000000000340e-01
-6.125000000000000000e+01 -1.649214659685864603e+01 4.968759999999999843e-01
-6.125000000000000000e+01 -1.554973821989529448e+01 4.968759999999999843e-01
-6.125000000000000000e+01 -1.460732984293194114e+01 1.521139999999999992e-01
-6.125000000000000000e+01 -1.366492146596859136e+01 8.556800000000000517e-02
-6.125000000000000000e+01 -1.272251308900523981e+01 7.700019999999999643e-01
-6.125000000000000000e+01 -1.178010471204188825e+01 8.209910000000000263e-01
-6.125000000000000000e+01 -1.083769633507853669e+01 5.448859999999999815e-01
-6.125000000000000000e+01 -9.895287958115185134e+00 7.399019999999999486e-01
-6.125000000000000000e+01 -8.952879581151833577e+00 7.118569999999999620e-01
-6.125000000000000000e+01 -8.010471204188482020e+00 7.501619999999999955e-01
-6.125000000000000000e+01 -7.068062827225130462e+00 3.507330000000000170e-01
-6.125000000000000000e+01 -6.125654450261779793e+00 4.622129999999999850e-01
-6.125000000000000000e+01 -5.183246073298429124e+00 5.417729999999999491e-01
-6.125000000000000000e+01 -4.240837696335078455e+00 8.698719999999999786e-01
-6.125000000000000000e+01 -3.298429319371727786e+00 6.699669999999999792e-01
-6.125000000000000000e+01 -2.356020942408377117e+00 6.479100000000000137e-02
-6.125000000000000000e+01 -1.413612565445026226e+00 2.905409999999999937e-01
-6.125000000000000000e+01 -4.712041884816753901e-01 3.780240000000000267e-01
-6.125000000000000000e+01 4.712041884816753901e-01 3.780240000000000267e-01
-6.125000000000000000e+01 1.413612565445026226e+00 5.501899999999999569e-01
-6.125000000000000000e+01 2.356020942408377117e+00 9.115410000000000457e-01
-6.125000000000000000e+01 3.298429319371727786e+00 3.045740000000000114e-01
-6.125000000000000000e+01 4.240837696335078455e+00 1.708490000000000009e-01
-6.000000000000000000e+01 -1.554973821989529448e+01 1.986350000000000060e-01
-6.000000000000000000e+01 -1.460732984293194114e+01 4.984489999999999754e-01
-6.000000000000000000e+01 -1.366492146596859136e+01 6.831030000000000157e-01
-6.000000000000000000e+01 -1.272251308900523981e+01 5.713829999999999742e-01
-6.000000000000000000e+01 -1.178010471204188825e+01 2.175950000000000106e-01
-6.000000000000000000e+01 -1.083769633507853669e+01 6.746499999999999719e-02
-6.000000000000000000e+01 -9.895287958115185134e+00 6.120870000000000477e-01
-6.000000000000000000e+01 -8.952879581151833577e+00 7.384709999999999885e-01
-6.000000000000000000e+01 -8.010471204188482020e+00 4.362260000000000026e-01
-6.000000000000000000e+01 -7.068062827225130462e+00 9.130960000000000187e-01
-6.000000000000000000e+01 -6.125654450261779793e+00 6.384940000000000060e-01
-6.000000000000000000e+01 -5.183246073298429124e+00 5.485950000000000548e-01
-6.000000000000000000e+01 -4.240837696335078455e+00 9.214869999999999450e-01
-6.000000000000000000e+01 -3.298429319371727786e+00 8.999260000000000037e-01
-6.000000000000000000e+01 -2.356020942408377117e+00 9.705279999999999463e-01
-6.000000000000000000e+01 -1.413612565445026226e+00 6.558899999999999730e-01
-6.000000000000000000e+01 -4.712041884816753901e-01 1.561120000000000008e-01
-6.000000000000000000e+01 4.712041884816753901e-01 1.561120000000000008e-01
-6.000000000000000000e+01 1.413612565445026226e+00 8.735680000000000112e-01
-6.000000000000000000e+01 2.356020942408377117e+00 5.383679999999999577e-01
-6.000000000000000000e+01 3.298429319371727786e+00 1.495309999999999973e-01
-6.000000000000000000e+01 4.240837696335078455e+00 3.498199999999999921e-02
-6.000000000000000000e+01 5.183246073298429124e+00 4.762700000000000267e-02
-5.875000000000000000e+01 -1.366492146596859136e+01 7.189399999999999957e-02
-5.875000000000000000e+01 -1.272251308900523981e+01 2.661300000000000124e-02
-5.875000000000000000e+01 -1.178010471204188825e+01 3.556329999999999769e-01
-5.875000000000000000e+01 -1.083769633507853669e+01 8.506909999999999750e-01
-5.875000000000000000e+01 -9.895287958115185134e+00 9.277739999999999876e-01
-5.875000000000000000e+01 -8.952879581151833577e+00 7.619989999999999819e-01
-5.875000000000000000e+01 -8.010471204188482020e+00 2.041679999999999884e-01
-5.875000000000000000e+01 -7.068062827225130462e+00 8.968859999999999610e-01
-5.875000000000000000e+01 -6.125654450261779793e+00 2.521590000000000220e-01
-5.875000000000000000e+01 -5.183246073298429124e+00 1.024500000000000063e-02
-5.875000000000000000e+01 -4.240837696335078455e+00 5.377840000000000398e-01
-5.875000000000000000e+01 -3.298429319371727786e+00 8.915629999999999944e-01
-5.875000000000000000e+01 -2.356020942408377117e+00 6.446300000000000363e-01
-5.875000000000000000e+01 -1.413612565445026226e+00 1.139010000000000022e-01
-5.875000000000000000e+01 -4.712041884816753901e-01 3.128500000000000031e-02
-5.875000000000000000e+01 4.712041884816753901e-01 3.128500000000000031e-02
-5.750000000000000000e+01 -1.366492146596859136e+01 6.963400000000000145e-02
-5.750000000000000000e+01 -1.272251308900523981e+01 1.332899999999999918e-01
-5.750000000000000000e+01 -1.178010471204188825e+01 7.489799999999999791e-01
-5.750000000000000000e+01 -1.083769633507853669e+01 7.417439999999999589e-01
-5.750000000000000000e+01 -9.895287958115185134e+00 9.684490000000000043e-01
-5.750000000000000000e+01 -8.952879581151833577e+00 6.242529999999999468e-01
-5.750000000000000000e+01 -8.010471204188482020e+00 5.446370000000000378e-01
-5.750000000000000000e+01 -7.068062827225130462e+00 2.325520000000000087e-01
-5.750000000000000000e+01 -6.125654450261779793e+00 7.810350000000000348e-01
-5.750000000000000000e+01 -5.183246073298429124e+00 3.143460000000000143e-01
-5.750000000000000000e+01 -4.240837696335078455e+00 5.353419999999999845e-01
-5.750000000000000000e+01 -3.298429319371727786e+00 5.524999999999999911e-01
-5.750000000000000000e+01 -2.356020942408377117e+00 4.423759999999999915e-01
-5.750000000000000000e+01 -1.413612565445026226e+00 7.862600000000000144e-02
-5.750000000000000000e+01 -4.712041884816753901e-01 3.629589999999999761e-01
-5.750000000000000000e+01 4.712041884816753901e-01 3.629589999999999761e-01
-5.750000000000000000e+01 1.413612565445026226e+00 4.676819999999999866e-01
-5.625000000000000000e+01 -1.366492146596859136e+01 4.713180000000000147e-01
-5.625000000000000000e+01 -1.272251308900523981e+01 4.108959999999999835e-01
-5.625000000000000000e+01 -1.178010471204188825e+01 8.837829999999999853e-01
-5.625000000000000000e+01 -1.083769633507853669e+01 7.035719999999999752e-01
-5.625000000000000000e+01 -9.895287958115185134e+00 9.939259999999999762e-01
-5.625000000000000000e+01 -8.952879581151833577e+00 2.911369999999999791e-01
-5.625000000000000000e+01 -8.010471204188482020e+00 3.893490000000000006e-01
-5.625000000000000000e+01 -7.068062827225130462e+00 6.721890000000000365e-01
-5.625000000000000000e+01 -6.125654450261779793e+00 7.520809999999999995e-01
-5.625000000000000000e+01 -5.183246073298429124e+00 7.817140000000000200e-01
-5.625000000000000000e+01 -4.240837696335078455e+00 6.863810000000000189e-01
-5.625000000000000000e+01 -3.298429319371727786e+00 6.736360000000000126e-01
-5.625000000000000000e+01 -2.356020942408377117e+00 5.511800000000000033e-01
-5.625000000000000000e+01 -1.413612565445026226e+00 4.317360000000000086e-01
-5.625000000000000000e+01 -4.712041884816753901e-01 2.399260000000000004e-01
-5.625000000000000000e+01 4.712041884816753901e-01 2.399260000000000004e-01
-5.625000000000000000e+01 1.413612565445026226e+00 8.290799999999999559e-02
-5.500000000000000000e+01 -1.460732984293194114e+01 1.927689999999999959e-01
-5.500000000000000000e+01 -1.366492146596859136e+01 7.736099999999999921e-02
-5.500000000000000000e+01 -1.272251308900523981e+01 7.147670000000000412e-01
-5.500000000000000000e+01 -1.178010471204188825e+01 9.762440000000000007e-01
-5.500000000000000000e+01 -1.083769633507853669e+01 9.691670000000000007e-01
-5.500000000000000000e+01 -9.895287958115185134e+00 9.321049999999999613e-01
-5.500000000000000000e+01 -8.952879581151833577e+00 3.884670000000000067e-01
-5.500000000000000000e+01 -8.010471204188482020e+00 8.755009999999999737e-01
-5.500000000000000000e+01 -7.068062827225130462e+00 7.913780000000000259e-01
-5.500000000000000000e+01 -6.125654450261779793e+00 6.670409999999999950e-01
-5.500000000000000000e+01 -5.183246073298429124e+00 6.135669999999999735e-01
-5.500000000000000000e+01 -4.240837696335078455e+00 9.034940000000000193e-01
-5.500000000000000000e+01 -3.298429319371727786e+00 8.800890000000000102e-01
-5.500000000000000000e+01 -2.356020942408377117e+00 7.518780000000000463e-01
-5.500000000000000000e+01 -1.413612565445026226e+00 6.215389999999999526e-01
-5.500000000000000000e+01 -4.712041884816753901e-01 9.630400000000000071e-02
-5.500000000000000000e+01 4.712041884816753901e-01 9.630400000000000071e-02
-5.500000000000000000e+01 1.413612565445026226e+00 3.225000000000000002e-03
-5.500000000000000000e+01 2.356020942408377117e+00 8.308000000000000107e-02
-5.375000000000000000e+01 -1.460732984293194114e+01 7.179999999999999750e-03
-5.375000000000000000e+01 -1.366492146596859136e+01 7.569800000000000140e-02
-5.375000000000000000e+01 -1.272251308900523981e+01 6.202060000000000350e-01
-5.375000000000000000e+01 -1.178010471204188825e+01 4.318679999999999741e-01
-5.375000000000000000e+01 -1.083769633507853669e+01 7.500799999999999690e-01
-5.375000000000000000e+01 -9.895287958115185134e+00 7.520059999999999523e-01
-5.375000000000000000e+01 -8.952879581151833577e+00 2.454880000000000118e-01
-5.375000000000000000e+01 -8.010471204188482020e+00 6.571799999999999864e-02
-5.375000000000000000e+01 -7.068062827225130462e+00 5.875409999999999799e-01
-5.375000000000000000e+01 -6.125654450261779793e+00 8.259419999999999540e-01
-5.375000000000000000e+01 -5.183246073298429124e+00 8.947150000000000380e-01
-5.375000000000000000e+01 -4.240837696335078455e+00 8.161620000000000541e-01
-5.375000000000000000e+01 -3.298429319371727786e+00 9.813060000000000116e-01
-5.375000000000000000e+01 -2.356020942408377117e+00 6.489939999999999598e-01
-5.375000000000000000e+01 -1.413612565445026226e+00 7.653290000000000370e-01
-5.375000000000000000e+01 -4.712041884816753901e-01 3.292309999999999959e-01
-5.375000000000000000e+01 4.712041884816753901e-01 3.292309999999999959e-01
-5.375000000000000000e+01 1.413612565445026226e+00 5.347460000000000546e-01
-5.375000000000000000e+01 2.356020942408377117e+00 4.244490000000000207e-01
-5.250000000000000000e+01 -1.366492146596859136e+01 1.586800000000000016e-02
-5.250000000000000000e+01 -1.272251308900523981e+01 4.429420000000000024e-01
-5.250000000000000000e+01 -1.178010471204188825e+01 2.797890000000000099e-01
-5.250000000000000000e+01 -1.083769633507853669e+01 4.352820000000000022e-01
-5.250000000000000000e+01 -9.895287958115185134e+00 3.325420000000000043e-01
-5.250000000000000000e+01 -8.952879581151833577e+00 1.216610000000000053e-01
-5.250000000000000000e+01 -8.010471204188482020e+00 2.683920000000000194e-01
-5.250000000000000000e+01 -7.068062827225130462e+00 7.827659999999999618e-01
-5.250000000000000000e+01 -6.125654450261779793e+00 8.953579999999999872e-01
-5.250000000000000000e+01 -5.183246073298429124e+00 5.056399999999999784e-01
-5.250000000000000000e+01 -4.240837696335078455e+00 6.326000000000000512e-01
-5.250000000000000000e+01 -3.298429319371727786e+00 9.221939999999999582e-01
-5.250000000000000000e+01 -2.356020942408377117e+00 3.983920000000000239e-01
-5.250000000000000000e+01 -1.413612565445026226e+00 8.709649999999999892e-01
-5.250000000000000000e+01 -4.712041884816753901e-01 5.471160000000000467e-01
-5.250000000000000000e+01 4.712041884816753901e-01 5.471160000000000467e-01
-5.125000000000000000e+01 -8.952879581151833577e+00 8.797739999999999450e-01
-5.125000000000000000e+01 -8.010471204188482020e+00 5.784620000000000317e-01
-5.125000000000000000e+01 -7.068062827225130462e+00 7.087080000000000046e-01
-5.125000000000000000e+01 -5.183246073298429124e+00 5.271839999999999860e-01
-5.125000000000000000e+01 -4.240837696335078455e+00 7.796130000000000004e-01
-5.125000000000000000e+01 -3.298429319371727786e+00 9.860889999999999933e-01
-5.125000000000000000e+01 -2.356020942408377117e+00 8.325900000000000523e-01
-5.000000000000000000e+01 -3.298429319371727786e+00 9.461310000000000553e-01
