-7.875000000000000000e+01 -6.125654450261779793e+00 4.841860000000000053e-01
-7.875000000000000000e+01 -5.183246073298429124e+00 1.617250000000000076e-01
-7.875000000000000000e+01 -4.240837696335078455e+00 1.578730000000000133e-01
-7.875000000000000000e+01 -3.298429319371727786e+00 2.431270000000000098e-01
-7.875000000000000000e+01 -2.356020942408377117e+00 0.000000000000000000e+00
-7.875000000000000000e+01 -1.413612565445026226e+00 0.000000000000000000e+00
-7.750000000000000000e+01 -8.952879581151833577e+00 1.875680000000000125e-01
-7.750000000000000000e+01 -8.010471204188482020e+00 1.435049999999999937e-01
-7.750000000000000000e+01 -7.068062827225130462e+00 2.786669999999999980e-01
-7.750000000000000000e+01 -6.125654450261779793e+00 3.527440000000000020e-01
-7.750000000000000000e+01 -5.183246073298429124e+00 3.022100000000000133e-02
-7.750000000000000000e+01 -4.240837696335078455e+00 2.065799999999999928e-02
-7.750000000000000000e+01 -3.298429319371727786e+00 1.128090000000000065e-01
-7.750000000000000000e+01 -2.356020942408377117e+00 9.099899999999999656e-02
-7.750000000000000000e+01 -1.413612565445026226e+00 1.696749999999999925e-01
-7.750000000000000000e+01 -4.712041884816753901e-01 1.844790000000000041e-01
-7.750000000000000000e+01 4.712041884816753901e-01 1.844790000000000041e-01
-7.625000000000000000e+01 -1.083769633507853669e+01 5.383999999999999897e-02
-7.625000000000000000e+01 -9.895287958115185134e+00 1.175360000000000016e-01
-7.625000000000000000e+01 -8.952879581151833577e+00 2.534779999999999811e-01
-7.625000000000000000e+01 -8.010471204188482020e+00 6.822599999999999498e-02
-7.625000000000000000e+01 -7.068062827225130462e+00 1.682470000000000077e-01
-7.625000000000000000e+01 -6.125654450261779793e+00 1.562060000000000115e-01
-7.625000000000000000e+01 -5.183246073298429124e+00 4.002700000000000008e-02
-7.625000000000000000e+01 -4.240837696335078455e+00 1.472000000000000001e-03
-7.625000000000000000e+01 -3.298429319371727786e+00 3.983000000000000429e-03
-7.625000000000000000e+01 -2.356020942408377117e+00 2.553000000000000148e-03
-7.625000000000000000e+01 -1.413612565445026226e+00 2.611000000000000040e-03
-7.625000000000000000e+01 -4.712041884816753901e-01 2.329900000000000027e-02
-7.625000000000000000e+01 4.712041884816753901e-01 2.329900000000000027e-02
-7.625000000000000000e+01 1.413612565445026226e+00 4.183660000000000156e-01
-7.500000000000000000e+01 -1.366492146596859136e+01 7.814200000000000312e-02
-7.500000000000000000e+01 -1.272251308900523981e+01 1.417779999999999874e-01
-7.500000000000000000e+01 -1.178010471204188825e+01 1.236730000000000051e-01
-7.500000000000000000e+01 -1.083769633507853669e+01 2.435620000000000007e-01
-7.500000000000000000e+01 -9.895287958115185134e+00 1.154730000000000062e-01
-7.500000000000000000e+01 -8.952879581151833577e+00 2.167459999999999942e-01
-7.500000000000000000e+01 -8.010471204188482020e+00 1.530440000000000134e-01
-7.500000000000000000e+01 -7.068062827225130462e+00 3.468899999999999761e-02
-7.500000000000000000e+01 -6.125654450261779793e+00 6.070300000000000001e-02
-7.500000000000000000e+01 -5.183246073298429124e+00 4.566900000000000126e-02
-7.500000000000000000e+01 -4.240837696335078455e+00 2.003299999999999872e-02
-7.500000000000000000e+01 -3.298429319371727786e+00 2.305999999999999890e-03
-7.500000000000000000e+01 -2.356020942408377117e+00 6.376999999999999856e-03
-7.500000000000000000e+01 -1.413612565445026226e+00 5.597000000000000412e-03
-7.500000000000000000e+01 -4.712041884816753901e-01 2.222800000000000123e-02
-7.500000000000000000e+01 4.712041884816753901e-01 2.222800000000000123e-02
-7.500000000000000000e+01 1.413612565445026226e+00 3.745120000000000116e-01
-7.500000000000000000e+01 2.356020942408377117e+00 5.771579999999999488e-01
-7.375000000000000000e+01 -1.460732984293194114e+01 0.000000000000000000e+00
-7.375000000000000000e+01 -1.366492146596859136e+01 1.302490000000000037e-01
-7.375000000000000000e+01 -1.272251308900523981e+01 7.707400000000000362e-02
-7.375000000000000000e+01 -1.178010471204188825e+01 9.292000000000000259e-02
-7.375000000000000000e+01 -1.083769633507853669e+01 7.080999999999999794e-02
-7.375000000000000000e+01 -9.895287958115185134e+00 5.654499999999999804e-02
-7.375000000000000000e+01 -8.952879581151833577e+00 6.669500000000000428e-02
-7.375000000000000000e+01 -8.010471204188482020e+00 4.162300000000000028e-02
-7.375000000000000000e+01 -7.068062827225130462e+00 9.365999999999999326e-03
-7.375000000000000000e+01 -6.125654450261779793e+00 2.464699999999999877e-02
-7.375000000000000000e+01 -5.183246073298429124e+00 7.177999999999999658e-02
-7.375000000000000000e+01 -4.240837696335078455e+00 2.272499999999999867e-02
-7.375000000000000000e+01 -3.298429319371727786e+00 7.262000000000000226e-03
-7.375000000000000000e+01 -2.356020942408377117e+00 5.327000000000000138e-03
-7.375000000000000000e+01 -1.413612565445026226e+00 5.398000000000000020e-03
-7.375000000000000000e+01 -4.712041884816753901e-01 2.467000000000000009e-03
-7.375000000000000000e+01 4.712041884816753901e-01 2.467000000000000009e-03
-7.375000000000000000e+01 1.413612565445026226e+00 3.635300000000000337e-02
-7.250000000000000000e+01 -1.460732984293194114e+01 5.432000000000000196e-03
-7.250000000000000000e+01 -1.366492146596859136e+01 1.374849999999999961e-01
-7.250000000000000000e+01 -1.272251308900523981e+01 1.559780000000000055e-01
-7.250000000000000000e+01 -1.178010471204188825e+01 4.293199999999999794e-02
-7.250000000000000000e+01 -1.083769633507853669e+01 6.879999999999999831e-03
-7.250000000000000000e+01 -9.895287958115185134e+00 0.000000000000000000e+00
-7.250000000000000000e+01 -8.952879581151833577e+00 9.388999999999999777e-03
-7.250000000000000000e+01 -8.010471204188482020e+00 1.173040000000000055e-01
-7.250000000000000000e+01 -7.068062827225130462e+00 3.693799999999999861e-02
-7.250000000000000000e+01 -6.125654450261779793e+00 9.730000000000000151e-04
-7.250000000000000000e+01 -5.183246073298429124e+00 9.737000000000000863e-03
-7.250000000000000000e+01 -4.240837696335078455e+00 1.123389999999999944e-01
-7.250000000000000000e+01 -3.298429319371727786e+00 2.123999999999999846e-02
-7.250000000000000000e+01 -2.356020942408377117e+00 4.797000000000000049e-03
-7.250000000000000000e+01 -1.413612565445026226e+00 1.809000000000000061e-03
-7.250000000000000000e+01 -4.712041884816753901e-01 6.908000000000000078e-03
-7.250000000000000000e+01 4.712041884816753901e-01 6.908000000000000078e-03
-7.250000000000000000e+01 1.413612565445026226e+00 1.020399999999999953e-02
-7.125000000000000000e+01 -1.460732984293194114e+01 9.079900000000000471e-02
-7.125000000000000000e+01 -1.366492146596859136e+01 2.439500000000000002e-02
-7.125000000000000000e+01 -1.272251308900523981e+01 3.725500000000000339e-02
-7.125000000000000000e+01 -1.178010471204188825e+01 0.000000000000000000e+00
-7.125000000000000000e+01 -1.083769633507853669e+01 0.000000000000000000e+00
-7.125000000000000000e+01 -9.895287958115185134e+00 6.791000000000000161e-03
-7.125000000000000000e+01 -8.952879581151833577e+00 2.287099999999999897e-02
-7.125000000000000000e+01 -8.010471204188482020e+00 8.801000000000000489e-02
-7.125000000000000000e+01 -7.068062827225130462e+00 3.642999999999999971e-03
-7.125000000000000000e+01 -6.125654450261779793e+00 4.655000000000000283e-03
-7.125000000000000000e+01 -5.183246073298429124e+00 2.429999999999999977e-04
-7.125000000000000000e+01 -4.240837696335078455e+00 1.805500000000000160e-02
-7.125000000000000000e+01 -3.298429319371727786e+00 1.589999999999999888e-04
-7.125000000000000000e+01 -2.356020942408377117e+00 5.717999999999999992e-03
-7.125000000000000000e+01 -1.413612565445026226e+00 3.510000000000000099e-03
-7.125000000000000000e+01 -4.712041884816753901e-01 0.000000000000000000e+00
-7.125000000000000000e+01 4.712041884816753901e-01 0.000000000000000000e+00
-7.125000000000000000e+01 1.413612565445026226e+00 8.977000000000000604e-03
-7.000000000000000000e+01 -1.366492146596859136e+01 8.580000000000000820e-03
-7.000000000000000000e+01 -1.272251308900523981e+01 2.982800000000000035e-02
-7.000000000000000000e+01 -1.178010471204188825e+01 0.000000000000000000e+00
-7.000000000000000000e+01 -1.083769633507853669e+01 3.338499999999999801e-02
-7.000000000000000000e+01 -9.895287958115185134e+00 3.200000000000000262e-04
-7.000000000000000000e+01 -8.952879581151833577e+00 9.837999999999999523e-03
-7.000000000000000000e+01 -8.010471204188482020e+00 5.349000000000000282e-02
-7.000000000000000000e+01 -7.068062827225130462e+00 2.868199999999999916e-02
-7.000000000000000000e+01 -6.125654450261779793e+00 1.861000000000000024e-03
-7.000000000000000000e+01 -5.183246073298429124e+00 8.040000000000000271e-04
-7.000000000000000000e+01 -4.240837696335078455e+00 4.034800000000000192e-02
-7.000000000000000000e+01 -3.298429319371727786e+00 9.072000000000000203e-03
-7.000000000000000000e+01 -2.356020942408377117e+00 2.801000000000000104e-03
-7.000000000000000000e+01 -1.413612565445026226e+00 4.566999999999999879e-03
-7.000000000000000000e+01 -4.712041884816753901e-01 1.220300000000000031e-02
-7.000000000000000000e+01 4.712041884816753901e-01 1.220300000000000031e-02
-7.000000000000000000e+01 1.413612565445026226e+00 2.760999999999999999e-03
-6.875000000000000000e+01 -1.554973821989529448e+01 6.769999999999999759e-04
-6.875000000000000000e+01 -1.460732984293194114e+01 1.861099999999999907e-02
-6.875000000000000000e+01 -1.366492146596859136e+01 3.651999999999999864e-03
-6.875000000000000000e+01 -1.272251308900523981e+01 5.133499999999999869e-02
-6.875000000000000000e+01 -1.178010471204188825e+01 7.055100000000000260e-02
-6.875000000000000000e+01 -1.083769633507853669e+01 2.469260000000000066e-01
-6.875000000000000000e+01 -9.895287958115185134e+00 1.948400000000000132e-02
-6.875000000000000000e+01 -8.952879581151833577e+00 8.622399999999999509e-02
-6.875000000000000000e+01 -8.010471204188482020e+00 3.200000000000000262e-04
-6.875000000000000000e+01 -7.068062827225130462e+00 2.047999999999999907e-03
-6.875000000000000000e+01 -6.125654450261779793e+00 1.129999999999999928e-03
-6.875000000000000000e+01 -5.183246073298429124e+00 4.840000000000000010e-04
-6.875000000000000000e+01 -4.240837696335078455e+00 4.423999999999999981e-03
-6.875000000000000000e+01 -3.298429319371727786e+00 7.030999999999999923e-03
-6.875000000000000000e+01 -2.356020942408377117e+00 9.829999999999999329e-04
-6.875000000000000000e+01 -1.413612565445026226e+00 8.059999999999999673e-04
-6.875000000000000000e+01 -4.712041884816753901e-01 1.129100000000000069e-02
-6.875000000000000000e+01 4.712041884816753901e-01 1.129100000000000069e-02
-6.875000000000000000e+01 1.413612565445026226e+00 1.060999999999999964e-02
-6.875000000000000000e+01 2.356020942408377117e+00 6.131000000000000165e-03
-6.750000000000000000e+01 -1.649214659685864603e+01 1.000589999999999952e-01
-6.750000000000000000e+01 -1.554973821989529448e+01 1.000589999999999952e-01
-6.750000000000000000e+01 -1.460732984293194114e+01 2.641100000000000045e-02
-6.750000000000000000e+01 -1.366492146596859136e+01 2.766700000000000062e-02
-6.750000000000000000e+01 -1.272251308900523981e+01 5.739000000000000178e-03
-6.750000000000000000e+01 -1.178010471204188825e+01 1.366200000000000053e-02
-6.750000000000000000e+01 -1.083769633507853669e+01 1.415029999999999899e-01
-6.750000000000000000e+01 -9.895287958115185134e+00 4.761600000000000277e-01
-6.750000000000000000e+01 -8.952879581151833577e+00 3.748300000000000243e-02
-6.750000000000000000e+01 -8.010471204188482020e+00 9.590000000000000000e-04
-6.750000000000000000e+01 -7.068062827225130462e+00 8.919999999999999978e-04
-6.750000000000000000e+01 -6.125654450261779793e+00 5.134999999999999808e-03
-6.750000000000000000e+01 -5.183246073298429124e+00 1.128000000000000096e-03
-6.750000000000000000e+01 -4.240837696335078455e+00 8.059999999999999673e-04
-6.750000000000000000e+01 -3.298429319371727786e+00 1.389100000000000057e-02
-6.750000000000000000e+01 -2.356020942408377117e+00 3.310000000000000225e-04
-6.750000000000000000e+01 -1.413612565445026226e+00 8.000000000000000654e-05
-6.750000000000000000e+01 -4.712041884816753901e-01 8.989999999999999511e-04
-6.750000000000000000e+01 4.712041884816753901e-01 8.989999999999999511e-04
-6.750000000000000000e+01 1.413612565445026226e+00 6.081999999999999733e-03
-6.750000000000000000e+01 2.356020942408377117e+00 7.219999999999999855e-04
-6.625000000000000000e+01 -1.837696335078534560e+01 8.382100000000000661e-02
-6.625000000000000000e+01 -1.743455497382199582e+01 8.233500000000000540e-02
-6.625000000000000000e+01 -1.649214659685864603e+01 1.786999999999999960e-03
-6.625000000000000000e+01 -1.554973821989529448e+01 1.786999999999999960e-03
-6.625000000000000000e+01 -1.460732984293194114e+01 6.328000000000000291e-03
-6.625000000000000000e+01 -1.366492146596859136e+01 1.134000000000000025e-03
-6.625000000000000000e+01 -1.272251308900523981e+01 0.000000000000000000e+00
-6.625000000000000000e+01 -1.178010471204188825e+01 5.656999999999999702e-03
-6.625000000000000000e+01 -1.083769633507853669e+01 4.051400000000000140e-02
-6.625000000000000000e+01 -9.895287958115185134e+00 9.661200000000000343e-02
-6.625000000000000000e+01 -8.952879581151833577e+00 1.018999999999999941e-02
-6.625000000000000000e+01 -8.010471204188482020e+00 2.295000000000000165e-03
-6.625000000000000000e+01 -7.068062827225130462e+00 8.109999999999999805e-04
-6.625000000000000000e+01 -6.125654450261779793e+00 1.610000000000000103e-04
-6.625000000000000000e+01 -5.183246073298429124e+00 3.260000000000000094e-04
-6.625000000000000000e+01 -4.240837696335078455e+00 3.536000000000000081e-03
-6.625000000000000000e+01 -3.298429319371727786e+00 1.376199999999999993e-02
-6.625000000000000000e+01 -2.356020942408377117e+00 6.198000000000000384e-03
-6.625000000000000000e+01 -1.413612565445026226e+00 0.000000000000000000e+00
-6.625000000000000000e+01 -4.712041884816753901e-01 2.425000000000000072e-03
-6.625000000000000000e+01 4.712041884816753901e-01 2.425000000000000072e-03
-6.625000000000000000e+01 1.413612565445026226e+00 6.937799999999999523e-02
-6.625000000000000000e+01 2.356020942408377117e+00 6.586300000000000487e-02
-6.500000000000000000e+01 -1.837696335078534560e+01 2.094199999999999881e-02
-6.500000000000000000e+01 -1.743455497382199582e+01 2.006149999999999878e-01
-6.500000000000000000e+01 -1.649214659685864603e+01 9.317999999999999894e-03
-6.500000000000000000e+01 -1.554973821989529448e+01 9.317999999999999894e-03
-6.500000000000000000e+01 -1.460732984293194114e+01 4.687000000000000194e-03
-6.500000000000000000e+01 -1.366492146596859136e+01 2.969999999999999984e-03
-6.500000000000000000e+01 -1.272251308900523981e+01 1.412000000000000061e-03
-6.500000000000000000e+01 -1.178010471204188825e+01 7.238999999999999775e-03
-6.500000000000000000e+01 -1.083769633507853669e+01 1.130619999999999958e-01
-6.500000000000000000e+01 -9.895287958115185134e+00 1.867489999999999983e-01
-6.500000000000000000e+01 -8.952879581151833577e+00 3.843099999999999988e-02
-6.500000000000000000e+01 -8.010471204188482020e+00 2.351999999999999924e-03
-6.500000000000000000e+01 -7.068062827225130462e+00 1.595699999999999896e-02
-6.500000000000000000e+01 -6.125654450261779793e+00 1.147999999999999932e-03
-6.500000000000000000e+01 -5.183246073298429124e+00 1.630000000000000047e-04
-6.500000000000000000e+01 -4.240837696335078455e+00 3.540999999999999877e-03
-6.500000000000000000e+01 -3.298429319371727786e+00 9.221999999999999295e-03
-6.500000000000000000e+01 -2.356020942408377117e+00 4.329999999999999648e-03
-6.500000000000000000e+01 -1.413612565445026226e+00 1.791999999999999973e-03
-6.500000000000000000e+01 -4.712041884816753901e-01 7.742999999999999883e-03
-6.500000000000000000e+01 4.712041884816753901e-01 7.742999999999999883e-03
-6.500000000000000000e+01 1.413612565445026226e+00 2.658999999999999905e-03
-6.375000000000000000e+01 -2.026178010471204516e+01 0.000000000000000000e+00
-6.375000000000000000e+01 -1.931937172774869538e+01 4.306100000000000205e-02
-6.375000000000000000e+01 -1.837696335078534560e+01 8.627799999999999359e-02
-6.375000000000000000e+01 -1.743455497382199582e+01 3.640789999999999860e-01
-6.375000000000000000e+01 -1.649214659685864603e+01 4.582100000000000062e-02
-6.375000000000000000e+01 -1.554973821989529448e+01 4.582100000000000062e-02
-6.375000000000000000e+01 -1.460732984293194114e+01 2.306400000000000117e-02
-6.375000000000000000e+01 -1.366492146596859136e+01 2.972999999999999948e-03
-6.375000000000000000e+01 -1.272251308900523981e+01 1.505000000000000044e-03
-6.375000000000000000e+01 -1.178010471204188825e+01 2.036219999999999974e-01
-6.375000000000000000e+01 -1.083769633507853669e+01 3.555200000000000027e-02
-6.375000000000000000e+01 -9.895287958115185134e+00 2.763669999999999738e-01
-6.375000000000000000e+01 -8.952879581151833577e+00 3.443550000000000222e-01
-6.375000000000000000e+01 -8.010471204188482020e+00 4.778999999999999915e-02
-6.375000000000000000e+01 -7.068062827225130462e+00 3.314000000000000105e-03
-6.375000000000000000e+01 -6.125654450261779793e+00 4.970999999999999724e-03
-6.375000000000000000e+01 -5.183246073298429124e+00 1.794000000000000022e-03
-6.375000000000000000e+01 -4.240837696335078455e+00 2.801400000000000071e-02
-6.375000000000000000e+01 -3.298429319371727786e+00 1.724000000000000055e-03
-6.375000000000000000e+01 -2.356020942408377117e+00 3.249999999999999851e-04
-6.375000000000000000e+01 -1.413612565445026226e+00 3.240000000000000150e-04
-6.375000000000000000e+01 -4.712041884816753901e-01 1.828999999999999897e-03
-6.375000000000000000e+01 4.712041884816753901e-01 1.828999999999999897e-03
-6.375000000000000000e+01 1.413612565445026226e+00 0.000000000000000000e+00
-6.375000000000000000e+01 3.298429319371727786e+00 1.093399999999999928e-02
-6.250000000000000000e+01 -1.931937172774869538e+01 2.689019999999999744e-01
-6.250000000000000000e+01 -1.837696335078534560e+01 5.820130000000000026e-01
-6.250000000000000000e+01 -1.743455497382199582e+01 6.207810000000000272e-01
-6.250000000000000000e+01 -1.649214659685864603e+01 6.760599999999999943e-02
-6.250000000000000000e+01 -1.554973821989529448e+01 6.760599999999999943e-02
-6.250000000000000000e+01 -1.460732984293194114e+01 7.910999999999999630e-03
-6.250000000000000000e+01 -1.366492146596859136e+01 2.263999999999999953e-03
-6.250000000000000000e+01 -1.272251308900523981e+01 1.157999999999999958e-03
-6.250000000000000000e+01 -1.178010471204188825e+01 3.016349999999999865e-01
-6.250000000000000000e+01 -1.083769633507853669e+01 3.198349999999999804e-01
-6.250000000000000000e+01 -9.895287958115185134e+00 7.462250000000000272e-01
-6.250000000000000000e+01 -8.952879581151833577e+00 2.225380000000000136e-01
-6.250000000000000000e+01 -8.010471204188482020e+00 5.001200000000000090e-02
-6.250000000000000000e+01 -7.068062827225130462e+00 2.712099999999999927e-02
-6.250000000000000000e+01 -6.125654450261779793e+00 7.009999999999999738e-03
-6.250000000000000000e+01 -5.183246073298429124e+00 2.396000000000000126e-03
-6.250000000000000000e+01 -4.240837696335078455e+00 2.564100000000000060e-02
-6.250000000000000000e+01 -3.298429319371727786e+00 5.029999999999999749e-03
-6.250000000000000000e+01 -2.356020942408377117e+00 1.056999999999999997e-03
-6.250000000000000000e+01 -1.413612565445026226e+00 2.451000000000000054e-03
-6.250000000000000000e+01 -4.712041884816753901e-01 6.509999999999999945e-04
-6.250000000000000000e+01 4.712041884816753901e-01 6.509999999999999945e-04
-6.250000000000000000e+01 1.413612565445026226e+00 1.435000000000000078e-03
-6.250000000000000000e+01 2.356020942408377117e+00 8.090000000000000403e-04
-6.250000000000000000e+01 3.298429319371727786e+00 0.000000000000000000e+00
-6.125000000000000000e+01 -1.837696335078534560e+01 1.186320000000000013e-01
-6.125000000000000000e+01 -1.743455497382199582e+01 5.021699999999999775e-02
-6.125000000000000000e+01 -1.649214659685864603e+01 7.579299999999999926e-02
-6.125000000000000000e+01 -1.554973821989529448e+01 7.579299999999999926e-02
-6.125000000000000000e+01 -1.460732984293194114e+01 1.052999999999999943e-02
-6.125000000000000000e+01 -1.366492146596859136e+01 3.463499999999999912e-02
-6.125000000000000000e+01 -1.272251308900523981e+01 5.649220000000000352e-01
-6.125000000000000000e+01 -1.178010471204188825e+01 5.442449999999999788e-01
-6.125000000000000000e+01 -1.083769633507853669e+01 3.395110000000000072e-01
-6.125000000000000000e+01 -9.895287958115185134e+00 9.664799999999999780e-02
-6.125000000000000000e+01 -8.952879581151833577e+00 1.937900000000000039e-02
-6.125000000000000000e+01 -8.010471204188482020e+00 1.568100000000000049e-02
-6.125000000000000000e+01 -7.068062827225130462e+00 1.208000000000000089e-03
-6.125000000000000000e+01 -6.125654450261779793e+00 3.604199999999999765e-02
-6.125000000000000000e+01 -5.183246073298429124e+00 1.006199999999999976e-02
-6.125000000000000000e+01 -4.240837696335078455e+00 2.580700000000000008e-02
-6.125000000000000000e+01 -3.298429319371727786e+00 2.665400000000000061e-02
-6.125000000000000000e+01 -2.356020942408377117e+00 1.302999999999999905e-03
-6.125000000000000000e+01 -1.413612565445026226e+00 4.899999999999999842e-04
-6.125000000000000000e+01 -4.712041884816753901e-01 1.844600000000000059e-02
-6.125000000000000000e+01 4.712041884816753901e-01 1.844600000000000059e-02
-6.125000000000000000e+01 1.413612565445026226e+00 2.364799999999999888e-02
-6.125000000000000000e+01 2.356020942408377117e+00 2.104999999999999927e-01
-6.125000000000000000e+01 3.298429319371727786e+00 1.152620000000000033e-01
-6.125000000000000000e+01 4.240837696335078455e+00 8.635999999999999580e-03
-6.000000000000000000e+01 -1.554973821989529448e+01 8.389399999999999635e-02
-6.000000000000000000e+01 -1.460732984293194114e+01 3.333329999999999904e-01
-6.000000000000000000e+01 -1.366492146596859136e+01 3.168969999999999843e-01
-6.000000000000000000e+01 -1.272251308900523981e+01 2.581319999999999726e-01
-6.000000000000000000e+01 -1.178010471204188825e+01 4.882999999999999841e-02
-6.000000000000000000e+01 -1.083769633507853669e+01 1.374999999999999920e-03
-6.000000000000000000e+01 -9.895287958115185134e+00 5.045499999999999985e-02
-6.000000000000000000e+01 -8.952879581151833577e+00 9.494000000000000702e-03
-6.000000000000000000e+01 -8.010471204188482020e+00 0.000000000000000000e+00
-6.000000000000000000e+01 -7.068062827225130462e+00 8.357699999999999851e-02
-6.000000000000000000e+01 -6.125654450261779793e+00 5.673000000000000091e-03
-6.000000000000000000e+01 -5.183246073298429124e+00 1.447700000000000028e-02
-6.000000000000000000e+01 -4.240837696335078455e+00 8.842200000000000060e-02
-6.000000000000000000e+01 -3.298429319371727786e+00 2.265939999999999899e-01
-6.000000000000000000e+01 -2.356020942408377117e+00 1.032480000000000064e-01
-6.000000000000000000e+01 -1.413612565445026226e+00 2.063299999999999856e-02
-6.000000000000000000e+01 -4.712041884816753901e-01 5.472000000000000301e-03
-6.000000000000000000e+01 4.712041884816753901e-01 5.472000000000000301e-03
-6.000000000000000000e+01 1.413612565445026226e+00 2.062289999999999957e-01
-6.000000000000000000e+01 2.356020942408377117e+00 3.066199999999999828e-02
-6.000000000000000000e+01 3.298429319371727786e+00 4.063200000000000145e-02
-6.000000000000000000e+01 4.240837696335078455e+00 1.091600000000000036e-02
-6.000000000000000000e+01 5.183246073298429124e+00 1.274999999999999918e-02
-5.875000000000000000e+01 -1.366492146596859136e+01 1.319000000000000034e-02
-5.875000000000000000e+01 -1.272251308900523981e+01 4.840000000000000010e-04
-5.875000000000000000e+01 -1.178010471204188825e+01 1.168099999999999972e-01
-5.875000000000000000e+01 -1.083769633507853669e+01 4.024429999999999952e-01
-5.875000000000000000e+01 -9.895287958115185134e+00 2.043030000000000124e-01
-5.875000000000000000e+01 -8.952879581151833577e+00 3.969400000000000012e-02
-5.875000000000000000e+01 -8.010471204188482020e+00 2.400000000000000061e-04
-5.875000000000000000e+01 -7.068062827225130462e+00 7.204999999999999599e-03
-5.875000000000000000e+01 -6.125654450261779793e+00 5.649999999999999641e-04
-5.875000000000000000e+01 -5.183246073298429124e+00 1.229000000000000058e-03
-5.875000000000000000e+01 -4.240837696335078455e+00 8.980899999999999994e-02
-5.875000000000000000e+01 -3.298429319371727786e+00 1.960280000000000078e-01
-5.875000000000000000e+01 -2.356020942408377117e+00 6.955000000000000245e-03
-5.875000000000000000e+01 -1.413612565445026226e+00 0.000000000000000000e+00
-5.875000000000000000e+01 -4.712041884816753901e-01 0.000000000000000000e+00
-5.875000000000000000e+01 4.712041884816753901e-01 0.000000000000000000e+00
-5.750000000000000000e+01 -1.366492146596859136e+01 3.926000000000000323e-02
-5.750000000000000000e+01 -1.272251308900523981e+01 4.551000000000000184e-02
-5.750000000000000000e+01 -1.178010471204188825e+01 3.275919999999999943e-01
-5.750000000000000000e+01 -1.083769633507853669e+01 3.212070000000000203e-01
-5.750000000000000000e+01 -9.895287958115185134e+00 2.082720000000000127e-01
-5.750000000000000000e+01 -8.952879581151833577e+00 2.063399999999999956e-02
-5.750000000000000000e+01 -8.010471204188482020e+00 1.814999999999999990e-03
-5.750000000000000000e+01 -7.068062827225130462e+00 1.572999999999999962e-03
-5.750000000000000000e+01 -6.125654450261779793e+00 6.701000000000000359e-03
-5.750000000000000000e+01 -5.183246073298429124e+00 1.631999999999999987e-03
-5.750000000000000000e+01 -4.240837696335078455e+00 4.322000000000000147e-02
-5.750000000000000000e+01 -3.298429319371727786e+00 1.868090000000000028e-01
-5.750000000000000000e+01 -2.356020942408377117e+00 2.318200000000000122e-02
-5.750000000000000000e+01 -1.413612565445026226e+00 6.511000000000000294e-03
-5.750000000000000000e+01 -4.712041884816753901e-01 0.000000000000000000e+00
-5.750000000000000000e+01 4.712041884816753901e-01 0.000000000000000000e+00
-5.750000000000000000e+01 1.413612565445026226e+00 8.100000000000000375e-05
-5.625000000000000000e+01 -1.366492146596859136e+01 2.068540000000000101e-01
-5.625000000000000000e+01 -1.272251308900523981e+01 2.430990000000000095e-01
-5.625000000000000000e+01 -1.178010471204188825e+01 4.852909999999999724e-01
-5.625000000000000000e+01 -1.083769633507853669e+01 3.309360000000000079e-01
-5.625000000000000000e+01 -9.895287958115185134e+00 6.937539999999999818e-01
-5.625000000000000000e+01 -8.952879581151833577e+00 3.788099999999999801e-02
-5.625000000000000000e+01 -8.010471204188482020e+00 4.464000000000000086e-03
-5.625000000000000000e+01 -7.068062827225130462e+00 3.105199999999999974e-02
-5.625000000000000000e+01 -6.125654450261779793e+00 3.183799999999999825e-02
-5.625000000000000000e+01 -5.183246073298429124e+00 9.963099999999999734e-02
-5.625000000000000000e+01 -4.240837696335078455e+00 2.991469999999999962e-01
-5.625000000000000000e+01 -3.298429319371727786e+00 1.927500000000000047e-02
-5.625000000000000000e+01 -2.356020942408377117e+00 3.145839999999999748e-01
-5.625000000000000000e+01 -1.413612565445026226e+00 2.534300000000000094e-02
-5.625000000000000000e+01 -4.712041884816753901e-01 8.000000000000000654e-05
-5.625000000000000000e+01 4.712041884816753901e-01 8.000000000000000654e-05
-5.625000000000000000e+01 1.413612565445026226e+00 0.000000000000000000e+00
-5.500000000000000000e+01 -1.460732984293194114e+01 1.746109999999999884e-01
-5.500000000000000000e+01 -1.366492146596859136e+01 4.090699999999999892e-02
-5.500000000000000000e+01 -1.272251308900523981e+01 2.365970000000000018e-01
-5.500000000000000000e+01 -1.178010471204188825e+01 3.997129999999999850e-01
-5.500000000000000000e+01 -1.083769633507853669e+01 5.734700000000000353e-01
-5.500000000000000000e+01 -9.895287958115185134e+00 6.413750000000000284e-01
-5.500000000000000000e+01 -8.952879581151833577e+00 4.231900000000000245e-02
-5.500000000000000000e+01 -8.010471204188482020e+00 8.583300000000000651e-02
-5.500000000000000000e+01 -7.068062827225130462e+00 7.652200000000000668e-02
-5.500000000000000000e+01 -6.125654450261779793e+00 4.809999999999999823e-04
-5.500000000000000000e+01 -5.183246073298429124e+00 4.809999999999999823e-04
-5.500000000000000000e+01 -4.240837696335078455e+00 2.079519999999999980e-01
-5.500000000000000000e+01 -3.298429319371727786e+00 3.274009999999999976e-01
-5.500000000000000000e+01 -2.356020942408377117e+00 5.281130000000000546e-01
-5.500000000000000000e+01 -1.413612565445026226e+00 1.059299999999999999e-02
-5.500000000000000000e+01 -4.712041884816753901e-01 2.420000000000000005e-04
-5.500000000000000000e+01 4.712041884816753901e-01 2.420000000000000005e-04
-5.500000000000000000e+01 1.413612565445026226e+00 2.420000000000000005e-04
-5.500000000000000000e+01 2.356020942408377117e+00 5.760000000000000146e-04
-5.375000000000000000e+01 -1.460732984293194114e+01 4.079999999999999968e-04
-5.375000000000000000e+01 -1.366492146596859136e+01 3.840899999999999870e-02
-5.375000000000000000e+01 -1.272251308900523981e+01 1.991620000000000057e-01
-5.375000000000000000e+01 -1.178010471204188825e+01 8.157999999999999974e-02
-5.375000000000000000e+01 -1.083769633507853669e+01 1.846299999999999886e-01
-5.375000000000000000e+01 -9.895287958115185134e+00 2.019459999999999866e-01
-5.375000000000000000e+01 -8.952879581151833577e+00 1.933999999999999955e-03
-5.375000000000000000e+01 -8.010471204188482020e+00 8.000000000000000654e-05
-5.375000000000000000e+01 -7.068062827225130462e+00 2.101000000000000003e-03
-5.375000000000000000e+01 -6.125654450261779793e+00 6.347000000000000211e-03
-5.375000000000000000e+01 -5.183246073298429124e+00 3.003000000000000027e-03
-5.375000000000000000e+01 -4.240837696335078455e+00 2.089840000000000031e-01
-5.375000000000000000e+01 -3.298429319371727786e+00 1.185559999999999947e-01
-5.375000000000000000e+01 -2.356020942408377117e+00 4.303420000000000023e-01
-5.375000000000000000e+01 -1.413612565445026226e+00 6.641299999999999981e-02
-5.375000000000000000e+01 -4.712041884816753901e-01 9.719999999999999907e-04
-5.375000000000000000e+01 4.712041884816753901e-01 9.719999999999999907e-04
-5.375000000000000000e+01 1.413612565445026226e+00 1.217999999999999899e-03
-5.375000000000000000e+01 2.356020942408377117e+00 1.054000000000000032e-03
-5.250000000000000000e+01 -1.366492146596859136e+01 1.200200000000000052e-02
-5.250000000000000000e+01 -1.272251308900523981e+01 2.206200000000000105e-01
-5.250000000000000000e+01 -1.178010471204188825e+01 9.301900000000000446e-02
-5.250000000000000000e+01 -1.083769633507853669e+01 2.495120000000000116e-01
-5.250000000000000000e+01 -9.895287958115185134e+00 7.842799999999999772e-02
-5.250000000000000000e+01 -8.952879581151833577e+00 5.699999999999999772e-04
-5.250000000000000000e+01 -8.010471204188482020e+00 7.460000000000000268e-04
-5.250000000000000000e+01 -7.068062827225130462e+00 2.273100000000000120e-02
-5.250000000000000000e+01 -6.125654450261779793e+00 5.420699999999999824e-02
-5.250000000000000000e+01 -5.183246073298429124e+00 1.755000000000000050e-03
-5.250000000000000000e+01 -4.240837696335078455e+00 7.050800000000000123e-02
-5.250000000000000000e+01 -3.298429319371727786e+00 1.705990000000000006e-01
-5.250000000000000000e+01 -2.356020942408377117e+00 3.101500000000000090e-02
-5.250000000000000000e+01 -1.413612565445026226e+00 1.378610000000000113e-01
-5.250000000000000000e+01 -4.712041884816753901e-01 1.051999999999999984e-03
-5.250000000000000000e+01 4.712041884816753901e-01 1.051999999999999984e-03
-5.125000000000000000e+01 -8.952879581151833577e+00 4.473809999999999731e-01
-5.125000000000000000e+01 -8.010471204188482020e+00 3.655909999999999993e-01
-5.125000000000000000e+01 -7.068062827225130462e+00 4.487470000000000070e-01
-5.125000000000000000e+01 -5.183246073298429124e+00 1.133610000000000034e-01
-5.125000000000000000e+01 -4.240837696335078455e+00 2.339400000000000091e-01
-5.125000000000000000e+01 -3.298429319371727786e+00 9.249899999999999789e-02
-5.125000000000000000e+01 -2.356020942408377117e+00 5.865599999999999981e-02
-5.000000000000000000e+01 -3.298429319371727786e+00 2.327380000000000004e-01
