-7.875000000000000000e+01 -6.125654450261779793e+00 5.045309999999999517e-01
-7.875000000000000000e+01 -5.183246073298429124e+00 2.217999999999999972e-01
-7.875000000000000000e+01 -4.240837696335078455e+00 3.232240000000000113e-01
-7.875000000000000000e+01 -3.298429319371727786e+00 4.316320000000000157e-01
-7.875000000000000000e+01 -2.356020942408377117e+00 0.000000000000000000e+00
-7.875000000000000000e+01 -1.413612565445026226e+00 0.000000000000000000e+00
-7.750000000000000000e+01 -8.952879581151833577e+00 1.897490000000000010e-01
-7.750000000000000000e+01 -8.010471204188482020e+00 1.435049999999999937e-01
-7.750000000000000000e+01 -7.068062827225130462e+00 2.879889999999999950e-01
-7.750000000000000000e+01 -6.125654450261779793e+00 5.436950000000000394e-01
-7.750000000000000000e+01 -5.183246073298429124e+00 1.481389999999999929e-01
-7.750000000000000000e+01 -4.240837696335078455e+00 5.470200000000000062e-02
-7.750000000000000000e+01 -3.298429319371727786e+00 3.130430000000000157e-01
-7.750000000000000000e+01 -2.356020942408377117e+00 2.379759999999999931e-01
-7.750000000000000000e+01 -1.413612565445026226e+00 3.244619999999999727e-01
-7.750000000000000000e+01 -4.712041884816753901e-01 1.974680000000000046e-01
-7.750000000000000000e+01 4.712041884816753901e-01 1.974680000000000046e-01
-7.625000000000000000e+01 -1.083769633507853669e+01 6.566900000000000515e-02
-7.625000000000000000e+01 -9.895287958115185134e+00 1.331799999999999928e-01
-7.625000000000000000e+01 -8.952879581151833577e+00 4.009599999999999831e-01
-7.625000000000000000e+01 -8.010471204188482020e+00 1.288169999999999871e-01
-7.625000000000000000e+01 -7.068062827225130462e+00 2.600770000000000026e-01
-7.625000000000000000e+01 -6.125654450261779793e+00 3.711139999999999994e-01
-7.625000000000000000e+01 -5.183246073298429124e+00 4.002700000000000008e-02
-7.625000000000000000e+01 -4.240837696335078455e+00 1.472000000000000001e-03
-7.625000000000000000e+01 -3.298429319371727786e+00 3.983000000000000429e-03
-7.625000000000000000e+01 -2.356020942408377117e+00 2.553000000000000148e-03
-7.625000000000000000e+01 -1.413612565445026226e+00 2.611000000000000040e-03
-7.625000000000000000e+01 -4.712041884816753901e-01 5.319399999999999823e-02
-7.625000000000000000e+01 4.712041884816753901e-01 5.319399999999999823e-02
-7.625000000000000000e+01 1.413612565445026226e+00 7.735870000000000246e-01
-7.500000000000000000e+01 -1.366492146596859136e+01 7.814200000000000312e-02
-7.500000000000000000e+01 -1.272251308900523981e+01 1.417779999999999874e-01
-7.500000000000000000e+01 -1.178010471204188825e+01 1.241629999999999956e-01
-7.500000000000000000e+01 -1.083769633507853669e+01 3.609430000000000138e-01
-7.500000000000000000e+01 -9.895287958115185134e+00 1.671070000000000055e-01
-7.500000000000000000e+01 -8.952879581151833577e+00 4.569460000000000188e-01
-7.500000000000000000e+01 -8.010471204188482020e+00 2.366969999999999907e-01
-7.500000000000000000e+01 -7.068062827225130462e+00 3.560399999999999676e-02
-7.500000000000000000e+01 -6.125654450261779793e+00 6.070300000000000001e-02
-7.500000000000000000e+01 -5.183246073298429124e+00 4.566900000000000126e-02
-7.500000000000000000e+01 -4.240837696335078455e+00 2.003299999999999872e-02
-7.500000000000000000e+01 -3.298429319371727786e+00 2.305999999999999890e-03
-7.500000000000000000e+01 -2.356020942408377117e+00 6.376999999999999856e-03
-7.500000000000000000e+01 -1.413612565445026226e+00 5.597000000000000412e-03
-7.500000000000000000e+01 -4.712041884816753901e-01 2.363799999999999929e-02
-7.500000000000000000e+01 4.712041884816753901e-01 2.363799999999999929e-02
-7.500000000000000000e+01 1.413612565445026226e+00 5.195870000000000211e-01
-7.500000000000000000e+01 2.356020942408377117e+00 8.618639999999999635e-01
-7.375000000000000000e+01 -1.460732984293194114e+01 0.000000000000000000e+00
-7.375000000000000000e+01 -1.366492146596859136e+01 1.302490000000000037e-01
-7.375000000000000000e+01 -1.272251308900523981e+01 8.541999999999999593e-02
-7.375000000000000000e+01 -1.178010471204188825e+01 9.693499999999999339e-02
-7.375000000000000000e+01 -1.083769633507853669e+01 9.236099999999999866e-02
-7.375000000000000000e+01 -9.895287958115185134e+00 5.654499999999999804e-02
-7.375000000000000000e+01 -8.952879581151833577e+00 8.460299999999999765e-02
-7.375000000000000000e+01 -8.010471204188482020e+00 1.081560000000000021e-01
-7.375000000000000000e+01 -7.068062827225130462e+00 2.027999999999999942e-02
-7.375000000000000000e+01 -6.125654450261779793e+00 2.464699999999999877e-02
-7.375000000000000000e+01 -5.183246073298429124e+00 7.177999999999999658e-02
-7.375000000000000000e+01 -4.240837696335078455e+00 2.272499999999999867e-02
-7.375000000000000000e+01 -3.298429319371727786e+00 7.262000000000000226e-03
-7.375000000000000000e+01 -2.356020942408377117e+00 5.409999999999999878e-03
-7.375000000000000000e+01 -1.413612565445026226e+00 9.707999999999999963e-02
-7.375000000000000000e+01 -4.712041884816753901e-01 2.467000000000000009e-03
-7.375000000000000000e+01 4.712041884816753901e-01 2.467000000000000009e-03
-7.375000000000000000e+01 1.413612565445026226e+00 3.635300000000000337e-02
-7.250000000000000000e+01 -1.460732984293194114e+01 5.432000000000000196e-03
-7.250000000000000000e+01 -1.366492146596859136e+01 1.374849999999999961e-01
-7.250000000000000000e+01 -1.272251308900523981e+01 1.729420000000000124e-01
-7.250000000000000000e+01 -1.178010471204188825e+01 4.301300000000000262e-02
-7.250000000000000000e+01 -1.083769633507853669e+01 6.879999999999999831e-03
-7.250000000000000000e+01 -9.895287958115185134e+00 0.000000000000000000e+00
-7.250000000000000000e+01 -8.952879581151833577e+00 9.960000000000000103e-03
-7.250000000000000000e+01 -8.010471204188482020e+00 4.001939999999999942e-01
-7.250000000000000000e+01 -7.068062827225130462e+00 1.222359999999999974e-01
-7.250000000000000000e+01 -6.125654450261779793e+00 9.730000000000000151e-04
-7.250000000000000000e+01 -5.183246073298429124e+00 9.737000000000000863e-03
-7.250000000000000000e+01 -4.240837696335078455e+00 1.123389999999999944e-01
-7.250000000000000000e+01 -3.298429319371727786e+00 2.123999999999999846e-02
-7.250000000000000000e+01 -2.356020942408377117e+00 5.458199999999999857e-02
-7.250000000000000000e+01 -1.413612565445026226e+00 1.702199999999999894e-02
-7.250000000000000000e+01 -4.712041884816753901e-01 6.908000000000000078e-03
-7.250000000000000000e+01 4.712041884816753901e-01 6.908000000000000078e-03
-7.250000000000000000e+01 1.413612565445026226e+00 1.020399999999999953e-02
-7.125000000000000000e+01 -1.460732984293194114e+01 9.079900000000000471e-02
-7.125000000000000000e+01 -1.366492146596859136e+01 2.439500000000000002e-02
-7.125000000000000000e+01 -1.272251308900523981e+01 1.500859999999999972e-01
-7.125000000000000000e+01 -1.178010471204188825e+01 0.000000000000000000e+00
-7.125000000000000000e+01 -1.083769633507853669e+01 0.000000000000000000e+00
-7.125000000000000000e+01 -9.895287958115185134e+00 6.791000000000000161e-03
-7.125000000000000000e+01 -8.952879581151833577e+00 6.634199999999999819e-02
-7.125000000000000000e+01 -8.010471204188482020e+00 4.881220000000000003e-01
-7.125000000000000000e+01 -7.068062827225130462e+00 1.173899999999999944e-02
-7.125000000000000000e+01 -6.125654450261779793e+00 4.655000000000000283e-03
-7.125000000000000000e+01 -5.183246073298429124e+00 2.429999999999999977e-04
-7.125000000000000000e+01 -4.240837696335078455e+00 3.119399999999999951e-02
-7.125000000000000000e+01 -3.298429319371727786e+00 2.390000000000000089e-04
-7.125000000000000000e+01 -2.356020942408377117e+00 3.904300000000000131e-02
-7.125000000000000000e+01 -1.413612565445026226e+00 3.592000000000000141e-03
-7.125000000000000000e+01 -4.712041884816753901e-01 0.000000000000000000e+00
-7.125000000000000000e+01 4.712041884816753901e-01 0.000000000000000000e+00
-7.125000000000000000e+01 1.413612565445026226e+00 9.131699999999999540e-02
-7.000000000000000000e+01 -1.366492146596859136e+01 8.580000000000000820e-03
-7.000000000000000000e+01 -1.272251308900523981e+01 3.196479999999999877e-01
-7.000000000000000000e+01 -1.178010471204188825e+01 2.190399999999999986e-02
-7.000000000000000000e+01 -1.083769633507853669e+01 3.041380000000000194e-01
-7.000000000000000000e+01 -9.895287958115185134e+00 2.050000000000000086e-02
-7.000000000000000000e+01 -8.952879581151833577e+00 1.705830000000000124e-01
-7.000000000000000000e+01 -8.010471204188482020e+00 2.838390000000000080e-01
-7.000000000000000000e+01 -7.068062827225130462e+00 3.610000000000000014e-02
-7.000000000000000000e+01 -6.125654450261779793e+00 1.861000000000000024e-03
-7.000000000000000000e+01 -5.183246073298429124e+00 8.040000000000000271e-04
-7.000000000000000000e+01 -4.240837696335078455e+00 1.190429999999999960e-01
-7.000000000000000000e+01 -3.298429319371727786e+00 6.154500000000000248e-02
-7.000000000000000000e+01 -2.356020942408377117e+00 2.040700000000000153e-02
-7.000000000000000000e+01 -1.413612565445026226e+00 3.346299999999999969e-02
-7.000000000000000000e+01 -4.712041884816753901e-01 1.220300000000000031e-02
-7.000000000000000000e+01 4.712041884816753901e-01 1.220300000000000031e-02
-7.000000000000000000e+01 1.413612565445026226e+00 7.471000000000000210e-03
-6.875000000000000000e+01 -1.554973821989529448e+01 6.769999999999999759e-04
-6.875000000000000000e+01 -1.460732984293194114e+01 3.377900000000000347e-02
-6.875000000000000000e+01 -1.366492146596859136e+01 8.684000000000000746e-03
-6.875000000000000000e+01 -1.272251308900523981e+01 1.199179999999999968e-01
-6.875000000000000000e+01 -1.178010471204188825e+01 3.285919999999999952e-01
-6.875000000000000000e+01 -1.083769633507853669e+01 5.671420000000000350e-01
-6.875000000000000000e+01 -9.895287958115185134e+00 9.192300000000000471e-02
-6.875000000000000000e+01 -8.952879581151833577e+00 4.113220000000000209e-01
-6.875000000000000000e+01 -8.010471204188482020e+00 4.244000000000000376e-03
-6.875000000000000000e+01 -7.068062827225130462e+00 2.047999999999999907e-03
-6.875000000000000000e+01 -6.125654450261779793e+00 1.129999999999999928e-03
-6.875000000000000000e+01 -5.183246073298429124e+00 4.840000000000000010e-04
-6.875000000000000000e+01 -4.240837696335078455e+00 4.423999999999999981e-03
-6.875000000000000000e+01 -3.298429319371727786e+00 7.030999999999999923e-03
-6.875000000000000000e+01 -2.356020942408377117e+00 5.326000000000000005e-03
-6.875000000000000000e+01 -1.413612565445026226e+00 9.915000000000000202e-03
-6.875000000000000000e+01 -4.712041884816753901e-01 1.129100000000000069e-02
-6.875000000000000000e+01 4.712041884816753901e-01 1.129100000000000069e-02
-6.875000000000000000e+01 1.413612565445026226e+00 1.518000000000000078e-02
-6.875000000000000000e+01 2.356020942408377117e+00 6.131000000000000165e-03
-6.750000000000000000e+01 -1.649214659685864603e+01 2.721750000000000003e-01
-6.750000000000000000e+01 -1.554973821989529448e+01 2.721750000000000003e-01
-6.750000000000000000e+01 -1.460732984293194114e+01 1.347800000000000109e-01
-6.750000000000000000e+01 -1.366492146596859136e+01 1.033670000000000005e-01
-6.750000000000000000e+01 -1.272251308900523981e+01 1.139699999999999915e-02
-6.750000000000000000e+01 -1.178010471204188825e+01 1.758799999999999947e-02
-6.750000000000000000e+01 -1.083769633507853669e+01 3.614899999999999780e-01
-6.750000000000000000e+01 -9.895287958115185134e+00 7.906750000000000167e-01
-6.750000000000000000e+01 -8.952879581151833577e+00 1.975770000000000026e-01
-6.750000000000000000e+01 -8.010471204188482020e+00 1.038999999999999993e-03
-6.750000000000000000e+01 -7.068062827225130462e+00 8.919999999999999978e-04
-6.750000000000000000e+01 -6.125654450261779793e+00 5.297999999999999758e-03
-6.750000000000000000e+01 -5.183246073298429124e+00 1.128000000000000096e-03
-6.750000000000000000e+01 -4.240837696335078455e+00 8.059999999999999673e-04
-6.750000000000000000e+01 -3.298429319371727786e+00 1.562799999999999953e-02
-6.750000000000000000e+01 -2.356020942408377117e+00 3.310000000000000225e-04
-6.750000000000000000e+01 -1.413612565445026226e+00 8.000000000000000654e-05
-6.750000000000000000e+01 -4.712041884816753901e-01 8.989999999999999511e-04
-6.750000000000000000e+01 4.712041884816753901e-01 8.989999999999999511e-04
-6.750000000000000000e+01 1.413612565445026226e+00 6.081999999999999733e-03
-6.750000000000000000e+01 2.356020942408377117e+00 7.219999999999999855e-04
-6.625000000000000000e+01 -1.837696335078534560e+01 8.382100000000000661e-02
-6.625000000000000000e+01 -1.743455497382199582e+01 2.414179999999999937e-01
-6.625000000000000000e+01 -1.649214659685864603e+01 1.786999999999999960e-03
-6.625000000000000000e+01 -1.554973821989529448e+01 1.786999999999999960e-03
-6.625000000000000000e+01 -1.460732984293194114e+01 1.233099999999999995e-02
-6.625000000000000000e+01 -1.366492146596859136e+01 1.134000000000000025e-03
-6.625000000000000000e+01 -1.272251308900523981e+01 0.000000000000000000e+00
-6.625000000000000000e+01 -1.178010471204188825e+01 1.252699999999999994e-02
-6.625000000000000000e+01 -1.083769633507853669e+01 1.607800000000000062e-01
-6.625000000000000000e+01 -9.895287958115185134e+00 2.308320000000000094e-01
-6.625000000000000000e+01 -8.952879581151833577e+00 1.638499999999999956e-01
-6.625000000000000000e+01 -8.010471204188482020e+00 2.295000000000000165e-03
-6.625000000000000000e+01 -7.068062827225130462e+00 8.109999999999999805e-04
-6.625000000000000000e+01 -6.125654450261779793e+00 1.610000000000000103e-04
-6.625000000000000000e+01 -5.183246073298429124e+00 3.260000000000000094e-04
-6.625000000000000000e+01 -4.240837696335078455e+00 3.536000000000000081e-03
-6.625000000000000000e+01 -3.298429319371727786e+00 1.536599999999999945e-02
-6.625000000000000000e+01 -2.356020942408377117e+00 6.369999999999999794e-03
-6.625000000000000000e+01 -1.413612565445026226e+00 0.000000000000000000e+00
-6.625000000000000000e+01 -4.712041884816753901e-01 2.425000000000000072e-03
-6.625000000000000000e+01 4.712041884816753901e-01 2.425000000000000072e-03
-6.625000000000000000e+01 1.413612565445026226e+00 9.298900000000000221e-02
-6.625000000000000000e+01 2.356020942408377117e+00 1.025810000000000055e-01
-6.500000000000000000e+01 -1.837696335078534560e+01 2.501600000000000004e-02
-6.500000000000000000e+01 -1.743455497382199582e+01 4.599520000000000275e-01
-6.500000000000000000e+01 -1.649214659685864603e+01 5.385500000000000009e-02
-6.500000000000000000e+01 -1.554973821989529448e+01 5.385500000000000009e-02
-6.500000000000000000e+01 -1.460732984293194114e+01 1.079800000000000031e-02
-6.500000000000000000e+01 -1.366492146596859136e+01 5.941000000000000100e-03
-6.500000000000000000e+01 -1.272251308900523981e+01 2.407999999999999984e-03
-6.500000000000000000e+01 -1.178010471204188825e+01 7.576000000000000269e-03
-6.500000000000000000e+01 -1.083769633507853669e+01 2.029950000000000088e-01
-6.500000000000000000e+01 -9.895287958115185134e+00 6.360249999999999515e-01
-6.500000000000000000e+01 -8.952879581151833577e+00 1.426840000000000053e-01
-6.500000000000000000e+01 -8.010471204188482020e+00 7.217000000000000325e-03
-6.500000000000000000e+01 -7.068062827225130462e+00 5.680000000000000326e-02
-6.500000000000000000e+01 -6.125654450261779793e+00 1.147999999999999932e-03
-6.500000000000000000e+01 -5.183246073298429124e+00 2.835199999999999873e-02
-6.500000000000000000e+01 -4.240837696335078455e+00 2.124500000000000000e-02
-6.500000000000000000e+01 -3.298429319371727786e+00 4.417200000000000293e-02
-6.500000000000000000e+01 -2.356020942408377117e+00 4.329999999999999648e-03
-6.500000000000000000e+01 -1.413612565445026226e+00 1.791999999999999973e-03
-6.500000000000000000e+01 -4.712041884816753901e-01 7.742999999999999883e-03
-6.500000000000000000e+01 4.712041884816753901e-01 7.742999999999999883e-03
-6.500000000000000000e+01 1.413612565445026226e+00 2.658999999999999905e-03
-6.375000000000000000e+01 -2.026178010471204516e+01 8.333329999999999904e-01
-6.375000000000000000e+01 -1.931937172774869538e+01 2.689830000000000276e-01
-6.375000000000000000e+01 -1.837696335078534560e+01 1.454759999999999942e-01
-6.375000000000000000e+01 -1.743455497382199582e+01 5.398020000000000040e-01
-6.375000000000000000e+01 -1.649214659685864603e+01 6.335999999999999965e-02
-6.375000000000000000e+01 -1.554973821989529448e+01 6.335999999999999965e-02
-6.375000000000000000e+01 -1.460732984293194114e+01 3.657300000000000134e-02
-6.375000000000000000e+01 -1.366492146596859136e+01 3.798999999999999860e-03
-6.375000000000000000e+01 -1.272251308900523981e+01 2.674999999999999861e-03
-6.375000000000000000e+01 -1.178010471204188825e+01 2.298429999999999918e-01
-6.375000000000000000e+01 -1.083769633507853669e+01 6.130499999999999838e-02
-6.375000000000000000e+01 -9.895287958115185134e+00 5.200580000000000203e-01
-6.375000000000000000e+01 -8.952879581151833577e+00 8.144059999999999633e-01
-6.375000000000000000e+01 -8.010471204188482020e+00 4.105670000000000153e-01
-6.375000000000000000e+01 -7.068062827225130462e+00 1.369329999999999992e-01
-6.375000000000000000e+01 -6.125654450261779793e+00 4.970999999999999724e-03
-6.375000000000000000e+01 -5.183246073298429124e+00 2.544199999999999934e-02
-6.375000000000000000e+01 -4.240837696335078455e+00 1.172389999999999960e-01
-6.375000000000000000e+01 -3.298429319371727786e+00 1.592999999999999972e-02
-6.375000000000000000e+01 -2.356020942408377117e+00 3.249999999999999851e-04
-6.375000000000000000e+01 -1.413612565445026226e+00 3.240000000000000150e-04
-6.375000000000000000e+01 -4.712041884816753901e-01 1.828999999999999897e-03
-6.375000000000000000e+01 4.712041884816753901e-01 1.828999999999999897e-03
-6.375000000000000000e+01 1.413612565445026226e+00 1.342400000000000017e-02
-6.375000000000000000e+01 3.298429319371727786e+00 2.324499999999999830e-02
-6.250000000000000000e+01 -1.931937172774869538e+01 3.989650000000000141e-01
-6.250000000000000000e+01 -1.837696335078534560e+01 7.246359999999999468e-01
-6.250000000000000000e+01 -1.743455497382199582e+01 8.187670000000000226e-01
-6.250000000000000000e+01 -1.649214659685864603e+01 1.021880000000000011e-01
-6.250000000000000000e+01 -1.554973821989529448e+01 1.021880000000000011e-01
-6.250000000000000000e+01 -1.460732984293194114e+01 7.910999999999999630e-03
-6.250000000000000000e+01 -1.366492146596859136e+01 2.263999999999999953e-03
-6.250000000000000000e+01 -1.272251308900523981e+01 1.157999999999999958e-03
-6.250000000000000000e+01 -1.178010471204188825e+01 3.397209999999999952e-01
-6.250000000000000000e+01 -1.083769633507853669e+01 3.385500000000000176e-01
-6.250000000000000000e+01 -9.895287958115185134e+00 9.718210000000000459e-01
-6.250000000000000000e+01 -8.952879581151833577e+00 4.121980000000000088e-01
-6.250000000000000000e+01 -8.010471204188482020e+00 2.582180000000000031e-01
-6.250000000000000000e+01 -7.068062827225130462e+00 4.883410000000000251e-01
-6.250000000000000000e+01 -6.125654450261779793e+00 1.402019999999999933e-01
-6.250000000000000000e+01 -5.183246073298429124e+00 2.396000000000000126e-03
-6.250000000000000000e+01 -4.240837696335078455e+00 1.225809999999999955e-01
-6.250000000000000000e+01 -3.298429319371727786e+00 1.752000000000000085e-02
-6.250000000000000000e+01 -2.356020942408377117e+00 1.056999999999999997e-03
-6.250000000000000000e+01 -1.413612565445026226e+00 3.548699999999999771e-02
-6.250000000000000000e+01 -4.712041884816753901e-01 6.509999999999999945e-04
-6.250000000000000000e+01 4.712041884816753901e-01 6.509999999999999945e-04
-6.250000000000000000e+01 1.413612565445026226e+00 1.435000000000000078e-03
-6.250000000000000000e+01 2.356020942408377117e+00 1.124299999999999952e-02
-6.250000000000000000e+01 3.298429319371727786e+00 0.000000000000000000e+00
-6.125000000000000000e+01 -1.837696335078534560e+01 1.980429999999999968e-01
-6.125000000000000000e+01 -1.743455497382199582e+01 3.167820000000000080e-01
-6.125000000000000000e+01 -1.649214659685864603e+01 2.910010000000000097e-01
-6.125000000000000000e+01 -1.554973821989529448e+01 2.910010000000000097e-01
-6.125000000000000000e+01 -1.460732984293194114e+01 6.244899999999999757e-02
-6.125000000000000000e+01 -1.366492146596859136e+01 3.887199999999999683e-02
-6.125000000000000000e+01 -1.272251308900523981e+01 6.146749999999999714e-01
-6.125000000000000000e+01 -1.178010471204188825e+01 7.723250000000000393e-01
-6.125000000000000000e+01 -1.083769633507853669e+01 4.174889999999999990e-01
-6.125000000000000000e+01 -9.895287958115185134e+00 2.391659999999999897e-01
-6.125000000000000000e+01 -8.952879581151833577e+00 9.451500000000000179e-02
-6.125000000000000000e+01 -8.010471204188482020e+00 1.695649999999999935e-01
-6.125000000000000000e+01 -7.068062827225130462e+00 5.646899999999999836e-02
-6.125000000000000000e+01 -6.125654450261779793e+00 7.289600000000000246e-02
-6.125000000000000000e+01 -5.183246073298429124e+00 1.273400000000000087e-01
-6.125000000000000000e+01 -4.240837696335078455e+00 4.208140000000000214e-01
-6.125000000000000000e+01 -3.298429319371727786e+00 4.028559999999999919e-01
-6.125000000000000000e+01 -2.356020942408377117e+00 6.252999999999999878e-03
-6.125000000000000000e+01 -1.413612565445026226e+00 2.480999999999999872e-02
-6.125000000000000000e+01 -4.712041884816753901e-01 2.196760000000000101e-01
-6.125000000000000000e+01 4.712041884816753901e-01 2.196760000000000101e-01
-6.125000000000000000e+01 1.413612565445026226e+00 2.300310000000000132e-01
-6.125000000000000000e+01 2.356020942408377117e+00 6.036529999999999951e-01
-6.125000000000000000e+01 3.298429319371727786e+00 2.531410000000000049e-01
-6.125000000000000000e+01 4.240837696335078455e+00 3.397399999999999726e-02
-6.000000000000000000e+01 -1.554973821989529448e+01 9.626899999999999347e-02
-6.000000000000000000e+01 -1.460732984293194114e+01 3.938949999999999951e-01
-6.000000000000000000e+01 -1.366492146596859136e+01 4.236389999999999878e-01
-6.000000000000000000e+01 -1.272251308900523981e+01 3.613999999999999990e-01
-6.000000000000000000e+01 -1.178010471204188825e+01 1.192089999999999955e-01
-6.000000000000000000e+01 -1.083769633507853669e+01 1.132999999999999893e-03
-6.000000000000000000e+01 -9.895287958115185134e+00 5.420699999999999824e-02
-6.000000000000000000e+01 -8.952879581151833577e+00 5.904000000000000394e-03
-6.000000000000000000e+01 -8.010471204188482020e+00 2.193799999999999917e-02
-6.000000000000000000e+01 -7.068062827225130462e+00 4.369520000000000071e-01
-6.000000000000000000e+01 -6.125654450261779793e+00 7.794099999999999639e-02
-6.000000000000000000e+01 -5.183246073298429124e+00 8.931600000000000650e-02
-6.000000000000000000e+01 -4.240837696335078455e+00 5.188450000000000006e-01
-6.000000000000000000e+01 -3.298429319371727786e+00 7.673240000000000061e-01
-6.000000000000000000e+01 -2.356020942408377117e+00 7.286470000000000447e-01
-6.000000000000000000e+01 -1.413612565445026226e+00 2.677570000000000228e-01
-6.000000000000000000e+01 -4.712041884816753901e-01 1.003460000000000046e-01
-6.000000000000000000e+01 4.712041884816753901e-01 1.003460000000000046e-01
-6.000000000000000000e+01 1.413612565445026226e+00 7.155080000000000329e-01
-6.000000000000000000e+01 2.356020942408377117e+00 1.533909999999999996e-01
-6.000000000000000000e+01 3.298429319371727786e+00 1.209900000000000003e-01
-6.000000000000000000e+01 4.240837696335078455e+00 1.364499999999999914e-02
-6.000000000000000000e+01 5.183246073298429124e+00 1.274999999999999918e-02
-5.875000000000000000e+01 -1.366492146596859136e+01 5.080599999999999700e-02
-5.875000000000000000e+01 -1.272251308900523981e+01 4.676999999999999734e-03
-5.875000000000000000e+01 -1.178010471204188825e+01 1.998050000000000104e-01
-5.875000000000000000e+01 -1.083769633507853669e+01 4.078269999999999951e-01
-5.875000000000000000e+01 -9.895287958115185134e+00 2.622129999999999739e-01
-5.875000000000000000e+01 -8.952879581151833577e+00 5.169300000000000284e-02
-5.875000000000000000e+01 -8.010471204188482020e+00 2.400000000000000061e-04
-5.875000000000000000e+01 -7.068062827225130462e+00 2.585859999999999825e-01
-5.875000000000000000e+01 -6.125654450261779793e+00 2.098600000000000118e-02
-5.875000000000000000e+01 -5.183246073298429124e+00 1.229000000000000058e-03
-5.875000000000000000e+01 -4.240837696335078455e+00 3.276370000000000116e-01
-5.875000000000000000e+01 -3.298429319371727786e+00 7.994099999999999540e-01
-5.875000000000000000e+01 -2.356020942408377117e+00 2.677939999999999765e-01
-5.875000000000000000e+01 -1.413612565445026226e+00 4.647000000000000089e-03
-5.875000000000000000e+01 -4.712041884816753901e-01 0.000000000000000000e+00
-5.875000000000000000e+01 4.712041884816753901e-01 0.000000000000000000e+00
-5.750000000000000000e+01 -1.366492146596859136e+01 5.371999999999999692e-02
-5.750000000000000000e+01 -1.272251308900523981e+01 6.454000000000000015e-02
-5.750000000000000000e+01 -1.178010471204188825e+01 5.070200000000000262e-01
-5.750000000000000000e+01 -1.083769633507853669e+01 3.855830000000000091e-01
-5.750000000000000000e+01 -9.895287958115185134e+00 4.262710000000000110e-01
-5.750000000000000000e+01 -8.952879581151833577e+00 2.341800000000000131e-02
-5.750000000000000000e+01 -8.010471204188482020e+00 2.475000000000000203e-03
-5.750000000000000000e+01 -7.068062827225130462e+00 1.423999999999999919e-02
-5.750000000000000000e+01 -6.125654450261779793e+00 2.340430000000000010e-01
-5.750000000000000000e+01 -5.183246073298429124e+00 1.003800000000000005e-02
-5.750000000000000000e+01 -4.240837696335078455e+00 1.484290000000000054e-01
-5.750000000000000000e+01 -3.298429319371727786e+00 4.887949999999999795e-01
-5.750000000000000000e+01 -2.356020942408377117e+00 8.782700000000000229e-02
-5.750000000000000000e+01 -1.413612565445026226e+00 1.253499999999999927e-02
-5.750000000000000000e+01 -4.712041884816753901e-01 2.430500000000000022e-02
-5.750000000000000000e+01 4.712041884816753901e-01 2.430500000000000022e-02
-5.750000000000000000e+01 1.413612565445026226e+00 8.572100000000000553e-02
-5.625000000000000000e+01 -1.366492146596859136e+01 3.583029999999999826e-01
-5.625000000000000000e+01 -1.272251308900523981e+01 3.418889999999999985e-01
-5.625000000000000000e+01 -1.178010471204188825e+01 7.418749999999999512e-01
-5.625000000000000000e+01 -1.083769633507853669e+01 5.136579999999999480e-01
-5.625000000000000000e+01 -9.895287958115185134e+00 8.096529999999999561e-01
-5.625000000000000000e+01 -8.952879581151833577e+00 4.235599999999999782e-02
-5.625000000000000000e+01 -8.010471204188482020e+00 8.928999999999999437e-03
-5.625000000000000000e+01 -7.068062827225130462e+00 1.284510000000000096e-01
-5.625000000000000000e+01 -6.125654450261779793e+00 3.158790000000000209e-01
-5.625000000000000000e+01 -5.183246073298429124e+00 4.367360000000000131e-01
-5.625000000000000000e+01 -4.240837696335078455e+00 4.619369999999999865e-01
-5.625000000000000000e+01 -3.298429319371727786e+00 9.041200000000000625e-02
-5.625000000000000000e+01 -2.356020942408377117e+00 4.344899999999999873e-01
-5.625000000000000000e+01 -1.413612565445026226e+00 3.016699999999999937e-02
-5.625000000000000000e+01 -4.712041884816753901e-01 8.000000000000000654e-05
-5.625000000000000000e+01 4.712041884816753901e-01 8.000000000000000654e-05
-5.625000000000000000e+01 1.413612565445026226e+00 0.000000000000000000e+00
-5.500000000000000000e+01 -1.460732984293194114e+01 1.834469999999999990e-01
-5.500000000000000000e+01 -1.366492146596859136e+01 4.329899999999999721e-02
-5.500000000000000000e+01 -1.272251308900523981e+01 4.530500000000000083e-01
-5.500000000000000000e+01 -1.178010471204188825e+01 7.570949999999999624e-01
-5.500000000000000000e+01 -1.083769633507853669e+01 8.329849999999999755e-01
-5.500000000000000000e+01 -9.895287958115185134e+00 7.649589999999999446e-01
-5.500000000000000000e+01 -8.952879581151833577e+00 9.416900000000000270e-02
-5.500000000000000000e+01 -8.010471204188482020e+00 3.223249999999999726e-01
-5.500000000000000000e+01 -7.068062827225130462e+00 3.232829999999999870e-01
-5.500000000000000000e+01 -6.125654450261779793e+00 6.934999999999999498e-02
-5.500000000000000000e+01 -5.183246073298429124e+00 2.835199999999999873e-02
-5.500000000000000000e+01 -4.240837696335078455e+00 5.404959999999999765e-01
-5.500000000000000000e+01 -3.298429319371727786e+00 5.705770000000000008e-01
-5.500000000000000000e+01 -2.356020942408377117e+00 6.184840000000000337e-01
-5.500000000000000000e+01 -1.413612565445026226e+00 3.145799999999999985e-02
-5.500000000000000000e+01 -4.712041884816753901e-01 2.420000000000000005e-04
-5.500000000000000000e+01 4.712041884816753901e-01 2.420000000000000005e-04
-5.500000000000000000e+01 1.413612565445026226e+00 2.420000000000000005e-04
-5.500000000000000000e+01 2.356020942408377117e+00 5.760000000000000146e-04
-5.375000000000000000e+01 -1.460732984293194114e+01 4.079999999999999968e-04
-5.375000000000000000e+01 -1.366492146596859136e+01 4.129000000000000031e-02
-5.375000000000000000e+01 -1.272251308900523981e+01 2.120529999999999915e-01
-5.375000000000000000e+01 -1.178010471204188825e+01 1.991549999999999987e-01
-5.375000000000000000e+01 -1.083769633507853669e+01 2.794960000000000222e-01
-5.375000000000000000e+01 -9.895287958115185134e+00 3.522500000000000075e-01
-5.375000000000000000e+01 -8.952879581151833577e+00 1.337400000000000047e-02
-5.375000000000000000e+01 -8.010471204188482020e+00 8.000000000000000654e-05
-5.375000000000000000e+01 -7.068062827225130462e+00 2.101000000000000003e-03
-5.375000000000000000e+01 -6.125654450261779793e+00 6.347000000000000211e-03
-5.375000000000000000e+01 -5.183246073298429124e+00 3.327999999999999795e-03
-5.375000000000000000e+01 -4.240837696335078455e+00 5.244950000000000445e-01
-5.375000000000000000e+01 -3.298429319371727786e+00 5.620300000000000296e-01
-5.375000000000000000e+01 -2.356020942408377117e+00 4.913699999999999735e-01
-5.375000000000000000e+01 -1.413612565445026226e+00 1.029769999999999991e-01
-5.375000000000000000e+01 -4.712041884816753901e-01 9.719999999999999907e-04
-5.375000000000000000e+01 4.712041884816753901e-01 9.719999999999999907e-04
-5.375000000000000000e+01 1.413612565445026226e+00 1.217999999999999899e-03
-5.375000000000000000e+01 2.356020942408377117e+00 1.054000000000000032e-03
-5.250000000000000000e+01 -1.366492146596859136e+01 1.288800000000000015e-02
-5.250000000000000000e+01 -1.272251308900523981e+01 2.157610000000000083e-01
-5.250000000000000000e+01 -1.178010471204188825e+01 1.318989999999999885e-01
-5.250000000000000000e+01 -1.083769633507853669e+01 3.038910000000000222e-01
-5.250000000000000000e+01 -9.895287958115185134e+00 9.897699999999999554e-02
-5.250000000000000000e+01 -8.952879581151833577e+00 5.699999999999999772e-04
-5.250000000000000000e+01 -8.010471204188482020e+00 1.825000000000000016e-03
-5.250000000000000000e+01 -7.068062827225130462e+00 1.878099999999999908e-02
-5.250000000000000000e+01 -6.125654450261779793e+00 4.149599999999999816e-02
-5.250000000000000000e+01 -5.183246073298429124e+00 1.755000000000000050e-03
-5.250000000000000000e+01 -4.240837696335078455e+00 1.564750000000000030e-01
-5.250000000000000000e+01 -3.298429319371727786e+00 3.989960000000000173e-01
-5.250000000000000000e+01 -2.356020942408377117e+00 4.377099999999999741e-02
-5.250000000000000000e+01 -1.413612565445026226e+00 5.045349999999999557e-01
-5.250000000000000000e+01 -4.712041884816753901e-01 7.190799999999999970e-02
-5.250000000000000000e+01 4.712041884816753901e-01 7.190799999999999970e-02
-5.125000000000000000e+01 -8.952879581151833577e+00 5.938759999999999595e-01
-5.125000000000000000e+01 -8.010471204188482020e+00 4.190309999999999868e-01
-5.125000000000000000e+01 -7.068062827225130462e+00 4.634480000000000266e-01
-5.125000000000000000e+01 -5.183246073298429124e+00 1.905290000000000039e-01
-5.125000000000000000e+01 -4.240837696335078455e+00 3.560030000000000139e-01
-5.125000000000000000e+01 -3.298429319371727786e+00 5.427920000000000522e-01
-5.125000000000000000e+01 -2.356020942408377117e+00 1.446780000000000010e-01
-5.000000000000000000e+01 -3.298429319371727786e+00 6.812979999999999592e-01
