-7.875000000000000000e+01 -6.125654450261779793e+00 5.091510000000000202e-01
-7.875000000000000000e+01 -5.183246073298429124e+00 3.045209999999999861e-01
-7.875000000000000000e+01 -4.240837696335078455e+00 4.280570000000000208e-01
-7.875000000000000000e+01 -3.298429319371727786e+00 5.476619999999999822e-01
-7.875000000000000000e+01 -2.356020942408377117e+00 0.000000000000000000e+00
-7.875000000000000000e+01 -1.413612565445026226e+00 0.000000000000000000e+00
-7.750000000000000000e+01 -8.952879581151833577e+00 1.886589999999999934e-01
-7.750000000000000000e+01 -8.010471204188482020e+00 1.435049999999999937e-01
-7.750000000000000000e+01 -7.068062827225130462e+00 2.871639999999999748e-01
-7.750000000000000000e+01 -6.125654450261779793e+00 5.693399999999999572e-01
-7.750000000000000000e+01 -5.183246073298429124e+00 2.230729999999999935e-01
-7.750000000000000000e+01 -4.240837696335078455e+00 6.073400000000000326e-02
-7.750000000000000000e+01 -3.298429319371727786e+00 5.197060000000000013e-01
-7.750000000000000000e+01 -2.356020942408377117e+00 3.341689999999999938e-01
-7.750000000000000000e+01 -1.413612565445026226e+00 4.383600000000000274e-01
-7.750000000000000000e+01 -4.712041884816753901e-01 2.497530000000000028e-01
-7.750000000000000000e+01 4.712041884816753901e-01 2.497530000000000028e-01
-7.625000000000000000e+01 -1.083769633507853669e+01 7.775899999999999479e-02
-7.625000000000000000e+01 -9.895287958115185134e+00 1.594730000000000036e-01
-7.625000000000000000e+01 -8.952879581151833577e+00 5.262339999999999796e-01
-7.625000000000000000e+01 -8.010471204188482020e+00 2.316439999999999888e-01
-7.625000000000000000e+01 -7.068062827225130462e+00 3.046740000000000004e-01
-7.625000000000000000e+01 -6.125654450261779793e+00 5.638009999999999966e-01
-7.625000000000000000e+01 -5.183246073298429124e+00 4.492499999999999966e-02
-7.625000000000000000e+01 -4.240837696335078455e+00 1.472000000000000001e-03
-7.625000000000000000e+01 -3.298429319371727786e+00 3.983000000000000429e-03
-7.625000000000000000e+01 -2.356020942408377117e+00 2.635000000000000189e-03
-7.625000000000000000e+01 -1.413612565445026226e+00 1.183000000000000024e-02
-7.625000000000000000e+01 -4.712041884816753901e-01 2.933609999999999829e-01
-7.625000000000000000e+01 4.712041884816753901e-01 2.933609999999999829e-01
-7.625000000000000000e+01 1.413612565445026226e+00 9.009970000000000478e-01
-7.500000000000000000e+01 -1.366492146596859136e+01 7.814200000000000312e-02
-7.500000000000000000e+01 -1.272251308900523981e+01 1.417779999999999874e-01
-7.500000000000000000e+01 -1.178010471204188825e+01 1.238360000000000016e-01
-7.500000000000000000e+01 -1.083769633507853669e+01 4.239120000000000110e-01
-7.500000000000000000e+01 -9.895287958115185134e+00 2.606399999999999828e-01
-7.500000000000000000e+01 -8.952879581151833577e+00 5.843859999999999610e-01
-7.500000000000000000e+01 -8.010471204188482020e+00 2.787319999999999798e-01
-7.500000000000000000e+01 -7.068062827225130462e+00 4.675200000000000189e-02
-7.500000000000000000e+01 -6.125654450261779793e+00 6.070300000000000001e-02
-7.500000000000000000e+01 -5.183246073298429124e+00 4.566900000000000126e-02
-7.500000000000000000e+01 -4.240837696335078455e+00 2.003299999999999872e-02
-7.500000000000000000e+01 -3.298429319371727786e+00 2.305999999999999890e-03
-7.500000000000000000e+01 -2.356020942408377117e+00 6.376999999999999856e-03
-7.500000000000000000e+01 -1.413612565445026226e+00 5.597000000000000412e-03
-7.500000000000000000e+01 -4.712041884816753901e-01 7.937299999999999911e-02
-7.500000000000000000e+01 4.712041884816753901e-01 7.937299999999999911e-02
-7.500000000000000000e+01 1.413612565445026226e+00 6.915639999999999565e-01
-7.500000000000000000e+01 2.356020942408377117e+00 9.388929999999999776e-01
-7.375000000000000000e+01 -1.460732984293194114e+01 0.000000000000000000e+00
-7.375000000000000000e+01 -1.366492146596859136e+01 1.302490000000000037e-01
-7.375000000000000000e+01 -1.272251308900523981e+01 8.681099999999999928e-02
-7.375000000000000000e+01 -1.178010471204188825e+01 1.058670000000000028e-01
-7.375000000000000000e+01 -1.083769633507853669e+01 1.113330000000000014e-01
-7.375000000000000000e+01 -9.895287958115185134e+00 5.975899999999999962e-02
-7.375000000000000000e+01 -8.952879581151833577e+00 1.204179999999999973e-01
-7.375000000000000000e+01 -8.010471204188482020e+00 2.550419999999999909e-01
-7.375000000000000000e+01 -7.068062827225130462e+00 1.730740000000000056e-01
-7.375000000000000000e+01 -6.125654450261779793e+00 2.464699999999999877e-02
-7.375000000000000000e+01 -5.183246073298429124e+00 7.177999999999999658e-02
-7.375000000000000000e+01 -4.240837696335078455e+00 2.272499999999999867e-02
-7.375000000000000000e+01 -3.298429319371727786e+00 7.262000000000000226e-03
-7.375000000000000000e+01 -2.356020942408377117e+00 5.409999999999999878e-03
-7.375000000000000000e+01 -1.413612565445026226e+00 1.327389999999999959e-01
-7.375000000000000000e+01 -4.712041884816753901e-01 2.467000000000000009e-03
-7.375000000000000000e+01 4.712041884816753901e-01 2.467000000000000009e-03
-7.375000000000000000e+01 1.413612565445026226e+00 7.589200000000000113e-02
-7.250000000000000000e+01 -1.460732984293194114e+01 5.432000000000000196e-03
-7.250000000000000000e+01 -1.366492146596859136e+01 1.374849999999999961e-01
-7.250000000000000000e+01 -1.272251308900523981e+01 1.874220000000000053e-01
-7.250000000000000000e+01 -1.178010471204188825e+01 4.293199999999999794e-02
-7.250000000000000000e+01 -1.083769633507853669e+01 6.879999999999999831e-03
-7.250000000000000000e+01 -9.895287958115185134e+00 0.000000000000000000e+00
-7.250000000000000000e+01 -8.952879581151833577e+00 7.584299999999999375e-02
-7.250000000000000000e+01 -8.010471204188482020e+00 6.427410000000000068e-01
-7.250000000000000000e+01 -7.068062827225130462e+00 4.496560000000000001e-01
-7.250000000000000000e+01 -6.125654450261779793e+00 9.730000000000000151e-04
-7.250000000000000000e+01 -5.183246073298429124e+00 9.737000000000000863e-03
-7.250000000000000000e+01 -4.240837696335078455e+00 1.123389999999999944e-01
-7.250000000000000000e+01 -3.298429319371727786e+00 2.123999999999999846e-02
-7.250000000000000000e+01 -2.356020942408377117e+00 6.351300000000000001e-02
-7.250000000000000000e+01 -1.413612565445026226e+00 1.693899999999999920e-02
-7.250000000000000000e+01 -4.712041884816753901e-01 6.908000000000000078e-03
-7.250000000000000000e+01 4.712041884816753901e-01 6.908000000000000078e-03
-7.250000000000000000e+01 1.413612565445026226e+00 1.928300000000000153e-02
-7.125000000000000000e+01 -1.460732984293194114e+01 9.079900000000000471e-02
-7.125000000000000000e+01 -1.366492146596859136e+01 2.551600000000000049e-02
-7.125000000000000000e+01 -1.272251308900523981e+01 3.172849999999999837e-01
-7.125000000000000000e+01 -1.178010471204188825e+01 2.075799999999999867e-02
-7.125000000000000000e+01 -1.083769633507853669e+01 9.183999999999999456e-03
-7.125000000000000000e+01 -9.895287958115185134e+00 1.112699999999999974e-02
-7.125000000000000000e+01 -8.952879581151833577e+00 2.404699999999999893e-01
-7.125000000000000000e+01 -8.010471204188482020e+00 8.069199999999999706e-01
-7.125000000000000000e+01 -7.068062827225130462e+00 2.841650000000000009e-01
-7.125000000000000000e+01 -6.125654450261779793e+00 2.560000000000000123e-02
-7.125000000000000000e+01 -5.183246073298429124e+00 2.429999999999999977e-04
-7.125000000000000000e+01 -4.240837696335078455e+00 3.856899999999999912e-02
-7.125000000000000000e+01 -3.298429319371727786e+00 1.589999999999999888e-04
-7.125000000000000000e+01 -2.356020942408377117e+00 5.423499999999999849e-02
-7.125000000000000000e+01 -1.413612565445026226e+00 3.592000000000000141e-03
-7.125000000000000000e+01 -4.712041884816753901e-01 0.000000000000000000e+00
-7.125000000000000000e+01 4.712041884816753901e-01 0.000000000000000000e+00
-7.125000000000000000e+01 1.413612565445026226e+00 1.149010000000000031e-01
-7.000000000000000000e+01 -1.366492146596859136e+01 1.230999999999999976e-02
-7.000000000000000000e+01 -1.272251308900523981e+01 4.444910000000000250e-01
-7.000000000000000000e+01 -1.178010471204188825e+01 2.459079999999999877e-01
-7.000000000000000000e+01 -1.083769633507853669e+01 4.988159999999999816e-01
-7.000000000000000000e+01 -9.895287958115185134e+00 1.467009999999999981e-01
-7.000000000000000000e+01 -8.952879581151833577e+00 5.071139999999999537e-01
-7.000000000000000000e+01 -8.010471204188482020e+00 6.306260000000000199e-01
-7.000000000000000000e+01 -7.068062827225130462e+00 2.531939999999999746e-01
-7.000000000000000000e+01 -6.125654450261779793e+00 1.941999999999999933e-03
-7.000000000000000000e+01 -5.183246073298429124e+00 1.366999999999999943e-03
-7.000000000000000000e+01 -4.240837696335078455e+00 1.623479999999999923e-01
-7.000000000000000000e+01 -3.298429319371727786e+00 5.843899999999999789e-02
-7.000000000000000000e+01 -2.356020942408377117e+00 2.584799999999999945e-02
-7.000000000000000000e+01 -1.413612565445026226e+00 3.628699999999999981e-02
-7.000000000000000000e+01 -4.712041884816753901e-01 1.220300000000000031e-02
-7.000000000000000000e+01 4.712041884816753901e-01 1.220300000000000031e-02
-7.000000000000000000e+01 1.413612565445026226e+00 8.201999999999999222e-03
-6.875000000000000000e+01 -1.554973821989529448e+01 1.353999999999999952e-03
-6.875000000000000000e+01 -1.460732984293194114e+01 4.818399999999999767e-02
-6.875000000000000000e+01 -1.366492146596859136e+01 2.499600000000000086e-02
-6.875000000000000000e+01 -1.272251308900523981e+01 1.999180000000000124e-01
-6.875000000000000000e+01 -1.178010471204188825e+01 5.774200000000000443e-01
-6.875000000000000000e+01 -1.083769633507853669e+01 8.025090000000000279e-01
-6.875000000000000000e+01 -9.895287958115185134e+00 4.237210000000000143e-01
-6.875000000000000000e+01 -8.952879581151833577e+00 9.000329999999999719e-01
-6.875000000000000000e+01 -8.010471204188482020e+00 1.732200000000000129e-01
-6.875000000000000000e+01 -7.068062827225130462e+00 2.047999999999999907e-03
-6.875000000000000000e+01 -6.125654450261779793e+00 1.291000000000000047e-03
-6.875000000000000000e+01 -5.183246073298429124e+00 4.840000000000000010e-04
-6.875000000000000000e+01 -4.240837696335078455e+00 4.423999999999999981e-03
-6.875000000000000000e+01 -3.298429319371727786e+00 7.803000000000000040e-03
-6.875000000000000000e+01 -2.356020942408377117e+00 5.080000000000000314e-03
-6.875000000000000000e+01 -1.413612565445026226e+00 1.225200000000000074e-02
-6.875000000000000000e+01 -4.712041884816753901e-01 1.129100000000000069e-02
-6.875000000000000000e+01 4.712041884816753901e-01 1.129100000000000069e-02
-6.875000000000000000e+01 1.413612565445026226e+00 1.526199999999999952e-02
-6.875000000000000000e+01 2.356020942408377117e+00 3.335500000000000270e-02
-6.750000000000000000e+01 -1.649214659685864603e+01 4.686699999999999755e-01
-6.750000000000000000e+01 -1.554973821989529448e+01 4.686699999999999755e-01
-6.750000000000000000e+01 -1.460732984293194114e+01 2.291189999999999893e-01
-6.750000000000000000e+01 -1.366492146596859136e+01 1.840970000000000106e-01
-6.750000000000000000e+01 -1.272251308900523981e+01 4.009100000000000164e-02
-6.750000000000000000e+01 -1.178010471204188825e+01 8.540599999999999581e-02
-6.750000000000000000e+01 -1.083769633507853669e+01 5.557860000000000023e-01
-6.750000000000000000e+01 -9.895287958115185134e+00 9.478520000000000278e-01
-6.750000000000000000e+01 -8.952879581151833577e+00 5.887470000000000203e-01
-6.750000000000000000e+01 -8.010471204188482020e+00 2.405099999999999946e-02
-6.750000000000000000e+01 -7.068062827225130462e+00 1.127869999999999984e-01
-6.750000000000000000e+01 -6.125654450261779793e+00 1.165500000000000043e-02
-6.750000000000000000e+01 -5.183246073298429124e+00 1.128000000000000096e-03
-6.750000000000000000e+01 -4.240837696335078455e+00 8.059999999999999673e-04
-6.750000000000000000e+01 -3.298429319371727786e+00 2.847699999999999884e-02
-6.750000000000000000e+01 -2.356020942408377117e+00 3.310000000000000225e-04
-6.750000000000000000e+01 -1.413612565445026226e+00 8.000000000000000654e-05
-6.750000000000000000e+01 -4.712041884816753901e-01 8.989999999999999511e-04
-6.750000000000000000e+01 4.712041884816753901e-01 8.989999999999999511e-04
-6.750000000000000000e+01 1.413612565445026226e+00 3.762599999999999972e-02
-6.750000000000000000e+01 2.356020942408377117e+00 1.753290000000000126e-01
-6.625000000000000000e+01 -1.837696335078534560e+01 8.390400000000000635e-02
-6.625000000000000000e+01 -1.743455497382199582e+01 3.954829999999999735e-01
-6.625000000000000000e+01 -1.649214659685864603e+01 4.801400000000000112e-02
-6.625000000000000000e+01 -1.554973821989529448e+01 4.801400000000000112e-02
-6.625000000000000000e+01 -1.460732984293194114e+01 2.944799999999999848e-02
-6.625000000000000000e+01 -1.366492146596859136e+01 1.134000000000000025e-03
-6.625000000000000000e+01 -1.272251308900523981e+01 0.000000000000000000e+00
-6.625000000000000000e+01 -1.178010471204188825e+01 1.705299999999999871e-02
-6.625000000000000000e+01 -1.083769633507853669e+01 2.028260000000000063e-01
-6.625000000000000000e+01 -9.895287958115185134e+00 3.625380000000000269e-01
-6.625000000000000000e+01 -8.952879581151833577e+00 4.482809999999999850e-01
-6.625000000000000000e+01 -8.010471204188482020e+00 1.132599999999999996e-01
-6.625000000000000000e+01 -7.068062827225130462e+00 5.404500000000000276e-02
-6.625000000000000000e+01 -6.125654450261779793e+00 1.610000000000000103e-04
-6.625000000000000000e+01 -5.183246073298429124e+00 3.260000000000000094e-04
-6.625000000000000000e+01 -4.240837696335078455e+00 4.017999999999999870e-03
-6.625000000000000000e+01 -3.298429319371727786e+00 2.558300000000000157e-02
-6.625000000000000000e+01 -2.356020942408377117e+00 7.059000000000000170e-03
-6.625000000000000000e+01 -1.413612565445026226e+00 0.000000000000000000e+00
-6.625000000000000000e+01 -4.712041884816753901e-01 4.064199999999999757e-02
-6.625000000000000000e+01 4.712041884816753901e-01 4.064199999999999757e-02
-6.625000000000000000e+01 1.413612565445026226e+00 8.749099999999999933e-02
-6.625000000000000000e+01 2.356020942408377117e+00 9.020599999999999452e-02
-6.500000000000000000e+01 -1.837696335078534560e+01 3.463200000000000306e-02
-6.500000000000000000e+01 -1.743455497382199582e+01 6.198120000000000296e-01
-6.500000000000000000e+01 -1.649214659685864603e+01 9.112699999999999967e-02
-6.500000000000000000e+01 -1.554973821989529448e+01 9.112699999999999967e-02
-6.500000000000000000e+01 -1.460732984293194114e+01 1.623799999999999896e-02
-6.500000000000000000e+01 -1.366492146596859136e+01 7.467999999999999812e-03
-6.500000000000000000e+01 -1.272251308900523981e+01 2.242000000000000069e-03
-6.500000000000000000e+01 -1.178010471204188825e+01 1.347639999999999949e-01
-6.500000000000000000e+01 -1.083769633507853669e+01 4.614809999999999746e-01
-6.500000000000000000e+01 -9.895287958115185134e+00 8.304759999999999920e-01
-6.500000000000000000e+01 -8.952879581151833577e+00 6.102959999999999496e-01
-6.500000000000000000e+01 -8.010471204188482020e+00 2.690560000000000174e-01
-6.500000000000000000e+01 -7.068062827225130462e+00 3.063250000000000139e-01
-6.500000000000000000e+01 -6.125654450261779793e+00 1.254300000000000033e-02
-6.500000000000000000e+01 -5.183246073298429124e+00 2.827029999999999821e-01
-6.500000000000000000e+01 -4.240837696335078455e+00 2.851609999999999978e-01
-6.500000000000000000e+01 -3.298429319371727786e+00 1.931940000000000046e-01
-6.500000000000000000e+01 -2.356020942408377117e+00 4.499999999999999660e-03
-6.500000000000000000e+01 -1.413612565445026226e+00 1.791999999999999973e-03
-6.500000000000000000e+01 -4.712041884816753901e-01 1.335800000000000008e-02
-6.500000000000000000e+01 4.712041884816753901e-01 1.335800000000000008e-02
-6.500000000000000000e+01 1.413612565445026226e+00 2.658999999999999905e-03
-6.375000000000000000e+01 -2.026178010471204516e+01 8.333329999999999904e-01
-6.375000000000000000e+01 -1.931937172774869538e+01 4.013079999999999981e-01
-6.375000000000000000e+01 -1.837696335078534560e+01 2.671729999999999938e-01
-6.375000000000000000e+01 -1.743455497382199582e+01 7.578859999999999486e-01
-6.375000000000000000e+01 -1.649214659685864603e+01 9.147399999999999975e-02
-6.375000000000000000e+01 -1.554973821989529448e+01 9.147399999999999975e-02
-6.375000000000000000e+01 -1.460732984293194114e+01 6.482699999999999574e-02
-6.375000000000000000e+01 -1.366492146596859136e+01 3.468999999999999861e-03
-6.375000000000000000e+01 -1.272251308900523981e+01 8.109999999999999154e-03
-6.375000000000000000e+01 -1.178010471204188825e+01 6.725659999999999972e-01
-6.375000000000000000e+01 -1.083769633507853669e+01 2.278910000000000102e-01
-6.375000000000000000e+01 -9.895287958115185134e+00 8.227919999999999678e-01
-6.375000000000000000e+01 -8.952879581151833577e+00 9.469140000000000335e-01
-6.375000000000000000e+01 -8.010471204188482020e+00 7.481069999999999665e-01
-6.375000000000000000e+01 -7.068062827225130462e+00 5.310000000000000275e-01
-6.375000000000000000e+01 -6.125654450261779793e+00 3.214299999999999796e-02
-6.375000000000000000e+01 -5.183246073298429124e+00 6.279099999999999959e-02
-6.375000000000000000e+01 -4.240837696335078455e+00 4.464739999999999820e-01
-6.375000000000000000e+01 -3.298429319371727786e+00 4.433999999999999574e-03
-6.375000000000000000e+01 -2.356020942408377117e+00 3.249999999999999851e-04
-6.375000000000000000e+01 -1.413612565445026226e+00 3.240000000000000150e-04
-6.375000000000000000e+01 -4.712041884816753901e-01 3.831999999999999903e-03
-6.375000000000000000e+01 4.712041884816753901e-01 3.831999999999999903e-03
-6.375000000000000000e+01 1.413612565445026226e+00 1.154779999999999973e-01
-6.375000000000000000e+01 3.298429319371727786e+00 4.211499999999999966e-02
-6.250000000000000000e+01 -1.931937172774869538e+01 4.093160000000000132e-01
-6.250000000000000000e+01 -1.837696335078534560e+01 7.271689999999999543e-01
-6.250000000000000000e+01 -1.743455497382199582e+01 8.591239999999999988e-01
-6.250000000000000000e+01 -1.649214659685864603e+01 2.765710000000000113e-01
-6.250000000000000000e+01 -1.554973821989529448e+01 2.765710000000000113e-01
-6.250000000000000000e+01 -1.460732984293194114e+01 2.324800000000000130e-02
-6.250000000000000000e+01 -1.366492146596859136e+01 1.027100000000000062e-02
-6.250000000000000000e+01 -1.272251308900523981e+01 2.763799999999999937e-02
-6.250000000000000000e+01 -1.178010471204188825e+01 6.020609999999999573e-01
-6.250000000000000000e+01 -1.083769633507853669e+01 4.749539999999999873e-01
-6.250000000000000000e+01 -9.895287958115185134e+00 9.874849999999999461e-01
-6.250000000000000000e+01 -8.952879581151833577e+00 7.931899999999999507e-01
-6.250000000000000000e+01 -8.010471204188482020e+00 7.078309999999999880e-01
-6.250000000000000000e+01 -7.068062827225130462e+00 8.847359999999999669e-01
-6.250000000000000000e+01 -6.125654450261779793e+00 5.250240000000000462e-01
-6.250000000000000000e+01 -5.183246073298429124e+00 1.520299999999999950e-02
-6.250000000000000000e+01 -4.240837696335078455e+00 4.916599999999999859e-01
-6.250000000000000000e+01 -3.298429319371727786e+00 4.183100000000000013e-02
-6.250000000000000000e+01 -2.356020942408377117e+00 5.812500000000000305e-02
-6.250000000000000000e+01 -1.413612565445026226e+00 3.065890000000000004e-01
-6.250000000000000000e+01 -4.712041884816753901e-01 2.002400000000000013e-02
-6.250000000000000000e+01 4.712041884816753901e-01 2.002400000000000013e-02
-6.250000000000000000e+01 1.413612565445026226e+00 1.644210000000000116e-01
-6.250000000000000000e+01 2.356020942408377117e+00 6.899600000000000177e-02
-6.250000000000000000e+01 3.298429319371727786e+00 6.114999999999999776e-03
-6.125000000000000000e+01 -1.837696335078534560e+01 2.221930000000000016e-01
-6.125000000000000000e+01 -1.743455497382199582e+01 5.090649999999999897e-01
-6.125000000000000000e+01 -1.649214659685864603e+01 4.746409999999999796e-01
-6.125000000000000000e+01 -1.554973821989529448e+01 4.746409999999999796e-01
-6.125000000000000000e+01 -1.460732984293194114e+01 1.277339999999999864e-01
-6.125000000000000000e+01 -1.366492146596859136e+01 8.475299999999999501e-02
-6.125000000000000000e+01 -1.272251308900523981e+01 7.669280000000000541e-01
-6.125000000000000000e+01 -1.178010471204188825e+01 8.205050000000000399e-01
-6.125000000000000000e+01 -1.083769633507853669e+01 5.438429999999999653e-01
-6.125000000000000000e+01 -9.895287958115185134e+00 7.220769999999999689e-01
-6.125000000000000000e+01 -8.952879581151833577e+00 6.606180000000000385e-01
-6.125000000000000000e+01 -8.010471204188482020e+00 6.977579999999999893e-01
-6.125000000000000000e+01 -7.068062827225130462e+00 2.714679999999999871e-01
-6.125000000000000000e+01 -6.125654450261779793e+00 3.898860000000000103e-01
-6.125000000000000000e+01 -5.183246073298429124e+00 4.156699999999999839e-01
-6.125000000000000000e+01 -4.240837696335078455e+00 7.845490000000000519e-01
-6.125000000000000000e+01 -3.298429319371727786e+00 6.298909999999999787e-01
-6.125000000000000000e+01 -2.356020942408377117e+00 4.672599999999999670e-02
-6.125000000000000000e+01 -1.413612565445026226e+00 2.305560000000000109e-01
-6.125000000000000000e+01 -4.712041884816753901e-01 3.464820000000000122e-01
-6.125000000000000000e+01 4.712041884816753901e-01 3.464820000000000122e-01
-6.125000000000000000e+01 1.413612565445026226e+00 5.372090000000000476e-01
-6.125000000000000000e+01 2.356020942408377117e+00 9.073630000000000306e-01
-6.125000000000000000e+01 3.298429319371727786e+00 3.039870000000000072e-01
-6.125000000000000000e+01 4.240837696335078455e+00 1.661239999999999939e-01
-6.000000000000000000e+01 -1.554973821989529448e+01 1.934490000000000098e-01
-6.000000000000000000e+01 -1.460732984293194114e+01 4.933890000000000220e-01
-6.000000000000000000e+01 -1.366492146596859136e+01 6.770110000000000294e-01
-6.000000000000000000e+01 -1.272251308900523981e+01 5.652939999999999632e-01
-6.000000000000000000e+01 -1.178010471204188825e+01 2.108150000000000024e-01
-6.000000000000000000e+01 -1.083769633507853669e+01 6.091200000000000087e-02
-6.000000000000000000e+01 -9.895287958115185134e+00 5.783169999999999700e-01
-6.000000000000000000e+01 -8.952879581151833577e+00 6.419340000000000046e-01
-6.000000000000000000e+01 -8.010471204188482020e+00 3.734299999999999842e-01
-6.000000000000000000e+01 -7.068062827225130462e+00 8.686300000000000132e-01
-6.000000000000000000e+01 -6.125654450261779793e+00 5.446020000000000305e-01
-6.000000000000000000e+01 -5.183246073298429124e+00 4.659670000000000201e-01
-6.000000000000000000e+01 -4.240837696335078455e+00 8.638940000000000508e-01
-6.000000000000000000e+01 -3.298429319371727786e+00 8.998340000000000227e-01
-6.000000000000000000e+01 -2.356020942408377117e+00 9.661159999999999748e-01
-6.000000000000000000e+01 -1.413612565445026226e+00 6.026430000000000398e-01
-6.000000000000000000e+01 -4.712041884816753901e-01 1.432370000000000032e-01
-6.000000000000000000e+01 4.712041884816753901e-01 1.432370000000000032e-01
-6.000000000000000000e+01 1.413612565445026226e+00 8.638860000000000428e-01
-6.000000000000000000e+01 2.356020942408377117e+00 5.234429999999999916e-01
-6.000000000000000000e+01 3.298429319371727786e+00 1.464060000000000084e-01
-6.000000000000000000e+01 4.240837696335078455e+00 3.208699999999999747e-02
-6.000000000000000000e+01 5.183246073298429124e+00 4.030600000000000155e-02
-5.875000000000000000e+01 -1.366492146596859136e+01 7.124199999999999977e-02
-5.875000000000000000e+01 -1.272251308900523981e+01 2.314499999999999891e-02
-5.875000000000000000e+01 -1.178010471204188825e+01 3.429519999999999791e-01
-5.875000000000000000e+01 -1.083769633507853669e+01 8.313239999999999519e-01
-5.875000000000000000e+01 -9.895287958115185134e+00 9.167750000000000066e-01
-5.875000000000000000e+01 -8.952879581151833577e+00 6.937870000000000426e-01
-5.875000000000000000e+01 -8.010471204188482020e+00 1.394120000000000081e-01
-5.875000000000000000e+01 -7.068062827225130462e+00 8.135459999999999914e-01
-5.875000000000000000e+01 -6.125654450261779793e+00 1.938819999999999988e-01
-5.875000000000000000e+01 -5.183246073298429124e+00 8.359999999999999376e-03
-5.875000000000000000e+01 -4.240837696335078455e+00 5.128620000000000401e-01
-5.875000000000000000e+01 -3.298429319371727786e+00 8.912949999999999484e-01
-5.875000000000000000e+01 -2.356020942408377117e+00 5.442599999999999660e-01
-5.875000000000000000e+01 -1.413612565445026226e+00 8.430500000000000493e-02
-5.875000000000000000e+01 -4.712041884816753901e-01 2.217399999999999927e-02
-5.875000000000000000e+01 4.712041884816753901e-01 2.217399999999999927e-02
-5.750000000000000000e+01 -1.366492146596859136e+01 6.826100000000000223e-02
-5.750000000000000000e+01 -1.272251308900523981e+01 1.275409999999999877e-01
-5.750000000000000000e+01 -1.178010471204188825e+01 7.411429999999999962e-01
-5.750000000000000000e+01 -1.083769633507853669e+01 7.269910000000000538e-01
-5.750000000000000000e+01 -9.895287958115185134e+00 9.643620000000000525e-01
-5.750000000000000000e+01 -8.952879581151833577e+00 5.898630000000000262e-01
-5.750000000000000000e+01 -8.010471204188482020e+00 4.919140000000000179e-01
-5.750000000000000000e+01 -7.068062827225130462e+00 1.364350000000000007e-01
-5.750000000000000000e+01 -6.125654450261779793e+00 7.203889999999999461e-01
-5.750000000000000000e+01 -5.183246073298429124e+00 2.464500000000000024e-01
-5.750000000000000000e+01 -4.240837696335078455e+00 4.299609999999999821e-01
-5.750000000000000000e+01 -3.298429319371727786e+00 5.486839999999999495e-01
-5.750000000000000000e+01 -2.356020942408377117e+00 3.341089999999999893e-01
-5.750000000000000000e+01 -1.413612565445026226e+00 5.030099999999999849e-02
-5.750000000000000000e+01 -4.712041884816753901e-01 3.209110000000000018e-01
-5.750000000000000000e+01 4.712041884816753901e-01 3.209110000000000018e-01
-5.750000000000000000e+01 1.413612565445026226e+00 4.126509999999999900e-01
-5.625000000000000000e+01 -1.366492146596859136e+01 4.669929999999999914e-01
-5.625000000000000000e+01 -1.272251308900523981e+01 4.078289999999999971e-01
-5.625000000000000000e+01 -1.178010471204188825e+01 8.817570000000000130e-01
-5.625000000000000000e+01 -1.083769633507853669e+01 6.986419999999999852e-01
-5.625000000000000000e+01 -9.895287958115185134e+00 9.934330000000000105e-01
-5.625000000000000000e+01 -8.952879581151833577e+00 2.596499999999999919e-01
-5.625000000000000000e+01 -8.010471204188482020e+00 3.428729999999999833e-01
-5.625000000000000000e+01 -7.068062827225130462e+00 6.188080000000000247e-01
-5.625000000000000000e+01 -6.125654450261779793e+00 6.969699999999999784e-01
-5.625000000000000000e+01 -5.183246073298429124e+00 7.497329999999999828e-01
-5.625000000000000000e+01 -4.240837696335078455e+00 6.358540000000000303e-01
-5.625000000000000000e+01 -3.298429319371727786e+00 6.070729999999999738e-01
-5.625000000000000000e+01 -2.356020942408377117e+00 5.444529999999999648e-01
-5.625000000000000000e+01 -1.413612565445026226e+00 3.151570000000000205e-01
-5.625000000000000000e+01 -4.712041884816753901e-01 1.612570000000000114e-01
-5.625000000000000000e+01 4.712041884816753901e-01 1.612570000000000114e-01
-5.625000000000000000e+01 1.413612565445026226e+00 4.767199999999999910e-02
-5.500000000000000000e+01 -1.460732984293194114e+01 1.922020000000000117e-01
-5.500000000000000000e+01 -1.366492146596859136e+01 7.637099999999999445e-02
-5.500000000000000000e+01 -1.272251308900523981e+01 7.065010000000000456e-01
-5.500000000000000000e+01 -1.178010471204188825e+01 9.724169999999999758e-01
-5.500000000000000000e+01 -1.083769633507853669e+01 9.660349999999999770e-01
-5.500000000000000000e+01 -9.895287958115185134e+00 9.317060000000000342e-01
-5.500000000000000000e+01 -8.952879581151833577e+00 3.792599999999999860e-01
-5.500000000000000000e+01 -8.010471204188482020e+00 8.547369999999999690e-01
-5.500000000000000000e+01 -7.068062827225130462e+00 7.688859999999999584e-01
-5.500000000000000000e+01 -6.125654450261779793e+00 6.189369999999999594e-01
-5.500000000000000000e+01 -5.183246073298429124e+00 5.747240000000000126e-01
-5.500000000000000000e+01 -4.240837696335078455e+00 8.755720000000000169e-01
-5.500000000000000000e+01 -3.298429319371727786e+00 8.653680000000000261e-01
-5.500000000000000000e+01 -2.356020942408377117e+00 7.498289999999999678e-01
-5.500000000000000000e+01 -1.413612565445026226e+00 5.601479999999999793e-01
-5.500000000000000000e+01 -4.712041884816753901e-01 6.103599999999999998e-02
-5.500000000000000000e+01 4.712041884816753901e-01 6.103599999999999998e-02
-5.500000000000000000e+01 1.413612565445026226e+00 3.225000000000000002e-03
-5.500000000000000000e+01 2.356020942408377117e+00 7.493600000000000261e-02
-5.375000000000000000e+01 -1.460732984293194114e+01 6.690999999999999899e-03
-5.375000000000000000e+01 -1.366492146596859136e+01 7.433800000000000130e-02
-5.375000000000000000e+01 -1.272251308900523981e+01 5.998229999999999951e-01
-5.375000000000000000e+01 -1.178010471204188825e+01 4.246360000000000134e-01
-5.375000000000000000e+01 -1.083769633507853669e+01 7.365270000000000428e-01
-5.375000000000000000e+01 -9.895287958115185134e+00 7.476289999999999880e-01
-5.375000000000000000e+01 -8.952879581151833577e+00 2.164030000000000120e-01
-5.375000000000000000e+01 -8.010471204188482020e+00 5.268599999999999672e-02
-5.375000000000000000e+01 -7.068062827225130462e+00 5.556269999999999820e-01
-5.375000000000000000e+01 -6.125654450261779793e+00 7.735370000000000301e-01
-5.375000000000000000e+01 -5.183246073298429124e+00 8.763699999999999823e-01
-5.375000000000000000e+01 -4.240837696335078455e+00 7.921550000000000535e-01
-5.375000000000000000e+01 -3.298429319371727786e+00 9.752370000000000205e-01
-5.375000000000000000e+01 -2.356020942408377117e+00 6.417469999999999564e-01
-5.375000000000000000e+01 -1.413612565445026226e+00 7.296550000000000535e-01
-5.375000000000000000e+01 -4.712041884816753901e-01 3.195950000000000180e-01
-5.375000000000000000e+01 4.712041884816753901e-01 3.195950000000000180e-01
-5.375000000000000000e+01 1.413612565445026226e+00 5.324729999999999741e-01
-5.375000000000000000e+01 2.356020942408377117e+00 3.866729999999999889e-01
-5.250000000000000000e+01 -1.366492146596859136e+01 1.586800000000000016e-02
-5.250000000000000000e+01 -1.272251308900523981e+01 4.336280000000000134e-01
-5.250000000000000000e+01 -1.178010471204188825e+01 2.707789999999999919e-01
-5.250000000000000000e+01 -1.083769633507853669e+01 4.262460000000000138e-01
-5.250000000000000000e+01 -9.895287958115185134e+00 3.244369999999999754e-01
-5.250000000000000000e+01 -8.952879581151833577e+00 1.021989999999999982e-01
-5.250000000000000000e+01 -8.010471204188482020e+00 2.446709999999999996e-01
-5.250000000000000000e+01 -7.068062827225130462e+00 7.751090000000000479e-01
-5.250000000000000000e+01 -6.125654450261779793e+00 8.846150000000000402e-01
-5.250000000000000000e+01 -5.183246073298429124e+00 4.540060000000000207e-01
-5.250000000000000000e+01 -4.240837696335078455e+00 5.956719999999999793e-01
-5.250000000000000000e+01 -3.298429319371727786e+00 9.178089999999999860e-01
-5.250000000000000000e+01 -2.356020942408377117e+00 3.938490000000000046e-01
-5.250000000000000000e+01 -1.413612565445026226e+00 8.706380000000000230e-01
-5.250000000000000000e+01 -4.712041884816753901e-01 5.244680000000000453e-01
-5.250000000000000000e+01 4.712041884816753901e-01 5.244680000000000453e-01
-5.125000000000000000e+01 -8.952879581151833577e+00 8.768730000000000135e-01
-5.125000000000000000e+01 -8.010471204188482020e+00 5.766839999999999744e-01
-5.125000000000000000e+01 -7.068062827225130462e+00 7.076639999999999597e-01
-5.125000000000000000e+01 -5.183246073298429124e+00 5.236769999999999481e-01
-5.125000000000000000e+01 -4.240837696335078455e+00 7.702299999999999702e-01
-5.125000000000000000e+01 -3.298429319371727786e+00 9.860889999999999933e-01
-5.125000000000000000e+01 -2.356020942408377117e+00 8.297379999999999756e-01
-5.000000000000000000e+01 -3.298429319371727786e+00 9.461310000000000553e-01
