-7.875000000000000000e+01 -6.125654450261779793e+00 5.204339999999999522e-01
-7.875000000000000000e+01 -5.183246073298429124e+00 2.712419999999999831e-01
-7.875000000000000000e+01 -4.240837696335078455e+00 4.270880000000000232e-01
-7.875000000000000000e+01 -3.298429319371727786e+00 5.215990000000000348e-01
-7.875000000000000000e+01 -2.356020942408377117e+00 0.000000000000000000e+00
-7.875000000000000000e+01 -1.413612565445026226e+00 0.000000000000000000e+00
-7.750000000000000000e+01 -8.952879581151833577e+00 1.897490000000000010e-01
-7.750000000000000000e+01 -8.010471204188482020e+00 1.435049999999999937e-01
-7.750000000000000000e+01 -7.068062827225130462e+00 3.006929999999999881e-01
-7.750000000000000000e+01 -6.125654450261779793e+00 5.991509999999999891e-01
-7.750000000000000000e+01 -5.183246073298429124e+00 2.083329999999999904e-01
-7.750000000000000000e+01 -4.240837696335078455e+00 6.998799999999999466e-02
-7.750000000000000000e+01 -3.298429319371727786e+00 4.358719999999999817e-01
-7.750000000000000000e+01 -2.356020942408377117e+00 3.172409999999999952e-01
-7.750000000000000000e+01 -1.413612565445026226e+00 3.960440000000000071e-01
-7.750000000000000000e+01 -4.712041884816753901e-01 2.239389999999999992e-01
-7.750000000000000000e+01 4.712041884816753901e-01 2.239389999999999992e-01
-7.625000000000000000e+01 -1.083769633507853669e+01 7.045300000000000173e-02
-7.625000000000000000e+01 -9.895287958115185134e+00 1.397329999999999961e-01
-7.625000000000000000e+01 -8.952879581151833577e+00 4.936960000000000237e-01
-7.625000000000000000e+01 -8.010471204188482020e+00 2.096330000000000138e-01
-7.625000000000000000e+01 -7.068062827225130462e+00 3.450659999999999838e-01
-7.625000000000000000e+01 -6.125654450261779793e+00 5.013680000000000359e-01
-7.625000000000000000e+01 -5.183246073298429124e+00 6.628900000000000070e-02
-7.625000000000000000e+01 -4.240837696335078455e+00 1.472000000000000001e-03
-7.625000000000000000e+01 -3.298429319371727786e+00 3.983000000000000429e-03
-7.625000000000000000e+01 -2.356020942408377117e+00 2.553000000000000148e-03
-7.625000000000000000e+01 -1.413612565445026226e+00 2.611000000000000040e-03
-7.625000000000000000e+01 -4.712041884816753901e-01 1.188310000000000061e-01
-7.625000000000000000e+01 4.712041884816753901e-01 1.188310000000000061e-01
-7.625000000000000000e+01 1.413612565445026226e+00 9.094719999999999471e-01
-7.500000000000000000e+01 -1.366492146596859136e+01 7.814200000000000312e-02
-7.500000000000000000e+01 -1.272251308900523981e+01 1.417779999999999874e-01
-7.500000000000000000e+01 -1.178010471204188825e+01 1.246529999999999999e-01
-7.500000000000000000e+01 -1.083769633507853669e+01 4.072009999999999796e-01
-7.500000000000000000e+01 -9.895287958115185134e+00 2.175850000000000006e-01
-7.500000000000000000e+01 -8.952879581151833577e+00 5.342789999999999484e-01
-7.500000000000000000e+01 -8.010471204188482020e+00 2.831529999999999880e-01
-7.500000000000000000e+01 -7.068062827225130462e+00 3.560399999999999676e-02
-7.500000000000000000e+01 -6.125654450261779793e+00 6.070300000000000001e-02
-7.500000000000000000e+01 -5.183246073298429124e+00 4.566900000000000126e-02
-7.500000000000000000e+01 -4.240837696335078455e+00 2.003299999999999872e-02
-7.500000000000000000e+01 -3.298429319371727786e+00 2.305999999999999890e-03
-7.500000000000000000e+01 -2.356020942408377117e+00 6.376999999999999856e-03
-7.500000000000000000e+01 -1.413612565445026226e+00 5.597000000000000412e-03
-7.500000000000000000e+01 -4.712041884816753901e-01 3.508300000000000307e-02
-7.500000000000000000e+01 4.712041884816753901e-01 3.508300000000000307e-02
-7.500000000000000000e+01 1.413612565445026226e+00 6.916449999999999543e-01
-7.500000000000000000e+01 2.356020942408377117e+00 9.386349999999999971e-01
-7.375000000000000000e+01 -1.460732984293194114e+01 0.000000000000000000e+00
-7.375000000000000000e+01 -1.366492146596859136e+01 1.302490000000000037e-01
-7.375000000000000000e+01 -1.272251308900523981e+01 9.286500000000000310e-02
-7.375000000000000000e+01 -1.178010471204188825e+01 9.832799999999999874e-02
-7.375000000000000000e+01 -1.083769633507853669e+01 1.151609999999999995e-01
-7.375000000000000000e+01 -9.895287958115185134e+00 5.654499999999999804e-02
-7.375000000000000000e+01 -8.952879581151833577e+00 1.013389999999999985e-01
-7.375000000000000000e+01 -8.010471204188482020e+00 1.860179999999999889e-01
-7.375000000000000000e+01 -7.068062827225130462e+00 9.814299999999999413e-02
-7.375000000000000000e+01 -6.125654450261779793e+00 2.464699999999999877e-02
-7.375000000000000000e+01 -5.183246073298429124e+00 7.177999999999999658e-02
-7.375000000000000000e+01 -4.240837696335078455e+00 2.272499999999999867e-02
-7.375000000000000000e+01 -3.298429319371727786e+00 7.262000000000000226e-03
-7.375000000000000000e+01 -2.356020942408377117e+00 5.409999999999999878e-03
-7.375000000000000000e+01 -1.413612565445026226e+00 1.590739999999999932e-01
-7.375000000000000000e+01 -4.712041884816753901e-01 2.549000000000000050e-03
-7.375000000000000000e+01 4.712041884816753901e-01 2.549000000000000050e-03
-7.375000000000000000e+01 1.413612565445026226e+00 4.599299999999999916e-02
-7.250000000000000000e+01 -1.460732984293194114e+01 5.432000000000000196e-03
-7.250000000000000000e+01 -1.366492146596859136e+01 1.374849999999999961e-01
-7.250000000000000000e+01 -1.272251308900523981e+01 1.821270000000000111e-01
-7.250000000000000000e+01 -1.178010471204188825e+01 4.456399999999999945e-02
-7.250000000000000000e+01 -1.083769633507853669e+01 6.879999999999999831e-03
-7.250000000000000000e+01 -9.895287958115185134e+00 0.000000000000000000e+00
-7.250000000000000000e+01 -8.952879581151833577e+00 1.118500000000000050e-02
-7.250000000000000000e+01 -8.010471204188482020e+00 4.829069999999999752e-01
-7.250000000000000000e+01 -7.068062827225130462e+00 1.820170000000000121e-01
-7.250000000000000000e+01 -6.125654450261779793e+00 9.730000000000000151e-04
-7.250000000000000000e+01 -5.183246073298429124e+00 9.737000000000000863e-03
-7.250000000000000000e+01 -4.240837696335078455e+00 1.123389999999999944e-01
-7.250000000000000000e+01 -3.298429319371727786e+00 2.123999999999999846e-02
-7.250000000000000000e+01 -2.356020942408377117e+00 8.981100000000000194e-02
-7.250000000000000000e+01 -1.413612565445026226e+00 2.828699999999999964e-02
-7.250000000000000000e+01 -4.712041884816753901e-01 6.908000000000000078e-03
-7.250000000000000000e+01 4.712041884816753901e-01 6.908000000000000078e-03
-7.250000000000000000e+01 1.413612565445026226e+00 1.020399999999999953e-02
-7.125000000000000000e+01 -1.460732984293194114e+01 9.079900000000000471e-02
-7.125000000000000000e+01 -1.366492146596859136e+01 2.439500000000000002e-02
-7.125000000000000000e+01 -1.272251308900523981e+01 2.520270000000000010e-01
-7.125000000000000000e+01 -1.178010471204188825e+01 2.460000000000000164e-04
-7.125000000000000000e+01 -1.083769633507853669e+01 0.000000000000000000e+00
-7.125000000000000000e+01 -9.895287958115185134e+00 6.791000000000000161e-03
-7.125000000000000000e+01 -8.952879581151833577e+00 1.171940000000000065e-01
-7.125000000000000000e+01 -8.010471204188482020e+00 6.292250000000000343e-01
-7.125000000000000000e+01 -7.068062827225130462e+00 7.156700000000000561e-02
-7.125000000000000000e+01 -6.125654450261779793e+00 4.655000000000000283e-03
-7.125000000000000000e+01 -5.183246073298429124e+00 2.429999999999999977e-04
-7.125000000000000000e+01 -4.240837696335078455e+00 4.119699999999999751e-02
-7.125000000000000000e+01 -3.298429319371727786e+00 3.190000000000000019e-04
-7.125000000000000000e+01 -2.356020942408377117e+00 5.652200000000000280e-02
-7.125000000000000000e+01 -1.413612565445026226e+00 3.592000000000000141e-03
-7.125000000000000000e+01 -4.712041884816753901e-01 0.000000000000000000e+00
-7.125000000000000000e+01 4.712041884816753901e-01 0.000000000000000000e+00
-7.125000000000000000e+01 1.413612565445026226e+00 1.269790000000000085e-01
-7.000000000000000000e+01 -1.366492146596859136e+01 9.605999999999999955e-03
-7.000000000000000000e+01 -1.272251308900523981e+01 4.330120000000000080e-01
-7.000000000000000000e+01 -1.178010471204188825e+01 9.771199999999999330e-02
-7.000000000000000000e+01 -1.083769633507853669e+01 3.802949999999999942e-01
-7.000000000000000000e+01 -9.895287958115185134e+00 3.939800000000000246e-02
-7.000000000000000000e+01 -8.952879581151833577e+00 3.201069999999999749e-01
-7.000000000000000000e+01 -8.010471204188482020e+00 4.509130000000000082e-01
-7.000000000000000000e+01 -7.068062827225130462e+00 5.942499999999999866e-02
-7.000000000000000000e+01 -6.125654450261779793e+00 1.861000000000000024e-03
-7.000000000000000000e+01 -5.183246073298429124e+00 8.040000000000000271e-04
-7.000000000000000000e+01 -4.240837696335078455e+00 1.526959999999999984e-01
-7.000000000000000000e+01 -3.298429319371727786e+00 9.456499999999999628e-02
-7.000000000000000000e+01 -2.356020942408377117e+00 3.657200000000000034e-02
-7.000000000000000000e+01 -1.413612565445026226e+00 4.766299999999999704e-02
-7.000000000000000000e+01 -4.712041884816753901e-01 1.220300000000000031e-02
-7.000000000000000000e+01 4.712041884816753901e-01 1.220300000000000031e-02
-7.000000000000000000e+01 1.413612565445026226e+00 9.013999999999999443e-03
-6.875000000000000000e+01 -1.554973821989529448e+01 6.769999999999999759e-04
-6.875000000000000000e+01 -1.460732984293194114e+01 4.410499999999999837e-02
-6.875000000000000000e+01 -1.366492146596859136e+01 1.769199999999999939e-02
-6.875000000000000000e+01 -1.272251308900523981e+01 1.365089999999999915e-01
-6.875000000000000000e+01 -1.178010471204188825e+01 4.479549999999999921e-01
-6.875000000000000000e+01 -1.083769633507853669e+01 6.718309999999999560e-01
-6.875000000000000000e+01 -9.895287958115185134e+00 1.496480000000000032e-01
-6.875000000000000000e+01 -8.952879581151833577e+00 5.341129999999999489e-01
-6.875000000000000000e+01 -8.010471204188482020e+00 2.154199999999999865e-02
-6.875000000000000000e+01 -7.068062827225130462e+00 2.047999999999999907e-03
-6.875000000000000000e+01 -6.125654450261779793e+00 1.129999999999999928e-03
-6.875000000000000000e+01 -5.183246073298429124e+00 4.840000000000000010e-04
-6.875000000000000000e+01 -4.240837696335078455e+00 4.423999999999999981e-03
-6.875000000000000000e+01 -3.298429319371727786e+00 7.289000000000000340e-03
-6.875000000000000000e+01 -2.356020942408377117e+00 6.799999999999999621e-03
-6.875000000000000000e+01 -1.413612565445026226e+00 1.370299999999999990e-02
-6.875000000000000000e+01 -4.712041884816753901e-01 1.129100000000000069e-02
-6.875000000000000000e+01 4.712041884816753901e-01 1.129100000000000069e-02
-6.875000000000000000e+01 1.413612565445026226e+00 1.713900000000000146e-02
-6.875000000000000000e+01 2.356020942408377117e+00 6.131000000000000165e-03
-6.750000000000000000e+01 -1.649214659685864603e+01 3.363030000000000186e-01
-6.750000000000000000e+01 -1.554973821989529448e+01 3.363030000000000186e-01
-6.750000000000000000e+01 -1.460732984293194114e+01 1.762130000000000085e-01
-6.750000000000000000e+01 -1.366492146596859136e+01 1.315209999999999990e-01
-6.750000000000000000e+01 -1.272251308900523981e+01 2.643099999999999963e-02
-6.750000000000000000e+01 -1.178010471204188825e+01 2.143300000000000066e-02
-6.750000000000000000e+01 -1.083769633507853669e+01 4.769700000000000051e-01
-6.750000000000000000e+01 -9.895287958115185134e+00 8.391680000000000250e-01
-6.750000000000000000e+01 -8.952879581151833577e+00 2.917310000000000181e-01
-6.750000000000000000e+01 -8.010471204188482020e+00 3.516000000000000028e-03
-6.750000000000000000e+01 -7.068062827225130462e+00 8.919999999999999978e-04
-6.750000000000000000e+01 -6.125654450261779793e+00 8.314000000000000209e-03
-6.750000000000000000e+01 -5.183246073298429124e+00 1.128000000000000096e-03
-6.750000000000000000e+01 -4.240837696335078455e+00 8.059999999999999673e-04
-6.750000000000000000e+01 -3.298429319371727786e+00 1.927399999999999947e-02
-6.750000000000000000e+01 -2.356020942408377117e+00 3.310000000000000225e-04
-6.750000000000000000e+01 -1.413612565445026226e+00 8.000000000000000654e-05
-6.750000000000000000e+01 -4.712041884816753901e-01 8.989999999999999511e-04
-6.750000000000000000e+01 4.712041884816753901e-01 8.989999999999999511e-04
-6.750000000000000000e+01 1.413612565445026226e+00 6.081999999999999733e-03
-6.750000000000000000e+01 2.356020942408377117e+00 2.406000000000000152e-03
-6.625000000000000000e+01 -1.837696335078534560e+01 8.382100000000000661e-02
-6.625000000000000000e+01 -1.743455497382199582e+01 3.000320000000000209e-01
-6.625000000000000000e+01 -1.649214659685864603e+01 4.712000000000000043e-03
-6.625000000000000000e+01 -1.554973821989529448e+01 4.712000000000000043e-03
-6.625000000000000000e+01 -1.460732984293194114e+01 2.441799999999999873e-02
-6.625000000000000000e+01 -1.366492146596859136e+01 1.134000000000000025e-03
-6.625000000000000000e+01 -1.272251308900523981e+01 0.000000000000000000e+00
-6.625000000000000000e+01 -1.178010471204188825e+01 1.519399999999999917e-02
-6.625000000000000000e+01 -1.083769633507853669e+01 2.291259999999999963e-01
-6.625000000000000000e+01 -9.895287958115185134e+00 2.678719999999999990e-01
-6.625000000000000000e+01 -8.952879581151833577e+00 2.139909999999999868e-01
-6.625000000000000000e+01 -8.010471204188482020e+00 2.295000000000000165e-03
-6.625000000000000000e+01 -7.068062827225130462e+00 8.109999999999999805e-04
-6.625000000000000000e+01 -6.125654450261779793e+00 1.610000000000000103e-04
-6.625000000000000000e+01 -5.183246073298429124e+00 3.260000000000000094e-04
-6.625000000000000000e+01 -4.240837696335078455e+00 3.776999999999999975e-03
-6.625000000000000000e+01 -3.298429319371727786e+00 1.984100000000000100e-02
-6.625000000000000000e+01 -2.356020942408377117e+00 6.542000000000000072e-03
-6.625000000000000000e+01 -1.413612565445026226e+00 0.000000000000000000e+00
-6.625000000000000000e+01 -4.712041884816753901e-01 2.425000000000000072e-03
-6.625000000000000000e+01 4.712041884816753901e-01 2.425000000000000072e-03
-6.625000000000000000e+01 1.413612565445026226e+00 9.792199999999999516e-02
-6.625000000000000000e+01 2.356020942408377117e+00 1.550110000000000099e-01
-6.500000000000000000e+01 -1.837696335078534560e+01 2.526099999999999873e-02
-6.500000000000000000e+01 -1.743455497382199582e+01 5.363050000000000317e-01
-6.500000000000000000e+01 -1.649214659685864603e+01 7.847500000000000309e-02
-6.500000000000000000e+01 -1.554973821989529448e+01 7.847500000000000309e-02
-6.500000000000000000e+01 -1.460732984293194114e+01 1.623799999999999896e-02
-6.500000000000000000e+01 -1.366492146596859136e+01 1.111799999999999941e-02
-6.500000000000000000e+01 -1.272251308900523981e+01 2.990000000000000036e-03
-6.500000000000000000e+01 -1.178010471204188825e+01 1.203700000000000082e-02
-6.500000000000000000e+01 -1.083769633507853669e+01 2.186359999999999970e-01
-6.500000000000000000e+01 -9.895287958115185134e+00 7.040170000000000039e-01
-6.500000000000000000e+01 -8.952879581151833577e+00 1.901390000000000025e-01
-6.500000000000000000e+01 -8.010471204188482020e+00 8.838999999999999635e-03
-6.500000000000000000e+01 -7.068062827225130462e+00 6.663900000000000379e-02
-6.500000000000000000e+01 -6.125654450261779793e+00 1.147999999999999932e-03
-6.500000000000000000e+01 -5.183246073298429124e+00 1.992810000000000137e-01
-6.500000000000000000e+01 -4.240837696335078455e+00 4.034900000000000292e-02
-6.500000000000000000e+01 -3.298429319371727786e+00 1.021760000000000029e-01
-6.500000000000000000e+01 -2.356020942408377117e+00 4.329999999999999648e-03
-6.500000000000000000e+01 -1.413612565445026226e+00 1.791999999999999973e-03
-6.500000000000000000e+01 -4.712041884816753901e-01 7.742999999999999883e-03
-6.500000000000000000e+01 4.712041884816753901e-01 7.742999999999999883e-03
-6.500000000000000000e+01 1.413612565445026226e+00 2.658999999999999905e-03
-6.375000000000000000e+01 -2.026178010471204516e+01 1.000000000000000000e+00
-6.375000000000000000e+01 -1.931937172774869538e+01 3.680990000000000095e-01
-6.375000000000000000e+01 -1.837696335078534560e+01 1.594289999999999874e-01
-6.375000000000000000e+01 -1.743455497382199582e+01 6.376549999999999718e-01
-6.375000000000000000e+01 -1.649214659685864603e+01 7.636800000000000532e-02
-6.375000000000000000e+01 -1.554973821989529448e+01 7.636800000000000532e-02
-6.375000000000000000e+01 -1.460732984293194114e+01 5.436599999999999766e-02
-6.375000000000000000e+01 -1.366492146596859136e+01 4.956000000000000336e-03
-6.375000000000000000e+01 -1.272251308900523981e+01 4.682000000000000398e-03
-6.375000000000000000e+01 -1.178010471204188825e+01 2.313179999999999958e-01
-6.375000000000000000e+01 -1.083769633507853669e+01 6.438299999999999579e-02
-6.375000000000000000e+01 -9.895287958115185134e+00 5.566159999999999997e-01
-6.375000000000000000e+01 -8.952879581151833577e+00 8.390800000000000480e-01
-6.375000000000000000e+01 -8.010471204188482020e+00 5.179519999999999680e-01
-6.375000000000000000e+01 -7.068062827225130462e+00 2.323179999999999967e-01
-6.375000000000000000e+01 -6.125654450261779793e+00 8.864000000000000351e-03
-6.375000000000000000e+01 -5.183246073298429124e+00 6.890599999999999503e-02
-6.375000000000000000e+01 -4.240837696335078455e+00 2.394840000000000024e-01
-6.375000000000000000e+01 -3.298429319371727786e+00 7.160500000000000198e-02
-6.375000000000000000e+01 -2.356020942408377117e+00 3.249999999999999851e-04
-6.375000000000000000e+01 -1.413612565445026226e+00 1.885999999999999829e-02
-6.375000000000000000e+01 -4.712041884816753901e-01 5.399299999999999933e-02
-6.375000000000000000e+01 4.712041884816753901e-01 5.399299999999999933e-02
-6.375000000000000000e+01 1.413612565445026226e+00 1.682839999999999892e-01
-6.375000000000000000e+01 3.298429319371727786e+00 2.891399999999999873e-02
-6.250000000000000000e+01 -1.931937172774869538e+01 4.093160000000000132e-01
-6.250000000000000000e+01 -1.837696335078534560e+01 7.291290000000000271e-01
-6.250000000000000000e+01 -1.743455497382199582e+01 8.437729999999999952e-01
-6.250000000000000000e+01 -1.649214659685864603e+01 1.538150000000000073e-01
-6.250000000000000000e+01 -1.554973821989529448e+01 1.538150000000000073e-01
-6.250000000000000000e+01 -1.460732984293194114e+01 7.910999999999999630e-03
-6.250000000000000000e+01 -1.366492146596859136e+01 2.263999999999999953e-03
-6.250000000000000000e+01 -1.272251308900523981e+01 1.737999999999999962e-03
-6.250000000000000000e+01 -1.178010471204188825e+01 3.397209999999999952e-01
-6.250000000000000000e+01 -1.083769633507853669e+01 3.390340000000000020e-01
-6.250000000000000000e+01 -9.895287958115185134e+00 9.790879999999999583e-01
-6.250000000000000000e+01 -8.952879581151833577e+00 4.462479999999999780e-01
-6.250000000000000000e+01 -8.010471204188482020e+00 3.034870000000000068e-01
-6.250000000000000000e+01 -7.068062827225130462e+00 5.698689999999999589e-01
-6.250000000000000000e+01 -6.125654450261779793e+00 2.764099999999999890e-01
-6.250000000000000000e+01 -5.183246073298429124e+00 2.726999999999999823e-03
-6.250000000000000000e+01 -4.240837696335078455e+00 2.464020000000000099e-01
-6.250000000000000000e+01 -3.298429319371727786e+00 2.975900000000000073e-02
-6.250000000000000000e+01 -2.356020942408377117e+00 2.194899999999999976e-02
-6.250000000000000000e+01 -1.413612565445026226e+00 2.246319999999999983e-01
-6.250000000000000000e+01 -4.712041884816753901e-01 6.509999999999999945e-04
-6.250000000000000000e+01 4.712041884816753901e-01 6.509999999999999945e-04
-6.250000000000000000e+01 1.413612565445026226e+00 3.779600000000000320e-02
-6.250000000000000000e+01 2.356020942408377117e+00 1.456000000000000003e-02
-6.250000000000000000e+01 3.298429319371727786e+00 0.000000000000000000e+00
-6.125000000000000000e+01 -1.837696335078534560e+01 2.232500000000000040e-01
-6.125000000000000000e+01 -1.743455497382199582e+01 4.687149999999999928e-01
-6.125000000000000000e+01 -1.649214659685864603e+01 4.104519999999999835e-01
-6.125000000000000000e+01 -1.554973821989529448e+01 4.104519999999999835e-01
-6.125000000000000000e+01 -1.460732984293194114e+01 1.114529999999999965e-01
-6.125000000000000000e+01 -1.366492146596859136e+01 3.903500000000000025e-02
-6.125000000000000000e+01 -1.272251308900523981e+01 6.153220000000000356e-01
-6.125000000000000000e+01 -1.178010471204188825e+01 7.726499999999999480e-01
-6.125000000000000000e+01 -1.083769633507853669e+01 4.174889999999999990e-01
-6.125000000000000000e+01 -9.895287958115185134e+00 2.392479999999999885e-01
-6.125000000000000000e+01 -8.952879581151833577e+00 1.499429999999999930e-01
-6.125000000000000000e+01 -8.010471204188482020e+00 3.071169999999999733e-01
-6.125000000000000000e+01 -7.068062827225130462e+00 1.176090000000000052e-01
-6.125000000000000000e+01 -6.125654450261779793e+00 1.168929999999999969e-01
-6.125000000000000000e+01 -5.183246073298429124e+00 2.607010000000000161e-01
-6.125000000000000000e+01 -4.240837696335078455e+00 6.630800000000000027e-01
-6.125000000000000000e+01 -3.298429319371727786e+00 5.426940000000000097e-01
-6.125000000000000000e+01 -2.356020942408377117e+00 1.650199999999999931e-02
-6.125000000000000000e+01 -1.413612565445026226e+00 4.194900000000000018e-02
-6.125000000000000000e+01 -4.712041884816753901e-01 2.849960000000000271e-01
-6.125000000000000000e+01 4.712041884816753901e-01 2.849960000000000271e-01
-6.125000000000000000e+01 1.413612565445026226e+00 2.679840000000000000e-01
-6.125000000000000000e+01 2.356020942408377117e+00 6.200339999999999741e-01
-6.125000000000000000e+01 3.298429319371727786e+00 2.595910000000000162e-01
-6.125000000000000000e+01 4.240837696335078455e+00 3.625500000000000250e-02
-6.000000000000000000e+01 -1.554973821989529448e+01 9.836200000000000498e-02
-6.000000000000000000e+01 -1.460732984293194114e+01 4.009960000000000191e-01
-6.000000000000000000e+01 -1.366492146596859136e+01 4.290010000000000212e-01
-6.000000000000000000e+01 -1.272251308900523981e+01 3.625220000000000109e-01
-6.000000000000000000e+01 -1.178010471204188825e+01 1.192899999999999933e-01
-6.000000000000000000e+01 -1.083769633507853669e+01 1.132999999999999893e-03
-6.000000000000000000e+01 -9.895287958115185134e+00 5.444700000000000234e-02
-6.000000000000000000e+01 -8.952879581151833577e+00 5.904000000000000394e-03
-6.000000000000000000e+01 -8.010471204188482020e+00 1.000650000000000012e-01
-6.000000000000000000e+01 -7.068062827225130462e+00 7.610350000000000170e-01
-6.000000000000000000e+01 -6.125654450261779793e+00 1.793970000000000009e-01
-6.000000000000000000e+01 -5.183246073298429124e+00 1.494240000000000013e-01
-6.000000000000000000e+01 -4.240837696335078455e+00 7.318540000000000045e-01
-6.000000000000000000e+01 -3.298429319371727786e+00 8.225209999999999466e-01
-6.000000000000000000e+01 -2.356020942408377117e+00 8.228830000000000311e-01
-6.000000000000000000e+01 -1.413612565445026226e+00 4.443280000000000007e-01
-6.000000000000000000e+01 -4.712041884816753901e-01 1.405009999999999870e-01
-6.000000000000000000e+01 4.712041884816753901e-01 1.405009999999999870e-01
-6.000000000000000000e+01 1.413612565445026226e+00 7.520569999999999755e-01
-6.000000000000000000e+01 2.356020942408377117e+00 1.713169999999999971e-01
-6.000000000000000000e+01 3.298429319371727786e+00 1.454189999999999927e-01
-6.000000000000000000e+01 4.240837696335078455e+00 2.315599999999999950e-02
-6.000000000000000000e+01 5.183246073298429124e+00 1.505300000000000041e-02
-5.875000000000000000e+01 -1.366492146596859136e+01 5.121300000000000158e-02
-5.875000000000000000e+01 -1.272251308900523981e+01 4.676999999999999734e-03
-5.875000000000000000e+01 -1.178010471204188825e+01 2.015119999999999967e-01
-5.875000000000000000e+01 -1.083769633507853669e+01 4.085500000000000242e-01
-5.875000000000000000e+01 -9.895287958115185134e+00 3.677610000000000046e-01
-5.875000000000000000e+01 -8.952879581151833577e+00 8.579900000000000027e-02
-5.875000000000000000e+01 -8.010471204188482020e+00 2.403399999999999981e-02
-5.875000000000000000e+01 -7.068062827225130462e+00 6.310139999999999638e-01
-5.875000000000000000e+01 -6.125654450261779793e+00 1.088059999999999999e-01
-5.875000000000000000e+01 -5.183246073298429124e+00 4.426000000000000247e-03
-5.875000000000000000e+01 -4.240837696335078455e+00 4.442369999999999930e-01
-5.875000000000000000e+01 -3.298429319371727786e+00 8.749219999999999775e-01
-5.875000000000000000e+01 -2.356020942408377117e+00 4.534210000000000185e-01
-5.875000000000000000e+01 -1.413612565445026226e+00 3.122700000000000128e-02
-5.875000000000000000e+01 -4.712041884816753901e-01 5.240999999999999999e-03
-5.875000000000000000e+01 4.712041884816753901e-01 5.240999999999999999e-03
-5.750000000000000000e+01 -1.366492146596859136e+01 5.460899999999999782e-02
-5.750000000000000000e+01 -1.272251308900523981e+01 6.478299999999999337e-02
-5.750000000000000000e+01 -1.178010471204188825e+01 5.136330000000000062e-01
-5.750000000000000000e+01 -1.083769633507853669e+01 3.872590000000000199e-01
-5.750000000000000000e+01 -9.895287958115185134e+00 6.862840000000000051e-01
-5.750000000000000000e+01 -8.952879581151833577e+00 4.093999999999999723e-02
-5.750000000000000000e+01 -8.010471204188482020e+00 5.446000000000000320e-03
-5.750000000000000000e+01 -7.068062827225130462e+00 3.684099999999999875e-02
-5.750000000000000000e+01 -6.125654450261779793e+00 5.343440000000000412e-01
-5.750000000000000000e+01 -5.183246073298429124e+00 6.446899999999999853e-02
-5.750000000000000000e+01 -4.240837696335078455e+00 3.191559999999999953e-01
-5.750000000000000000e+01 -3.298429319371727786e+00 5.371369999999999756e-01
-5.750000000000000000e+01 -2.356020942408377117e+00 1.761530000000000040e-01
-5.750000000000000000e+01 -1.413612565445026226e+00 2.311600000000000113e-02
-5.750000000000000000e+01 -4.712041884816753901e-01 9.082099999999999895e-02
-5.750000000000000000e+01 4.712041884816753901e-01 9.082099999999999895e-02
-5.750000000000000000e+01 1.413612565445026226e+00 3.234290000000000220e-01
-5.625000000000000000e+01 -1.366492146596859136e+01 3.757650000000000157e-01
-5.625000000000000000e+01 -1.272251308900523981e+01 3.482649999999999912e-01
-5.625000000000000000e+01 -1.178010471204188825e+01 7.563819999999999988e-01
-5.625000000000000000e+01 -1.083769633507853669e+01 5.187490000000000157e-01
-5.625000000000000000e+01 -9.895287958115185134e+00 8.102270000000000305e-01
-5.625000000000000000e+01 -8.952879581151833577e+00 5.002800000000000302e-02
-5.625000000000000000e+01 -8.010471204188482020e+00 1.387099999999999965e-02
-5.625000000000000000e+01 -7.068062827225130462e+00 1.897560000000000080e-01
-5.625000000000000000e+01 -6.125654450261779793e+00 4.248890000000000167e-01
-5.625000000000000000e+01 -5.183246073298429124e+00 5.237389999999999546e-01
-5.625000000000000000e+01 -4.240837696335078455e+00 5.007530000000000037e-01
-5.625000000000000000e+01 -3.298429319371727786e+00 1.742889999999999995e-01
-5.625000000000000000e+01 -2.356020942408377117e+00 4.965879999999999739e-01
-5.625000000000000000e+01 -1.413612565445026226e+00 8.853800000000000558e-02
-5.625000000000000000e+01 -4.712041884816753901e-01 3.373799999999999716e-02
-5.625000000000000000e+01 4.712041884816753901e-01 3.373799999999999716e-02
-5.625000000000000000e+01 1.413612565445026226e+00 0.000000000000000000e+00
-5.500000000000000000e+01 -1.460732984293194114e+01 1.837709999999999899e-01
-5.500000000000000000e+01 -1.366492146596859136e+01 4.329899999999999721e-02
-5.500000000000000000e+01 -1.272251308900523981e+01 4.613959999999999728e-01
-5.500000000000000000e+01 -1.178010471204188825e+01 7.731190000000000007e-01
-5.500000000000000000e+01 -1.083769633507853669e+01 8.430220000000000491e-01
-5.500000000000000000e+01 -9.895287958115185134e+00 7.666349999999999554e-01
-5.500000000000000000e+01 -8.952879581151833577e+00 9.626899999999999347e-02
-5.500000000000000000e+01 -8.010471204188482020e+00 3.403909999999999991e-01
-5.500000000000000000e+01 -7.068062827225130462e+00 3.369730000000000225e-01
-5.500000000000000000e+01 -6.125654450261779793e+00 9.877299999999999969e-02
-5.500000000000000000e+01 -5.183246073298429124e+00 5.157799999999999885e-02
-5.500000000000000000e+01 -4.240837696335078455e+00 6.092419999999999503e-01
-5.500000000000000000e+01 -3.298429319371727786e+00 5.906080000000000219e-01
-5.500000000000000000e+01 -2.356020942408377117e+00 6.509220000000000006e-01
-5.500000000000000000e+01 -1.413612565445026226e+00 6.716999999999999360e-02
-5.500000000000000000e+01 -4.712041884816753901e-01 2.420000000000000005e-04
-5.500000000000000000e+01 4.712041884816753901e-01 2.420000000000000005e-04
-5.500000000000000000e+01 1.413612565445026226e+00 2.420000000000000005e-04
-5.500000000000000000e+01 2.356020942408377117e+00 5.760000000000000146e-04
-5.375000000000000000e+01 -1.460732984293194114e+01 4.079999999999999968e-04
-5.375000000000000000e+01 -1.366492146596859136e+01 4.145000000000000073e-02
-5.375000000000000000e+01 -1.272251308900523981e+01 2.141480000000000050e-01
-5.375000000000000000e+01 -1.178010471204188825e+01 2.076050000000000118e-01
-5.375000000000000000e+01 -1.083769633507853669e+01 2.839599999999999902e-01
-5.375000000000000000e+01 -9.895287958115185134e+00 3.524930000000000008e-01
-5.375000000000000000e+01 -8.952879581151833577e+00 1.337400000000000047e-02
-5.375000000000000000e+01 -8.010471204188482020e+00 8.000000000000000654e-05
-5.375000000000000000e+01 -7.068062827225130462e+00 2.101000000000000003e-03
-5.375000000000000000e+01 -6.125654450261779793e+00 6.347000000000000211e-03
-5.375000000000000000e+01 -5.183246073298429124e+00 3.327999999999999795e-03
-5.375000000000000000e+01 -4.240837696335078455e+00 5.708010000000000028e-01
-5.375000000000000000e+01 -3.298429319371727786e+00 6.609209999999999807e-01
-5.375000000000000000e+01 -2.356020942408377117e+00 4.996659999999999990e-01
-5.375000000000000000e+01 -1.413612565445026226e+00 1.126840000000000064e-01
-5.375000000000000000e+01 -4.712041884816753901e-01 9.719999999999999907e-04
-5.375000000000000000e+01 4.712041884816753901e-01 9.719999999999999907e-04
-5.375000000000000000e+01 1.413612565445026226e+00 1.217999999999999899e-03
-5.375000000000000000e+01 2.356020942408377117e+00 1.054000000000000032e-03
-5.250000000000000000e+01 -1.366492146596859136e+01 1.288800000000000015e-02
-5.250000000000000000e+01 -1.272251308900523981e+01 2.164899999999999880e-01
-5.250000000000000000e+01 -1.178010471204188825e+01 1.413959999999999939e-01
-5.250000000000000000e+01 -1.083769633507853669e+01 3.184629999999999961e-01
-5.250000000000000000e+01 -9.895287958115185134e+00 1.002870000000000011e-01
-5.250000000000000000e+01 -8.952879581151833577e+00 5.699999999999999772e-04
-5.250000000000000000e+01 -8.010471204188482020e+00 1.825000000000000016e-03
-5.250000000000000000e+01 -7.068062827225130462e+00 1.878099999999999908e-02
-5.250000000000000000e+01 -6.125654450261779793e+00 4.149599999999999816e-02
-5.250000000000000000e+01 -5.183246073298429124e+00 1.755000000000000050e-03
-5.250000000000000000e+01 -4.240837696335078455e+00 1.614569999999999894e-01
-5.250000000000000000e+01 -3.298429319371727786e+00 4.016259999999999830e-01
-5.250000000000000000e+01 -2.356020942408377117e+00 4.630399999999999794e-02
-5.250000000000000000e+01 -1.413612565445026226e+00 5.064149999999999485e-01
-5.250000000000000000e+01 -4.712041884816753901e-01 7.263600000000000612e-02
-5.250000000000000000e+01 4.712041884816753901e-01 7.263600000000000612e-02
-5.125000000000000000e+01 -8.952879581151833577e+00 5.963739999999999597e-01
-5.125000000000000000e+01 -8.010471204188482020e+00 4.196779999999999955e-01
-5.125000000000000000e+01 -7.068062827225130462e+00 4.634480000000000266e-01
-5.125000000000000000e+01 -5.183246073298429124e+00 1.905290000000000039e-01
-5.125000000000000000e+01 -4.240837696335078455e+00 3.560030000000000139e-01
-5.125000000000000000e+01 -3.298429319371727786e+00 5.440120000000000511e-01
-5.125000000000000000e+01 -2.356020942408377117e+00 1.453019999999999867e-01
-5.000000000000000000e+01 -3.298429319371727786e+00 6.835529999999999662e-01
