-7.875000000000000000e+01 -6.125654450261779793e+00 5.079069999999999974e-01
-7.875000000000000000e+01 -5.183246073298429124e+00 2.379640000000000088e-01
-7.875000000000000000e+01 -4.240837696335078455e+00 3.600610000000000199e-01
-7.875000000000000000e+01 -3.298429319371727786e+00 4.641199999999999770e-01
-7.875000000000000000e+01 -2.356020942408377117e+00 0.000000000000000000e+00
-7.875000000000000000e+01 -1.413612565445026226e+00 0.000000000000000000e+00
-7.750000000000000000e+01 -8.952879581151833577e+00 1.897490000000000010e-01
-7.750000000000000000e+01 -8.010471204188482020e+00 1.435049999999999937e-01
-7.750000000000000000e+01 -7.068062827225130462e+00 2.919490000000000141e-01
-7.750000000000000000e+01 -6.125654450261779793e+00 5.637860000000000094e-01
-7.750000000000000000e+01 -5.183246073298429124e+00 1.669140000000000068e-01
-7.750000000000000000e+01 -4.240837696335078455e+00 6.040299999999999836e-02
-7.750000000000000000e+01 -3.298429319371727786e+00 3.605539999999999856e-01
-7.750000000000000000e+01 -2.356020942408377117e+00 2.657410000000000050e-01
-7.750000000000000000e+01 -1.413612565445026226e+00 3.417970000000000175e-01
-7.750000000000000000e+01 -4.712041884816753901e-01 2.043740000000000001e-01
-7.750000000000000000e+01 4.712041884816753901e-01 2.043740000000000001e-01
-7.625000000000000000e+01 -1.083769633507853669e+01 6.671299999999999453e-02
-7.625000000000000000e+01 -9.895287958115185134e+00 1.367839999999999889e-01
-7.625000000000000000e+01 -8.952879581151833577e+00 4.287810000000000232e-01
-7.625000000000000000e+01 -8.010471204188482020e+00 1.486349999999999894e-01
-7.625000000000000000e+01 -7.068062827225130462e+00 2.895059999999999856e-01
-7.625000000000000000e+01 -6.125654450261779793e+00 4.138129999999999864e-01
-7.625000000000000000e+01 -5.183246073298429124e+00 4.078699999999999687e-02
-7.625000000000000000e+01 -4.240837696335078455e+00 1.472000000000000001e-03
-7.625000000000000000e+01 -3.298429319371727786e+00 3.983000000000000429e-03
-7.625000000000000000e+01 -2.356020942408377117e+00 2.553000000000000148e-03
-7.625000000000000000e+01 -1.413612565445026226e+00 2.611000000000000040e-03
-7.625000000000000000e+01 -4.712041884816753901e-01 6.413399999999999657e-02
-7.625000000000000000e+01 4.712041884816753901e-01 6.413399999999999657e-02
-7.625000000000000000e+01 1.413612565445026226e+00 8.309579999999999744e-01
-7.500000000000000000e+01 -1.366492146596859136e+01 7.814200000000000312e-02
-7.500000000000000000e+01 -1.272251308900523981e+01 1.417779999999999874e-01
-7.500000000000000000e+01 -1.178010471204188825e+01 1.241629999999999956e-01
-7.500000000000000000e+01 -1.083769633507853669e+01 3.753940000000000055e-01
-7.500000000000000000e+01 -9.895287958115185134e+00 1.777469999999999883e-01
-7.500000000000000000e+01 -8.952879581151833577e+00 4.829419999999999824e-01
-7.500000000000000000e+01 -8.010471204188482020e+00 2.478730000000000100e-01
-7.500000000000000000e+01 -7.068062827225130462e+00 3.560399999999999676e-02
-7.500000000000000000e+01 -6.125654450261779793e+00 6.070300000000000001e-02
-7.500000000000000000e+01 -5.183246073298429124e+00 4.566900000000000126e-02
-7.500000000000000000e+01 -4.240837696335078455e+00 2.003299999999999872e-02
-7.500000000000000000e+01 -3.298429319371727786e+00 2.305999999999999890e-03
-7.500000000000000000e+01 -2.356020942408377117e+00 6.376999999999999856e-03
-7.500000000000000000e+01 -1.413612565445026226e+00 5.597000000000000412e-03
-7.500000000000000000e+01 -4.712041884816753901e-01 2.654099999999999862e-02
-7.500000000000000000e+01 4.712041884816753901e-01 2.654099999999999862e-02
-7.500000000000000000e+01 1.413612565445026226e+00 5.620119999999999560e-01
-7.500000000000000000e+01 2.356020942408377117e+00 8.958599999999999897e-01
-7.375000000000000000e+01 -1.460732984293194114e+01 0.000000000000000000e+00
-7.375000000000000000e+01 -1.366492146596859136e+01 1.302490000000000037e-01
-7.375000000000000000e+01 -1.272251308900523981e+01 8.640200000000000657e-02
-7.375000000000000000e+01 -1.178010471204188825e+01 9.742699999999999971e-02
-7.375000000000000000e+01 -1.083769633507853669e+01 9.760399999999999632e-02
-7.375000000000000000e+01 -9.895287958115185134e+00 5.654499999999999804e-02
-7.375000000000000000e+01 -8.952879581151833577e+00 8.953999999999999460e-02
-7.375000000000000000e+01 -8.010471204188482020e+00 1.322619999999999907e-01
-7.375000000000000000e+01 -7.068062827225130462e+00 3.225299999999999695e-02
-7.375000000000000000e+01 -6.125654450261779793e+00 2.464699999999999877e-02
-7.375000000000000000e+01 -5.183246073298429124e+00 7.177999999999999658e-02
-7.375000000000000000e+01 -4.240837696335078455e+00 2.272499999999999867e-02
-7.375000000000000000e+01 -3.298429319371727786e+00 7.262000000000000226e-03
-7.375000000000000000e+01 -2.356020942408377117e+00 5.409999999999999878e-03
-7.375000000000000000e+01 -1.413612565445026226e+00 1.188349999999999962e-01
-7.375000000000000000e+01 -4.712041884816753901e-01 2.467000000000000009e-03
-7.375000000000000000e+01 4.712041884816753901e-01 2.467000000000000009e-03
-7.375000000000000000e+01 1.413612565445026226e+00 3.733399999999999913e-02
-7.250000000000000000e+01 -1.460732984293194114e+01 5.432000000000000196e-03
-7.250000000000000000e+01 -1.366492146596859136e+01 1.374849999999999961e-01
-7.250000000000000000e+01 -1.272251308900523981e+01 1.749280000000000002e-01
-7.250000000000000000e+01 -1.178010471204188825e+01 4.366600000000000342e-02
-7.250000000000000000e+01 -1.083769633507853669e+01 6.879999999999999831e-03
-7.250000000000000000e+01 -9.895287958115185134e+00 0.000000000000000000e+00
-7.250000000000000000e+01 -8.952879581151833577e+00 1.028699999999999927e-02
-7.250000000000000000e+01 -8.010471204188482020e+00 4.354339999999999877e-01
-7.250000000000000000e+01 -7.068062827225130462e+00 1.470229999999999870e-01
-7.250000000000000000e+01 -6.125654450261779793e+00 9.730000000000000151e-04
-7.250000000000000000e+01 -5.183246073298429124e+00 9.737000000000000863e-03
-7.250000000000000000e+01 -4.240837696335078455e+00 1.123389999999999944e-01
-7.250000000000000000e+01 -3.298429319371727786e+00 2.123999999999999846e-02
-7.250000000000000000e+01 -2.356020942408377117e+00 6.409199999999999620e-02
-7.250000000000000000e+01 -1.413612565445026226e+00 1.948899999999999938e-02
-7.250000000000000000e+01 -4.712041884816753901e-01 6.908000000000000078e-03
-7.250000000000000000e+01 4.712041884816753901e-01 6.908000000000000078e-03
-7.250000000000000000e+01 1.413612565445026226e+00 1.020399999999999953e-02
-7.125000000000000000e+01 -1.460732984293194114e+01 9.079900000000000471e-02
-7.125000000000000000e+01 -1.366492146596859136e+01 2.439500000000000002e-02
-7.125000000000000000e+01 -1.272251308900523981e+01 1.887330000000000119e-01
-7.125000000000000000e+01 -1.178010471204188825e+01 0.000000000000000000e+00
-7.125000000000000000e+01 -1.083769633507853669e+01 0.000000000000000000e+00
-7.125000000000000000e+01 -9.895287958115185134e+00 6.791000000000000161e-03
-7.125000000000000000e+01 -8.952879581151833577e+00 8.013000000000000678e-02
-7.125000000000000000e+01 -8.010471204188482020e+00 5.454400000000000359e-01
-7.125000000000000000e+01 -7.068062827225130462e+00 1.724399999999999891e-02
-7.125000000000000000e+01 -6.125654450261779793e+00 4.655000000000000283e-03
-7.125000000000000000e+01 -5.183246073298429124e+00 2.429999999999999977e-04
-7.125000000000000000e+01 -4.240837696335078455e+00 3.611099999999999727e-02
-7.125000000000000000e+01 -3.298429319371727786e+00 3.190000000000000019e-04
-7.125000000000000000e+01 -2.356020942408377117e+00 4.492399999999999866e-02
-7.125000000000000000e+01 -1.413612565445026226e+00 3.592000000000000141e-03
-7.125000000000000000e+01 -4.712041884816753901e-01 0.000000000000000000e+00
-7.125000000000000000e+01 4.712041884816753901e-01 0.000000000000000000e+00
-7.125000000000000000e+01 1.413612565445026226e+00 1.046190000000000037e-01
-7.000000000000000000e+01 -1.366492146596859136e+01 8.580000000000000820e-03
-7.000000000000000000e+01 -1.272251308900523981e+01 3.649769999999999959e-01
-7.000000000000000000e+01 -1.178010471204188825e+01 4.405200000000000088e-02
-7.000000000000000000e+01 -1.083769633507853669e+01 3.328709999999999725e-01
-7.000000000000000000e+01 -9.895287958115185134e+00 2.722600000000000020e-02
-7.000000000000000000e+01 -8.952879581151833577e+00 2.309940000000000049e-01
-7.000000000000000000e+01 -8.010471204188482020e+00 3.445860000000000034e-01
-7.000000000000000000e+01 -7.068062827225130462e+00 3.964399999999999868e-02
-7.000000000000000000e+01 -6.125654450261779793e+00 1.861000000000000024e-03
-7.000000000000000000e+01 -5.183246073298429124e+00 8.040000000000000271e-04
-7.000000000000000000e+01 -4.240837696335078455e+00 1.272169999999999968e-01
-7.000000000000000000e+01 -3.298429319371727786e+00 7.274200000000000110e-02
-7.000000000000000000e+01 -2.356020942408377117e+00 2.512800000000000103e-02
-7.000000000000000000e+01 -1.413612565445026226e+00 3.670199999999999851e-02
-7.000000000000000000e+01 -4.712041884816753901e-01 1.220300000000000031e-02
-7.000000000000000000e+01 4.712041884816753901e-01 1.220300000000000031e-02
-7.000000000000000000e+01 1.413612565445026226e+00 7.714999999999999636e-03
-6.875000000000000000e+01 -1.554973821989529448e+01 6.769999999999999759e-04
-6.875000000000000000e+01 -1.460732984293194114e+01 3.581899999999999668e-02
-6.875000000000000000e+01 -1.366492146596859136e+01 1.274100000000000059e-02
-6.875000000000000000e+01 -1.272251308900523981e+01 1.272280000000000078e-01
-6.875000000000000000e+01 -1.178010471204188825e+01 3.626960000000000184e-01
-6.875000000000000000e+01 -1.083769633507853669e+01 6.110020000000000451e-01
-6.875000000000000000e+01 -9.895287958115185134e+00 1.126199999999999979e-01
-6.875000000000000000e+01 -8.952879581151833577e+00 4.560699999999999754e-01
-6.875000000000000000e+01 -8.010471204188482020e+00 9.530000000000000276e-03
-6.875000000000000000e+01 -7.068062827225130462e+00 2.047999999999999907e-03
-6.875000000000000000e+01 -6.125654450261779793e+00 1.129999999999999928e-03
-6.875000000000000000e+01 -5.183246073298429124e+00 4.840000000000000010e-04
-6.875000000000000000e+01 -4.240837696335078455e+00 4.423999999999999981e-03
-6.875000000000000000e+01 -3.298429319371727786e+00 7.030999999999999923e-03
-6.875000000000000000e+01 -2.356020942408377117e+00 5.653000000000000039e-03
-6.875000000000000000e+01 -1.413612565445026226e+00 1.104300000000000073e-02
-6.875000000000000000e+01 -4.712041884816753901e-01 1.129100000000000069e-02
-6.875000000000000000e+01 4.712041884816753901e-01 1.129100000000000069e-02
-6.875000000000000000e+01 1.413612565445026226e+00 1.599599999999999980e-02
-6.875000000000000000e+01 2.356020942408377117e+00 6.131000000000000165e-03
-6.750000000000000000e+01 -1.649214659685864603e+01 2.862739999999999729e-01
-6.750000000000000000e+01 -1.554973821989529448e+01 2.862739999999999729e-01
-6.750000000000000000e+01 -1.460732984293194114e+01 1.486460000000000004e-01
-6.750000000000000000e+01 -1.366492146596859136e+01 1.153750000000000053e-01
-6.750000000000000000e+01 -1.272251308900523981e+01 1.576100000000000070e-02
-6.750000000000000000e+01 -1.178010471204188825e+01 1.930600000000000024e-02
-6.750000000000000000e+01 -1.083769633507853669e+01 3.960759999999999836e-01
-6.750000000000000000e+01 -9.895287958115185134e+00 8.087079999999999824e-01
-6.750000000000000000e+01 -8.952879581151833577e+00 2.315639999999999921e-01
-6.750000000000000000e+01 -8.010471204188482020e+00 1.758000000000000014e-03
-6.750000000000000000e+01 -7.068062827225130462e+00 8.919999999999999978e-04
-6.750000000000000000e+01 -6.125654450261779793e+00 5.786999999999999610e-03
-6.750000000000000000e+01 -5.183246073298429124e+00 1.128000000000000096e-03
-6.750000000000000000e+01 -4.240837696335078455e+00 8.059999999999999673e-04
-6.750000000000000000e+01 -3.298429319371727786e+00 1.606199999999999989e-02
-6.750000000000000000e+01 -2.356020942408377117e+00 3.310000000000000225e-04
-6.750000000000000000e+01 -1.413612565445026226e+00 8.000000000000000654e-05
-6.750000000000000000e+01 -4.712041884816753901e-01 8.989999999999999511e-04
-6.750000000000000000e+01 4.712041884816753901e-01 8.989999999999999511e-04
-6.750000000000000000e+01 1.413612565445026226e+00 6.081999999999999733e-03
-6.750000000000000000e+01 2.356020942408377117e+00 7.219999999999999855e-04
-6.625000000000000000e+01 -1.837696335078534560e+01 8.382100000000000661e-02
-6.625000000000000000e+01 -1.743455497382199582e+01 2.575290000000000079e-01
-6.625000000000000000e+01 -1.649214659685864603e+01 1.786999999999999960e-03
-6.625000000000000000e+01 -1.554973821989529448e+01 1.786999999999999960e-03
-6.625000000000000000e+01 -1.460732984293194114e+01 1.500800000000000051e-02
-6.625000000000000000e+01 -1.366492146596859136e+01 1.134000000000000025e-03
-6.625000000000000000e+01 -1.272251308900523981e+01 0.000000000000000000e+00
-6.625000000000000000e+01 -1.178010471204188825e+01 1.301199999999999926e-02
-6.625000000000000000e+01 -1.083769633507853669e+01 1.828239999999999865e-01
-6.625000000000000000e+01 -9.895287958115185134e+00 2.423410000000000009e-01
-6.625000000000000000e+01 -8.952879581151833577e+00 1.865749999999999909e-01
-6.625000000000000000e+01 -8.010471204188482020e+00 2.295000000000000165e-03
-6.625000000000000000e+01 -7.068062827225130462e+00 8.109999999999999805e-04
-6.625000000000000000e+01 -6.125654450261779793e+00 1.610000000000000103e-04
-6.625000000000000000e+01 -5.183246073298429124e+00 3.260000000000000094e-04
-6.625000000000000000e+01 -4.240837696335078455e+00 3.536000000000000081e-03
-6.625000000000000000e+01 -3.298429319371727786e+00 1.697099999999999997e-02
-6.625000000000000000e+01 -2.356020942408377117e+00 6.369999999999999794e-03
-6.625000000000000000e+01 -1.413612565445026226e+00 0.000000000000000000e+00
-6.625000000000000000e+01 -4.712041884816753901e-01 2.425000000000000072e-03
-6.625000000000000000e+01 4.712041884816753901e-01 2.425000000000000072e-03
-6.625000000000000000e+01 1.413612565445026226e+00 9.444500000000000117e-02
-6.625000000000000000e+01 2.356020942408377117e+00 1.174790000000000001e-01
-6.500000000000000000e+01 -1.837696335078534560e+01 2.526099999999999873e-02
-6.500000000000000000e+01 -1.743455497382199582e+01 4.845709999999999740e-01
-6.500000000000000000e+01 -1.649214659685864603e+01 6.377199999999999536e-02
-6.500000000000000000e+01 -1.554973821989529448e+01 6.377199999999999536e-02
-6.500000000000000000e+01 -1.460732984293194114e+01 1.339199999999999939e-02
-6.500000000000000000e+01 -1.366492146596859136e+01 8.401999999999999746e-03
-6.500000000000000000e+01 -1.272251308900523981e+01 2.658000000000000206e-03
-6.500000000000000000e+01 -1.178010471204188825e+01 7.912000000000000630e-03
-6.500000000000000000e+01 -1.083769633507853669e+01 2.089850000000000041e-01
-6.500000000000000000e+01 -9.895287958115185134e+00 6.667490000000000361e-01
-6.500000000000000000e+01 -8.952879581151833577e+00 1.628259999999999985e-01
-6.500000000000000000e+01 -8.010471204188482020e+00 8.028000000000000413e-03
-6.500000000000000000e+01 -7.068062827225130462e+00 6.275300000000000322e-02
-6.500000000000000000e+01 -6.125654450261779793e+00 1.147999999999999932e-03
-6.500000000000000000e+01 -5.183246073298429124e+00 6.944999999999999785e-02
-6.500000000000000000e+01 -4.240837696335078455e+00 2.865600000000000092e-02
-6.500000000000000000e+01 -3.298429319371727786e+00 5.865000000000000074e-02
-6.500000000000000000e+01 -2.356020942408377117e+00 4.329999999999999648e-03
-6.500000000000000000e+01 -1.413612565445026226e+00 1.791999999999999973e-03
-6.500000000000000000e+01 -4.712041884816753901e-01 7.742999999999999883e-03
-6.500000000000000000e+01 4.712041884816753901e-01 7.742999999999999883e-03
-6.500000000000000000e+01 1.413612565445026226e+00 2.658999999999999905e-03
-6.375000000000000000e+01 -2.026178010471204516e+01 8.333329999999999904e-01
-6.375000000000000000e+01 -1.931937172774869538e+01 3.121280000000000165e-01
-6.375000000000000000e+01 -1.837696335078534560e+01 1.511720000000000008e-01
-6.375000000000000000e+01 -1.743455497382199582e+01 5.717590000000000172e-01
-6.375000000000000000e+01 -1.649214659685864603e+01 6.654899999999999705e-02
-6.375000000000000000e+01 -1.554973821989529448e+01 6.654899999999999705e-02
-6.375000000000000000e+01 -1.460732984293194114e+01 4.110400000000000165e-02
-6.375000000000000000e+01 -1.366492146596859136e+01 3.882000000000000034e-03
-6.375000000000000000e+01 -1.272251308900523981e+01 3.177000000000000136e-03
-6.375000000000000000e+01 -1.178010471204188825e+01 2.302520000000000122e-01
-6.375000000000000000e+01 -1.083769633507853669e+01 6.292499999999999483e-02
-6.375000000000000000e+01 -9.895287958115185134e+00 5.372050000000000436e-01
-6.375000000000000000e+01 -8.952879581151833577e+00 8.274489999999999901e-01
-6.375000000000000000e+01 -8.010471204188482020e+00 4.590899999999999981e-01
-6.375000000000000000e+01 -7.068062827225130462e+00 1.649019999999999930e-01
-6.375000000000000000e+01 -6.125654450261779793e+00 4.970999999999999724e-03
-6.375000000000000000e+01 -5.183246073298429124e+00 3.522800000000000237e-02
-6.375000000000000000e+01 -4.240837696335078455e+00 1.549129999999999951e-01
-6.375000000000000000e+01 -3.298429319371727786e+00 3.030100000000000154e-02
-6.375000000000000000e+01 -2.356020942408377117e+00 3.249999999999999851e-04
-6.375000000000000000e+01 -1.413612565445026226e+00 3.240000000000000150e-04
-6.375000000000000000e+01 -4.712041884816753901e-01 1.915999999999999951e-03
-6.375000000000000000e+01 4.712041884816753901e-01 1.915999999999999951e-03
-6.375000000000000000e+01 1.413612565445026226e+00 2.636300000000000102e-02
-6.375000000000000000e+01 3.298429319371727786e+00 2.462100000000000052e-02
-6.250000000000000000e+01 -1.931937172774869538e+01 4.047029999999999794e-01
-6.250000000000000000e+01 -1.837696335078534560e+01 7.259430000000000049e-01
-6.250000000000000000e+01 -1.743455497382199582e+01 8.291659999999999586e-01
-6.250000000000000000e+01 -1.649214659685864603e+01 1.144799999999999984e-01
-6.250000000000000000e+01 -1.554973821989529448e+01 1.144799999999999984e-01
-6.250000000000000000e+01 -1.460732984293194114e+01 7.910999999999999630e-03
-6.250000000000000000e+01 -1.366492146596859136e+01 2.263999999999999953e-03
-6.250000000000000000e+01 -1.272251308900523981e+01 1.157999999999999958e-03
-6.250000000000000000e+01 -1.178010471204188825e+01 3.397209999999999952e-01
-6.250000000000000000e+01 -1.083769633507853669e+01 3.390340000000000020e-01
-6.250000000000000000e+01 -9.895287958115185134e+00 9.759390000000000009e-01
-6.250000000000000000e+01 -8.952879581151833577e+00 4.327779999999999960e-01
-6.250000000000000000e+01 -8.010471204188482020e+00 2.807689999999999908e-01
-6.250000000000000000e+01 -7.068062827225130462e+00 5.276170000000000027e-01
-6.250000000000000000e+01 -6.125654450261779793e+00 1.772910000000000041e-01
-6.250000000000000000e+01 -5.183246073298429124e+00 2.396000000000000126e-03
-6.250000000000000000e+01 -4.240837696335078455e+00 1.530839999999999979e-01
-6.250000000000000000e+01 -3.298429319371727786e+00 2.104100000000000067e-02
-6.250000000000000000e+01 -2.356020942408377117e+00 1.137999999999999906e-03
-6.250000000000000000e+01 -1.413612565445026226e+00 6.761699999999999655e-02
-6.250000000000000000e+01 -4.712041884816753901e-01 6.509999999999999945e-04
-6.250000000000000000e+01 4.712041884816753901e-01 6.509999999999999945e-04
-6.250000000000000000e+01 1.413612565445026226e+00 1.435000000000000078e-03
-6.250000000000000000e+01 2.356020942408377117e+00 1.253699999999999953e-02
-6.250000000000000000e+01 3.298429319371727786e+00 0.000000000000000000e+00
-6.125000000000000000e+01 -1.837696335078534560e+01 2.069449999999999901e-01
-6.125000000000000000e+01 -1.743455497382199582e+01 3.658750000000000058e-01
-6.125000000000000000e+01 -1.649214659685864603e+01 3.289779999999999927e-01
-6.125000000000000000e+01 -1.554973821989529448e+01 3.289779999999999927e-01
-6.125000000000000000e+01 -1.460732984293194114e+01 7.694800000000000251e-02
-6.125000000000000000e+01 -1.366492146596859136e+01 3.887199999999999683e-02
-6.125000000000000000e+01 -1.272251308900523981e+01 6.153220000000000356e-01
-6.125000000000000000e+01 -1.178010471204188825e+01 7.725689999999999502e-01
-6.125000000000000000e+01 -1.083769633507853669e+01 4.174889999999999990e-01
-6.125000000000000000e+01 -9.895287958115185134e+00 2.392479999999999885e-01
-6.125000000000000000e+01 -8.952879581151833577e+00 1.144690000000000013e-01
-6.125000000000000000e+01 -8.010471204188482020e+00 2.256259999999999932e-01
-6.125000000000000000e+01 -7.068062827225130462e+00 7.934599999999999986e-02
-6.125000000000000000e+01 -6.125654450261779793e+00 8.831899999999999473e-02
-6.125000000000000000e+01 -5.183246073298429124e+00 1.695669999999999955e-01
-6.125000000000000000e+01 -4.240837696335078455e+00 5.032780000000000031e-01
-6.125000000000000000e+01 -3.298429319371727786e+00 4.548309999999999853e-01
-6.125000000000000000e+01 -2.356020942408377117e+00 9.639999999999999264e-03
-6.125000000000000000e+01 -1.413612565445026226e+00 3.133899999999999880e-02
-6.125000000000000000e+01 -4.712041884816753901e-01 2.385210000000000108e-01
-6.125000000000000000e+01 4.712041884816753901e-01 2.385210000000000108e-01
-6.125000000000000000e+01 1.413612565445026226e+00 2.482219999999999982e-01
-6.125000000000000000e+01 2.356020942408377117e+00 6.134819999999999718e-01
-6.125000000000000000e+01 3.298429319371727786e+00 2.568270000000000275e-01
-6.125000000000000000e+01 4.240837696335078455e+00 3.527799999999999686e-02
-6.000000000000000000e+01 -1.554973821989529448e+01 9.736100000000000310e-02
-6.000000000000000000e+01 -1.460732984293194114e+01 3.976489999999999747e-01
-6.000000000000000000e+01 -1.366492146596859136e+01 4.259140000000000148e-01
-6.000000000000000000e+01 -1.272251308900523981e+01 3.625220000000000109e-01
-6.000000000000000000e+01 -1.178010471204188825e+01 1.192899999999999933e-01
-6.000000000000000000e+01 -1.083769633507853669e+01 1.132999999999999893e-03
-6.000000000000000000e+01 -9.895287958115185134e+00 5.444700000000000234e-02
-6.000000000000000000e+01 -8.952879581151833577e+00 5.904000000000000394e-03
-6.000000000000000000e+01 -8.010471204188482020e+00 3.987899999999999778e-02
-6.000000000000000000e+01 -7.068062827225130462e+00 5.698640000000000372e-01
-6.000000000000000000e+01 -6.125654450261779793e+00 9.915300000000000502e-02
-6.000000000000000000e+01 -5.183246073298429124e+00 1.062479999999999952e-01
-6.000000000000000000e+01 -4.240837696335078455e+00 5.933770000000000433e-01
-6.000000000000000000e+01 -3.298429319371727786e+00 7.844640000000000502e-01
-6.000000000000000000e+01 -2.356020942408377117e+00 7.632809999999999873e-01
-6.000000000000000000e+01 -1.413612565445026226e+00 3.196729999999999849e-01
-6.000000000000000000e+01 -4.712041884816753901e-01 1.172450000000000020e-01
-6.000000000000000000e+01 4.712041884816753901e-01 1.172450000000000020e-01
-6.000000000000000000e+01 1.413612565445026226e+00 7.329350000000000032e-01
-6.000000000000000000e+01 2.356020942408377117e+00 1.661259999999999959e-01
-6.000000000000000000e+01 3.298429319371727786e+00 1.269119999999999970e-01
-6.000000000000000000e+01 4.240837696335078455e+00 1.653999999999999915e-02
-6.000000000000000000e+01 5.183246073298429124e+00 1.283199999999999966e-02
-5.875000000000000000e+01 -1.366492146596859136e+01 5.121300000000000158e-02
-5.875000000000000000e+01 -1.272251308900523981e+01 4.676999999999999734e-03
-5.875000000000000000e+01 -1.178010471204188825e+01 2.011060000000000070e-01
-5.875000000000000000e+01 -1.083769633507853669e+01 4.084699999999999998e-01
-5.875000000000000000e+01 -9.895287958115185134e+00 3.164020000000000166e-01
-5.875000000000000000e+01 -8.952879581151833577e+00 6.434900000000000342e-02
-5.875000000000000000e+01 -8.010471204188482020e+00 3.752999999999999826e-03
-5.875000000000000000e+01 -7.068062827225130462e+00 3.778719999999999857e-01
-5.875000000000000000e+01 -6.125654450261779793e+00 3.946999999999999814e-02
-5.875000000000000000e+01 -5.183246073298429124e+00 1.311000000000000099e-03
-5.875000000000000000e+01 -4.240837696335078455e+00 3.658210000000000073e-01
-5.875000000000000000e+01 -3.298429319371727786e+00 8.373450000000000060e-01
-5.875000000000000000e+01 -2.356020942408377117e+00 3.217999999999999750e-01
-5.875000000000000000e+01 -1.413612565445026226e+00 8.805999999999999592e-03
-5.875000000000000000e+01 -4.712041884816753901e-01 8.059999999999999673e-04
-5.875000000000000000e+01 4.712041884816753901e-01 8.059999999999999673e-04
-5.750000000000000000e+01 -1.366492146596859136e+01 5.404300000000000076e-02
-5.750000000000000000e+01 -1.272251308900523981e+01 6.454000000000000015e-02
-5.750000000000000000e+01 -1.178010471204188825e+01 5.115100000000000202e-01
-5.750000000000000000e+01 -1.083769633507853669e+01 3.866720000000000157e-01
-5.750000000000000000e+01 -9.895287958115185134e+00 5.478180000000000271e-01
-5.750000000000000000e+01 -8.952879581151833577e+00 2.669300000000000145e-02
-5.750000000000000000e+01 -8.010471204188482020e+00 2.475000000000000203e-03
-5.750000000000000000e+01 -7.068062827225130462e+00 1.929000000000000159e-02
-5.750000000000000000e+01 -6.125654450261779793e+00 3.322160000000000113e-01
-5.750000000000000000e+01 -5.183246073298429124e+00 2.676699999999999913e-02
-5.750000000000000000e+01 -4.240837696335078455e+00 1.866549999999999876e-01
-5.750000000000000000e+01 -3.298429319371727786e+00 5.125750000000000028e-01
-5.750000000000000000e+01 -2.356020942408377117e+00 1.087660000000000016e-01
-5.750000000000000000e+01 -1.413612565445026226e+00 1.424399999999999972e-02
-5.750000000000000000e+01 -4.712041884816753901e-01 5.193199999999999900e-02
-5.750000000000000000e+01 4.712041884816753901e-01 5.193199999999999900e-02
-5.750000000000000000e+01 1.413612565445026226e+00 1.665580000000000116e-01
-5.625000000000000000e+01 -1.366492146596859136e+01 3.676050000000000151e-01
-5.625000000000000000e+01 -1.272251308900523981e+01 3.458430000000000115e-01
-5.625000000000000000e+01 -1.178010471204188825e+01 7.503849999999999687e-01
-5.625000000000000000e+01 -1.083769633507853669e+01 5.164860000000000007e-01
-5.625000000000000000e+01 -9.895287958115185134e+00 8.099809999999999510e-01
-5.625000000000000000e+01 -8.952879581151833577e+00 4.395400000000000001e-02
-5.625000000000000000e+01 -8.010471204188482020e+00 1.155899999999999983e-02
-5.625000000000000000e+01 -7.068062827225130462e+00 1.535809999999999953e-01
-5.625000000000000000e+01 -6.125654450261779793e+00 3.573330000000000117e-01
-5.625000000000000000e+01 -5.183246073298429124e+00 4.743749999999999911e-01
-5.625000000000000000e+01 -4.240837696335078455e+00 4.770789999999999753e-01
-5.625000000000000000e+01 -3.298429319371727786e+00 1.140970000000000040e-01
-5.625000000000000000e+01 -2.356020942408377117e+00 4.567169999999999841e-01
-5.625000000000000000e+01 -1.413612565445026226e+00 3.711600000000000316e-02
-5.625000000000000000e+01 -4.712041884816753901e-01 2.478000000000000168e-03
-5.625000000000000000e+01 4.712041884816753901e-01 2.478000000000000168e-03
-5.625000000000000000e+01 1.413612565445026226e+00 0.000000000000000000e+00
-5.500000000000000000e+01 -1.460732984293194114e+01 1.837709999999999899e-01
-5.500000000000000000e+01 -1.366492146596859136e+01 4.329899999999999721e-02
-5.500000000000000000e+01 -1.272251308900523981e+01 4.585870000000000224e-01
-5.500000000000000000e+01 -1.178010471204188825e+01 7.661829999999999474e-01
-5.500000000000000000e+01 -1.083769633507853669e+01 8.398109999999999742e-01
-5.500000000000000000e+01 -9.895287958115185134e+00 7.655180000000000318e-01
-5.500000000000000000e+01 -8.952879581151833577e+00 9.521899999999999809e-02
-5.500000000000000000e+01 -8.010471204188482020e+00 3.313169999999999726e-01
-5.500000000000000000e+01 -7.068062827225130462e+00 3.308610000000000162e-01
-5.500000000000000000e+01 -6.125654450261779793e+00 8.209700000000000331e-02
-5.500000000000000000e+01 -5.183246073298429124e+00 3.884399999999999659e-02
-5.500000000000000000e+01 -4.240837696335078455e+00 5.706240000000000201e-01
-5.500000000000000000e+01 -3.298429319371727786e+00 5.820370000000000266e-01
-5.500000000000000000e+01 -2.356020942408377117e+00 6.298660000000000370e-01
-5.500000000000000000e+01 -1.413612565445026226e+00 3.691500000000000337e-02
-5.500000000000000000e+01 -4.712041884816753901e-01 2.420000000000000005e-04
-5.500000000000000000e+01 4.712041884816753901e-01 2.420000000000000005e-04
-5.500000000000000000e+01 1.413612565445026226e+00 2.420000000000000005e-04
-5.500000000000000000e+01 2.356020942408377117e+00 5.760000000000000146e-04
-5.375000000000000000e+01 -1.460732984293194114e+01 4.079999999999999968e-04
-5.375000000000000000e+01 -1.366492146596859136e+01 4.145000000000000073e-02
-5.375000000000000000e+01 -1.272251308900523981e+01 2.130199999999999871e-01
-5.375000000000000000e+01 -1.178010471204188825e+01 2.041109999999999869e-01
-5.375000000000000000e+01 -1.083769633507853669e+01 2.820469999999999922e-01
-5.375000000000000000e+01 -9.895287958115185134e+00 3.524930000000000008e-01
-5.375000000000000000e+01 -8.952879581151833577e+00 1.337400000000000047e-02
-5.375000000000000000e+01 -8.010471204188482020e+00 8.000000000000000654e-05
-5.375000000000000000e+01 -7.068062827225130462e+00 2.101000000000000003e-03
-5.375000000000000000e+01 -6.125654450261779793e+00 6.347000000000000211e-03
-5.375000000000000000e+01 -5.183246073298429124e+00 3.327999999999999795e-03
-5.375000000000000000e+01 -4.240837696335078455e+00 5.467940000000000023e-01
-5.375000000000000000e+01 -3.298429319371727786e+00 6.118799999999999795e-01
-5.375000000000000000e+01 -2.356020942408377117e+00 4.946119999999999961e-01
-5.375000000000000000e+01 -1.413612565445026226e+00 1.090440000000000020e-01
-5.375000000000000000e+01 -4.712041884816753901e-01 9.719999999999999907e-04
-5.375000000000000000e+01 4.712041884816753901e-01 9.719999999999999907e-04
-5.375000000000000000e+01 1.413612565445026226e+00 1.217999999999999899e-03
-5.375000000000000000e+01 2.356020942408377117e+00 1.054000000000000032e-03
-5.250000000000000000e+01 -1.366492146596859136e+01 1.288800000000000015e-02
-5.250000000000000000e+01 -1.272251308900523981e+01 2.157610000000000083e-01
-5.250000000000000000e+01 -1.178010471204188825e+01 1.361199999999999910e-01
-5.250000000000000000e+01 -1.083769633507853669e+01 3.085309999999999997e-01
-5.250000000000000000e+01 -9.895287958115185134e+00 9.963199999999999834e-02
-5.250000000000000000e+01 -8.952879581151833577e+00 5.699999999999999772e-04
-5.250000000000000000e+01 -8.010471204188482020e+00 1.825000000000000016e-03
-5.250000000000000000e+01 -7.068062827225130462e+00 1.878099999999999908e-02
-5.250000000000000000e+01 -6.125654450261779793e+00 4.149599999999999816e-02
-5.250000000000000000e+01 -5.183246073298429124e+00 1.755000000000000050e-03
-5.250000000000000000e+01 -4.240837696335078455e+00 1.600820000000000021e-01
-5.250000000000000000e+01 -3.298429319371727786e+00 4.007490000000000219e-01
-5.250000000000000000e+01 -2.356020942408377117e+00 4.569299999999999751e-02
-5.250000000000000000e+01 -1.413612565445026226e+00 5.060059999999999558e-01
-5.250000000000000000e+01 -4.712041884816753901e-01 7.263600000000000612e-02
-5.250000000000000000e+01 4.712041884816753901e-01 7.263600000000000612e-02
-5.125000000000000000e+01 -8.952879581151833577e+00 5.956489999999999840e-01
-5.125000000000000000e+01 -8.010471204188482020e+00 4.195169999999999733e-01
-5.125000000000000000e+01 -7.068062827225130462e+00 4.634480000000000266e-01
-5.125000000000000000e+01 -5.183246073298429124e+00 1.905290000000000039e-01
-5.125000000000000000e+01 -4.240837696335078455e+00 3.560030000000000139e-01
-5.125000000000000000e+01 -3.298429319371727786e+00 5.440120000000000511e-01
-5.125000000000000000e+01 -2.356020942408377117e+00 1.452130000000000087e-01
-5.000000000000000000e+01 -3.298429319371727786e+00 6.835529999999999662e-01
