-7.875000000000000000e+01 -6.125654450261779793e+00 4.956470000000000042e-01
-7.875000000000000000e+01 -5.183246073298429124e+00 1.808279999999999887e-01
-7.875000000000000000e+01 -4.240837696335078455e+00 2.365319999999999923e-01
-7.875000000000000000e+01 -3.298429319371727786e+00 3.613000000000000100e-01
-7.875000000000000000e+01 -2.356020942408377117e+00 0.000000000000000000e+00
-7.875000000000000000e+01 -1.413612565445026226e+00 0.000000000000000000e+00
-7.750000000000000000e+01 -8.952879581151833577e+00 1.875680000000000125e-01
-7.750000000000000000e+01 -8.010471204188482020e+00 1.435049999999999937e-01
-7.750000000000000000e+01 -7.068062827225130462e+00 2.830389999999999850e-01
-7.750000000000000000e+01 -6.125654450261779793e+00 4.828489999999999727e-01
-7.750000000000000000e+01 -5.183246073298429124e+00 1.140479999999999966e-01
-7.750000000000000000e+01 -4.240837696335078455e+00 2.908600000000000074e-02
-7.750000000000000000e+01 -3.298429319371727786e+00 2.688710000000000266e-01
-7.750000000000000000e+01 -2.356020942408377117e+00 1.570090000000000097e-01
-7.750000000000000000e+01 -1.413612565445026226e+00 2.776589999999999892e-01
-7.750000000000000000e+01 -4.712041884816753901e-01 1.874379999999999935e-01
-7.750000000000000000e+01 4.712041884816753901e-01 1.874379999999999935e-01
-7.625000000000000000e+01 -1.083769633507853669e+01 6.227699999999999902e-02
-7.625000000000000000e+01 -9.895287958115185134e+00 1.247439999999999938e-01
-7.625000000000000000e+01 -8.952879581151833577e+00 3.458069999999999755e-01
-7.625000000000000000e+01 -8.010471204188482020e+00 8.747599999999999820e-02
-7.625000000000000000e+01 -7.068062827225130462e+00 1.898440000000000127e-01
-7.625000000000000000e+01 -6.125654450261779793e+00 2.604259999999999908e-01
-7.625000000000000000e+01 -5.183246073298429124e+00 4.002700000000000008e-02
-7.625000000000000000e+01 -4.240837696335078455e+00 1.472000000000000001e-03
-7.625000000000000000e+01 -3.298429319371727786e+00 3.983000000000000429e-03
-7.625000000000000000e+01 -2.356020942408377117e+00 2.553000000000000148e-03
-7.625000000000000000e+01 -1.413612565445026226e+00 2.611000000000000040e-03
-7.625000000000000000e+01 -4.712041884816753901e-01 6.981199999999999906e-02
-7.625000000000000000e+01 4.712041884816753901e-01 6.981199999999999906e-02
-7.625000000000000000e+01 1.413612565445026226e+00 6.300639999999999574e-01
-7.500000000000000000e+01 -1.366492146596859136e+01 7.814200000000000312e-02
-7.500000000000000000e+01 -1.272251308900523981e+01 1.417779999999999874e-01
-7.500000000000000000e+01 -1.178010471204188825e+01 1.237540000000000029e-01
-7.500000000000000000e+01 -1.083769633507853669e+01 3.070959999999999801e-01
-7.500000000000000000e+01 -9.895287958115185134e+00 1.421149999999999913e-01
-7.500000000000000000e+01 -8.952879581151833577e+00 3.767429999999999946e-01
-7.500000000000000000e+01 -8.010471204188482020e+00 2.000830000000000108e-01
-7.500000000000000000e+01 -7.068062827225130462e+00 3.468899999999999761e-02
-7.500000000000000000e+01 -6.125654450261779793e+00 6.070300000000000001e-02
-7.500000000000000000e+01 -5.183246073298429124e+00 4.566900000000000126e-02
-7.500000000000000000e+01 -4.240837696335078455e+00 2.003299999999999872e-02
-7.500000000000000000e+01 -3.298429319371727786e+00 2.305999999999999890e-03
-7.500000000000000000e+01 -2.356020942408377117e+00 6.376999999999999856e-03
-7.500000000000000000e+01 -1.413612565445026226e+00 5.597000000000000412e-03
-7.500000000000000000e+01 -4.712041884816753901e-01 2.222800000000000123e-02
-7.500000000000000000e+01 4.712041884816753901e-01 2.222800000000000123e-02
-7.500000000000000000e+01 1.413612565445026226e+00 4.008450000000000069e-01
-7.500000000000000000e+01 2.356020942408377117e+00 7.957659999999999734e-01
-7.375000000000000000e+01 -1.460732984293194114e+01 0.000000000000000000e+00
-7.375000000000000000e+01 -1.366492146596859136e+01 1.302490000000000037e-01
-7.375000000000000000e+01 -1.272251308900523981e+01 7.920099999999999363e-02
-7.375000000000000000e+01 -1.178010471204188825e+01 9.578799999999999815e-02
-7.375000000000000000e+01 -1.083769633507853669e+01 8.320900000000000518e-02
-7.375000000000000000e+01 -9.895287958115185134e+00 5.662699999999999678e-02
-7.375000000000000000e+01 -8.952879581151833577e+00 8.125499999999999390e-02
-7.375000000000000000e+01 -8.010471204188482020e+00 7.095200000000000118e-02
-7.375000000000000000e+01 -7.068062827225130462e+00 2.353799999999999989e-02
-7.375000000000000000e+01 -6.125654450261779793e+00 2.464699999999999877e-02
-7.375000000000000000e+01 -5.183246073298429124e+00 7.177999999999999658e-02
-7.375000000000000000e+01 -4.240837696335078455e+00 2.272499999999999867e-02
-7.375000000000000000e+01 -3.298429319371727786e+00 7.262000000000000226e-03
-7.375000000000000000e+01 -2.356020942408377117e+00 5.409999999999999878e-03
-7.375000000000000000e+01 -1.413612565445026226e+00 4.874499999999999666e-02
-7.375000000000000000e+01 -4.712041884816753901e-01 2.467000000000000009e-03
-7.375000000000000000e+01 4.712041884816753901e-01 2.467000000000000009e-03
-7.375000000000000000e+01 1.413612565445026226e+00 3.635300000000000337e-02
-7.250000000000000000e+01 -1.460732984293194114e+01 5.432000000000000196e-03
-7.250000000000000000e+01 -1.366492146596859136e+01 1.374849999999999961e-01
-7.250000000000000000e+01 -1.272251308900523981e+01 1.645840000000000081e-01
-7.250000000000000000e+01 -1.178010471204188825e+01 4.293199999999999794e-02
-7.250000000000000000e+01 -1.083769633507853669e+01 6.879999999999999831e-03
-7.250000000000000000e+01 -9.895287958115185134e+00 0.000000000000000000e+00
-7.250000000000000000e+01 -8.952879581151833577e+00 9.388999999999999777e-03
-7.250000000000000000e+01 -8.010471204188482020e+00 2.619090000000000029e-01
-7.250000000000000000e+01 -7.068062827225130462e+00 1.042529999999999984e-01
-7.250000000000000000e+01 -6.125654450261779793e+00 9.730000000000000151e-04
-7.250000000000000000e+01 -5.183246073298429124e+00 9.737000000000000863e-03
-7.250000000000000000e+01 -4.240837696335078455e+00 1.123389999999999944e-01
-7.250000000000000000e+01 -3.298429319371727786e+00 2.123999999999999846e-02
-7.250000000000000000e+01 -2.356020942408377117e+00 2.050899999999999945e-02
-7.250000000000000000e+01 -1.413612565445026226e+00 5.179999999999999709e-03
-7.250000000000000000e+01 -4.712041884816753901e-01 6.908000000000000078e-03
-7.250000000000000000e+01 4.712041884816753901e-01 6.908000000000000078e-03
-7.250000000000000000e+01 1.413612565445026226e+00 1.020399999999999953e-02
-7.125000000000000000e+01 -1.460732984293194114e+01 9.079900000000000471e-02
-7.125000000000000000e+01 -1.366492146596859136e+01 2.439500000000000002e-02
-7.125000000000000000e+01 -1.272251308900523981e+01 1.008759999999999935e-01
-7.125000000000000000e+01 -1.178010471204188825e+01 0.000000000000000000e+00
-7.125000000000000000e+01 -1.083769633507853669e+01 0.000000000000000000e+00
-7.125000000000000000e+01 -9.895287958115185134e+00 6.791000000000000161e-03
-7.125000000000000000e+01 -8.952879581151833577e+00 4.558000000000000246e-02
-7.125000000000000000e+01 -8.010471204188482020e+00 2.923310000000000075e-01
-7.125000000000000000e+01 -7.068062827225130462e+00 3.967000000000000040e-03
-7.125000000000000000e+01 -6.125654450261779793e+00 4.655000000000000283e-03
-7.125000000000000000e+01 -5.183246073298429124e+00 2.429999999999999977e-04
-7.125000000000000000e+01 -4.240837696335078455e+00 2.509099999999999872e-02
-7.125000000000000000e+01 -3.298429319371727786e+00 1.589999999999999888e-04
-7.125000000000000000e+01 -2.356020942408377117e+00 2.793400000000000050e-02
-7.125000000000000000e+01 -1.413612565445026226e+00 3.592000000000000141e-03
-7.125000000000000000e+01 -4.712041884816753901e-01 0.000000000000000000e+00
-7.125000000000000000e+01 4.712041884816753901e-01 0.000000000000000000e+00
-7.125000000000000000e+01 1.413612565445026226e+00 5.622699999999999920e-02
-7.000000000000000000e+01 -1.366492146596859136e+01 8.580000000000000820e-03
-7.000000000000000000e+01 -1.272251308900523981e+01 1.588600000000000012e-01
-7.000000000000000000e+01 -1.178010471204188825e+01 5.537000000000000255e-03
-7.000000000000000000e+01 -1.083769633507853669e+01 1.808019999999999905e-01
-7.000000000000000000e+01 -9.895287958115185134e+00 3.200000000000000262e-04
-7.000000000000000000e+01 -8.952879581151833577e+00 9.951999999999999735e-02
-7.000000000000000000e+01 -8.010471204188482020e+00 1.592469999999999997e-01
-7.000000000000000000e+01 -7.068062827225130462e+00 2.917700000000000154e-02
-7.000000000000000000e+01 -6.125654450261779793e+00 1.861000000000000024e-03
-7.000000000000000000e+01 -5.183246073298429124e+00 8.040000000000000271e-04
-7.000000000000000000e+01 -4.240837696335078455e+00 9.208700000000000219e-02
-7.000000000000000000e+01 -3.298429319371727786e+00 2.452000000000000013e-02
-7.000000000000000000e+01 -2.356020942408377117e+00 7.681999999999999593e-03
-7.000000000000000000e+01 -1.413612565445026226e+00 1.918100000000000013e-02
-7.000000000000000000e+01 -4.712041884816753901e-01 1.220300000000000031e-02
-7.000000000000000000e+01 4.712041884816753901e-01 1.220300000000000031e-02
-7.000000000000000000e+01 1.413612565445026226e+00 4.385000000000000009e-03
-6.875000000000000000e+01 -1.554973821989529448e+01 6.769999999999999759e-04
-6.875000000000000000e+01 -1.460732984293194114e+01 2.498399999999999926e-02
-6.875000000000000000e+01 -1.366492146596859136e+01 8.765000000000000221e-03
-6.875000000000000000e+01 -1.272251308900523981e+01 1.207389999999999991e-01
-6.875000000000000000e+01 -1.178010471204188825e+01 2.747700000000000142e-01
-6.875000000000000000e+01 -1.083769633507853669e+01 4.753240000000000243e-01
-6.875000000000000000e+01 -9.895287958115185134e+00 6.758799999999999530e-02
-6.875000000000000000e+01 -8.952879581151833577e+00 3.193719999999999892e-01
-6.875000000000000000e+01 -8.010471204188482020e+00 3.200000000000000262e-04
-6.875000000000000000e+01 -7.068062827225130462e+00 2.047999999999999907e-03
-6.875000000000000000e+01 -6.125654450261779793e+00 1.129999999999999928e-03
-6.875000000000000000e+01 -5.183246073298429124e+00 4.840000000000000010e-04
-6.875000000000000000e+01 -4.240837696335078455e+00 4.423999999999999981e-03
-6.875000000000000000e+01 -3.298429319371727786e+00 7.030999999999999923e-03
-6.875000000000000000e+01 -2.356020942408377117e+00 4.342000000000000373e-03
-6.875000000000000000e+01 -1.413612565445026226e+00 3.707999999999999925e-03
-6.875000000000000000e+01 -4.712041884816753901e-01 1.129100000000000069e-02
-6.875000000000000000e+01 4.712041884816753901e-01 1.129100000000000069e-02
-6.875000000000000000e+01 1.413612565445026226e+00 1.297599999999999969e-02
-6.875000000000000000e+01 2.356020942408377117e+00 6.295000000000000248e-03
-6.750000000000000000e+01 -1.649214659685864603e+01 2.416290000000000104e-01
-6.750000000000000000e+01 -1.554973821989529448e+01 2.416290000000000104e-01
-6.750000000000000000e+01 -1.460732984293194114e+01 9.607100000000000362e-02
-6.750000000000000000e+01 -1.366492146596859136e+01 7.586199999999999888e-02
-6.750000000000000000e+01 -1.272251308900523981e+01 6.628000000000000211e-03
-6.750000000000000000e+01 -1.178010471204188825e+01 1.366200000000000053e-02
-6.750000000000000000e+01 -1.083769633507853669e+01 2.730299999999999949e-01
-6.750000000000000000e+01 -9.895287958115185134e+00 7.419379999999999864e-01
-6.750000000000000000e+01 -8.952879581151833577e+00 1.548090000000000022e-01
-6.750000000000000000e+01 -8.010471204188482020e+00 9.590000000000000000e-04
-6.750000000000000000e+01 -7.068062827225130462e+00 8.919999999999999978e-04
-6.750000000000000000e+01 -6.125654450261779793e+00 5.134999999999999808e-03
-6.750000000000000000e+01 -5.183246073298429124e+00 1.128000000000000096e-03
-6.750000000000000000e+01 -4.240837696335078455e+00 8.059999999999999673e-04
-6.750000000000000000e+01 -3.298429319371727786e+00 1.389100000000000057e-02
-6.750000000000000000e+01 -2.356020942408377117e+00 3.310000000000000225e-04
-6.750000000000000000e+01 -1.413612565445026226e+00 8.000000000000000654e-05
-6.750000000000000000e+01 -4.712041884816753901e-01 8.989999999999999511e-04
-6.750000000000000000e+01 4.712041884816753901e-01 8.989999999999999511e-04
-6.750000000000000000e+01 1.413612565445026226e+00 6.081999999999999733e-03
-6.750000000000000000e+01 2.356020942408377117e+00 7.219999999999999855e-04
-6.625000000000000000e+01 -1.837696335078534560e+01 8.382100000000000661e-02
-6.625000000000000000e+01 -1.743455497382199582e+01 2.053109999999999935e-01
-6.625000000000000000e+01 -1.649214659685864603e+01 3.575000000000000053e-03
-6.625000000000000000e+01 -1.554973821989529448e+01 3.575000000000000053e-03
-6.625000000000000000e+01 -1.460732984293194114e+01 8.274999999999999370e-03
-6.625000000000000000e+01 -1.366492146596859136e+01 1.134000000000000025e-03
-6.625000000000000000e+01 -1.272251308900523981e+01 0.000000000000000000e+00
-6.625000000000000000e+01 -1.178010471204188825e+01 6.788999999999999896e-03
-6.625000000000000000e+01 -1.083769633507853669e+01 1.052860000000000046e-01
-6.625000000000000000e+01 -9.895287958115185134e+00 2.333439999999999959e-01
-6.625000000000000000e+01 -8.952879581151833577e+00 8.329999999999999905e-02
-6.625000000000000000e+01 -8.010471204188482020e+00 2.295000000000000165e-03
-6.625000000000000000e+01 -7.068062827225130462e+00 8.109999999999999805e-04
-6.625000000000000000e+01 -6.125654450261779793e+00 1.610000000000000103e-04
-6.625000000000000000e+01 -5.183246073298429124e+00 3.260000000000000094e-04
-6.625000000000000000e+01 -4.240837696335078455e+00 3.536000000000000081e-03
-6.625000000000000000e+01 -3.298429319371727786e+00 1.376199999999999993e-02
-6.625000000000000000e+01 -2.356020942408377117e+00 6.198000000000000384e-03
-6.625000000000000000e+01 -1.413612565445026226e+00 0.000000000000000000e+00
-6.625000000000000000e+01 -4.712041884816753901e-01 2.425000000000000072e-03
-6.625000000000000000e+01 4.712041884816753901e-01 2.425000000000000072e-03
-6.625000000000000000e+01 1.413612565445026226e+00 7.673599999999999866e-02
-6.625000000000000000e+01 2.356020942408377117e+00 6.765400000000000580e-02
-6.500000000000000000e+01 -1.837696335078534560e+01 2.623899999999999844e-02
-6.500000000000000000e+01 -1.743455497382199582e+01 4.300089999999999746e-01
-6.500000000000000000e+01 -1.649214659685864603e+01 1.359199999999999992e-02
-6.500000000000000000e+01 -1.554973821989529448e+01 1.359199999999999992e-02
-6.500000000000000000e+01 -1.460732984293194114e+01 5.524000000000000264e-03
-6.500000000000000000e+01 -1.366492146596859136e+01 3.310000000000000008e-03
-6.500000000000000000e+01 -1.272251308900523981e+01 1.744000000000000107e-03
-6.500000000000000000e+01 -1.178010471204188825e+01 8.248999999999999388e-03
-6.500000000000000000e+01 -1.083769633507853669e+01 1.866059999999999941e-01
-6.500000000000000000e+01 -9.895287958115185134e+00 4.870389999999999997e-01
-6.500000000000000000e+01 -8.952879581151833577e+00 1.575890000000000069e-01
-6.500000000000000000e+01 -8.010471204188482020e+00 3.080999999999999971e-03
-6.500000000000000000e+01 -7.068062827225130462e+00 4.605200000000000266e-02
-6.500000000000000000e+01 -6.125654450261779793e+00 1.147999999999999932e-03
-6.500000000000000000e+01 -5.183246073298429124e+00 4.249000000000000173e-03
-6.500000000000000000e+01 -4.240837696335078455e+00 8.316999999999999740e-03
-6.500000000000000000e+01 -3.298429319371727786e+00 3.965300000000000075e-02
-6.500000000000000000e+01 -2.356020942408377117e+00 4.329999999999999648e-03
-6.500000000000000000e+01 -1.413612565445026226e+00 1.791999999999999973e-03
-6.500000000000000000e+01 -4.712041884816753901e-01 7.742999999999999883e-03
-6.500000000000000000e+01 4.712041884816753901e-01 7.742999999999999883e-03
-6.500000000000000000e+01 1.413612565445026226e+00 2.658999999999999905e-03
-6.375000000000000000e+01 -2.026178010471204516e+01 0.000000000000000000e+00
-6.375000000000000000e+01 -1.931937172774869538e+01 1.829449999999999965e-01
-6.375000000000000000e+01 -1.837696335078534560e+01 1.444020000000000026e-01
-6.375000000000000000e+01 -1.743455497382199582e+01 5.098270000000000302e-01
-6.375000000000000000e+01 -1.649214659685864603e+01 6.025500000000000300e-02
-6.375000000000000000e+01 -1.554973821989529448e+01 6.025500000000000300e-02
-6.375000000000000000e+01 -1.460732984293194114e+01 2.487599999999999881e-02
-6.375000000000000000e+01 -1.366492146596859136e+01 3.138999999999999863e-03
-6.375000000000000000e+01 -1.272251308900523981e+01 2.843000000000000041e-03
-6.375000000000000000e+01 -1.178010471204188825e+01 4.710750000000000215e-01
-6.375000000000000000e+01 -1.083769633507853669e+01 5.539399999999999880e-02
-6.375000000000000000e+01 -9.895287958115185134e+00 4.610969999999999791e-01
-6.375000000000000000e+01 -8.952879581151833577e+00 7.448700000000000321e-01
-6.375000000000000000e+01 -8.010471204188482020e+00 2.868189999999999906e-01
-6.375000000000000000e+01 -7.068062827225130462e+00 4.187199999999999950e-02
-6.375000000000000000e+01 -6.125654450261779793e+00 4.970999999999999724e-03
-6.375000000000000000e+01 -5.183246073298429124e+00 1.190599999999999992e-02
-6.375000000000000000e+01 -4.240837696335078455e+00 4.961800000000000238e-02
-6.375000000000000000e+01 -3.298429319371727786e+00 1.724000000000000055e-03
-6.375000000000000000e+01 -2.356020942408377117e+00 3.249999999999999851e-04
-6.375000000000000000e+01 -1.413612565445026226e+00 3.240000000000000150e-04
-6.375000000000000000e+01 -4.712041884816753901e-01 1.828999999999999897e-03
-6.375000000000000000e+01 4.712041884816753901e-01 1.828999999999999897e-03
-6.375000000000000000e+01 1.413612565445026226e+00 0.000000000000000000e+00
-6.375000000000000000e+01 3.298429319371727786e+00 1.303999999999999951e-02
-6.250000000000000000e+01 -1.931937172774869538e+01 3.765749999999999931e-01
-6.250000000000000000e+01 -1.837696335078534560e+01 7.083810000000000384e-01
-6.250000000000000000e+01 -1.743455497382199582e+01 7.862510000000000332e-01
-6.250000000000000000e+01 -1.649214659685864603e+01 9.481299999999999450e-02
-6.250000000000000000e+01 -1.554973821989529448e+01 9.481299999999999450e-02
-6.250000000000000000e+01 -1.460732984293194114e+01 7.910999999999999630e-03
-6.250000000000000000e+01 -1.366492146596859136e+01 2.263999999999999953e-03
-6.250000000000000000e+01 -1.272251308900523981e+01 1.108800000000000063e-02
-6.250000000000000000e+01 -1.178010471204188825e+01 5.239549999999999486e-01
-6.250000000000000000e+01 -1.083769633507853669e+01 4.242159999999999820e-01
-6.250000000000000000e+01 -9.895287958115185134e+00 9.571260000000000323e-01
-6.250000000000000000e+01 -8.952879581151833577e+00 4.243290000000000117e-01
-6.250000000000000000e+01 -8.010471204188482020e+00 2.115339999999999998e-01
-6.250000000000000000e+01 -7.068062827225130462e+00 3.308249999999999802e-01
-6.250000000000000000e+01 -6.125654450261779793e+00 3.708800000000000291e-02
-6.250000000000000000e+01 -5.183246073298429124e+00 2.396000000000000126e-03
-6.250000000000000000e+01 -4.240837696335078455e+00 8.416700000000000570e-02
-6.250000000000000000e+01 -3.298429319371727786e+00 9.556999999999999523e-03
-6.250000000000000000e+01 -2.356020942408377117e+00 1.056999999999999997e-03
-6.250000000000000000e+01 -1.413612565445026226e+00 2.024000000000000105e-02
-6.250000000000000000e+01 -4.712041884816753901e-01 6.509999999999999945e-04
-6.250000000000000000e+01 4.712041884816753901e-01 6.509999999999999945e-04
-6.250000000000000000e+01 1.413612565445026226e+00 1.595000000000000064e-03
-6.250000000000000000e+01 2.356020942408377117e+00 8.899999999999999491e-04
-6.250000000000000000e+01 3.298429319371727786e+00 0.000000000000000000e+00
-6.125000000000000000e+01 -1.837696335078534560e+01 1.798869999999999914e-01
-6.125000000000000000e+01 -1.743455497382199582e+01 1.618799999999999961e-01
-6.125000000000000000e+01 -1.649214659685864603e+01 2.034410000000000107e-01
-6.125000000000000000e+01 -1.554973821989529448e+01 2.034410000000000107e-01
-6.125000000000000000e+01 -1.460732984293194114e+01 3.490999999999999659e-02
-6.125000000000000000e+01 -1.366492146596859136e+01 5.337800000000000183e-02
-6.125000000000000000e+01 -1.272251308900523981e+01 6.553679999999999506e-01
-6.125000000000000000e+01 -1.178010471204188825e+01 7.850599999999999801e-01
-6.125000000000000000e+01 -1.083769633507853669e+01 4.646609999999999907e-01
-6.125000000000000000e+01 -9.895287958115185134e+00 3.671300000000000119e-01
-6.125000000000000000e+01 -8.952879581151833577e+00 9.632100000000000384e-02
-6.125000000000000000e+01 -8.010471204188482020e+00 6.833000000000000185e-02
-6.125000000000000000e+01 -7.068062827225130462e+00 1.892999999999999891e-02
-6.125000000000000000e+01 -6.125654450261779793e+00 7.857799999999999507e-02
-6.125000000000000000e+01 -5.183246073298429124e+00 3.480400000000000160e-02
-6.125000000000000000e+01 -4.240837696335078455e+00 1.419799999999999951e-01
-6.125000000000000000e+01 -3.298429319371727786e+00 2.349360000000000059e-01
-6.125000000000000000e+01 -2.356020942408377117e+00 2.866000000000000058e-03
-6.125000000000000000e+01 -1.413612565445026226e+00 1.118099999999999997e-02
-6.125000000000000000e+01 -4.712041884816753901e-01 1.275249999999999995e-01
-6.125000000000000000e+01 4.712041884816753901e-01 1.275249999999999995e-01
-6.125000000000000000e+01 1.413612565445026226e+00 1.481729999999999992e-01
-6.125000000000000000e+01 2.356020942408377117e+00 5.857149999999999856e-01
-6.125000000000000000e+01 3.298429319371727786e+00 2.355500000000000094e-01
-6.125000000000000000e+01 4.240837696335078455e+00 5.051300000000000234e-02
-6.000000000000000000e+01 -1.554973821989529448e+01 1.161060000000000009e-01
-6.000000000000000000e+01 -1.460732984293194114e+01 4.030360000000000054e-01
-6.000000000000000000e+01 -1.366492146596859136e+01 4.895209999999999839e-01
-6.000000000000000000e+01 -1.272251308900523981e+01 4.122739999999999738e-01
-6.000000000000000000e+01 -1.178010471204188825e+01 1.389829999999999954e-01
-6.000000000000000000e+01 -1.083769633507853669e+01 1.990000000000000102e-02
-6.000000000000000000e+01 -9.895287958115185134e+00 2.171480000000000077e-01
-6.000000000000000000e+01 -8.952879581151833577e+00 6.590100000000000124e-02
-6.000000000000000000e+01 -8.010471204188482020e+00 4.889999999999999599e-04
-6.000000000000000000e+01 -7.068062827225130462e+00 2.148650000000000004e-01
-6.000000000000000000e+01 -6.125654450261779793e+00 4.193000000000000199e-02
-6.000000000000000000e+01 -5.183246073298429124e+00 6.747400000000000619e-02
-6.000000000000000000e+01 -4.240837696335078455e+00 3.235370000000000190e-01
-6.000000000000000000e+01 -3.298429319371727786e+00 6.946189999999999864e-01
-6.000000000000000000e+01 -2.356020942408377117e+00 5.964899999999999647e-01
-6.000000000000000000e+01 -1.413612565445026226e+00 1.457640000000000047e-01
-6.000000000000000000e+01 -4.712041884816753901e-01 3.733800000000000313e-02
-6.000000000000000000e+01 4.712041884816753901e-01 3.733800000000000313e-02
-6.000000000000000000e+01 1.413612565445026226e+00 5.807649999999999757e-01
-6.000000000000000000e+01 2.356020942408377117e+00 1.692889999999999950e-01
-6.000000000000000000e+01 3.298429319371727786e+00 1.056919999999999943e-01
-6.000000000000000000e+01 4.240837696335078455e+00 1.232199999999999962e-02
-6.000000000000000000e+01 5.183246073298429124e+00 1.274999999999999918e-02
-5.875000000000000000e+01 -1.366492146596859136e+01 4.193100000000000299e-02
-5.875000000000000000e+01 -1.272251308900523981e+01 2.258000000000000024e-03
-5.875000000000000000e+01 -1.178010471204188825e+01 2.080150000000000055e-01
-5.875000000000000000e+01 -1.083769633507853669e+01 6.114589999999999748e-01
-5.875000000000000000e+01 -9.895287958115185134e+00 5.687480000000000313e-01
-5.875000000000000000e+01 -8.952879581151833577e+00 1.119330000000000047e-01
-5.875000000000000000e+01 -8.010471204188482020e+00 2.400000000000000061e-04
-5.875000000000000000e+01 -7.068062827225130462e+00 5.211799999999999766e-02
-5.875000000000000000e+01 -6.125654450261779793e+00 1.211000000000000054e-03
-5.875000000000000000e+01 -5.183246073298429124e+00 2.213000000000000123e-03
-5.875000000000000000e+01 -4.240837696335078455e+00 2.016020000000000034e-01
-5.875000000000000000e+01 -3.298429319371727786e+00 6.328169999999999629e-01
-5.875000000000000000e+01 -2.356020942408377117e+00 7.315199999999999481e-02
-5.875000000000000000e+01 -1.413612565445026226e+00 1.467999999999999904e-03
-5.875000000000000000e+01 -4.712041884816753901e-01 0.000000000000000000e+00
-5.875000000000000000e+01 4.712041884816753901e-01 0.000000000000000000e+00
-5.750000000000000000e+01 -1.366492146596859136e+01 5.428499999999999992e-02
-5.750000000000000000e+01 -1.272251308900523981e+01 6.794100000000000139e-02
-5.750000000000000000e+01 -1.178010471204188825e+01 5.332240000000000313e-01
-5.750000000000000000e+01 -1.083769633507853669e+01 4.703269999999999951e-01
-5.750000000000000000e+01 -9.895287958115185134e+00 5.010630000000000361e-01
-5.750000000000000000e+01 -8.952879581151833577e+00 7.786800000000000666e-02
-5.750000000000000000e+01 -8.010471204188482020e+00 2.912500000000000158e-02
-5.750000000000000000e+01 -7.068062827225130462e+00 4.388000000000000407e-03
-5.750000000000000000e+01 -6.125654450261779793e+00 6.307599999999999318e-02
-5.750000000000000000e+01 -5.183246073298429124e+00 1.631999999999999987e-03
-5.750000000000000000e+01 -4.240837696335078455e+00 5.931999999999999773e-02
-5.750000000000000000e+01 -3.298429319371727786e+00 3.737159999999999926e-01
-5.750000000000000000e+01 -2.356020942408377117e+00 5.392600000000000171e-02
-5.750000000000000000e+01 -1.413612565445026226e+00 9.849000000000000116e-03
-5.750000000000000000e+01 -4.712041884816753901e-01 8.100000000000000375e-05
-5.750000000000000000e+01 4.712041884816753901e-01 8.100000000000000375e-05
-5.750000000000000000e+01 1.413612565445026226e+00 7.327000000000000179e-03
-5.625000000000000000e+01 -1.366492146596859136e+01 3.513669999999999849e-01
-5.625000000000000000e+01 -1.272251308900523981e+01 3.388220000000000121e-01
-5.625000000000000000e+01 -1.178010471204188825e+01 7.491689999999999738e-01
-5.625000000000000000e+01 -1.083769633507853669e+01 5.450139999999999985e-01
-5.625000000000000000e+01 -9.895287958115185134e+00 9.438560000000000283e-01
-5.625000000000000000e+01 -8.952879581151833577e+00 9.366299999999999626e-02
-5.625000000000000000e+01 -8.010471204188482020e+00 2.447399999999999923e-02
-5.625000000000000000e+01 -7.068062827225130462e+00 1.350139999999999951e-01
-5.625000000000000000e+01 -6.125654450261779793e+00 1.632319999999999882e-01
-5.625000000000000000e+01 -5.183246073298429124e+00 2.984829999999999983e-01
-5.625000000000000000e+01 -4.240837696335078455e+00 4.212819999999999898e-01
-5.625000000000000000e+01 -3.298429319371727786e+00 6.239800000000000207e-02
-5.625000000000000000e+01 -2.356020942408377117e+00 3.811660000000000048e-01
-5.625000000000000000e+01 -1.413612565445026226e+00 3.237400000000000000e-02
-5.625000000000000000e+01 -4.712041884816753901e-01 8.000000000000000654e-05
-5.625000000000000000e+01 4.712041884816753901e-01 8.000000000000000654e-05
-5.625000000000000000e+01 1.413612565445026226e+00 0.000000000000000000e+00
-5.500000000000000000e+01 -1.460732984293194114e+01 1.823929999999999996e-01
-5.500000000000000000e+01 -1.366492146596859136e+01 4.907199999999999757e-02
-5.500000000000000000e+01 -1.272251308900523981e+01 5.122790000000000399e-01
-5.500000000000000000e+01 -1.178010471204188825e+01 7.728000000000000425e-01
-5.500000000000000000e+01 -1.083769633507853669e+01 8.588409999999999656e-01
-5.500000000000000000e+01 -9.895287958115185134e+00 8.527209999999999512e-01
-5.500000000000000000e+01 -8.952879581151833577e+00 1.993219999999999992e-01
-5.500000000000000000e+01 -8.010471204188482020e+00 3.449690000000000256e-01
-5.500000000000000000e+01 -7.068062827225130462e+00 2.583329999999999793e-01
-5.500000000000000000e+01 -6.125654450261779793e+00 3.832300000000000290e-02
-5.500000000000000000e+01 -5.183246073298429124e+00 1.121300000000000074e-02
-5.500000000000000000e+01 -4.240837696335078455e+00 4.170479999999999743e-01
-5.500000000000000000e+01 -3.298429319371727786e+00 5.677820000000000089e-01
-5.500000000000000000e+01 -2.356020942408377117e+00 6.038019999999999499e-01
-5.500000000000000000e+01 -1.413612565445026226e+00 2.319200000000000081e-02
-5.500000000000000000e+01 -4.712041884816753901e-01 2.420000000000000005e-04
-5.500000000000000000e+01 4.712041884816753901e-01 2.420000000000000005e-04
-5.500000000000000000e+01 1.413612565445026226e+00 2.420000000000000005e-04
-5.500000000000000000e+01 2.356020942408377117e+00 5.760000000000000146e-04
-5.375000000000000000e+01 -1.460732984293194114e+01 4.079999999999999968e-04
-5.375000000000000000e+01 -1.366492146596859136e+01 4.513099999999999751e-02
-5.375000000000000000e+01 -1.272251308900523981e+01 3.249270000000000214e-01
-5.375000000000000000e+01 -1.178010471204188825e+01 2.337690000000000046e-01
-5.375000000000000000e+01 -1.083769633507853669e+01 4.430009999999999781e-01
-5.375000000000000000e+01 -9.895287958115185134e+00 4.479119999999999768e-01
-5.375000000000000000e+01 -8.952879581151833577e+00 2.280099999999999835e-02
-5.375000000000000000e+01 -8.010471204188482020e+00 8.000000000000000654e-05
-5.375000000000000000e+01 -7.068062827225130462e+00 4.686000000000000061e-03
-5.375000000000000000e+01 -6.125654450261779793e+00 4.931200000000000166e-02
-5.375000000000000000e+01 -5.183246073298429124e+00 3.157700000000000090e-02
-5.375000000000000000e+01 -4.240837696335078455e+00 4.311519999999999797e-01
-5.375000000000000000e+01 -3.298429319371727786e+00 4.747919999999999918e-01
-5.375000000000000000e+01 -2.356020942408377117e+00 4.965200000000000169e-01
-5.375000000000000000e+01 -1.413612565445026226e+00 1.121179999999999954e-01
-5.375000000000000000e+01 -4.712041884816753901e-01 1.376999999999999969e-03
-5.375000000000000000e+01 4.712041884816753901e-01 1.376999999999999969e-03
-5.375000000000000000e+01 1.413612565445026226e+00 9.271000000000000074e-02
-5.375000000000000000e+01 2.356020942408377117e+00 1.054000000000000032e-03
-5.250000000000000000e+01 -1.366492146596859136e+01 1.296800000000000036e-02
-5.250000000000000000e+01 -1.272251308900523981e+01 2.859800000000000120e-01
-5.250000000000000000e+01 -1.178010471204188825e+01 1.359579999999999955e-01
-5.250000000000000000e+01 -1.083769633507853669e+01 3.125200000000000200e-01
-5.250000000000000000e+01 -9.895287958115185134e+00 1.341789999999999927e-01
-5.250000000000000000e+01 -8.952879581151833577e+00 5.699999999999999772e-04
-5.250000000000000000e+01 -8.010471204188482020e+00 6.302999999999999575e-03
-5.250000000000000000e+01 -7.068062827225130462e+00 2.435920000000000030e-01
-5.250000000000000000e+01 -6.125654450261779793e+00 3.341810000000000058e-01
-5.250000000000000000e+01 -5.183246073298429124e+00 7.603000000000000383e-03
-5.250000000000000000e+01 -4.240837696335078455e+00 1.542429999999999912e-01
-5.250000000000000000e+01 -3.298429319371727786e+00 3.922990000000000088e-01
-5.250000000000000000e+01 -2.356020942408377117e+00 6.971900000000000319e-02
-5.250000000000000000e+01 -1.413612565445026226e+00 5.417990000000000306e-01
-5.250000000000000000e+01 -4.712041884816753901e-01 7.150399999999999812e-02
-5.250000000000000000e+01 4.712041884816753901e-01 7.150399999999999812e-02
-5.125000000000000000e+01 -8.952879581151833577e+00 6.960520000000000040e-01
-5.125000000000000000e+01 -8.010471204188482020e+00 4.709349999999999925e-01
-5.125000000000000000e+01 -7.068062827225130462e+00 6.058000000000000052e-01
-5.125000000000000000e+01 -5.183246073298429124e+00 3.282050000000000245e-01
-5.125000000000000000e+01 -4.240837696335078455e+00 5.233780000000000099e-01
-5.125000000000000000e+01 -3.298429319371727786e+00 6.568500000000000449e-01
-5.125000000000000000e+01 -2.356020942408377117e+00 3.423069999999999724e-01
-5.000000000000000000e+01 -3.298429319371727786e+00 7.267519999999999536e-01
