-7.875000000000000000e+01 -6.125654450261779793e+00 5.063969999999999860e-01
-7.875000000000000000e+01 -5.183246073298429124e+00 2.291469999999999896e-01
-7.875000000000000000e+01 -4.240837696335078455e+00 3.399809999999999777e-01
-7.875000000000000000e+01 -3.298429319371727786e+00 4.441269999999999940e-01
-7.875000000000000000e+01 -2.356020942408377117e+00 0.000000000000000000e+00
-7.875000000000000000e+01 -1.413612565445026226e+00 0.000000000000000000e+00
-7.750000000000000000e+01 -8.952879581151833577e+00 1.897490000000000010e-01
-7.750000000000000000e+01 -8.010471204188482020e+00 1.435049999999999937e-01
-7.750000000000000000e+01 -7.068062827225130462e+00 2.906290000000000262e-01
-7.750000000000000000e+01 -6.125654450261779793e+00 5.525160000000000071e-01
-7.750000000000000000e+01 -5.183246073298429124e+00 1.543970000000000065e-01
-7.750000000000000000e+01 -4.240837696335078455e+00 5.660199999999999954e-02
-7.750000000000000000e+01 -3.298429319371727786e+00 3.338340000000000196e-01
-7.750000000000000000e+01 -2.356020942408377117e+00 2.495300000000000018e-01
-7.750000000000000000e+01 -1.413612565445026226e+00 3.311919999999999864e-01
-7.750000000000000000e+01 -4.712041884816753901e-01 1.994410000000000072e-01
-7.750000000000000000e+01 4.712041884816753901e-01 1.994410000000000072e-01
-7.625000000000000000e+01 -1.083769633507853669e+01 6.584299999999999875e-02
-7.625000000000000000e+01 -9.895287958115185134e+00 1.341630000000000045e-01
-7.625000000000000000e+01 -8.952879581151833577e+00 4.116159999999999819e-01
-7.625000000000000000e+01 -8.010471204188482020e+00 1.365329999999999877e-01
-7.625000000000000000e+01 -7.068062827225130462e+00 2.710409999999999764e-01
-7.625000000000000000e+01 -6.125654450261779793e+00 3.891879999999999784e-01
-7.625000000000000000e+01 -5.183246073298429124e+00 4.002700000000000008e-02
-7.625000000000000000e+01 -4.240837696335078455e+00 1.472000000000000001e-03
-7.625000000000000000e+01 -3.298429319371727786e+00 3.983000000000000429e-03
-7.625000000000000000e+01 -2.356020942408377117e+00 2.553000000000000148e-03
-7.625000000000000000e+01 -1.413612565445026226e+00 2.611000000000000040e-03
-7.625000000000000000e+01 -4.712041884816753901e-01 5.561599999999999877e-02
-7.625000000000000000e+01 4.712041884816753901e-01 5.561599999999999877e-02
-7.625000000000000000e+01 1.413612565445026226e+00 8.005029999999999646e-01
-7.500000000000000000e+01 -1.366492146596859136e+01 7.814200000000000312e-02
-7.500000000000000000e+01 -1.272251308900523981e+01 1.417779999999999874e-01
-7.500000000000000000e+01 -1.178010471204188825e+01 1.241629999999999956e-01
-7.500000000000000000e+01 -1.083769633507853669e+01 3.668359999999999954e-01
-7.500000000000000000e+01 -9.895287958115185134e+00 1.709829999999999961e-01
-7.500000000000000000e+01 -8.952879581151833577e+00 4.672789999999999999e-01
-7.500000000000000000e+01 -8.010471204188482020e+00 2.411179999999999990e-01
-7.500000000000000000e+01 -7.068062827225130462e+00 3.560399999999999676e-02
-7.500000000000000000e+01 -6.125654450261779793e+00 6.070300000000000001e-02
-7.500000000000000000e+01 -5.183246073298429124e+00 4.566900000000000126e-02
-7.500000000000000000e+01 -4.240837696335078455e+00 2.003299999999999872e-02
-7.500000000000000000e+01 -3.298429319371727786e+00 2.305999999999999890e-03
-7.500000000000000000e+01 -2.356020942408377117e+00 6.376999999999999856e-03
-7.500000000000000000e+01 -1.413612565445026226e+00 5.597000000000000412e-03
-7.500000000000000000e+01 -4.712041884816753901e-01 2.421799999999999994e-02
-7.500000000000000000e+01 4.712041884816753901e-01 2.421799999999999994e-02
-7.500000000000000000e+01 1.413612565445026226e+00 5.374670000000000281e-01
-7.500000000000000000e+01 2.356020942408377117e+00 8.787329999999999863e-01
-7.375000000000000000e+01 -1.460732984293194114e+01 0.000000000000000000e+00
-7.375000000000000000e+01 -1.366492146596859136e+01 1.302490000000000037e-01
-7.375000000000000000e+01 -1.272251308900523981e+01 8.550199999999999467e-02
-7.375000000000000000e+01 -1.178010471204188825e+01 9.709900000000000475e-02
-7.375000000000000000e+01 -1.083769633507853669e+01 9.402599999999999847e-02
-7.375000000000000000e+01 -9.895287958115185134e+00 5.654499999999999804e-02
-7.375000000000000000e+01 -8.952879581151833577e+00 8.652700000000000669e-02
-7.375000000000000000e+01 -8.010471204188482020e+00 1.178789999999999977e-01
-7.375000000000000000e+01 -7.068062827225130462e+00 2.199100000000000013e-02
-7.375000000000000000e+01 -6.125654450261779793e+00 2.464699999999999877e-02
-7.375000000000000000e+01 -5.183246073298429124e+00 7.177999999999999658e-02
-7.375000000000000000e+01 -4.240837696335078455e+00 2.272499999999999867e-02
-7.375000000000000000e+01 -3.298429319371727786e+00 7.262000000000000226e-03
-7.375000000000000000e+01 -2.356020942408377117e+00 5.409999999999999878e-03
-7.375000000000000000e+01 -1.413612565445026226e+00 1.048499999999999988e-01
-7.375000000000000000e+01 -4.712041884816753901e-01 2.467000000000000009e-03
-7.375000000000000000e+01 4.712041884816753901e-01 2.467000000000000009e-03
-7.375000000000000000e+01 1.413612565445026226e+00 3.651700000000000085e-02
-7.250000000000000000e+01 -1.460732984293194114e+01 5.432000000000000196e-03
-7.250000000000000000e+01 -1.366492146596859136e+01 1.374849999999999961e-01
-7.250000000000000000e+01 -1.272251308900523981e+01 1.735210000000000086e-01
-7.250000000000000000e+01 -1.178010471204188825e+01 4.366600000000000342e-02
-7.250000000000000000e+01 -1.083769633507853669e+01 6.879999999999999831e-03
-7.250000000000000000e+01 -9.895287958115185134e+00 0.000000000000000000e+00
-7.250000000000000000e+01 -8.952879581151833577e+00 1.028699999999999927e-02
-7.250000000000000000e+01 -8.010471204188482020e+00 4.164780000000000149e-01
-7.250000000000000000e+01 -7.068062827225130462e+00 1.330900000000000138e-01
-7.250000000000000000e+01 -6.125654450261779793e+00 9.730000000000000151e-04
-7.250000000000000000e+01 -5.183246073298429124e+00 9.737000000000000863e-03
-7.250000000000000000e+01 -4.240837696335078455e+00 1.123389999999999944e-01
-7.250000000000000000e+01 -3.298429319371727786e+00 2.123999999999999846e-02
-7.250000000000000000e+01 -2.356020942408377117e+00 5.788999999999999702e-02
-7.250000000000000000e+01 -1.413612565445026226e+00 1.809099999999999944e-02
-7.250000000000000000e+01 -4.712041884816753901e-01 6.908000000000000078e-03
-7.250000000000000000e+01 4.712041884816753901e-01 6.908000000000000078e-03
-7.250000000000000000e+01 1.413612565445026226e+00 1.020399999999999953e-02
-7.125000000000000000e+01 -1.460732984293194114e+01 9.079900000000000471e-02
-7.125000000000000000e+01 -1.366492146596859136e+01 2.439500000000000002e-02
-7.125000000000000000e+01 -1.272251308900523981e+01 1.651519999999999933e-01
-7.125000000000000000e+01 -1.178010471204188825e+01 0.000000000000000000e+00
-7.125000000000000000e+01 -1.083769633507853669e+01 0.000000000000000000e+00
-7.125000000000000000e+01 -9.895287958115185134e+00 6.791000000000000161e-03
-7.125000000000000000e+01 -8.952879581151833577e+00 7.299300000000000233e-02
-7.125000000000000000e+01 -8.010471204188482020e+00 5.131539999999999990e-01
-7.125000000000000000e+01 -7.068062827225130462e+00 1.279100000000000029e-02
-7.125000000000000000e+01 -6.125654450261779793e+00 4.655000000000000283e-03
-7.125000000000000000e+01 -5.183246073298429124e+00 2.429999999999999977e-04
-7.125000000000000000e+01 -4.240837696335078455e+00 3.305899999999999811e-02
-7.125000000000000000e+01 -3.298429319371727786e+00 2.390000000000000089e-04
-7.125000000000000000e+01 -2.356020942408377117e+00 4.100299999999999778e-02
-7.125000000000000000e+01 -1.413612565445026226e+00 3.592000000000000141e-03
-7.125000000000000000e+01 -4.712041884816753901e-01 0.000000000000000000e+00
-7.125000000000000000e+01 4.712041884816753901e-01 0.000000000000000000e+00
-7.125000000000000000e+01 1.413612565445026226e+00 9.808999999999999664e-02
-7.000000000000000000e+01 -1.366492146596859136e+01 8.580000000000000820e-03
-7.000000000000000000e+01 -1.272251308900523981e+01 3.398410000000000042e-01
-7.000000000000000000e+01 -1.178010471204188825e+01 3.175599999999999951e-02
-7.000000000000000000e+01 -1.083769633507853669e+01 3.163819999999999966e-01
-7.000000000000000000e+01 -9.895287958115185134e+00 2.402299999999999922e-02
-7.000000000000000000e+01 -8.952879581151833577e+00 1.957879999999999898e-01
-7.000000000000000000e+01 -8.010471204188482020e+00 3.052019999999999733e-01
-7.000000000000000000e+01 -7.068062827225130462e+00 3.717100000000000265e-02
-7.000000000000000000e+01 -6.125654450261779793e+00 1.861000000000000024e-03
-7.000000000000000000e+01 -5.183246073298429124e+00 8.040000000000000271e-04
-7.000000000000000000e+01 -4.240837696335078455e+00 1.218260000000000037e-01
-7.000000000000000000e+01 -3.298429319371727786e+00 6.505900000000000571e-02
-7.000000000000000000e+01 -2.356020942408377117e+00 2.216699999999999920e-02
-7.000000000000000000e+01 -1.413612565445026226e+00 3.412799999999999861e-02
-7.000000000000000000e+01 -4.712041884816753901e-01 1.220300000000000031e-02
-7.000000000000000000e+01 4.712041884816753901e-01 1.220300000000000031e-02
-7.000000000000000000e+01 1.413612565445026226e+00 7.634000000000000161e-03
-6.875000000000000000e+01 -1.554973821989529448e+01 6.769999999999999759e-04
-6.875000000000000000e+01 -1.460732984293194114e+01 3.441700000000000315e-02
-6.875000000000000000e+01 -1.366492146596859136e+01 9.901000000000000079e-03
-6.875000000000000000e+01 -1.272251308900523981e+01 1.233680000000000054e-01
-6.875000000000000000e+01 -1.178010471204188825e+01 3.406339999999999923e-01
-6.875000000000000000e+01 -1.083769633507853669e+01 5.845219999999999860e-01
-6.875000000000000000e+01 -9.895287958115185134e+00 1.011399999999999938e-01
-6.875000000000000000e+01 -8.952879581151833577e+00 4.282560000000000255e-01
-6.875000000000000000e+01 -8.010471204188482020e+00 6.727000000000000340e-03
-6.875000000000000000e+01 -7.068062827225130462e+00 2.047999999999999907e-03
-6.875000000000000000e+01 -6.125654450261779793e+00 1.129999999999999928e-03
-6.875000000000000000e+01 -5.183246073298429124e+00 4.840000000000000010e-04
-6.875000000000000000e+01 -4.240837696335078455e+00 4.423999999999999981e-03
-6.875000000000000000e+01 -3.298429319371727786e+00 7.030999999999999923e-03
-6.875000000000000000e+01 -2.356020942408377117e+00 5.571000000000000431e-03
-6.875000000000000000e+01 -1.413612565445026226e+00 9.915000000000000202e-03
-6.875000000000000000e+01 -4.712041884816753901e-01 1.129100000000000069e-02
-6.875000000000000000e+01 4.712041884816753901e-01 1.129100000000000069e-02
-6.875000000000000000e+01 1.413612565445026226e+00 1.542499999999999948e-02
-6.875000000000000000e+01 2.356020942408377117e+00 6.131000000000000165e-03
-6.750000000000000000e+01 -1.649214659685864603e+01 2.746230000000000060e-01
-6.750000000000000000e+01 -1.554973821989529448e+01 2.746230000000000060e-01
-6.750000000000000000e+01 -1.460732984293194114e+01 1.427859999999999963e-01
-6.750000000000000000e+01 -1.366492146596859136e+01 1.089659999999999934e-01
-6.750000000000000000e+01 -1.272251308900523981e+01 1.333699999999999990e-02
-6.750000000000000000e+01 -1.178010471204188825e+01 1.775200000000000042e-02
-6.750000000000000000e+01 -1.083769633507853669e+01 3.742099999999999871e-01
-6.750000000000000000e+01 -9.895287958115185134e+00 7.974170000000000424e-01
-6.750000000000000000e+01 -8.952879581151833577e+00 2.145700000000000107e-01
-6.750000000000000000e+01 -8.010471204188482020e+00 1.038999999999999993e-03
-6.750000000000000000e+01 -7.068062827225130462e+00 8.919999999999999978e-04
-6.750000000000000000e+01 -6.125654450261779793e+00 5.297999999999999758e-03
-6.750000000000000000e+01 -5.183246073298429124e+00 1.128000000000000096e-03
-6.750000000000000000e+01 -4.240837696335078455e+00 8.059999999999999673e-04
-6.750000000000000000e+01 -3.298429319371727786e+00 1.562799999999999953e-02
-6.750000000000000000e+01 -2.356020942408377117e+00 3.310000000000000225e-04
-6.750000000000000000e+01 -1.413612565445026226e+00 8.000000000000000654e-05
-6.750000000000000000e+01 -4.712041884816753901e-01 8.989999999999999511e-04
-6.750000000000000000e+01 4.712041884816753901e-01 8.989999999999999511e-04
-6.750000000000000000e+01 1.413612565445026226e+00 6.081999999999999733e-03
-6.750000000000000000e+01 2.356020942408377117e+00 7.219999999999999855e-04
-6.625000000000000000e+01 -1.837696335078534560e+01 8.382100000000000661e-02
-6.625000000000000000e+01 -1.743455497382199582e+01 2.479760000000000020e-01
-6.625000000000000000e+01 -1.649214659685864603e+01 1.786999999999999960e-03
-6.625000000000000000e+01 -1.554973821989529448e+01 1.786999999999999960e-03
-6.625000000000000000e+01 -1.460732984293194114e+01 1.419600000000000029e-02
-6.625000000000000000e+01 -1.366492146596859136e+01 1.134000000000000025e-03
-6.625000000000000000e+01 -1.272251308900523981e+01 0.000000000000000000e+00
-6.625000000000000000e+01 -1.178010471204188825e+01 1.293099999999999979e-02
-6.625000000000000000e+01 -1.083769633507853669e+01 1.698020000000000085e-01
-6.625000000000000000e+01 -9.895287958115185134e+00 2.358570000000000111e-01
-6.625000000000000000e+01 -8.952879581151833577e+00 1.735540000000000138e-01
-6.625000000000000000e+01 -8.010471204188482020e+00 2.295000000000000165e-03
-6.625000000000000000e+01 -7.068062827225130462e+00 8.109999999999999805e-04
-6.625000000000000000e+01 -6.125654450261779793e+00 1.610000000000000103e-04
-6.625000000000000000e+01 -5.183246073298429124e+00 3.260000000000000094e-04
-6.625000000000000000e+01 -4.240837696335078455e+00 3.536000000000000081e-03
-6.625000000000000000e+01 -3.298429319371727786e+00 1.612600000000000144e-02
-6.625000000000000000e+01 -2.356020942408377117e+00 6.369999999999999794e-03
-6.625000000000000000e+01 -1.413612565445026226e+00 0.000000000000000000e+00
-6.625000000000000000e+01 -4.712041884816753901e-01 2.425000000000000072e-03
-6.625000000000000000e+01 4.712041884816753901e-01 2.425000000000000072e-03
-6.625000000000000000e+01 1.413612565445026226e+00 9.331299999999999317e-02
-6.625000000000000000e+01 2.356020942408377117e+00 1.086870000000000058e-01
-6.500000000000000000e+01 -1.837696335078534560e+01 2.501600000000000004e-02
-6.500000000000000000e+01 -1.743455497382199582e+01 4.696830000000000171e-01
-6.500000000000000000e+01 -1.649214659685864603e+01 5.813000000000000111e-02
-6.500000000000000000e+01 -1.554973821989529448e+01 5.813000000000000111e-02
-6.500000000000000000e+01 -1.460732984293194114e+01 1.138400000000000002e-02
-6.500000000000000000e+01 -1.366492146596859136e+01 6.873999999999999902e-03
-6.500000000000000000e+01 -1.272251308900523981e+01 2.407999999999999984e-03
-6.500000000000000000e+01 -1.178010471204188825e+01 7.576000000000000269e-03
-6.500000000000000000e+01 -1.083769633507853669e+01 2.055740000000000067e-01
-6.500000000000000000e+01 -9.895287958115185134e+00 6.509319999999999551e-01
-6.500000000000000000e+01 -8.952879581151833577e+00 1.523529999999999884e-01
-6.500000000000000000e+01 -8.010471204188482020e+00 7.622000000000000303e-03
-6.500000000000000000e+01 -7.068062827225130462e+00 5.969399999999999706e-02
-6.500000000000000000e+01 -6.125654450261779793e+00 1.147999999999999932e-03
-6.500000000000000000e+01 -5.183246073298429124e+00 4.232400000000000051e-02
-6.500000000000000000e+01 -4.240837696335078455e+00 2.420900000000000135e-02
-6.500000000000000000e+01 -3.298429319371727786e+00 4.629300000000000082e-02
-6.500000000000000000e+01 -2.356020942408377117e+00 4.329999999999999648e-03
-6.500000000000000000e+01 -1.413612565445026226e+00 1.791999999999999973e-03
-6.500000000000000000e+01 -4.712041884816753901e-01 7.742999999999999883e-03
-6.500000000000000000e+01 4.712041884816753901e-01 7.742999999999999883e-03
-6.500000000000000000e+01 1.413612565445026226e+00 2.658999999999999905e-03
-6.375000000000000000e+01 -2.026178010471204516e+01 8.333329999999999904e-01
-6.375000000000000000e+01 -1.931937172774869538e+01 2.897910000000000208e-01
-6.375000000000000000e+01 -1.837696335078534560e+01 1.475400000000000045e-01
-6.375000000000000000e+01 -1.743455497382199582e+01 5.531789999999999763e-01
-6.375000000000000000e+01 -1.649214659685864603e+01 6.520600000000000007e-02
-6.375000000000000000e+01 -1.554973821989529448e+01 6.520600000000000007e-02
-6.375000000000000000e+01 -1.460732984293194114e+01 3.855000000000000093e-02
-6.375000000000000000e+01 -1.366492146596859136e+01 3.798999999999999860e-03
-6.375000000000000000e+01 -1.272251308900523981e+01 2.926000000000000215e-03
-6.375000000000000000e+01 -1.178010471204188825e+01 2.302520000000000122e-01
-6.375000000000000000e+01 -1.083769633507853669e+01 6.162900000000000322e-02
-6.375000000000000000e+01 -9.895287958115185134e+00 5.280650000000000066e-01
-6.375000000000000000e+01 -8.952879581151833577e+00 8.197229999999999794e-01
-6.375000000000000000e+01 -8.010471204188482020e+00 4.335260000000000224e-01
-6.375000000000000000e+01 -7.068062827225130462e+00 1.492199999999999915e-01
-6.375000000000000000e+01 -6.125654450261779793e+00 4.970999999999999724e-03
-6.375000000000000000e+01 -5.183246073298429124e+00 2.943799999999999889e-02
-6.375000000000000000e+01 -4.240837696335078455e+00 1.297969999999999957e-01
-6.375000000000000000e+01 -3.298429319371727786e+00 2.077499999999999833e-02
-6.375000000000000000e+01 -2.356020942408377117e+00 3.249999999999999851e-04
-6.375000000000000000e+01 -1.413612565445026226e+00 3.240000000000000150e-04
-6.375000000000000000e+01 -4.712041884816753901e-01 1.828999999999999897e-03
-6.375000000000000000e+01 4.712041884816753901e-01 1.828999999999999897e-03
-6.375000000000000000e+01 1.413612565445026226e+00 1.965099999999999833e-02
-6.375000000000000000e+01 3.298429319371727786e+00 2.405399999999999899e-02
-6.250000000000000000e+01 -1.931937172774869538e+01 4.026779999999999804e-01
-6.250000000000000000e+01 -1.837696335078534560e+01 7.249630000000000241e-01
-6.250000000000000000e+01 -1.743455497382199582e+01 8.234709999999999530e-01
-6.250000000000000000e+01 -1.649214659685864603e+01 1.066129999999999994e-01
-6.250000000000000000e+01 -1.554973821989529448e+01 1.066129999999999994e-01
-6.250000000000000000e+01 -1.460732984293194114e+01 7.910999999999999630e-03
-6.250000000000000000e+01 -1.366492146596859136e+01 2.263999999999999953e-03
-6.250000000000000000e+01 -1.272251308900523981e+01 1.157999999999999958e-03
-6.250000000000000000e+01 -1.178010471204188825e+01 3.397209999999999952e-01
-6.250000000000000000e+01 -1.083769633507853669e+01 3.390340000000000020e-01
-6.250000000000000000e+01 -9.895287958115185134e+00 9.743239999999999679e-01
-6.250000000000000000e+01 -8.952879581151833577e+00 4.224040000000000017e-01
-6.250000000000000000e+01 -8.010471204188482020e+00 2.671220000000000261e-01
-6.250000000000000000e+01 -7.068062827225130462e+00 5.048780000000000490e-01
-6.250000000000000000e+01 -6.125654450261779793e+00 1.583799999999999930e-01
-6.250000000000000000e+01 -5.183246073298429124e+00 2.396000000000000126e-03
-6.250000000000000000e+01 -4.240837696335078455e+00 1.340200000000000002e-01
-6.250000000000000000e+01 -3.298429319371727786e+00 1.986800000000000024e-02
-6.250000000000000000e+01 -2.356020942408377117e+00 1.056999999999999997e-03
-6.250000000000000000e+01 -1.413612565445026226e+00 4.601600000000000135e-02
-6.250000000000000000e+01 -4.712041884816753901e-01 6.509999999999999945e-04
-6.250000000000000000e+01 4.712041884816753901e-01 6.509999999999999945e-04
-6.250000000000000000e+01 1.413612565445026226e+00 1.435000000000000078e-03
-6.250000000000000000e+01 2.356020942408377117e+00 1.172899999999999984e-02
-6.250000000000000000e+01 3.298429319371727786e+00 0.000000000000000000e+00
-6.125000000000000000e+01 -1.837696335078534560e+01 2.012160000000000060e-01
-6.125000000000000000e+01 -1.743455497382199582e+01 3.345899999999999985e-01
-6.125000000000000000e+01 -1.649214659685864603e+01 3.066619999999999902e-01
-6.125000000000000000e+01 -1.554973821989529448e+01 3.066619999999999902e-01
-6.125000000000000000e+01 -1.460732984293194114e+01 6.860499999999999932e-02
-6.125000000000000000e+01 -1.366492146596859136e+01 3.887199999999999683e-02
-6.125000000000000000e+01 -1.272251308900523981e+01 6.151609999999999578e-01
-6.125000000000000000e+01 -1.178010471204188825e+01 7.725689999999999502e-01
-6.125000000000000000e+01 -1.083769633507853669e+01 4.174889999999999990e-01
-6.125000000000000000e+01 -9.895287958115185134e+00 2.391659999999999897e-01
-6.125000000000000000e+01 -8.952879581151833577e+00 1.043690000000000034e-01
-6.125000000000000000e+01 -8.010471204188482020e+00 1.931259999999999921e-01
-6.125000000000000000e+01 -7.068062827225130462e+00 6.629599999999999382e-02
-6.125000000000000000e+01 -6.125654450261779793e+00 7.914599999999999413e-02
-6.125000000000000000e+01 -5.183246073298429124e+00 1.444120000000000126e-01
-6.125000000000000000e+01 -4.240837696335078455e+00 4.519170000000000131e-01
-6.125000000000000000e+01 -3.298429319371727786e+00 4.204660000000000064e-01
-6.125000000000000000e+01 -2.356020942408377117e+00 7.209000000000000130e-03
-6.125000000000000000e+01 -1.413612565445026226e+00 2.889100000000000001e-02
-6.125000000000000000e+01 -4.712041884816753901e-01 2.279809999999999892e-01
-6.125000000000000000e+01 4.712041884816753901e-01 2.279809999999999892e-01
-6.125000000000000000e+01 1.413612565445026226e+00 2.392100000000000060e-01
-6.125000000000000000e+01 2.356020942408377117e+00 6.079940000000000344e-01
-6.125000000000000000e+01 3.298429319371727786e+00 2.552349999999999897e-01
-6.125000000000000000e+01 4.240837696335078455e+00 3.478900000000000048e-02
-6.000000000000000000e+01 -1.554973821989529448e+01 9.708799999999999375e-02
-6.000000000000000000e+01 -1.460732984293194114e+01 3.966700000000000226e-01
-6.000000000000000000e+01 -1.366492146596859136e+01 4.245329999999999937e-01
-6.000000000000000000e+01 -1.272251308900523981e+01 3.619609999999999772e-01
-6.000000000000000000e+01 -1.178010471204188825e+01 1.192899999999999933e-01
-6.000000000000000000e+01 -1.083769633507853669e+01 1.132999999999999893e-03
-6.000000000000000000e+01 -9.895287958115185134e+00 5.444700000000000234e-02
-6.000000000000000000e+01 -8.952879581151833577e+00 5.904000000000000394e-03
-6.000000000000000000e+01 -8.010471204188482020e+00 2.813600000000000129e-02
-6.000000000000000000e+01 -7.068062827225130462e+00 4.937520000000000242e-01
-6.000000000000000000e+01 -6.125654450261779793e+00 8.575199999999999489e-02
-6.000000000000000000e+01 -5.183246073298429124e+00 9.625799999999999634e-02
-6.000000000000000000e+01 -4.240837696335078455e+00 5.463710000000000511e-01
-6.000000000000000000e+01 -3.298429319371727786e+00 7.755250000000000199e-01
-6.000000000000000000e+01 -2.356020942408377117e+00 7.403790000000000093e-01
-6.000000000000000000e+01 -1.413612565445026226e+00 2.888660000000000116e-01
-6.000000000000000000e+01 -4.712041884816753901e-01 1.068640000000000007e-01
-6.000000000000000000e+01 4.712041884816753901e-01 1.068640000000000007e-01
-6.000000000000000000e+01 1.413612565445026226e+00 7.234949999999999992e-01
-6.000000000000000000e+01 2.356020942408377117e+00 1.590689999999999882e-01
-6.000000000000000000e+01 3.298429319371727786e+00 1.232929999999999998e-01
-6.000000000000000000e+01 4.240837696335078455e+00 1.463799999999999997e-02
-6.000000000000000000e+01 5.183246073298429124e+00 1.274999999999999918e-02
-5.875000000000000000e+01 -1.366492146596859136e+01 5.080599999999999700e-02
-5.875000000000000000e+01 -1.272251308900523981e+01 4.676999999999999734e-03
-5.875000000000000000e+01 -1.178010471204188825e+01 2.001300000000000023e-01
-5.875000000000000000e+01 -1.083769633507853669e+01 4.082290000000000085e-01
-5.875000000000000000e+01 -9.895287958115185134e+00 2.845360000000000111e-01
-5.875000000000000000e+01 -8.952879581151833577e+00 5.678799999999999820e-02
-5.875000000000000000e+01 -8.010471204188482020e+00 1.278000000000000056e-03
-5.875000000000000000e+01 -7.068062827225130462e+00 3.046189999999999731e-01
-5.875000000000000000e+01 -6.125654450261779793e+00 2.792800000000000143e-02
-5.875000000000000000e+01 -5.183246073298429124e+00 1.229000000000000058e-03
-5.875000000000000000e+01 -4.240837696335078455e+00 3.421449999999999769e-01
-5.875000000000000000e+01 -3.298429319371727786e+00 8.143510000000000471e-01
-5.875000000000000000e+01 -2.356020942408377117e+00 2.897739999999999760e-01
-5.875000000000000000e+01 -1.413612565445026226e+00 6.114999999999999776e-03
-5.875000000000000000e+01 -4.712041884816753901e-01 0.000000000000000000e+00
-5.875000000000000000e+01 4.712041884816753901e-01 0.000000000000000000e+00
-5.750000000000000000e+01 -1.366492146596859136e+01 5.396200000000000302e-02
-5.750000000000000000e+01 -1.272251308900523981e+01 6.454000000000000015e-02
-5.750000000000000000e+01 -1.178010471204188825e+01 5.097960000000000269e-01
-5.750000000000000000e+01 -1.083769633507853669e+01 3.863369999999999860e-01
-5.750000000000000000e+01 -9.895287958115185134e+00 4.801369999999999805e-01
-5.750000000000000000e+01 -8.952879581151833577e+00 2.472799999999999998e-02
-5.750000000000000000e+01 -8.010471204188482020e+00 2.475000000000000203e-03
-5.750000000000000000e+01 -7.068062827225130462e+00 1.622699999999999837e-02
-5.750000000000000000e+01 -6.125654450261779793e+00 2.740830000000000211e-01
-5.750000000000000000e+01 -5.183246073298429124e+00 1.836099999999999885e-02
-5.750000000000000000e+01 -4.240837696335078455e+00 1.650449999999999973e-01
-5.750000000000000000e+01 -3.298429319371727786e+00 4.990700000000000136e-01
-5.750000000000000000e+01 -2.356020942408377117e+00 9.572100000000000053e-02
-5.750000000000000000e+01 -1.413612565445026226e+00 1.277900000000000043e-02
-5.750000000000000000e+01 -4.712041884816753901e-01 3.427000000000000185e-02
-5.750000000000000000e+01 4.712041884816753901e-01 3.427000000000000185e-02
-5.750000000000000000e+01 1.413612565445026226e+00 1.185279999999999945e-01
-5.625000000000000000e+01 -1.366492146596859136e+01 3.624640000000000084e-01
-5.625000000000000000e+01 -1.272251308900523981e+01 3.430989999999999873e-01
-5.625000000000000000e+01 -1.178010471204188825e+01 7.459280000000000355e-01
-5.625000000000000000e+01 -1.083769633507853669e+01 5.156779999999999697e-01
-5.625000000000000000e+01 -9.895287958115185134e+00 8.097349999999999826e-01
-5.625000000000000000e+01 -8.952879581151833577e+00 4.275600000000000234e-02
-5.625000000000000000e+01 -8.010471204188482020e+00 9.407000000000000431e-03
-5.625000000000000000e+01 -7.068062827225130462e+00 1.378149999999999931e-01
-5.625000000000000000e+01 -6.125654450261779793e+00 3.341410000000000213e-01
-5.625000000000000000e+01 -5.183246073298429124e+00 4.537109999999999754e-01
-5.625000000000000000e+01 -4.240837696335078455e+00 4.683789999999999898e-01
-5.625000000000000000e+01 -3.298429319371727786e+00 1.000489999999999990e-01
-5.625000000000000000e+01 -2.356020942408377117e+00 4.447260000000000102e-01
-5.625000000000000000e+01 -1.413612565445026226e+00 3.204699999999999910e-02
-5.625000000000000000e+01 -4.712041884816753901e-01 1.600000000000000131e-04
-5.625000000000000000e+01 4.712041884816753901e-01 1.600000000000000131e-04
-5.625000000000000000e+01 1.413612565445026226e+00 0.000000000000000000e+00
-5.500000000000000000e+01 -1.460732984293194114e+01 1.834469999999999990e-01
-5.500000000000000000e+01 -1.366492146596859136e+01 4.329899999999999721e-02
-5.500000000000000000e+01 -1.272251308900523981e+01 4.558590000000000142e-01
-5.500000000000000000e+01 -1.178010471204188825e+01 7.619580000000000242e-01
-5.500000000000000000e+01 -1.083769633507853669e+01 8.367590000000000305e-01
-5.500000000000000000e+01 -9.895287958115185134e+00 7.651189999999999936e-01
-5.500000000000000000e+01 -8.952879581151833577e+00 9.457300000000000428e-02
-5.500000000000000000e+01 -8.010471204188482020e+00 3.282109999999999750e-01
-5.500000000000000000e+01 -7.068062827225130462e+00 3.260529999999999817e-01
-5.500000000000000000e+01 -6.125654450261779793e+00 7.496200000000000085e-02
-5.500000000000000000e+01 -5.183246073298429124e+00 3.243599999999999955e-02
-5.500000000000000000e+01 -4.240837696335078455e+00 5.540500000000000425e-01
-5.500000000000000000e+01 -3.298429319371727786e+00 5.745829999999999549e-01
-5.500000000000000000e+01 -2.356020942408377117e+00 6.239470000000000294e-01
-5.500000000000000000e+01 -1.413612565445026226e+00 3.338399999999999701e-02
-5.500000000000000000e+01 -4.712041884816753901e-01 2.420000000000000005e-04
-5.500000000000000000e+01 4.712041884816753901e-01 2.420000000000000005e-04
-5.500000000000000000e+01 1.413612565445026226e+00 2.420000000000000005e-04
-5.500000000000000000e+01 2.356020942408377117e+00 5.760000000000000146e-04
-5.375000000000000000e+01 -1.460732984293194114e+01 4.079999999999999968e-04
-5.375000000000000000e+01 -1.366492146596859136e+01 4.145000000000000073e-02
-5.375000000000000000e+01 -1.272251308900523981e+01 2.123750000000000082e-01
-5.375000000000000000e+01 -1.178010471204188825e+01 2.011860000000000037e-01
-5.375000000000000000e+01 -1.083769633507853669e+01 2.803729999999999833e-01
-5.375000000000000000e+01 -9.895287958115185134e+00 3.524120000000000030e-01
-5.375000000000000000e+01 -8.952879581151833577e+00 1.337400000000000047e-02
-5.375000000000000000e+01 -8.010471204188482020e+00 8.000000000000000654e-05
-5.375000000000000000e+01 -7.068062827225130462e+00 2.101000000000000003e-03
-5.375000000000000000e+01 -6.125654450261779793e+00 6.347000000000000211e-03
-5.375000000000000000e+01 -5.183246073298429124e+00 3.327999999999999795e-03
-5.375000000000000000e+01 -4.240837696335078455e+00 5.351559999999999651e-01
-5.375000000000000000e+01 -3.298429319371727786e+00 5.839609999999999523e-01
-5.375000000000000000e+01 -2.356020942408377117e+00 4.925149999999999806e-01
-5.375000000000000000e+01 -1.413612565445026226e+00 1.053230000000000000e-01
-5.375000000000000000e+01 -4.712041884816753901e-01 9.719999999999999907e-04
-5.375000000000000000e+01 4.712041884816753901e-01 9.719999999999999907e-04
-5.375000000000000000e+01 1.413612565445026226e+00 1.217999999999999899e-03
-5.375000000000000000e+01 2.356020942408377117e+00 1.054000000000000032e-03
-5.250000000000000000e+01 -1.366492146596859136e+01 1.288800000000000015e-02
-5.250000000000000000e+01 -1.272251308900523981e+01 2.157610000000000083e-01
-5.250000000000000000e+01 -1.178010471204188825e+01 1.337659999999999960e-01
-5.250000000000000000e+01 -1.083769633507853669e+01 3.051119999999999943e-01
-5.250000000000000000e+01 -9.895287958115185134e+00 9.897699999999999554e-02
-5.250000000000000000e+01 -8.952879581151833577e+00 5.699999999999999772e-04
-5.250000000000000000e+01 -8.010471204188482020e+00 1.825000000000000016e-03
-5.250000000000000000e+01 -7.068062827225130462e+00 1.878099999999999908e-02
-5.250000000000000000e+01 -6.125654450261779793e+00 4.149599999999999816e-02
-5.250000000000000000e+01 -5.183246073298429124e+00 1.755000000000000050e-03
-5.250000000000000000e+01 -4.240837696335078455e+00 1.582790000000000030e-01
-5.250000000000000000e+01 -3.298429319371727786e+00 3.998720000000000052e-01
-5.250000000000000000e+01 -2.356020942408377117e+00 4.508100000000000301e-02
-5.250000000000000000e+01 -1.413612565445026226e+00 5.056789999999999896e-01
-5.250000000000000000e+01 -4.712041884816753901e-01 7.247399999999999676e-02
-5.250000000000000000e+01 4.712041884816753901e-01 7.247399999999999676e-02
-5.125000000000000000e+01 -8.952879581151833577e+00 5.949229999999999796e-01
-5.125000000000000000e+01 -8.010471204188482020e+00 4.190309999999999868e-01
-5.125000000000000000e+01 -7.068062827225130462e+00 4.634480000000000266e-01
-5.125000000000000000e+01 -5.183246073298429124e+00 1.905290000000000039e-01
-5.125000000000000000e+01 -4.240837696335078455e+00 3.560030000000000139e-01
-5.125000000000000000e+01 -3.298429319371727786e+00 5.440120000000000511e-01
-5.125000000000000000e+01 -2.356020942408377117e+00 1.450349999999999973e-01
-5.000000000000000000e+01 -3.298429319371727786e+00 6.826860000000000150e-01
