-7.875000000000000000e+01 -6.125654450261779793e+00 4.884510000000000240e-01
-7.875000000000000000e+01 -5.183246073298429124e+00 1.714060000000000028e-01
-7.875000000000000000e+01 -4.240837696335078455e+00 2.052350000000000008e-01
-7.875000000000000000e+01 -3.298429319371727786e+00 3.095319999999999738e-01
-7.875000000000000000e+01 -2.356020942408377117e+00 0.000000000000000000e+00
-7.875000000000000000e+01 -1.413612565445026226e+00 0.000000000000000000e+00
-7.750000000000000000e+01 -8.952879581151833577e+00 1.875680000000000125e-01
-7.750000000000000000e+01 -8.010471204188482020e+00 1.435049999999999937e-01
-7.750000000000000000e+01 -7.068062827225130462e+00 2.807290000000000063e-01
-7.750000000000000000e+01 -6.125654450261779793e+00 4.360499999999999932e-01
-7.750000000000000000e+01 -5.183246073298429124e+00 7.518099999999999783e-02
-7.750000000000000000e+01 -4.240837696335078455e+00 2.313700000000000132e-02
-7.750000000000000000e+01 -3.298429319371727786e+00 1.938880000000000048e-01
-7.750000000000000000e+01 -2.356020942408377117e+00 1.272729999999999972e-01
-7.750000000000000000e+01 -1.413612565445026226e+00 2.321809999999999985e-01
-7.750000000000000000e+01 -4.712041884816753901e-01 1.862870000000000081e-01
-7.750000000000000000e+01 4.712041884816753901e-01 1.862870000000000081e-01
-7.625000000000000000e+01 -1.083769633507853669e+01 5.810200000000000087e-02
-7.625000000000000000e+01 -9.895287958115185134e+00 1.221229999999999954e-01
-7.625000000000000000e+01 -8.952879581151833577e+00 3.017980000000000107e-01
-7.625000000000000000e+01 -8.010471204188482020e+00 7.772900000000000642e-02
-7.625000000000000000e+01 -7.068062827225130462e+00 1.798700000000000021e-01
-7.625000000000000000e+01 -6.125654450261779793e+00 2.115080000000000016e-01
-7.625000000000000000e+01 -5.183246073298429124e+00 4.002700000000000008e-02
-7.625000000000000000e+01 -4.240837696335078455e+00 1.472000000000000001e-03
-7.625000000000000000e+01 -3.298429319371727786e+00 3.983000000000000429e-03
-7.625000000000000000e+01 -2.356020942408377117e+00 2.553000000000000148e-03
-7.625000000000000000e+01 -1.413612565445026226e+00 2.611000000000000040e-03
-7.625000000000000000e+01 -4.712041884816753901e-01 3.398700000000000332e-02
-7.625000000000000000e+01 4.712041884816753901e-01 3.398700000000000332e-02
-7.625000000000000000e+01 1.413612565445026226e+00 5.273349999999999982e-01
-7.500000000000000000e+01 -1.366492146596859136e+01 7.814200000000000312e-02
-7.500000000000000000e+01 -1.272251308900523981e+01 1.417779999999999874e-01
-7.500000000000000000e+01 -1.178010471204188825e+01 1.237540000000000029e-01
-7.500000000000000000e+01 -1.083769633507853669e+01 2.843300000000000272e-01
-7.500000000000000000e+01 -9.895287958115185134e+00 1.290830000000000033e-01
-7.500000000000000000e+01 -8.952879581151833577e+00 3.079379999999999895e-01
-7.500000000000000000e+01 -8.010471204188482020e+00 1.812340000000000062e-01
-7.500000000000000000e+01 -7.068062827225130462e+00 3.468899999999999761e-02
-7.500000000000000000e+01 -6.125654450261779793e+00 6.070300000000000001e-02
-7.500000000000000000e+01 -5.183246073298429124e+00 4.566900000000000126e-02
-7.500000000000000000e+01 -4.240837696335078455e+00 2.003299999999999872e-02
-7.500000000000000000e+01 -3.298429319371727786e+00 2.305999999999999890e-03
-7.500000000000000000e+01 -2.356020942408377117e+00 6.376999999999999856e-03
-7.500000000000000000e+01 -1.413612565445026226e+00 5.597000000000000412e-03
-7.500000000000000000e+01 -4.712041884816753901e-01 2.222800000000000123e-02
-7.500000000000000000e+01 4.712041884816753901e-01 2.222800000000000123e-02
-7.500000000000000000e+01 1.413612565445026226e+00 3.894670000000000076e-01
-7.500000000000000000e+01 2.356020942408377117e+00 7.182199999999999696e-01
-7.375000000000000000e+01 -1.460732984293194114e+01 0.000000000000000000e+00
-7.375000000000000000e+01 -1.366492146596859136e+01 1.302490000000000037e-01
-7.375000000000000000e+01 -1.272251308900523981e+01 7.854700000000000570e-02
-7.375000000000000000e+01 -1.178010471204188825e+01 9.423099999999999532e-02
-7.375000000000000000e+01 -1.083769633507853669e+01 7.796599999999999364e-02
-7.375000000000000000e+01 -9.895287958115185134e+00 5.654499999999999804e-02
-7.375000000000000000e+01 -8.952879581151833577e+00 7.263600000000000612e-02
-7.375000000000000000e+01 -8.010471204188482020e+00 5.922100000000000281e-02
-7.375000000000000000e+01 -7.068062827225130462e+00 1.319400000000000087e-02
-7.375000000000000000e+01 -6.125654450261779793e+00 2.464699999999999877e-02
-7.375000000000000000e+01 -5.183246073298429124e+00 7.177999999999999658e-02
-7.375000000000000000e+01 -4.240837696335078455e+00 2.272499999999999867e-02
-7.375000000000000000e+01 -3.298429319371727786e+00 7.262000000000000226e-03
-7.375000000000000000e+01 -2.356020942408377117e+00 5.327000000000000138e-03
-7.375000000000000000e+01 -1.413612565445026226e+00 2.903400000000000078e-02
-7.375000000000000000e+01 -4.712041884816753901e-01 2.467000000000000009e-03
-7.375000000000000000e+01 4.712041884816753901e-01 2.467000000000000009e-03
-7.375000000000000000e+01 1.413612565445026226e+00 3.635300000000000337e-02
-7.250000000000000000e+01 -1.460732984293194114e+01 5.432000000000000196e-03
-7.250000000000000000e+01 -1.366492146596859136e+01 1.374849999999999961e-01
-7.250000000000000000e+01 -1.272251308900523981e+01 1.600330000000000086e-01
-7.250000000000000000e+01 -1.178010471204188825e+01 4.293199999999999794e-02
-7.250000000000000000e+01 -1.083769633507853669e+01 6.879999999999999831e-03
-7.250000000000000000e+01 -9.895287958115185134e+00 0.000000000000000000e+00
-7.250000000000000000e+01 -8.952879581151833577e+00 9.388999999999999777e-03
-7.250000000000000000e+01 -8.010471204188482020e+00 1.907810000000000061e-01
-7.250000000000000000e+01 -7.068062827225130462e+00 7.079799999999999982e-02
-7.250000000000000000e+01 -6.125654450261779793e+00 9.730000000000000151e-04
-7.250000000000000000e+01 -5.183246073298429124e+00 9.737000000000000863e-03
-7.250000000000000000e+01 -4.240837696335078455e+00 1.123389999999999944e-01
-7.250000000000000000e+01 -3.298429319371727786e+00 2.123999999999999846e-02
-7.250000000000000000e+01 -2.356020942408377117e+00 1.256999999999999958e-02
-7.250000000000000000e+01 -1.413612565445026226e+00 3.536000000000000081e-03
-7.250000000000000000e+01 -4.712041884816753901e-01 6.908000000000000078e-03
-7.250000000000000000e+01 4.712041884816753901e-01 6.908000000000000078e-03
-7.250000000000000000e+01 1.413612565445026226e+00 1.020399999999999953e-02
-7.125000000000000000e+01 -1.460732984293194114e+01 9.079900000000000471e-02
-7.125000000000000000e+01 -1.366492146596859136e+01 2.439500000000000002e-02
-7.125000000000000000e+01 -1.272251308900523981e+01 6.010000000000000064e-02
-7.125000000000000000e+01 -1.178010471204188825e+01 0.000000000000000000e+00
-7.125000000000000000e+01 -1.083769633507853669e+01 0.000000000000000000e+00
-7.125000000000000000e+01 -9.895287958115185134e+00 6.791000000000000161e-03
-7.125000000000000000e+01 -8.952879581151833577e+00 2.814300000000000135e-02
-7.125000000000000000e+01 -8.010471204188482020e+00 1.614319999999999922e-01
-7.125000000000000000e+01 -7.068062827225130462e+00 3.642999999999999971e-03
-7.125000000000000000e+01 -6.125654450261779793e+00 4.655000000000000283e-03
-7.125000000000000000e+01 -5.183246073298429124e+00 2.429999999999999977e-04
-7.125000000000000000e+01 -4.240837696335078455e+00 2.153100000000000153e-02
-7.125000000000000000e+01 -3.298429319371727786e+00 1.589999999999999888e-04
-7.125000000000000000e+01 -2.356020942408377117e+00 1.919500000000000026e-02
-7.125000000000000000e+01 -1.413612565445026226e+00 3.510000000000000099e-03
-7.125000000000000000e+01 -4.712041884816753901e-01 0.000000000000000000e+00
-7.125000000000000000e+01 4.712041884816753901e-01 0.000000000000000000e+00
-7.125000000000000000e+01 1.413612565445026226e+00 2.962300000000000003e-02
-7.000000000000000000e+01 -1.366492146596859136e+01 8.580000000000000820e-03
-7.000000000000000000e+01 -1.272251308900523981e+01 8.437400000000000455e-02
-7.000000000000000000e+01 -1.178010471204188825e+01 0.000000000000000000e+00
-7.000000000000000000e+01 -1.083769633507853669e+01 1.190920000000000034e-01
-7.000000000000000000e+01 -9.895287958115185134e+00 3.200000000000000262e-04
-7.000000000000000000e+01 -8.952879581151833577e+00 3.870200000000000029e-02
-7.000000000000000000e+01 -8.010471204188482020e+00 9.923400000000000276e-02
-7.000000000000000000e+01 -7.068062827225130462e+00 2.868199999999999916e-02
-7.000000000000000000e+01 -6.125654450261779793e+00 1.861000000000000024e-03
-7.000000000000000000e+01 -5.183246073298429124e+00 8.040000000000000271e-04
-7.000000000000000000e+01 -4.240837696335078455e+00 7.347800000000000165e-02
-7.000000000000000000e+01 -3.298429319371727786e+00 1.888000000000000095e-02
-7.000000000000000000e+01 -2.356020942408377117e+00 6.242000000000000152e-03
-7.000000000000000000e+01 -1.413612565445026226e+00 1.204000000000000035e-02
-7.000000000000000000e+01 -4.712041884816753901e-01 1.220300000000000031e-02
-7.000000000000000000e+01 4.712041884816753901e-01 1.220300000000000031e-02
-7.000000000000000000e+01 1.413612565445026226e+00 3.736000000000000171e-03
-6.875000000000000000e+01 -1.554973821989529448e+01 6.769999999999999759e-04
-6.875000000000000000e+01 -1.460732984293194114e+01 2.319900000000000087e-02
-6.875000000000000000e+01 -1.366492146596859136e+01 5.518999999999999601e-03
-6.875000000000000000e+01 -1.272251308900523981e+01 9.338799999999999879e-02
-6.875000000000000000e+01 -1.178010471204188825e+01 1.835299999999999987e-01
-6.875000000000000000e+01 -1.083769633507853669e+01 3.840790000000000037e-01
-6.875000000000000000e+01 -9.895287958115185134e+00 3.524900000000000255e-02
-6.875000000000000000e+01 -8.952879581151833577e+00 1.743290000000000117e-01
-6.875000000000000000e+01 -8.010471204188482020e+00 3.200000000000000262e-04
-6.875000000000000000e+01 -7.068062827225130462e+00 2.047999999999999907e-03
-6.875000000000000000e+01 -6.125654450261779793e+00 1.129999999999999928e-03
-6.875000000000000000e+01 -5.183246073298429124e+00 4.840000000000000010e-04
-6.875000000000000000e+01 -4.240837696335078455e+00 4.423999999999999981e-03
-6.875000000000000000e+01 -3.298429319371727786e+00 7.030999999999999923e-03
-6.875000000000000000e+01 -2.356020942408377117e+00 2.458000000000000115e-03
-6.875000000000000000e+01 -1.413612565445026226e+00 1.853999999999999962e-03
-6.875000000000000000e+01 -4.712041884816753901e-01 1.129100000000000069e-02
-6.875000000000000000e+01 4.712041884816753901e-01 1.129100000000000069e-02
-6.875000000000000000e+01 1.413612565445026226e+00 1.199700000000000072e-02
-6.875000000000000000e+01 2.356020942408377117e+00 6.295000000000000248e-03
-6.750000000000000000e+01 -1.649214659685864603e+01 1.821029999999999871e-01
-6.750000000000000000e+01 -1.554973821989529448e+01 1.821029999999999871e-01
-6.750000000000000000e+01 -1.460732984293194114e+01 6.479000000000000037e-02
-6.750000000000000000e+01 -1.366492146596859136e+01 5.046699999999999797e-02
-6.750000000000000000e+01 -1.272251308900523981e+01 5.739000000000000178e-03
-6.750000000000000000e+01 -1.178010471204188825e+01 1.366200000000000053e-02
-6.750000000000000000e+01 -1.083769633507853669e+01 2.140839999999999965e-01
-6.750000000000000000e+01 -9.895287958115185134e+00 6.446269999999999500e-01
-6.750000000000000000e+01 -8.952879581151833577e+00 8.358400000000000551e-02
-6.750000000000000000e+01 -8.010471204188482020e+00 9.590000000000000000e-04
-6.750000000000000000e+01 -7.068062827225130462e+00 8.919999999999999978e-04
-6.750000000000000000e+01 -6.125654450261779793e+00 5.134999999999999808e-03
-6.750000000000000000e+01 -5.183246073298429124e+00 1.128000000000000096e-03
-6.750000000000000000e+01 -4.240837696335078455e+00 8.059999999999999673e-04
-6.750000000000000000e+01 -3.298429319371727786e+00 1.389100000000000057e-02
-6.750000000000000000e+01 -2.356020942408377117e+00 3.310000000000000225e-04
-6.750000000000000000e+01 -1.413612565445026226e+00 8.000000000000000654e-05
-6.750000000000000000e+01 -4.712041884816753901e-01 8.989999999999999511e-04
-6.750000000000000000e+01 4.712041884816753901e-01 8.989999999999999511e-04
-6.750000000000000000e+01 1.413612565445026226e+00 6.081999999999999733e-03
-6.750000000000000000e+01 2.356020942408377117e+00 7.219999999999999855e-04
-6.625000000000000000e+01 -1.837696335078534560e+01 8.382100000000000661e-02
-6.625000000000000000e+01 -1.743455497382199582e+01 1.606219999999999870e-01
-6.625000000000000000e+01 -1.649214659685864603e+01 2.112000000000000162e-03
-6.625000000000000000e+01 -1.554973821989529448e+01 2.112000000000000162e-03
-6.625000000000000000e+01 -1.460732984293194114e+01 7.301000000000000198e-03
-6.625000000000000000e+01 -1.366492146596859136e+01 1.134000000000000025e-03
-6.625000000000000000e+01 -1.272251308900523981e+01 0.000000000000000000e+00
-6.625000000000000000e+01 -1.178010471204188825e+01 6.708000000000000421e-03
-6.625000000000000000e+01 -1.083769633507853669e+01 7.651700000000000168e-02
-6.625000000000000000e+01 -9.895287958115185134e+00 1.724749999999999894e-01
-6.625000000000000000e+01 -8.952879581151833577e+00 2.733500000000000166e-02
-6.625000000000000000e+01 -8.010471204188482020e+00 2.295000000000000165e-03
-6.625000000000000000e+01 -7.068062827225130462e+00 8.109999999999999805e-04
-6.625000000000000000e+01 -6.125654450261779793e+00 1.610000000000000103e-04
-6.625000000000000000e+01 -5.183246073298429124e+00 3.260000000000000094e-04
-6.625000000000000000e+01 -4.240837696335078455e+00 3.536000000000000081e-03
-6.625000000000000000e+01 -3.298429319371727786e+00 1.376199999999999993e-02
-6.625000000000000000e+01 -2.356020942408377117e+00 6.198000000000000384e-03
-6.625000000000000000e+01 -1.413612565445026226e+00 0.000000000000000000e+00
-6.625000000000000000e+01 -4.712041884816753901e-01 2.425000000000000072e-03
-6.625000000000000000e+01 4.712041884816753901e-01 2.425000000000000072e-03
-6.625000000000000000e+01 1.413612565445026226e+00 7.228900000000000603e-02
-6.625000000000000000e+01 2.356020942408377117e+00 6.651500000000000468e-02
-6.500000000000000000e+01 -1.837696335078534560e+01 2.436400000000000024e-02
-6.500000000000000000e+01 -1.743455497382199582e+01 3.450050000000000061e-01
-6.500000000000000000e+01 -1.649214659685864603e+01 1.008700000000000048e-02
-6.500000000000000000e+01 -1.554973821989529448e+01 1.008700000000000048e-02
-6.500000000000000000e+01 -1.460732984293194114e+01 4.854999999999999941e-03
-6.500000000000000000e+01 -1.366492146596859136e+01 2.969999999999999984e-03
-6.500000000000000000e+01 -1.272251308900523981e+01 1.412000000000000061e-03
-6.500000000000000000e+01 -1.178010471204188825e+01 7.407000000000000389e-03
-6.500000000000000000e+01 -1.083769633507853669e+01 1.539099999999999913e-01
-6.500000000000000000e+01 -9.895287958115185134e+00 3.411179999999999768e-01
-6.500000000000000000e+01 -8.952879581151833577e+00 8.346800000000000053e-02
-6.500000000000000000e+01 -8.010471204188482020e+00 2.351999999999999924e-03
-6.500000000000000000e+01 -7.068062827225130462e+00 2.662300000000000083e-02
-6.500000000000000000e+01 -6.125654450261779793e+00 1.147999999999999932e-03
-6.500000000000000000e+01 -5.183246073298429124e+00 8.170000000000000179e-04
-6.500000000000000000e+01 -4.240837696335078455e+00 5.105000000000000163e-03
-6.500000000000000000e+01 -3.298429319371727786e+00 1.512400000000000029e-02
-6.500000000000000000e+01 -2.356020942408377117e+00 4.329999999999999648e-03
-6.500000000000000000e+01 -1.413612565445026226e+00 1.791999999999999973e-03
-6.500000000000000000e+01 -4.712041884816753901e-01 7.742999999999999883e-03
-6.500000000000000000e+01 4.712041884816753901e-01 7.742999999999999883e-03
-6.500000000000000000e+01 1.413612565445026226e+00 2.658999999999999905e-03
-6.375000000000000000e+01 -2.026178010471204516e+01 0.000000000000000000e+00
-6.375000000000000000e+01 -1.931937172774869538e+01 1.173769999999999952e-01
-6.375000000000000000e+01 -1.837696335078534560e+01 1.294579999999999897e-01
-6.375000000000000000e+01 -1.743455497382199582e+01 4.645750000000000157e-01
-6.375000000000000000e+01 -1.649214659685864603e+01 5.530399999999999899e-02
-6.375000000000000000e+01 -1.554973821989529448e+01 5.530399999999999899e-02
-6.375000000000000000e+01 -1.460732984293194114e+01 2.331099999999999839e-02
-6.375000000000000000e+01 -1.366492146596859136e+01 2.972999999999999948e-03
-6.375000000000000000e+01 -1.272251308900523981e+01 1.923000000000000013e-03
-6.375000000000000000e+01 -1.178010471204188825e+01 3.747949999999999893e-01
-6.375000000000000000e+01 -1.083769633507853669e+01 4.705199999999999660e-02
-6.375000000000000000e+01 -9.895287958115185134e+00 3.724520000000000053e-01
-6.375000000000000000e+01 -8.952879581151833577e+00 5.987369999999999637e-01
-6.375000000000000000e+01 -8.010471204188482020e+00 1.496379999999999932e-01
-6.375000000000000000e+01 -7.068062827225130462e+00 1.487300000000000080e-02
-6.375000000000000000e+01 -6.125654450261779793e+00 4.970999999999999724e-03
-6.375000000000000000e+01 -5.183246073298429124e+00 2.690999999999999816e-03
-6.375000000000000000e+01 -4.240837696335078455e+00 3.451300000000000201e-02
-6.375000000000000000e+01 -3.298429319371727786e+00 1.724000000000000055e-03
-6.375000000000000000e+01 -2.356020942408377117e+00 3.249999999999999851e-04
-6.375000000000000000e+01 -1.413612565445026226e+00 3.240000000000000150e-04
-6.375000000000000000e+01 -4.712041884816753901e-01 1.828999999999999897e-03
-6.375000000000000000e+01 4.712041884816753901e-01 1.828999999999999897e-03
-6.375000000000000000e+01 1.413612565445026226e+00 0.000000000000000000e+00
-6.375000000000000000e+01 3.298429319371727786e+00 1.109599999999999996e-02
-6.250000000000000000e+01 -1.931937172774869538e+01 3.395589999999999997e-01
-6.250000000000000000e+01 -1.837696335078534560e+01 6.827320000000000055e-01
-6.250000000000000000e+01 -1.743455497382199582e+01 7.345880000000000187e-01
-6.250000000000000000e+01 -1.649214659685864603e+01 7.145799999999999375e-02
-6.250000000000000000e+01 -1.554973821989529448e+01 7.145799999999999375e-02
-6.250000000000000000e+01 -1.460732984293194114e+01 7.910999999999999630e-03
-6.250000000000000000e+01 -1.366492146596859136e+01 2.263999999999999953e-03
-6.250000000000000000e+01 -1.272251308900523981e+01 5.212999999999999752e-03
-6.250000000000000000e+01 -1.178010471204188825e+01 4.530959999999999988e-01
-6.250000000000000000e+01 -1.083769633507853669e+01 3.857380000000000253e-01
-6.250000000000000000e+01 -9.895287958115185134e+00 9.064189999999999747e-01
-6.250000000000000000e+01 -8.952879581151833577e+00 3.417549999999999755e-01
-6.250000000000000000e+01 -8.010471204188482020e+00 1.210780000000000051e-01
-6.250000000000000000e+01 -7.068062827225130462e+00 1.186539999999999956e-01
-6.250000000000000000e+01 -6.125654450261779793e+00 1.866599999999999857e-02
-6.250000000000000000e+01 -5.183246073298429124e+00 2.396000000000000126e-03
-6.250000000000000000e+01 -4.240837696335078455e+00 3.841399999999999676e-02
-6.250000000000000000e+01 -3.298429319371727786e+00 6.538999999999999674e-03
-6.250000000000000000e+01 -2.356020942408377117e+00 1.056999999999999997e-03
-6.250000000000000000e+01 -1.413612565445026226e+00 8.984999999999999931e-03
-6.250000000000000000e+01 -4.712041884816753901e-01 6.509999999999999945e-04
-6.250000000000000000e+01 4.712041884816753901e-01 6.509999999999999945e-04
-6.250000000000000000e+01 1.413612565445026226e+00 1.435000000000000078e-03
-6.250000000000000000e+01 2.356020942408377117e+00 8.090000000000000403e-04
-6.250000000000000000e+01 3.298429319371727786e+00 0.000000000000000000e+00
-6.125000000000000000e+01 -1.837696335078534560e+01 1.599679999999999991e-01
-6.125000000000000000e+01 -1.743455497382199582e+01 9.297300000000000009e-02
-6.125000000000000000e+01 -1.649214659685864603e+01 1.340580000000000105e-01
-6.125000000000000000e+01 -1.554973821989529448e+01 1.340580000000000105e-01
-6.125000000000000000e+01 -1.460732984293194114e+01 2.826800000000000146e-02
-6.125000000000000000e+01 -1.366492146596859136e+01 4.392499999999999877e-02
-6.125000000000000000e+01 -1.272251308900523981e+01 6.172640000000000349e-01
-6.125000000000000000e+01 -1.178010471204188825e+01 7.253629999999999800e-01
-6.125000000000000000e+01 -1.083769633507853669e+01 4.160449999999999982e-01
-6.125000000000000000e+01 -9.895287958115185134e+00 2.125920000000000032e-01
-6.125000000000000000e+01 -8.952879581151833577e+00 4.623100000000000126e-02
-6.125000000000000000e+01 -8.010471204188482020e+00 3.339299999999999907e-02
-6.125000000000000000e+01 -7.068062827225130462e+00 5.879999999999999810e-03
-6.125000000000000000e+01 -6.125654450261779793e+00 4.854300000000000281e-02
-6.125000000000000000e+01 -5.183246073298429124e+00 1.558799999999999943e-02
-6.125000000000000000e+01 -4.240837696335078455e+00 6.380299999999999860e-02
-6.125000000000000000e+01 -3.298429319371727786e+00 1.082339999999999969e-01
-6.125000000000000000e+01 -2.356020942408377117e+00 1.649999999999999991e-03
-6.125000000000000000e+01 -1.413612565445026226e+00 2.367000000000000180e-03
-6.125000000000000000e+01 -4.712041884816753901e-01 6.348299999999999776e-02
-6.125000000000000000e+01 4.712041884816753901e-01 6.348299999999999776e-02
-6.125000000000000000e+01 1.413612565445026226e+00 7.234999999999999765e-02
-6.125000000000000000e+01 2.356020942408377117e+00 4.261610000000000120e-01
-6.125000000000000000e+01 3.298429319371727786e+00 1.963479999999999948e-01
-6.125000000000000000e+01 4.240837696335078455e+00 2.313799999999999885e-02
-6.000000000000000000e+01 -1.554973821989529448e+01 9.353999999999999815e-02
-6.000000000000000000e+01 -1.460732984293194114e+01 3.752039999999999820e-01
-6.000000000000000000e+01 -1.366492146596859136e+01 4.124289999999999901e-01
-6.000000000000000000e+01 -1.272251308900523981e+01 3.517870000000000164e-01
-6.000000000000000000e+01 -1.178010471204188825e+01 1.045999999999999985e-01
-6.000000000000000000e+01 -1.083769633507853669e+01 8.332000000000000864e-03
-6.000000000000000000e+01 -9.895287958115185134e+00 1.260580000000000034e-01
-6.000000000000000000e+01 -8.952879581151833577e+00 3.438599999999999990e-02
-6.000000000000000000e+01 -8.010471204188482020e+00 0.000000000000000000e+00
-6.000000000000000000e+01 -7.068062827225130462e+00 1.332359999999999933e-01
-6.000000000000000000e+01 -6.125654450261779793e+00 1.225000000000000047e-02
-6.000000000000000000e+01 -5.183246073298429124e+00 3.420299999999999729e-02
-6.000000000000000000e+01 -4.240837696335078455e+00 2.205469999999999930e-01
-6.000000000000000000e+01 -3.298429319371727786e+00 5.306859999999999911e-01
-6.000000000000000000e+01 -2.356020942408377117e+00 3.443780000000000174e-01
-6.000000000000000000e+01 -1.413612565445026226e+00 5.895199999999999746e-02
-6.000000000000000000e+01 -4.712041884816753901e-01 1.915199999999999889e-02
-6.000000000000000000e+01 4.712041884816753901e-01 1.915199999999999889e-02
-6.000000000000000000e+01 1.413612565445026226e+00 4.131839999999999957e-01
-6.000000000000000000e+01 2.356020942408377117e+00 7.778999999999999804e-02
-6.000000000000000000e+01 3.298429319371727786e+00 7.953599999999999559e-02
-6.000000000000000000e+01 4.240837696335078455e+00 1.141299999999999953e-02
-6.000000000000000000e+01 5.183246073298429124e+00 1.274999999999999918e-02
-5.875000000000000000e+01 -1.366492146596859136e+01 2.857799999999999924e-02
-5.875000000000000000e+01 -1.272251308900523981e+01 1.209999999999999921e-03
-5.875000000000000000e+01 -1.178010471204188825e+01 1.687529999999999863e-01
-5.875000000000000000e+01 -1.083769633507853669e+01 5.323050000000000281e-01
-5.875000000000000000e+01 -9.895287958115185134e+00 3.970400000000000040e-01
-5.875000000000000000e+01 -8.952879581151833577e+00 7.240299999999999514e-02
-5.875000000000000000e+01 -8.010471204188482020e+00 2.400000000000000061e-04
-5.875000000000000000e+01 -7.068062827225130462e+00 1.841299999999999881e-02
-5.875000000000000000e+01 -6.125654450261779793e+00 5.649999999999999641e-04
-5.875000000000000000e+01 -5.183246073298429124e+00 1.311000000000000099e-03
-5.875000000000000000e+01 -4.240837696335078455e+00 1.352909999999999946e-01
-5.875000000000000000e+01 -3.298429319371727786e+00 4.536999999999999922e-01
-5.875000000000000000e+01 -2.356020942408377117e+00 3.022199999999999886e-02
-5.875000000000000000e+01 -1.413612565445026226e+00 0.000000000000000000e+00
-5.875000000000000000e+01 -4.712041884816753901e-01 0.000000000000000000e+00
-5.875000000000000000e+01 4.712041884816753901e-01 0.000000000000000000e+00
-5.750000000000000000e+01 -1.366492146596859136e+01 5.089300000000000074e-02
-5.750000000000000000e+01 -1.272251308900523981e+01 5.644199999999999912e-02
-5.750000000000000000e+01 -1.178010471204188825e+01 4.453059999999999796e-01
-5.750000000000000000e+01 -1.083769633507853669e+01 3.994969999999999910e-01
-5.750000000000000000e+01 -9.895287958115185134e+00 3.179660000000000264e-01
-5.750000000000000000e+01 -8.952879581151833577e+00 4.061200000000000226e-02
-5.750000000000000000e+01 -8.010471204188482020e+00 7.013000000000000136e-03
-5.750000000000000000e+01 -7.068062827225130462e+00 2.566000000000000138e-03
-5.750000000000000000e+01 -6.125654450261779793e+00 2.487899999999999834e-02
-5.750000000000000000e+01 -5.183246073298429124e+00 1.631999999999999987e-03
-5.750000000000000000e+01 -4.240837696335078455e+00 4.735299999999999926e-02
-5.750000000000000000e+01 -3.298429319371727786e+00 2.742930000000000090e-01
-5.750000000000000000e+01 -2.356020942408377117e+00 3.331900000000000139e-02
-5.750000000000000000e+01 -1.413612565445026226e+00 6.755999999999999853e-03
-5.750000000000000000e+01 -4.712041884816753901e-01 0.000000000000000000e+00
-5.750000000000000000e+01 4.712041884816753901e-01 0.000000000000000000e+00
-5.750000000000000000e+01 1.413612565445026226e+00 8.100000000000000375e-05
-5.625000000000000000e+01 -1.366492146596859136e+01 3.008569999999999856e-01
-5.625000000000000000e+01 -1.272251308900523981e+01 3.060530000000000195e-01
-5.625000000000000000e+01 -1.178010471204188825e+01 6.594539999999999846e-01
-5.625000000000000000e+01 -1.083769633507853669e+01 4.633099999999999996e-01
-5.625000000000000000e+01 -9.895287958115185134e+00 8.665350000000000552e-01
-5.625000000000000000e+01 -8.952879581151833577e+00 6.665100000000000191e-02
-5.625000000000000000e+01 -8.010471204188482020e+00 1.211699999999999930e-02
-5.625000000000000000e+01 -7.068062827225130462e+00 6.490600000000000536e-02
-5.625000000000000000e+01 -6.125654450261779793e+00 8.274700000000000111e-02
-5.625000000000000000e+01 -5.183246073298429124e+00 1.940139999999999920e-01
-5.625000000000000000e+01 -4.240837696335078455e+00 3.711729999999999752e-01
-5.625000000000000000e+01 -3.298429319371727786e+00 3.291399999999999881e-02
-5.625000000000000000e+01 -2.356020942408377117e+00 3.433419999999999805e-01
-5.625000000000000000e+01 -1.413612565445026226e+00 2.771399999999999905e-02
-5.625000000000000000e+01 -4.712041884816753901e-01 8.000000000000000654e-05
-5.625000000000000000e+01 4.712041884816753901e-01 8.000000000000000654e-05
-5.625000000000000000e+01 1.413612565445026226e+00 0.000000000000000000e+00
-5.500000000000000000e+01 -1.460732984293194114e+01 1.801230000000000053e-01
-5.500000000000000000e+01 -1.366492146596859136e+01 4.379399999999999959e-02
-5.500000000000000000e+01 -1.272251308900523981e+01 4.101929999999999743e-01
-5.500000000000000000e+01 -1.178010471204188825e+01 6.449300000000000033e-01
-5.500000000000000000e+01 -1.083769633507853669e+01 7.714790000000000258e-01
-5.500000000000000000e+01 -9.895287958115185134e+00 7.797190000000000509e-01
-5.500000000000000000e+01 -8.952879581151833577e+00 9.546100000000000418e-02
-5.500000000000000000e+01 -8.010471204188482020e+00 1.687240000000000129e-01
-5.500000000000000000e+01 -7.068062827225130462e+00 1.499469999999999970e-01
-5.500000000000000000e+01 -6.125654450261779793e+00 7.216000000000000192e-03
-5.500000000000000000e+01 -5.183246073298429124e+00 4.809999999999999823e-04
-5.500000000000000000e+01 -4.240837696335078455e+00 3.084589999999999832e-01
-5.500000000000000000e+01 -3.298429319371727786e+00 4.816920000000000091e-01
-5.500000000000000000e+01 -2.356020942408377117e+00 5.632819999999999494e-01
-5.500000000000000000e+01 -1.413612565445026226e+00 1.420399999999999961e-02
-5.500000000000000000e+01 -4.712041884816753901e-01 2.420000000000000005e-04
-5.500000000000000000e+01 4.712041884816753901e-01 2.420000000000000005e-04
-5.500000000000000000e+01 1.413612565445026226e+00 2.420000000000000005e-04
-5.500000000000000000e+01 2.356020942408377117e+00 5.760000000000000146e-04
-5.375000000000000000e+01 -1.460732984293194114e+01 4.079999999999999968e-04
-5.375000000000000000e+01 -1.366492146596859136e+01 4.216999999999999915e-02
-5.375000000000000000e+01 -1.272251308900523981e+01 2.642599999999999949e-01
-5.375000000000000000e+01 -1.178010471204188825e+01 1.641340000000000021e-01
-5.375000000000000000e+01 -1.083769633507853669e+01 3.187180000000000013e-01
-5.375000000000000000e+01 -9.895287958115185134e+00 3.337660000000000071e-01
-5.375000000000000000e+01 -8.952879581151833577e+00 5.800999999999999733e-03
-5.375000000000000000e+01 -8.010471204188482020e+00 8.000000000000000654e-05
-5.375000000000000000e+01 -7.068062827225130462e+00 2.423999999999999939e-03
-5.375000000000000000e+01 -6.125654450261779793e+00 1.236899999999999979e-02
-5.375000000000000000e+01 -5.183246073298429124e+00 4.302000000000000268e-03
-5.375000000000000000e+01 -4.240837696335078455e+00 2.972009999999999930e-01
-5.375000000000000000e+01 -3.298429319371727786e+00 2.851020000000000221e-01
-5.375000000000000000e+01 -2.356020942408377117e+00 4.700099999999999834e-01
-5.375000000000000000e+01 -1.413612565445026226e+00 7.312699999999999756e-02
-5.375000000000000000e+01 -4.712041884816753901e-01 9.719999999999999907e-04
-5.375000000000000000e+01 4.712041884816753901e-01 9.719999999999999907e-04
-5.375000000000000000e+01 1.413612565445026226e+00 6.331999999999999955e-03
-5.375000000000000000e+01 2.356020942408377117e+00 1.054000000000000032e-03
-5.250000000000000000e+01 -1.366492146596859136e+01 1.248499999999999957e-02
-5.250000000000000000e+01 -1.272251308900523981e+01 2.547180000000000000e-01
-5.250000000000000000e+01 -1.178010471204188825e+01 1.137989999999999974e-01
-5.250000000000000000e+01 -1.083769633507853669e+01 2.861449999999999827e-01
-5.250000000000000000e+01 -9.895287958115185134e+00 1.006139999999999951e-01
-5.250000000000000000e+01 -8.952879581151833577e+00 5.699999999999999772e-04
-5.250000000000000000e+01 -8.010471204188482020e+00 2.820000000000000024e-03
-5.250000000000000000e+01 -7.068062827225130462e+00 1.113979999999999970e-01
-5.250000000000000000e+01 -6.125654450261779793e+00 1.804989999999999928e-01
-5.250000000000000000e+01 -5.183246073298429124e+00 2.674000000000000161e-03
-5.250000000000000000e+01 -4.240837696335078455e+00 9.034699999999999676e-02
-5.250000000000000000e+01 -3.298429319371727786e+00 2.334980000000000111e-01
-5.250000000000000000e+01 -2.356020942408377117e+00 3.983899999999999941e-02
-5.250000000000000000e+01 -1.413612565445026226e+00 3.011360000000000148e-01
-5.250000000000000000e+01 -4.712041884816753901e-01 5.986000000000000001e-03
-5.250000000000000000e+01 4.712041884816753901e-01 5.986000000000000001e-03
-5.125000000000000000e+01 -8.952879581151833577e+00 5.974209999999999798e-01
-5.125000000000000000e+01 -8.010471204188482020e+00 4.298649999999999971e-01
-5.125000000000000000e+01 -7.068062827225130462e+00 5.457100000000000284e-01
-5.125000000000000000e+01 -5.183246073298429124e+00 2.434630000000000127e-01
-5.125000000000000000e+01 -4.240837696335078455e+00 3.814259999999999873e-01
-5.125000000000000000e+01 -3.298429319371727786e+00 3.115850000000000009e-01
-5.125000000000000000e+01 -2.356020942408377117e+00 1.497590000000000032e-01
-5.000000000000000000e+01 -3.298429319371727786e+00 4.812629999999999963e-01
