-7.875000000000000000e+01 -6.125654450261779793e+00 5.057749999999999746e-01
-7.875000000000000000e+01 -5.183246073298429124e+00 2.337279999999999913e-01
-7.875000000000000000e+01 -4.240837696335078455e+00 3.550749999999999740e-01
-7.875000000000000000e+01 -3.298429319371727786e+00 4.851840000000000042e-01
-7.875000000000000000e+01 -2.356020942408377117e+00 0.000000000000000000e+00
-7.875000000000000000e+01 -1.413612565445026226e+00 0.000000000000000000e+00
-7.750000000000000000e+01 -8.952879581151833577e+00 1.875680000000000125e-01
-7.750000000000000000e+01 -8.010471204188482020e+00 1.435049999999999937e-01
-7.750000000000000000e+01 -7.068062827225130462e+00 2.859260000000000135e-01
-7.750000000000000000e+01 -6.125654450261779793e+00 5.267070000000000363e-01
-7.750000000000000000e+01 -5.183246073298429124e+00 1.775359999999999994e-01
-7.750000000000000000e+01 -4.240837696335078455e+00 4.908300000000000163e-02
-7.750000000000000000e+01 -3.298429319371727786e+00 4.181699999999999862e-01
-7.750000000000000000e+01 -2.356020942408377117e+00 2.448720000000000063e-01
-7.750000000000000000e+01 -1.413612565445026226e+00 3.804429999999999756e-01
-7.750000000000000000e+01 -4.712041884816753901e-01 2.153899999999999981e-01
-7.750000000000000000e+01 4.712041884816753901e-01 2.153899999999999981e-01
-7.625000000000000000e+01 -1.083769633507853669e+01 7.027899999999999425e-02
-7.625000000000000000e+01 -9.895287958115185134e+00 1.439100000000000101e-01
-7.625000000000000000e+01 -8.952879581151833577e+00 4.657939999999999858e-01
-7.625000000000000000e+01 -8.010471204188482020e+00 1.693469999999999975e-01
-7.625000000000000000e+01 -7.068062827225130462e+00 2.593360000000000110e-01
-7.625000000000000000e+01 -6.125654450261779793e+00 4.467289999999999872e-01
-7.625000000000000000e+01 -5.183246073298429124e+00 4.002700000000000008e-02
-7.625000000000000000e+01 -4.240837696335078455e+00 1.472000000000000001e-03
-7.625000000000000000e+01 -3.298429319371727786e+00 3.983000000000000429e-03
-7.625000000000000000e+01 -2.356020942408377117e+00 2.553000000000000148e-03
-7.625000000000000000e+01 -1.413612565445026226e+00 5.873999999999999881e-03
-7.625000000000000000e+01 -4.712041884816753901e-01 1.918999999999999873e-01
-7.625000000000000000e+01 4.712041884816753901e-01 1.918999999999999873e-01
-7.625000000000000000e+01 1.413612565445026226e+00 8.406449999999999756e-01
-7.500000000000000000e+01 -1.366492146596859136e+01 7.814200000000000312e-02
-7.500000000000000000e+01 -1.272251308900523981e+01 1.417779999999999874e-01
-7.500000000000000000e+01 -1.178010471204188825e+01 1.237540000000000029e-01
-7.500000000000000000e+01 -1.083769633507853669e+01 3.662710000000000132e-01
-7.500000000000000000e+01 -9.895287958115185134e+00 1.979539999999999911e-01
-7.500000000000000000e+01 -8.952879581151833577e+00 5.227979999999999849e-01
-7.500000000000000000e+01 -8.010471204188482020e+00 2.437860000000000027e-01
-7.500000000000000000e+01 -7.068062827225130462e+00 3.760100000000000248e-02
-7.500000000000000000e+01 -6.125654450261779793e+00 6.070300000000000001e-02
-7.500000000000000000e+01 -5.183246073298429124e+00 4.566900000000000126e-02
-7.500000000000000000e+01 -4.240837696335078455e+00 2.003299999999999872e-02
-7.500000000000000000e+01 -3.298429319371727786e+00 2.305999999999999890e-03
-7.500000000000000000e+01 -2.356020942408377117e+00 6.376999999999999856e-03
-7.500000000000000000e+01 -1.413612565445026226e+00 5.597000000000000412e-03
-7.500000000000000000e+01 -4.712041884816753901e-01 3.160000000000000309e-02
-7.500000000000000000e+01 4.712041884816753901e-01 3.160000000000000309e-02
-7.500000000000000000e+01 1.413612565445026226e+00 5.315339999999999510e-01
-7.500000000000000000e+01 2.356020942408377117e+00 9.083400000000000363e-01
-7.375000000000000000e+01 -1.460732984293194114e+01 0.000000000000000000e+00
-7.375000000000000000e+01 -1.366492146596859136e+01 1.302490000000000037e-01
-7.375000000000000000e+01 -1.272251308900523981e+01 8.263800000000000312e-02
-7.375000000000000000e+01 -1.178010471204188825e+01 1.011139999999999955e-01
-7.375000000000000000e+01 -1.083769633507853669e+01 9.585599999999999676e-02
-7.375000000000000000e+01 -9.895287958115185134e+00 5.901700000000000002e-02
-7.375000000000000000e+01 -8.952879581151833577e+00 1.040169999999999983e-01
-7.375000000000000000e+01 -8.010471204188482020e+00 1.598229999999999928e-01
-7.375000000000000000e+01 -7.068062827225130462e+00 8.250499999999999501e-02
-7.375000000000000000e+01 -6.125654450261779793e+00 2.464699999999999877e-02
-7.375000000000000000e+01 -5.183246073298429124e+00 7.177999999999999658e-02
-7.375000000000000000e+01 -4.240837696335078455e+00 2.272499999999999867e-02
-7.375000000000000000e+01 -3.298429319371727786e+00 7.262000000000000226e-03
-7.375000000000000000e+01 -2.356020942408377117e+00 5.409999999999999878e-03
-7.375000000000000000e+01 -1.413612565445026226e+00 1.091850000000000043e-01
-7.375000000000000000e+01 -4.712041884816753901e-01 2.467000000000000009e-03
-7.375000000000000000e+01 4.712041884816753901e-01 2.467000000000000009e-03
-7.375000000000000000e+01 1.413612565445026226e+00 4.672799999999999870e-02
-7.250000000000000000e+01 -1.460732984293194114e+01 5.432000000000000196e-03
-7.250000000000000000e+01 -1.366492146596859136e+01 1.374849999999999961e-01
-7.250000000000000000e+01 -1.272251308900523981e+01 1.761689999999999923e-01
-7.250000000000000000e+01 -1.178010471204188825e+01 4.293199999999999794e-02
-7.250000000000000000e+01 -1.083769633507853669e+01 6.879999999999999831e-03
-7.250000000000000000e+01 -9.895287958115185134e+00 0.000000000000000000e+00
-7.250000000000000000e+01 -8.952879581151833577e+00 1.763400000000000037e-02
-7.250000000000000000e+01 -8.010471204188482020e+00 5.177410000000000068e-01
-7.250000000000000000e+01 -7.068062827225130462e+00 2.793840000000000212e-01
-7.250000000000000000e+01 -6.125654450261779793e+00 9.730000000000000151e-04
-7.250000000000000000e+01 -5.183246073298429124e+00 9.737000000000000863e-03
-7.250000000000000000e+01 -4.240837696335078455e+00 1.123389999999999944e-01
-7.250000000000000000e+01 -3.298429319371727786e+00 2.123999999999999846e-02
-7.250000000000000000e+01 -2.356020942408377117e+00 5.408500000000000113e-02
-7.250000000000000000e+01 -1.413612565445026226e+00 1.118300000000000023e-02
-7.250000000000000000e+01 -4.712041884816753901e-01 6.908000000000000078e-03
-7.250000000000000000e+01 4.712041884816753901e-01 6.908000000000000078e-03
-7.250000000000000000e+01 1.413612565445026226e+00 1.060600000000000084e-02
-7.125000000000000000e+01 -1.460732984293194114e+01 9.079900000000000471e-02
-7.125000000000000000e+01 -1.366492146596859136e+01 2.486199999999999868e-02
-7.125000000000000000e+01 -1.272251308900523981e+01 2.402360000000000051e-01
-7.125000000000000000e+01 -1.178010471204188825e+01 7.383999999999999939e-03
-7.125000000000000000e+01 -1.083769633507853669e+01 1.640000000000000019e-04
-7.125000000000000000e+01 -9.895287958115185134e+00 6.791000000000000161e-03
-7.125000000000000000e+01 -8.952879581151833577e+00 1.370639999999999914e-01
-7.125000000000000000e+01 -8.010471204188482020e+00 6.599169999999999758e-01
-7.125000000000000000e+01 -7.068062827225130462e+00 1.180380000000000040e-01
-7.125000000000000000e+01 -6.125654450261779793e+00 4.895000000000000046e-03
-7.125000000000000000e+01 -5.183246073298429124e+00 2.429999999999999977e-04
-7.125000000000000000e+01 -4.240837696335078455e+00 3.373700000000000310e-02
-7.125000000000000000e+01 -3.298429319371727786e+00 1.589999999999999888e-04
-7.125000000000000000e+01 -2.356020942408377117e+00 4.729200000000000070e-02
-7.125000000000000000e+01 -1.413612565445026226e+00 3.592000000000000141e-03
-7.125000000000000000e+01 -4.712041884816753901e-01 0.000000000000000000e+00
-7.125000000000000000e+01 4.712041884816753901e-01 0.000000000000000000e+00
-7.125000000000000000e+01 1.413612565445026226e+00 9.703000000000000513e-02
-7.000000000000000000e+01 -1.366492146596859136e+01 1.007199999999999936e-02
-7.000000000000000000e+01 -1.272251308900523981e+01 3.416839999999999877e-01
-7.000000000000000000e+01 -1.178010471204188825e+01 8.891799999999999704e-02
-7.000000000000000000e+01 -1.083769633507853669e+01 3.768670000000000075e-01
-7.000000000000000000e+01 -9.895287958115185134e+00 2.642500000000000057e-02
-7.000000000000000000e+01 -8.952879581151833577e+00 3.380759999999999876e-01
-7.000000000000000000e+01 -8.010471204188482020e+00 4.565389999999999726e-01
-7.000000000000000000e+01 -7.068062827225130462e+00 4.854499999999999788e-02
-7.000000000000000000e+01 -6.125654450261779793e+00 1.861000000000000024e-03
-7.000000000000000000e+01 -5.183246073298429124e+00 8.040000000000000271e-04
-7.000000000000000000e+01 -4.240837696335078455e+00 1.206089999999999940e-01
-7.000000000000000000e+01 -3.298429319371727786e+00 5.206399999999999917e-02
-7.000000000000000000e+01 -2.356020942408377117e+00 1.800600000000000117e-02
-7.000000000000000000e+01 -1.413612565445026226e+00 3.288200000000000151e-02
-7.000000000000000000e+01 -4.712041884816753901e-01 1.220300000000000031e-02
-7.000000000000000000e+01 4.712041884816753901e-01 1.220300000000000031e-02
-7.000000000000000000e+01 1.413612565445026226e+00 7.309000000000000392e-03
-6.875000000000000000e+01 -1.554973821989529448e+01 1.353999999999999952e-03
-6.875000000000000000e+01 -1.460732984293194114e+01 3.785899999999999682e-02
-6.875000000000000000e+01 -1.366492146596859136e+01 1.736700000000000049e-02
-6.875000000000000000e+01 -1.272251308900523981e+01 1.666529999999999956e-01
-6.875000000000000000e+01 -1.178010471204188825e+01 4.890900000000000247e-01
-6.875000000000000000e+01 -1.083769633507853669e+01 6.901950000000000029e-01
-6.875000000000000000e+01 -9.895287958115185134e+00 2.408440000000000025e-01
-6.875000000000000000e+01 -8.952879581151833577e+00 7.306120000000000392e-01
-6.875000000000000000e+01 -8.010471204188482020e+00 2.378500000000000059e-02
-6.875000000000000000e+01 -7.068062827225130462e+00 2.047999999999999907e-03
-6.875000000000000000e+01 -6.125654450261779793e+00 1.129999999999999928e-03
-6.875000000000000000e+01 -5.183246073298429124e+00 4.840000000000000010e-04
-6.875000000000000000e+01 -4.240837696335078455e+00 4.423999999999999981e-03
-6.875000000000000000e+01 -3.298429319371727786e+00 7.030999999999999923e-03
-6.875000000000000000e+01 -2.356020942408377117e+00 4.833999999999999755e-03
-6.875000000000000000e+01 -1.413612565445026226e+00 9.431000000000000147e-03
-6.875000000000000000e+01 -4.712041884816753901e-01 1.129100000000000069e-02
-6.875000000000000000e+01 4.712041884816753901e-01 1.129100000000000069e-02
-6.875000000000000000e+01 1.413612565445026226e+00 1.477200000000000041e-02
-6.875000000000000000e+01 2.356020942408377117e+00 6.295000000000000248e-03
-6.750000000000000000e+01 -1.649214659685864603e+01 3.792829999999999813e-01
-6.750000000000000000e+01 -1.554973821989529448e+01 3.792829999999999813e-01
-6.750000000000000000e+01 -1.460732984293194114e+01 1.824030000000000096e-01
-6.750000000000000000e+01 -1.366492146596859136e+01 1.467749999999999888e-01
-6.750000000000000000e+01 -1.272251308900523981e+01 2.537999999999999978e-02
-6.750000000000000000e+01 -1.178010471204188825e+01 4.499299999999999827e-02
-6.750000000000000000e+01 -1.083769633507853669e+01 4.450450000000000239e-01
-6.750000000000000000e+01 -9.895287958115185134e+00 8.998460000000000347e-01
-6.750000000000000000e+01 -8.952879581151833577e+00 4.296280000000000099e-01
-6.750000000000000000e+01 -8.010471204188482020e+00 3.995000000000000287e-03
-6.750000000000000000e+01 -7.068062827225130462e+00 8.919999999999999978e-04
-6.750000000000000000e+01 -6.125654450261779793e+00 5.623999999999999659e-03
-6.750000000000000000e+01 -5.183246073298429124e+00 1.128000000000000096e-03
-6.750000000000000000e+01 -4.240837696335078455e+00 8.059999999999999673e-04
-6.750000000000000000e+01 -3.298429319371727786e+00 1.528000000000000018e-02
-6.750000000000000000e+01 -2.356020942408377117e+00 3.310000000000000225e-04
-6.750000000000000000e+01 -1.413612565445026226e+00 8.000000000000000654e-05
-6.750000000000000000e+01 -4.712041884816753901e-01 8.989999999999999511e-04
-6.750000000000000000e+01 4.712041884816753901e-01 8.989999999999999511e-04
-6.750000000000000000e+01 1.413612565445026226e+00 6.729999999999999871e-03
-6.750000000000000000e+01 2.356020942408377117e+00 2.149500000000000022e-02
-6.625000000000000000e+01 -1.837696335078534560e+01 8.382100000000000661e-02
-6.625000000000000000e+01 -1.743455497382199582e+01 3.197860000000000147e-01
-6.625000000000000000e+01 -1.649214659685864603e+01 2.209799999999999959e-02
-6.625000000000000000e+01 -1.554973821989529448e+01 2.209799999999999959e-02
-6.625000000000000000e+01 -1.460732984293194114e+01 1.379099999999999944e-02
-6.625000000000000000e+01 -1.366492146596859136e+01 1.134000000000000025e-03
-6.625000000000000000e+01 -1.272251308900523981e+01 0.000000000000000000e+00
-6.625000000000000000e+01 -1.178010471204188825e+01 1.042599999999999950e-02
-6.625000000000000000e+01 -1.083769633507853669e+01 1.669080000000000008e-01
-6.625000000000000000e+01 -9.895287958115185134e+00 3.293889999999999874e-01
-6.625000000000000000e+01 -8.952879581151833577e+00 2.733519999999999839e-01
-6.625000000000000000e+01 -8.010471204188482020e+00 2.245499999999999927e-02
-6.625000000000000000e+01 -7.068062827225130462e+00 8.109999999999999805e-04
-6.625000000000000000e+01 -6.125654450261779793e+00 1.610000000000000103e-04
-6.625000000000000000e+01 -5.183246073298429124e+00 3.260000000000000094e-04
-6.625000000000000000e+01 -4.240837696335078455e+00 3.536000000000000081e-03
-6.625000000000000000e+01 -3.298429319371727786e+00 1.621099999999999972e-02
-6.625000000000000000e+01 -2.356020942408377117e+00 6.369999999999999794e-03
-6.625000000000000000e+01 -1.413612565445026226e+00 0.000000000000000000e+00
-6.625000000000000000e+01 -4.712041884816753901e-01 2.425000000000000072e-03
-6.625000000000000000e+01 4.712041884816753901e-01 2.425000000000000072e-03
-6.625000000000000000e+01 1.413612565445026226e+00 8.401400000000000534e-02
-6.625000000000000000e+01 2.356020942408377117e+00 7.180699999999999583e-02
-6.500000000000000000e+01 -1.837696335078534560e+01 2.827599999999999905e-02
-6.500000000000000000e+01 -1.743455497382199582e+01 5.455379999999999674e-01
-6.500000000000000000e+01 -1.649214659685864603e+01 5.906999999999999751e-02
-6.500000000000000000e+01 -1.554973821989529448e+01 5.906999999999999751e-02
-6.500000000000000000e+01 -1.460732984293194114e+01 1.113300000000000053e-02
-6.500000000000000000e+01 -1.366492146596859136e+01 5.092000000000000172e-03
-6.500000000000000000e+01 -1.272251308900523981e+01 1.992999999999999980e-03
-6.500000000000000000e+01 -1.178010471204188825e+01 7.003399999999999903e-02
-6.500000000000000000e+01 -1.083769633507853669e+01 3.419300000000000117e-01
-6.500000000000000000e+01 -9.895287958115185134e+00 7.614079999999999737e-01
-6.500000000000000000e+01 -8.952879581151833577e+00 4.468260000000000010e-01
-6.500000000000000000e+01 -8.010471204188482020e+00 1.293380000000000085e-01
-6.500000000000000000e+01 -7.068062827225130462e+00 1.431999999999999940e-01
-6.500000000000000000e+01 -6.125654450261779793e+00 1.147999999999999932e-03
-6.500000000000000000e+01 -5.183246073298429124e+00 6.397600000000000509e-02
-6.500000000000000000e+01 -4.240837696335078455e+00 8.876799999999999968e-02
-6.500000000000000000e+01 -3.298429319371727786e+00 1.204350000000000004e-01
-6.500000000000000000e+01 -2.356020942408377117e+00 4.329999999999999648e-03
-6.500000000000000000e+01 -1.413612565445026226e+00 1.791999999999999973e-03
-6.500000000000000000e+01 -4.712041884816753901e-01 8.763999999999999221e-03
-6.500000000000000000e+01 4.712041884816753901e-01 8.763999999999999221e-03
-6.500000000000000000e+01 1.413612565445026226e+00 2.658999999999999905e-03
-6.375000000000000000e+01 -2.026178010471204516e+01 5.000000000000000000e-01
-6.375000000000000000e+01 -1.931937172774869538e+01 3.311529999999999752e-01
-6.375000000000000000e+01 -1.837696335078534560e+01 2.092140000000000111e-01
-6.375000000000000000e+01 -1.743455497382199582e+01 6.637490000000000334e-01
-6.375000000000000000e+01 -1.649214659685864603e+01 7.452200000000000490e-02
-6.375000000000000000e+01 -1.554973821989529448e+01 7.452200000000000490e-02
-6.375000000000000000e+01 -1.460732984293194114e+01 4.044500000000000178e-02
-6.375000000000000000e+01 -1.366492146596859136e+01 3.468999999999999861e-03
-6.375000000000000000e+01 -1.272251308900523981e+01 7.106000000000000337e-03
-6.375000000000000000e+01 -1.178010471204188825e+01 6.230740000000000167e-01
-6.375000000000000000e+01 -1.083769633507853669e+01 1.299810000000000132e-01
-6.375000000000000000e+01 -9.895287958115185134e+00 7.007440000000000335e-01
-6.375000000000000000e+01 -8.952879581151833577e+00 9.033809999999999896e-01
-6.375000000000000000e+01 -8.010471204188482020e+00 6.355939999999999923e-01
-6.375000000000000000e+01 -7.068062827225130462e+00 2.214859999999999884e-01
-6.375000000000000000e+01 -6.125654450261779793e+00 4.970999999999999724e-03
-6.375000000000000000e+01 -5.183246073298429124e+00 4.232199999999999851e-02
-6.375000000000000000e+01 -4.240837696335078455e+00 2.203390000000000071e-01
-6.375000000000000000e+01 -3.298429319371727786e+00 1.807000000000000012e-03
-6.375000000000000000e+01 -2.356020942408377117e+00 3.249999999999999851e-04
-6.375000000000000000e+01 -1.413612565445026226e+00 3.240000000000000150e-04
-6.375000000000000000e+01 -4.712041884816753901e-01 1.828999999999999897e-03
-6.375000000000000000e+01 4.712041884816753901e-01 1.828999999999999897e-03
-6.375000000000000000e+01 1.413612565445026226e+00 1.941000000000000017e-03
-6.375000000000000000e+01 3.298429319371727786e+00 2.389200000000000004e-02
-6.250000000000000000e+01 -1.931937172774869538e+01 4.041399999999999992e-01
-6.250000000000000000e+01 -1.837696335078534560e+01 7.239010000000000167e-01
-6.250000000000000000e+01 -1.743455497382199582e+01 8.460839999999999472e-01
-6.250000000000000000e+01 -1.649214659685864603e+01 1.844629999999999881e-01
-6.250000000000000000e+01 -1.554973821989529448e+01 1.844629999999999881e-01
-6.250000000000000000e+01 -1.460732984293194114e+01 9.364000000000000795e-03
-6.250000000000000000e+01 -1.366492146596859136e+01 2.507000000000000114e-03
-6.250000000000000000e+01 -1.272251308900523981e+01 2.209399999999999906e-02
-6.250000000000000000e+01 -1.178010471204188825e+01 5.982769999999999477e-01
-6.250000000000000000e+01 -1.083769633507853669e+01 4.717270000000000074e-01
-6.250000000000000000e+01 -9.895287958115185134e+00 9.857890000000000263e-01
-6.250000000000000000e+01 -8.952879581151833577e+00 6.545640000000000347e-01
-6.250000000000000000e+01 -8.010471204188482020e+00 5.399019999999999930e-01
-6.250000000000000000e+01 -7.068062827225130462e+00 8.138750000000000151e-01
-6.250000000000000000e+01 -6.125654450261779793e+00 3.184710000000000041e-01
-6.250000000000000000e+01 -5.183246073298429124e+00 2.396000000000000126e-03
-6.250000000000000000e+01 -4.240837696335078455e+00 3.095029999999999726e-01
-6.250000000000000000e+01 -3.298429319371727786e+00 2.078999999999999945e-02
-6.250000000000000000e+01 -2.356020942408377117e+00 1.381999999999999982e-03
-6.250000000000000000e+01 -1.413612565445026226e+00 1.433109999999999939e-01
-6.250000000000000000e+01 -4.712041884816753901e-01 6.509999999999999945e-04
-6.250000000000000000e+01 4.712041884816753901e-01 6.509999999999999945e-04
-6.250000000000000000e+01 1.413612565445026226e+00 3.748000000000000029e-03
-6.250000000000000000e+01 2.356020942408377117e+00 1.294200000000000038e-02
-6.250000000000000000e+01 3.298429319371727786e+00 0.000000000000000000e+00
-6.125000000000000000e+01 -1.837696335078534560e+01 2.102940000000000087e-01
-6.125000000000000000e+01 -1.743455497382199582e+01 3.677199999999999913e-01
-6.125000000000000000e+01 -1.649214659685864603e+01 3.753960000000000075e-01
-6.125000000000000000e+01 -1.554973821989529448e+01 3.753960000000000075e-01
-6.125000000000000000e+01 -1.460732984293194114e+01 8.043100000000000249e-02
-6.125000000000000000e+01 -1.366492146596859136e+01 7.741800000000000070e-02
-6.125000000000000000e+01 -1.272251308900523981e+01 7.426580000000000403e-01
-6.125000000000000000e+01 -1.178010471204188825e+01 8.170979999999999910e-01
-6.125000000000000000e+01 -1.083769633507853669e+01 5.340549999999999464e-01
-6.125000000000000000e+01 -9.895287958115185134e+00 6.399019999999999708e-01
-6.125000000000000000e+01 -8.952879581151833577e+00 4.229760000000000186e-01
-6.125000000000000000e+01 -8.010471204188482020e+00 3.583040000000000114e-01
-6.125000000000000000e+01 -7.068062827225130462e+00 1.424999999999999878e-01
-6.125000000000000000e+01 -6.125654450261779793e+00 2.332980000000000054e-01
-6.125000000000000000e+01 -5.183246073298429124e+00 1.741860000000000075e-01
-6.125000000000000000e+01 -4.240837696335078455e+00 5.180730000000000057e-01
-6.125000000000000000e+01 -3.298429319371727786e+00 4.933839999999999892e-01
-6.125000000000000000e+01 -2.356020942408377117e+00 1.155100000000000050e-02
-6.125000000000000000e+01 -1.413612565445026226e+00 7.753200000000000369e-02
-6.125000000000000000e+01 -4.712041884816753901e-01 2.661499999999999977e-01
-6.125000000000000000e+01 4.712041884816753901e-01 2.661499999999999977e-01
-6.125000000000000000e+01 1.413612565445026226e+00 3.993720000000000048e-01
-6.125000000000000000e+01 2.356020942408377117e+00 8.437219999999999720e-01
-6.125000000000000000e+01 3.298429319371727786e+00 2.922600000000000198e-01
-6.125000000000000000e+01 4.240837696335078455e+00 1.234320000000000001e-01
-6.000000000000000000e+01 -1.554973821989529448e+01 1.588720000000000132e-01
-6.000000000000000000e+01 -1.460732984293194114e+01 4.657200000000000228e-01
-6.000000000000000000e+01 -1.366492146596859136e+01 6.338749999999999662e-01
-6.000000000000000000e+01 -1.272251308900523981e+01 5.185070000000000512e-01
-6.000000000000000000e+01 -1.178010471204188825e+01 1.875709999999999877e-01
-6.000000000000000000e+01 -1.083769633507853669e+01 4.619000000000000189e-02
-6.000000000000000000e+01 -9.895287958115185134e+00 4.584070000000000089e-01
-6.000000000000000000e+01 -8.952879581151833577e+00 3.385989999999999833e-01
-6.000000000000000000e+01 -8.010471204188482020e+00 9.329600000000000393e-02
-6.000000000000000000e+01 -7.068062827225130462e+00 6.135180000000000078e-01
-6.000000000000000000e+01 -6.125654450261779793e+00 2.583239999999999981e-01
-6.000000000000000000e+01 -5.183246073298429124e+00 2.523699999999999832e-01
-6.000000000000000000e+01 -4.240837696335078455e+00 6.585079999999999822e-01
-6.000000000000000000e+01 -3.298429319371727786e+00 8.802990000000000537e-01
-6.000000000000000000e+01 -2.356020942408377117e+00 9.140230000000000299e-01
-6.000000000000000000e+01 -1.413612565445026226e+00 3.974520000000000275e-01
-6.000000000000000000e+01 -4.712041884816753901e-01 1.035650000000000043e-01
-6.000000000000000000e+01 4.712041884816753901e-01 1.035650000000000043e-01
-6.000000000000000000e+01 1.413612565445026226e+00 8.039370000000000127e-01
-6.000000000000000000e+01 2.356020942408377117e+00 4.322679999999999856e-01
-6.000000000000000000e+01 3.298429319371727786e+00 1.359599999999999975e-01
-6.000000000000000000e+01 4.240837696335078455e+00 1.653999999999999915e-02
-6.000000000000000000e+01 5.183246073298429124e+00 1.801399999999999876e-02
-5.875000000000000000e+01 -1.366492146596859136e+01 6.391499999999999959e-02
-5.875000000000000000e+01 -1.272251308900523981e+01 1.072599999999999942e-02
-5.875000000000000000e+01 -1.178010471204188825e+01 2.910909999999999886e-01
-5.875000000000000000e+01 -1.083769633507853669e+01 7.600449999999999706e-01
-5.875000000000000000e+01 -9.895287958115185134e+00 8.545779999999999488e-01
-5.875000000000000000e+01 -8.952879581151833577e+00 4.031890000000000196e-01
-5.875000000000000000e+01 -8.010471204188482020e+00 4.431500000000000022e-02
-5.875000000000000000e+01 -7.068062827225130462e+00 4.399170000000000025e-01
-5.875000000000000000e+01 -6.125654450261779793e+00 4.625100000000000044e-02
-5.875000000000000000e+01 -5.183246073298429124e+00 5.736999999999999912e-03
-5.875000000000000000e+01 -4.240837696335078455e+00 3.988430000000000031e-01
-5.875000000000000000e+01 -3.298429319371727786e+00 8.633800000000000363e-01
-5.875000000000000000e+01 -2.356020942408377117e+00 3.373399999999999732e-01
-5.875000000000000000e+01 -1.413612565445026226e+00 3.595600000000000185e-02
-5.875000000000000000e+01 -4.712041884816753901e-01 8.144000000000000197e-03
-5.875000000000000000e+01 4.712041884816753901e-01 8.144000000000000197e-03
-5.750000000000000000e+01 -1.366492146596859136e+01 6.147500000000000187e-02
-5.750000000000000000e+01 -1.272251308900523981e+01 1.010609999999999981e-01
-5.750000000000000000e+01 -1.178010471204188825e+01 6.968159999999999910e-01
-5.750000000000000000e+01 -1.083769633507853669e+01 6.497070000000000345e-01
-5.750000000000000000e+01 -9.895287958115185134e+00 9.234099999999999531e-01
-5.750000000000000000e+01 -8.952879581151833577e+00 3.533120000000000149e-01
-5.750000000000000000e+01 -8.010471204188482020e+00 3.094879999999999853e-01
-5.750000000000000000e+01 -7.068062827225130462e+00 2.218699999999999839e-02
-5.750000000000000000e+01 -6.125654450261779793e+00 4.192489999999999828e-01
-5.750000000000000000e+01 -5.183246073298429124e+00 1.019260000000000027e-01
-5.750000000000000000e+01 -4.240837696335078455e+00 1.906160000000000077e-01
-5.750000000000000000e+01 -3.298429319371727786e+00 5.067030000000000145e-01
-5.750000000000000000e+01 -2.356020942408377117e+00 1.435809999999999864e-01
-5.750000000000000000e+01 -1.413612565445026226e+00 2.197599999999999901e-02
-5.750000000000000000e+01 -4.712041884816753901e-01 1.408089999999999897e-01
-5.750000000000000000e+01 4.712041884816753901e-01 1.408089999999999897e-01
-5.750000000000000000e+01 1.413612565445026226e+00 2.198799999999999921e-01
-5.625000000000000000e+01 -1.366492146596859136e+01 4.425129999999999897e-01
-5.625000000000000000e+01 -1.272251308900523981e+01 3.901530000000000276e-01
-5.625000000000000000e+01 -1.178010471204188825e+01 8.503929999999999545e-01
-5.625000000000000000e+01 -1.083769633507853669e+01 6.664780000000000149e-01
-5.625000000000000000e+01 -9.895287958115185134e+00 9.897399999999999531e-01
-5.625000000000000000e+01 -8.952879581151833577e+00 1.716610000000000080e-01
-5.625000000000000000e+01 -8.010471204188482020e+00 1.676499999999999935e-01
-5.625000000000000000e+01 -7.068062827225130462e+00 4.115249999999999742e-01
-5.625000000000000000e+01 -6.125654450261779793e+00 4.859800000000000231e-01
-5.625000000000000000e+01 -5.183246073298429124e+00 6.001640000000000308e-01
-5.625000000000000000e+01 -4.240837696335078455e+00 5.368910000000000071e-01
-5.625000000000000000e+01 -3.298429319371727786e+00 3.520090000000000163e-01
-5.625000000000000000e+01 -2.356020942408377117e+00 4.789430000000000076e-01
-5.625000000000000000e+01 -1.413612565445026226e+00 1.218930000000000013e-01
-5.625000000000000000e+01 -4.712041884816753901e-01 8.954000000000000153e-03
-5.625000000000000000e+01 4.712041884816753901e-01 8.954000000000000153e-03
-5.625000000000000000e+01 1.413612565445026226e+00 8.769999999999999584e-04
-5.500000000000000000e+01 -1.460732984293194114e+01 1.891210000000000113e-01
-5.500000000000000000e+01 -1.366492146596859136e+01 6.457699999999999552e-02
-5.500000000000000000e+01 -1.272251308900523981e+01 6.592299999999999827e-01
-5.500000000000000000e+01 -1.178010471204188825e+01 9.359849999999999559e-01
-5.500000000000000000e+01 -1.083769633507853669e+01 9.487710000000000310e-01
-5.500000000000000000e+01 -9.895287958115185134e+00 9.254029999999999756e-01
-5.500000000000000000e+01 -8.952879581151833577e+00 3.426750000000000074e-01
-5.500000000000000000e+01 -8.010471204188482020e+00 7.351429999999999909e-01
-5.500000000000000000e+01 -7.068062827225130462e+00 5.297859999999999792e-01
-5.500000000000000000e+01 -6.125654450261779793e+00 3.517199999999999771e-01
-5.500000000000000000e+01 -5.183246073298429124e+00 2.864010000000000167e-01
-5.500000000000000000e+01 -4.240837696335078455e+00 7.399580000000000046e-01
-5.500000000000000000e+01 -3.298429319371727786e+00 7.677260000000000195e-01
-5.500000000000000000e+01 -2.356020942408377117e+00 7.070340000000000513e-01
-5.500000000000000000e+01 -1.413612565445026226e+00 2.786290000000000155e-01
-5.500000000000000000e+01 -4.712041884816753901e-01 2.495999999999999955e-03
-5.500000000000000000e+01 4.712041884816753901e-01 2.495999999999999955e-03
-5.500000000000000000e+01 1.413612565445026226e+00 2.096000000000000207e-03
-5.500000000000000000e+01 2.356020942408377117e+00 3.035300000000000151e-02
-5.375000000000000000e+01 -1.460732984293194114e+01 4.487999999999999802e-03
-5.375000000000000000e+01 -1.366492146596859136e+01 6.097500000000000142e-02
-5.375000000000000000e+01 -1.272251308900523981e+01 5.091849999999999987e-01
-5.375000000000000000e+01 -1.178010471204188825e+01 3.727150000000000185e-01
-5.375000000000000000e+01 -1.083769633507853669e+01 6.627070000000000460e-01
-5.375000000000000000e+01 -9.895287958115185134e+00 6.849610000000000420e-01
-5.375000000000000000e+01 -8.952879581151833577e+00 9.619700000000000473e-02
-5.375000000000000000e+01 -8.010471204188482020e+00 3.118000000000000112e-03
-5.375000000000000000e+01 -7.068062827225130462e+00 3.257660000000000000e-01
-5.375000000000000000e+01 -6.125654450261779793e+00 4.306289999999999840e-01
-5.375000000000000000e+01 -5.183246073298429124e+00 6.378759999999999986e-01
-5.375000000000000000e+01 -4.240837696335078455e+00 6.613769999999999927e-01
-5.375000000000000000e+01 -3.298429319371727786e+00 9.111430000000000362e-01
-5.375000000000000000e+01 -2.356020942408377117e+00 5.978830000000000533e-01
-5.375000000000000000e+01 -1.413612565445026226e+00 5.342179999999999707e-01
-5.375000000000000000e+01 -4.712041884816753901e-01 2.160320000000000018e-01
-5.375000000000000000e+01 4.712041884816753901e-01 2.160320000000000018e-01
-5.375000000000000000e+01 1.413612565445026226e+00 4.941550000000000109e-01
-5.375000000000000000e+01 2.356020942408377117e+00 1.582359999999999878e-01
-5.250000000000000000e+01 -1.366492146596859136e+01 1.482100000000000084e-02
-5.250000000000000000e+01 -1.272251308900523981e+01 3.879480000000000151e-01
-5.250000000000000000e+01 -1.178010471204188825e+01 2.260550000000000059e-01
-5.250000000000000000e+01 -1.083769633507853669e+01 3.867630000000000234e-01
-5.250000000000000000e+01 -9.895287958115185134e+00 2.595169999999999977e-01
-5.250000000000000000e+01 -8.952879581151833577e+00 2.231299999999999950e-02
-5.250000000000000000e+01 -8.010471204188482020e+00 9.919500000000000539e-02
-5.250000000000000000e+01 -7.068062827225130462e+00 6.769309999999999494e-01
-5.250000000000000000e+01 -6.125654450261779793e+00 7.571759999999999602e-01
-5.250000000000000000e+01 -5.183246073298429124e+00 1.827219999999999955e-01
-5.250000000000000000e+01 -4.240837696335078455e+00 3.874099999999999766e-01
-5.250000000000000000e+01 -3.298429319371727786e+00 8.523600000000000065e-01
-5.250000000000000000e+01 -2.356020942408377117e+00 3.499039999999999928e-01
-5.250000000000000000e+01 -1.413612565445026226e+00 8.624659999999999549e-01
-5.250000000000000000e+01 -4.712041884816753901e-01 4.257870000000000266e-01
-5.250000000000000000e+01 4.712041884816753901e-01 4.257870000000000266e-01
-5.125000000000000000e+01 -8.952879581151833577e+00 8.463340000000000307e-01
-5.125000000000000000e+01 -8.010471204188482020e+00 5.569570000000000354e-01
-5.125000000000000000e+01 -7.068062827225130462e+00 6.919180000000000330e-01
-5.125000000000000000e+01 -5.183246073298429124e+00 4.769610000000000238e-01
-5.125000000000000000e+01 -4.240837696335078455e+00 7.006179999999999630e-01
-5.125000000000000000e+01 -3.298429319371727786e+00 9.841360000000000108e-01
-5.125000000000000000e+01 -2.356020942408377117e+00 7.992510000000000447e-01
-5.000000000000000000e+01 -3.298429319371727786e+00 9.454369999999999719e-01
