-7.875000000000000000e+01 -6.125654450261779793e+00 5.072849999999999859e-01
-7.875000000000000000e+01 -5.183246073298429124e+00 2.544730000000000047e-01
-7.875000000000000000e+01 -4.240837696335078455e+00 3.737710000000000199e-01
-7.875000000000000000e+01 -3.298429319371727786e+00 5.016070000000000251e-01
-7.875000000000000000e+01 -2.356020942408377117e+00 0.000000000000000000e+00
-7.875000000000000000e+01 -1.413612565445026226e+00 0.000000000000000000e+00
-7.750000000000000000e+01 -8.952879581151833577e+00 1.875680000000000125e-01
-7.750000000000000000e+01 -8.010471204188482020e+00 1.435049999999999937e-01
-7.750000000000000000e+01 -7.068062827225130462e+00 2.860090000000000132e-01
-7.750000000000000000e+01 -6.125654450261779793e+00 5.383860000000000312e-01
-7.750000000000000000e+01 -5.183246073298429124e+00 1.939230000000000120e-01
-7.750000000000000000e+01 -4.240837696335078455e+00 5.404099999999999876e-02
-7.750000000000000000e+01 -3.298429319371727786e+00 4.503170000000000228e-01
-7.750000000000000000e+01 -2.356020942408377117e+00 2.692339999999999733e-01
-7.750000000000000000e+01 -1.413612565445026226e+00 3.987970000000000126e-01
-7.750000000000000000e+01 -4.712041884816753901e-01 2.273920000000000108e-01
-7.750000000000000000e+01 4.712041884816753901e-01 2.273920000000000108e-01
-7.625000000000000000e+01 -1.083769633507853669e+01 7.280200000000000560e-02
-7.625000000000000000e+01 -9.895287958115185134e+00 1.488250000000000128e-01
-7.625000000000000000e+01 -8.952879581151833577e+00 4.883270000000000111e-01
-7.625000000000000000e+01 -8.010471204188482020e+00 1.913580000000000003e-01
-7.625000000000000000e+01 -7.068062827225130462e+00 2.723599999999999910e-01
-7.625000000000000000e+01 -6.125654450261779793e+00 4.842879999999999963e-01
-7.625000000000000000e+01 -5.183246073298429124e+00 4.002700000000000008e-02
-7.625000000000000000e+01 -4.240837696335078455e+00 1.472000000000000001e-03
-7.625000000000000000e+01 -3.298429319371727786e+00 3.983000000000000429e-03
-7.625000000000000000e+01 -2.356020942408377117e+00 2.553000000000000148e-03
-7.625000000000000000e+01 -1.413612565445026226e+00 7.179999999999999750e-03
-7.625000000000000000e+01 -4.712041884816753901e-01 2.197909999999999864e-01
-7.625000000000000000e+01 4.712041884816753901e-01 2.197909999999999864e-01
-7.625000000000000000e+01 1.413612565445026226e+00 8.664429999999999632e-01
-7.500000000000000000e+01 -1.366492146596859136e+01 7.814200000000000312e-02
-7.500000000000000000e+01 -1.272251308900523981e+01 1.417779999999999874e-01
-7.500000000000000000e+01 -1.178010471204188825e+01 1.237540000000000029e-01
-7.500000000000000000e+01 -1.083769633507853669e+01 3.809640000000000248e-01
-7.500000000000000000e+01 -9.895287958115185134e+00 2.124709999999999932e-01
-7.500000000000000000e+01 -8.952879581151833577e+00 5.438739999999999686e-01
-7.500000000000000000e+01 -8.010471204188482020e+00 2.524600000000000177e-01
-7.500000000000000000e+01 -7.068062827225130462e+00 3.876500000000000085e-02
-7.500000000000000000e+01 -6.125654450261779793e+00 6.070300000000000001e-02
-7.500000000000000000e+01 -5.183246073298429124e+00 4.566900000000000126e-02
-7.500000000000000000e+01 -4.240837696335078455e+00 2.003299999999999872e-02
-7.500000000000000000e+01 -3.298429319371727786e+00 2.305999999999999890e-03
-7.500000000000000000e+01 -2.356020942408377117e+00 6.376999999999999856e-03
-7.500000000000000000e+01 -1.413612565445026226e+00 5.597000000000000412e-03
-7.500000000000000000e+01 -4.712041884816753901e-01 4.146999999999999992e-02
-7.500000000000000000e+01 4.712041884816753901e-01 4.146999999999999992e-02
-7.500000000000000000e+01 1.413612565445026226e+00 5.833059999999999912e-01
-7.500000000000000000e+01 2.356020942408377117e+00 9.215079999999999938e-01
-7.375000000000000000e+01 -1.460732984293194114e+01 0.000000000000000000e+00
-7.375000000000000000e+01 -1.366492146596859136e+01 1.302490000000000037e-01
-7.375000000000000000e+01 -1.272251308900523981e+01 8.353800000000000114e-02
-7.375000000000000000e+01 -1.178010471204188825e+01 1.024250000000000022e-01
-7.375000000000000000e+01 -1.083769633507853669e+01 1.001829999999999943e-01
-7.375000000000000000e+01 -9.895287958115185134e+00 5.901700000000000002e-02
-7.375000000000000000e+01 -8.952879581151833577e+00 1.094559999999999977e-01
-7.375000000000000000e+01 -8.010471204188482020e+00 1.863400000000000056e-01
-7.375000000000000000e+01 -7.068062827225130462e+00 1.061249999999999971e-01
-7.375000000000000000e+01 -6.125654450261779793e+00 2.464699999999999877e-02
-7.375000000000000000e+01 -5.183246073298429124e+00 7.177999999999999658e-02
-7.375000000000000000e+01 -4.240837696335078455e+00 2.272499999999999867e-02
-7.375000000000000000e+01 -3.298429319371727786e+00 7.262000000000000226e-03
-7.375000000000000000e+01 -2.356020942408377117e+00 5.409999999999999878e-03
-7.375000000000000000e+01 -1.413612565445026226e+00 1.172809999999999964e-01
-7.375000000000000000e+01 -4.712041884816753901e-01 2.467000000000000009e-03
-7.375000000000000000e+01 4.712041884816753901e-01 2.467000000000000009e-03
-7.375000000000000000e+01 1.413612565445026226e+00 5.244700000000000056e-02
-7.250000000000000000e+01 -1.460732984293194114e+01 5.432000000000000196e-03
-7.250000000000000000e+01 -1.366492146596859136e+01 1.374849999999999961e-01
-7.250000000000000000e+01 -1.272251308900523981e+01 1.794789999999999996e-01
-7.250000000000000000e+01 -1.178010471204188825e+01 4.293199999999999794e-02
-7.250000000000000000e+01 -1.083769633507853669e+01 6.879999999999999831e-03
-7.250000000000000000e+01 -9.895287958115185134e+00 0.000000000000000000e+00
-7.250000000000000000e+01 -8.952879581151833577e+00 2.955299999999999941e-02
-7.250000000000000000e+01 -8.010471204188482020e+00 5.572749999999999648e-01
-7.250000000000000000e+01 -7.068062827225130462e+00 3.293639999999999901e-01
-7.250000000000000000e+01 -6.125654450261779793e+00 9.730000000000000151e-04
-7.250000000000000000e+01 -5.183246073298429124e+00 9.737000000000000863e-03
-7.250000000000000000e+01 -4.240837696335078455e+00 1.123389999999999944e-01
-7.250000000000000000e+01 -3.298429319371727786e+00 2.123999999999999846e-02
-7.250000000000000000e+01 -2.356020942408377117e+00 5.722800000000000109e-02
-7.250000000000000000e+01 -1.413612565445026226e+00 1.315700000000000029e-02
-7.250000000000000000e+01 -4.712041884816753901e-01 6.908000000000000078e-03
-7.250000000000000000e+01 4.712041884816753901e-01 6.908000000000000078e-03
-7.250000000000000000e+01 1.413612565445026226e+00 1.213200000000000042e-02
-7.125000000000000000e+01 -1.460732984293194114e+01 9.079900000000000471e-02
-7.125000000000000000e+01 -1.366492146596859136e+01 2.504899999999999835e-02
-7.125000000000000000e+01 -1.272251308900523981e+01 2.658639999999999892e-01
-7.125000000000000000e+01 -1.178010471204188825e+01 9.846000000000000585e-03
-7.125000000000000000e+01 -1.083769633507853669e+01 1.394000000000000057e-03
-7.125000000000000000e+01 -9.895287958115185134e+00 6.791000000000000161e-03
-7.125000000000000000e+01 -8.952879581151833577e+00 1.666670000000000096e-01
-7.125000000000000000e+01 -8.010471204188482020e+00 7.204239999999999533e-01
-7.125000000000000000e+01 -7.068062827225130462e+00 1.544689999999999952e-01
-7.125000000000000000e+01 -6.125654450261779793e+00 6.740999999999999596e-03
-7.125000000000000000e+01 -5.183246073298429124e+00 2.429999999999999977e-04
-7.125000000000000000e+01 -4.240837696335078455e+00 3.577199999999999824e-02
-7.125000000000000000e+01 -3.298429319371727786e+00 1.589999999999999888e-04
-7.125000000000000000e+01 -2.356020942408377117e+00 5.088600000000000068e-02
-7.125000000000000000e+01 -1.413612565445026226e+00 3.592000000000000141e-03
-7.125000000000000000e+01 -4.712041884816753901e-01 0.000000000000000000e+00
-7.125000000000000000e+01 4.712041884816753901e-01 0.000000000000000000e+00
-7.125000000000000000e+01 1.413612565445026226e+00 1.042919999999999958e-01
-7.000000000000000000e+01 -1.366492146596859136e+01 1.025799999999999976e-02
-7.000000000000000000e+01 -1.272251308900523981e+01 3.741940000000000266e-01
-7.000000000000000000e+01 -1.178010471204188825e+01 1.253160000000000107e-01
-7.000000000000000000e+01 -1.083769633507853669e+01 4.161290000000000266e-01
-7.000000000000000000e+01 -9.895287958115185134e+00 5.197000000000000230e-02
-7.000000000000000000e+01 -8.952879581151833577e+00 3.865350000000000175e-01
-7.000000000000000000e+01 -8.010471204188482020e+00 5.147589999999999666e-01
-7.000000000000000000e+01 -7.068062827225130462e+00 8.406800000000000384e-02
-7.000000000000000000e+01 -6.125654450261779793e+00 1.861000000000000024e-03
-7.000000000000000000e+01 -5.183246073298429124e+00 8.040000000000000271e-04
-7.000000000000000000e+01 -4.240837696335078455e+00 1.297389999999999932e-01
-7.000000000000000000e+01 -3.298429319371727786e+00 5.418900000000000106e-02
-7.000000000000000000e+01 -2.356020942408377117e+00 2.048699999999999827e-02
-7.000000000000000000e+01 -1.413612565445026226e+00 3.404499999999999887e-02
-7.000000000000000000e+01 -4.712041884816753901e-01 1.220300000000000031e-02
-7.000000000000000000e+01 4.712041884816753901e-01 1.220300000000000031e-02
-7.000000000000000000e+01 1.413612565445026226e+00 7.795999999999999978e-03
-6.875000000000000000e+01 -1.554973821989529448e+01 1.353999999999999952e-03
-6.875000000000000000e+01 -1.460732984293194114e+01 4.104499999999999815e-02
-6.875000000000000000e+01 -1.366492146596859136e+01 1.890899999999999873e-02
-6.875000000000000000e+01 -1.272251308900523981e+01 1.747019999999999962e-01
-6.875000000000000000e+01 -1.178010471204188825e+01 5.206889999999999574e-01
-6.875000000000000000e+01 -1.083769633507853669e+01 7.314310000000000533e-01
-6.875000000000000000e+01 -9.895287958115185134e+00 2.923439999999999928e-01
-6.875000000000000000e+01 -8.952879581151833577e+00 7.949119999999999520e-01
-6.875000000000000000e+01 -8.010471204188482020e+00 5.197399999999999937e-02
-6.875000000000000000e+01 -7.068062827225130462e+00 2.047999999999999907e-03
-6.875000000000000000e+01 -6.125654450261779793e+00 1.129999999999999928e-03
-6.875000000000000000e+01 -5.183246073298429124e+00 4.840000000000000010e-04
-6.875000000000000000e+01 -4.240837696335078455e+00 4.423999999999999981e-03
-6.875000000000000000e+01 -3.298429319371727786e+00 7.030999999999999923e-03
-6.875000000000000000e+01 -2.356020942408377117e+00 4.997999999999999839e-03
-6.875000000000000000e+01 -1.413612565445026226e+00 1.128499999999999989e-02
-6.875000000000000000e+01 -4.712041884816753901e-01 1.129100000000000069e-02
-6.875000000000000000e+01 4.712041884816753901e-01 1.129100000000000069e-02
-6.875000000000000000e+01 1.413612565445026226e+00 1.526199999999999952e-02
-6.875000000000000000e+01 2.356020942408377117e+00 6.295000000000000248e-03
-6.750000000000000000e+01 -1.649214659685864603e+01 4.094380000000000241e-01
-6.750000000000000000e+01 -1.554973821989529448e+01 4.094380000000000241e-01
-6.750000000000000000e+01 -1.460732984293194114e+01 1.973419999999999896e-01
-6.750000000000000000e+01 -1.366492146596859136e+01 1.550509999999999944e-01
-6.750000000000000000e+01 -1.272251308900523981e+01 2.893599999999999992e-02
-6.750000000000000000e+01 -1.178010471204188825e+01 5.677399999999999808e-02
-6.750000000000000000e+01 -1.083769633507853669e+01 4.790490000000000026e-01
-6.750000000000000000e+01 -9.895287958115185134e+00 9.175529999999999520e-01
-6.750000000000000000e+01 -8.952879581151833577e+00 4.797139999999999738e-01
-6.750000000000000000e+01 -8.010471204188482020e+00 5.274000000000000042e-03
-6.750000000000000000e+01 -7.068062827225130462e+00 1.208099999999999972e-02
-6.750000000000000000e+01 -6.125654450261779793e+00 6.439000000000000279e-03
-6.750000000000000000e+01 -5.183246073298429124e+00 1.128000000000000096e-03
-6.750000000000000000e+01 -4.240837696335078455e+00 8.059999999999999673e-04
-6.750000000000000000e+01 -3.298429319371727786e+00 1.719000000000000042e-02
-6.750000000000000000e+01 -2.356020942408377117e+00 3.310000000000000225e-04
-6.750000000000000000e+01 -1.413612565445026226e+00 8.000000000000000654e-05
-6.750000000000000000e+01 -4.712041884816753901e-01 8.989999999999999511e-04
-6.750000000000000000e+01 4.712041884816753901e-01 8.989999999999999511e-04
-6.750000000000000000e+01 1.413612565445026226e+00 1.062300000000000050e-02
-6.750000000000000000e+01 2.356020942408377117e+00 5.935200000000000198e-02
-6.625000000000000000e+01 -1.837696335078534560e+01 8.390400000000000635e-02
-6.625000000000000000e+01 -1.743455497382199582e+01 3.452069999999999861e-01
-6.625000000000000000e+01 -1.649214659685864603e+01 2.770299999999999846e-02
-6.625000000000000000e+01 -1.554973821989529448e+01 2.770299999999999846e-02
-6.625000000000000000e+01 -1.460732984293194114e+01 1.784699999999999828e-02
-6.625000000000000000e+01 -1.366492146596859136e+01 1.134000000000000025e-03
-6.625000000000000000e+01 -1.272251308900523981e+01 0.000000000000000000e+00
-6.625000000000000000e+01 -1.178010471204188825e+01 1.204200000000000062e-02
-6.625000000000000000e+01 -1.083769633507853669e+01 1.776320000000000121e-01
-6.625000000000000000e+01 -9.895287958115185134e+00 3.410599999999999743e-01
-6.625000000000000000e+01 -8.952879581151833577e+00 3.292359999999999731e-01
-6.625000000000000000e+01 -8.010471204188482020e+00 3.909200000000000175e-02
-6.625000000000000000e+01 -7.068062827225130462e+00 2.190999999999999805e-03
-6.625000000000000000e+01 -6.125654450261779793e+00 1.610000000000000103e-04
-6.625000000000000000e+01 -5.183246073298429124e+00 3.260000000000000094e-04
-6.625000000000000000e+01 -4.240837696335078455e+00 3.536000000000000081e-03
-6.625000000000000000e+01 -3.298429319371727786e+00 1.781500000000000097e-02
-6.625000000000000000e+01 -2.356020942408377117e+00 6.369999999999999794e-03
-6.625000000000000000e+01 -1.413612565445026226e+00 0.000000000000000000e+00
-6.625000000000000000e+01 -4.712041884816753901e-01 6.439000000000000279e-03
-6.625000000000000000e+01 4.712041884816753901e-01 6.439000000000000279e-03
-6.625000000000000000e+01 1.413612565445026226e+00 8.474199999999999788e-02
-6.625000000000000000e+01 2.356020942408377117e+00 7.408599999999999908e-02
-6.500000000000000000e+01 -1.837696335078534560e+01 3.031299999999999967e-02
-6.500000000000000000e+01 -1.743455497382199582e+01 5.658320000000000016e-01
-6.500000000000000000e+01 -1.649214659685864603e+01 6.975599999999999856e-02
-6.500000000000000000e+01 -1.554973821989529448e+01 6.975599999999999856e-02
-6.500000000000000000e+01 -1.460732984293194114e+01 1.272299999999999993e-02
-6.500000000000000000e+01 -1.366492146596859136e+01 5.432000000000000196e-03
-6.500000000000000000e+01 -1.272251308900523981e+01 1.992999999999999980e-03
-6.500000000000000000e+01 -1.178010471204188825e+01 8.939400000000000124e-02
-6.500000000000000000e+01 -1.083769633507853669e+01 3.794509999999999827e-01
-6.500000000000000000e+01 -9.895287958115185134e+00 7.913869999999999516e-01
-6.500000000000000000e+01 -8.952879581151833577e+00 5.012889999999999846e-01
-6.500000000000000000e+01 -8.010471204188482020e+00 1.749920000000000087e-01
-6.500000000000000000e+01 -7.068062827225130462e+00 1.763540000000000108e-01
-6.500000000000000000e+01 -6.125654450261779793e+00 1.147999999999999932e-03
-6.500000000000000000e+01 -5.183246073298429124e+00 1.124269999999999992e-01
-6.500000000000000000e+01 -4.240837696335078455e+00 1.499510000000000010e-01
-6.500000000000000000e+01 -3.298429319371727786e+00 1.398929999999999896e-01
-6.500000000000000000e+01 -2.356020942408377117e+00 4.329999999999999648e-03
-6.500000000000000000e+01 -1.413612565445026226e+00 1.791999999999999973e-03
-6.500000000000000000e+01 -4.712041884816753901e-01 9.273999999999999258e-03
-6.500000000000000000e+01 4.712041884816753901e-01 9.273999999999999258e-03
-6.500000000000000000e+01 1.413612565445026226e+00 2.658999999999999905e-03
-6.375000000000000000e+01 -2.026178010471204516e+01 8.333329999999999904e-01
-6.375000000000000000e+01 -1.931937172774869538e+01 3.560389999999999944e-01
-6.375000000000000000e+01 -1.837696335078534560e+01 2.279559999999999920e-01
-6.375000000000000000e+01 -1.743455497382199582e+01 6.962840000000000140e-01
-6.375000000000000000e+01 -1.649214659685864603e+01 7.754300000000000082e-02
-6.375000000000000000e+01 -1.554973821989529448e+01 7.754300000000000082e-02
-6.375000000000000000e+01 -1.460732984293194114e+01 4.678700000000000220e-02
-6.375000000000000000e+01 -1.366492146596859136e+01 3.468999999999999861e-03
-6.375000000000000000e+01 -1.272251308900523981e+01 7.356999999999999824e-03
-6.375000000000000000e+01 -1.178010471204188825e+01 6.443790000000000351e-01
-6.375000000000000000e+01 -1.083769633507853669e+01 1.639940000000000009e-01
-6.375000000000000000e+01 -9.895287958115185134e+00 7.478970000000000340e-01
-6.375000000000000000e+01 -8.952879581151833577e+00 9.213259999999999783e-01
-6.375000000000000000e+01 -8.010471204188482020e+00 6.771150000000000224e-01
-6.375000000000000000e+01 -7.068062827225130462e+00 3.011070000000000135e-01
-6.375000000000000000e+01 -6.125654450261779793e+00 5.467999999999999770e-03
-6.375000000000000000e+01 -5.183246073298429124e+00 4.590999999999999942e-02
-6.375000000000000000e+01 -4.240837696335078455e+00 2.898919999999999830e-01
-6.375000000000000000e+01 -3.298429319371727786e+00 1.807000000000000012e-03
-6.375000000000000000e+01 -2.356020942408377117e+00 3.249999999999999851e-04
-6.375000000000000000e+01 -1.413612565445026226e+00 3.240000000000000150e-04
-6.375000000000000000e+01 -4.712041884816753901e-01 1.828999999999999897e-03
-6.375000000000000000e+01 4.712041884816753901e-01 1.828999999999999897e-03
-6.375000000000000000e+01 1.413612565445026226e+00 2.223800000000000082e-02
-6.375000000000000000e+01 3.298429319371727786e+00 2.867099999999999857e-02
-6.250000000000000000e+01 -1.931937172774869538e+01 4.062779999999999725e-01
-6.250000000000000000e+01 -1.837696335078534560e+01 7.253720000000000168e-01
-6.250000000000000000e+01 -1.743455497382199582e+01 8.516960000000000086e-01
-6.250000000000000000e+01 -1.649214659685864603e+01 2.105219999999999869e-01
-6.250000000000000000e+01 -1.554973821989529448e+01 2.105219999999999869e-01
-6.250000000000000000e+01 -1.460732984293194114e+01 1.210800000000000071e-02
-6.250000000000000000e+01 -1.366492146596859136e+01 4.932999999999999885e-03
-6.250000000000000000e+01 -1.272251308900523981e+01 2.316899999999999862e-02
-6.250000000000000000e+01 -1.178010471204188825e+01 6.002899999999999903e-01
-6.250000000000000000e+01 -1.083769633507853669e+01 4.732600000000000140e-01
-6.250000000000000000e+01 -9.895287958115185134e+00 9.865159999999999485e-01
-6.250000000000000000e+01 -8.952879581151833577e+00 6.988199999999999967e-01
-6.250000000000000000e+01 -8.010471204188482020e+00 6.009820000000000162e-01
-6.250000000000000000e+01 -7.068062827225130462e+00 8.496780000000000443e-01
-6.250000000000000000e+01 -6.125654450261779793e+00 3.743890000000000273e-01
-6.250000000000000000e+01 -5.183246073298429124e+00 2.396000000000000126e-03
-6.250000000000000000e+01 -4.240837696335078455e+00 3.617389999999999772e-01
-6.250000000000000000e+01 -3.298429319371727786e+00 2.539999999999999897e-02
-6.250000000000000000e+01 -2.356020942408377117e+00 1.089299999999999990e-02
-6.250000000000000000e+01 -1.413612565445026226e+00 1.798869999999999914e-01
-6.250000000000000000e+01 -4.712041884816753901e-01 8.140000000000000534e-04
-6.250000000000000000e+01 4.712041884816753901e-01 8.140000000000000534e-04
-6.250000000000000000e+01 1.413612565445026226e+00 2.176900000000000016e-02
-6.250000000000000000e+01 2.356020942408377117e+00 2.006000000000000144e-02
-6.250000000000000000e+01 3.298429319371727786e+00 0.000000000000000000e+00
-6.125000000000000000e+01 -1.837696335078534560e+01 2.152300000000000046e-01
-6.125000000000000000e+01 -1.743455497382199582e+01 4.103160000000000140e-01
-6.125000000000000000e+01 -1.649214659685864603e+01 4.059889999999999888e-01
-6.125000000000000000e+01 -1.554973821989529448e+01 4.059889999999999888e-01
-6.125000000000000000e+01 -1.460732984293194114e+01 9.541600000000000081e-02
-6.125000000000000000e+01 -1.366492146596859136e+01 7.994500000000000217e-02
-6.125000000000000000e+01 -1.272251308900523981e+01 7.517190000000000261e-01
-6.125000000000000000e+01 -1.178010471204188825e+01 8.185580000000000078e-01
-6.125000000000000000e+01 -1.083769633507853669e+01 5.379859999999999642e-01
-6.125000000000000000e+01 -9.895287958115185134e+00 6.664759999999999573e-01
-6.125000000000000000e+01 -8.952879581151833577e+00 4.992610000000000103e-01
-6.125000000000000000e+01 -8.010471204188482020e+00 4.614880000000000093e-01
-6.125000000000000000e+01 -7.068062827225130462e+00 1.724670000000000092e-01
-6.125000000000000000e+01 -6.125654450261779793e+00 2.714509999999999978e-01
-6.125000000000000000e+01 -5.183246073298429124e+00 2.183920000000000028e-01
-6.125000000000000000e+01 -4.240837696335078455e+00 5.891899999999999915e-01
-6.125000000000000000e+01 -3.298429319371727786e+00 5.351740000000000386e-01
-6.125000000000000000e+01 -2.356020942408377117e+00 1.563300000000000106e-02
-6.125000000000000000e+01 -1.413612565445026226e+00 1.170329999999999981e-01
-6.125000000000000000e+01 -4.712041884816753901e-01 2.866730000000000111e-01
-6.125000000000000000e+01 4.712041884816753901e-01 2.866730000000000111e-01
-6.125000000000000000e+01 1.413612565445026226e+00 4.503059999999999841e-01
-6.125000000000000000e+01 2.356020942408377117e+00 8.715699999999999559e-01
-6.125000000000000000e+01 3.298429319371727786e+00 2.982069999999999999e-01
-6.125000000000000000e+01 4.240837696335078455e+00 1.395629999999999926e-01
-6.000000000000000000e+01 -1.554973821989529448e+01 1.712470000000000103e-01
-6.000000000000000000e+01 -1.460732984293194114e+01 4.764939999999999731e-01
-6.000000000000000000e+01 -1.366492146596859136e+01 6.511780000000000346e-01
-6.000000000000000000e+01 -1.272251308900523981e+01 5.370930000000000426e-01
-6.000000000000000000e+01 -1.178010471204188825e+01 1.952379999999999949e-01
-6.000000000000000000e+01 -1.083769633507853669e+01 4.926400000000000223e-02
-6.000000000000000000e+01 -9.895287958115185134e+00 4.975249999999999950e-01
-6.000000000000000000e+01 -8.952879581151833577e+00 4.139939999999999731e-01
-6.000000000000000000e+01 -8.010471204188482020e+00 2.113029999999999908e-01
-6.000000000000000000e+01 -7.068062827225130462e+00 7.039919999999999511e-01
-6.000000000000000000e+01 -6.125654450261779793e+00 3.257419999999999760e-01
-6.000000000000000000e+01 -5.183246073298429124e+00 3.062989999999999879e-01
-6.000000000000000000e+01 -4.240837696335078455e+00 7.198269999999999946e-01
-6.000000000000000000e+01 -3.298429319371727786e+00 8.920940000000000536e-01
-6.000000000000000000e+01 -2.356020942408377117e+00 9.399290000000000145e-01
-6.000000000000000000e+01 -1.413612565445026226e+00 4.564039999999999764e-01
-6.000000000000000000e+01 -4.712041884816753901e-01 1.203830000000000039e-01
-6.000000000000000000e+01 4.712041884816753901e-01 1.203830000000000039e-01
-6.000000000000000000e+01 1.413612565445026226e+00 8.291920000000000401e-01
-6.000000000000000000e+01 2.356020942408377117e+00 4.654449999999999976e-01
-6.000000000000000000e+01 3.298429319371727786e+00 1.401550000000000018e-01
-6.000000000000000000e+01 4.240837696335078455e+00 2.199800000000000019e-02
-6.000000000000000000e+01 5.183246073298429124e+00 2.146899999999999850e-02
-5.875000000000000000e+01 -1.366492146596859136e+01 6.570600000000000052e-02
-5.875000000000000000e+01 -1.272251308900523981e+01 1.282299999999999933e-02
-5.875000000000000000e+01 -1.178010471204188825e+01 3.061289999999999845e-01
-5.875000000000000000e+01 -1.083769633507853669e+01 7.842329999999999579e-01
-5.875000000000000000e+01 -9.895287958115185134e+00 8.855549999999999811e-01
-5.875000000000000000e+01 -8.952879581151833577e+00 4.975350000000000050e-01
-5.875000000000000000e+01 -8.010471204188482020e+00 6.810900000000000287e-02
-5.875000000000000000e+01 -7.068062827225130462e+00 5.519169999999999909e-01
-5.875000000000000000e+01 -6.125654450261779793e+00 7.474400000000000488e-02
-5.875000000000000000e+01 -5.183246073298429124e+00 6.474999999999999853e-03
-5.875000000000000000e+01 -4.240837696335078455e+00 4.488650000000000140e-01
-5.875000000000000000e+01 -3.298429319371727786e+00 8.795739999999999670e-01
-5.875000000000000000e+01 -2.356020942408377117e+00 3.930629999999999957e-01
-5.875000000000000000e+01 -1.413612565445026226e+00 4.557699999999999946e-02
-5.875000000000000000e+01 -4.712041884816753901e-01 1.177199999999999948e-02
-5.875000000000000000e+01 4.712041884816753901e-01 1.177199999999999948e-02
-5.750000000000000000e+01 -1.366492146596859136e+01 6.260599999999999499e-02
-5.750000000000000000e+01 -1.272251308900523981e+01 1.110209999999999947e-01
-5.750000000000000000e+01 -1.178010471204188825e+01 7.128160000000000052e-01
-5.750000000000000000e+01 -1.083769633507853669e+01 6.796309999999999851e-01
-5.750000000000000000e+01 -9.895287958115185134e+00 9.486679999999999557e-01
-5.750000000000000000e+01 -8.952879581151833577e+00 4.350280000000000258e-01
-5.750000000000000000e+01 -8.010471204188482020e+00 3.768980000000000108e-01
-5.750000000000000000e+01 -7.068062827225130462e+00 4.122900000000000176e-02
-5.750000000000000000e+01 -6.125654450261779793e+00 5.279779999999999474e-01
-5.750000000000000000e+01 -5.183246073298429124e+00 1.373429999999999929e-01
-5.750000000000000000e+01 -4.240837696335078455e+00 2.622470000000000079e-01
-5.750000000000000000e+01 -3.298429319371727786e+00 5.216749999999999998e-01
-5.750000000000000000e+01 -2.356020942408377117e+00 1.806399999999999950e-01
-5.750000000000000000e+01 -1.413612565445026226e+00 2.384800000000000114e-02
-5.750000000000000000e+01 -4.712041884816753901e-01 1.890139999999999876e-01
-5.750000000000000000e+01 4.712041884816753901e-01 1.890139999999999876e-01
-5.750000000000000000e+01 1.413612565445026226e+00 2.779229999999999756e-01
-5.625000000000000000e+01 -1.366492146596859136e+01 4.529580000000000273e-01
-5.625000000000000000e+01 -1.272251308900523981e+01 3.969329999999999803e-01
-5.625000000000000000e+01 -1.178010471204188825e+01 8.623070000000000457e-01
-5.625000000000000000e+01 -1.083769633507853669e+01 6.782770000000000188e-01
-5.625000000000000000e+01 -9.895287958115185134e+00 9.908890000000000198e-01
-5.625000000000000000e+01 -8.952879581151833577e+00 1.939579999999999915e-01
-5.625000000000000000e+01 -8.010471204188482020e+00 2.180330000000000046e-01
-5.625000000000000000e+01 -7.068062827225130462e+00 4.711480000000000112e-01
-5.625000000000000000e+01 -6.125654450261779793e+00 5.527269999999999683e-01
-5.625000000000000000e+01 -5.183246073298429124e+00 6.522350000000000092e-01
-5.625000000000000000e+01 -4.240837696335078455e+00 5.568009999999999904e-01
-5.625000000000000000e+01 -3.298429319371727786e+00 4.298429999999999751e-01
-5.625000000000000000e+01 -2.356020942408377117e+00 5.069209999999999550e-01
-5.625000000000000000e+01 -1.413612565445026226e+00 1.615429999999999922e-01
-5.625000000000000000e+01 -4.712041884816753901e-01 2.494400000000000089e-02
-5.625000000000000000e+01 4.712041884816753901e-01 2.494400000000000089e-02
-5.625000000000000000e+01 1.413612565445026226e+00 6.138000000000000227e-03
-5.500000000000000000e+01 -1.460732984293194114e+01 1.900940000000000130e-01
-5.500000000000000000e+01 -1.366492146596859136e+01 6.903099999999999514e-02
-5.500000000000000000e+01 -1.272251308900523981e+01 6.787320000000000020e-01
-5.500000000000000000e+01 -1.178010471204188825e+01 9.500159999999999716e-01
-5.500000000000000000e+01 -1.083769633507853669e+01 9.565599999999999659e-01
-5.500000000000000000e+01 -9.895287958115185134e+00 9.291530000000000067e-01
-5.500000000000000000e+01 -8.952879581151833577e+00 3.573740000000000250e-01
-5.500000000000000000e+01 -8.010471204188482020e+00 7.847629999999999884e-01
-5.500000000000000000e+01 -7.068062827225130462e+00 6.221989999999999466e-01
-5.500000000000000000e+01 -6.125654450261779793e+00 4.316519999999999802e-01
-5.500000000000000000e+01 -5.183246073298429124e+00 3.894759999999999889e-01
-5.500000000000000000e+01 -4.240837696335078455e+00 7.866589999999999971e-01
-5.500000000000000000e+01 -3.298429319371727786e+00 8.006149999999999656e-01
-5.500000000000000000e+01 -2.356020942408377117e+00 7.229680000000000550e-01
-5.500000000000000000e+01 -1.413612565445026226e+00 3.712380000000000124e-01
-5.500000000000000000e+01 -4.712041884816753901e-01 7.569000000000000207e-03
-5.500000000000000000e+01 4.712041884816753901e-01 7.569000000000000207e-03
-5.500000000000000000e+01 1.413612565445026226e+00 3.225000000000000002e-03
-5.500000000000000000e+01 2.356020942408377117e+00 5.297400000000000025e-02
-5.375000000000000000e+01 -1.460732984293194114e+01 5.710999999999999931e-03
-5.375000000000000000e+01 -1.366492146596859136e+01 6.361500000000000488e-02
-5.375000000000000000e+01 -1.272251308900523981e+01 5.380279999999999507e-01
-5.375000000000000000e+01 -1.178010471204188825e+01 3.912410000000000054e-01
-5.375000000000000000e+01 -1.083769633507853669e+01 6.900509999999999700e-01
-5.375000000000000000e+01 -9.895287958115185134e+00 7.095259999999999900e-01
-5.375000000000000000e+01 -8.952879581151833577e+00 1.249600000000000016e-01
-5.375000000000000000e+01 -8.010471204188482020e+00 1.095299999999999919e-02
-5.375000000000000000e+01 -7.068062827225130462e+00 4.008240000000000136e-01
-5.375000000000000000e+01 -6.125654450261779793e+00 5.527710000000000123e-01
-5.375000000000000000e+01 -5.183246073298429124e+00 7.486810000000000409e-01
-5.375000000000000000e+01 -4.240837696335078455e+00 7.027989999999999515e-01
-5.375000000000000000e+01 -3.298429319371727786e+00 9.425430000000000197e-01
-5.375000000000000000e+01 -2.356020942408377117e+00 6.160959999999999770e-01
-5.375000000000000000e+01 -1.413612565445026226e+00 6.079109999999999792e-01
-5.375000000000000000e+01 -4.712041884816753901e-01 2.704449999999999910e-01
-5.375000000000000000e+01 4.712041884816753901e-01 2.704449999999999910e-01
-5.375000000000000000e+01 1.413612565445026226e+00 5.130700000000000260e-01
-5.375000000000000000e+01 2.356020942408377117e+00 2.298149999999999915e-01
-5.250000000000000000e+01 -1.366492146596859136e+01 1.522399999999999969e-02
-5.250000000000000000e+01 -1.272251308900523981e+01 4.050380000000000091e-01
-5.250000000000000000e+01 -1.178010471204188825e+01 2.411530000000000062e-01
-5.250000000000000000e+01 -1.083769633507853669e+01 3.993809999999999860e-01
-5.250000000000000000e+01 -9.895287958115185134e+00 2.885800000000000032e-01
-5.250000000000000000e+01 -8.952879581151833577e+00 3.713400000000000034e-02
-5.250000000000000000e+01 -8.010471204188482020e+00 1.310439999999999938e-01
-5.250000000000000000e+01 -7.068062827225130462e+00 7.193289999999999962e-01
-5.250000000000000000e+01 -6.125654450261779793e+00 8.122030000000000083e-01
-5.250000000000000000e+01 -5.183246073298429124e+00 2.783860000000000223e-01
-5.250000000000000000e+01 -4.240837696335078455e+00 4.657330000000000081e-01
-5.250000000000000000e+01 -3.298429319371727786e+00 8.885520000000000085e-01
-5.250000000000000000e+01 -2.356020942408377117e+00 3.740169999999999884e-01
-5.250000000000000000e+01 -1.413612565445026226e+00 8.694119999999999626e-01
-5.250000000000000000e+01 -4.712041884816753901e-01 4.602439999999999864e-01
-5.250000000000000000e+01 4.712041884816753901e-01 4.602439999999999864e-01
-5.125000000000000000e+01 -8.952879581151833577e+00 8.597099999999999742e-01
-5.125000000000000000e+01 -8.010471204188482020e+00 5.662540000000000351e-01
-5.125000000000000000e+01 -7.068062827225130462e+00 6.989880000000000537e-01
-5.125000000000000000e+01 -5.183246073298429124e+00 4.960140000000000104e-01
-5.125000000000000000e+01 -4.240837696335078455e+00 7.271630000000000038e-01
-5.125000000000000000e+01 -3.298429319371727786e+00 9.858440000000000536e-01
-5.125000000000000000e+01 -2.356020942408377117e+00 8.194869999999999655e-01
-5.000000000000000000e+01 -3.298429319371727786e+00 9.458710000000000173e-01
