-7.875000000000000000e+01 -6.125654450261779793e+00 5.158139999999999947e-01
-7.875000000000000000e+01 -5.183246073298429124e+00 3.458379999999999788e-01
-7.875000000000000000e+01 -4.240837696335078455e+00 4.711259999999999892e-01
-7.875000000000000000e+01 -3.298429319371727786e+00 5.758659999999999890e-01
-7.875000000000000000e+01 -2.356020942408377117e+00 0.000000000000000000e+00
-7.875000000000000000e+01 -1.413612565445026226e+00 0.000000000000000000e+00
-7.750000000000000000e+01 -8.952879581151833577e+00 1.886589999999999934e-01
-7.750000000000000000e+01 -8.010471204188482020e+00 1.435049999999999937e-01
-7.750000000000000000e+01 -7.068062827225130462e+00 2.890610000000000124e-01
-7.750000000000000000e+01 -6.125654450261779793e+00 5.990689999999999626e-01
-7.750000000000000000e+01 -5.183246073298429124e+00 2.436589999999999867e-01
-7.750000000000000000e+01 -4.240837696335078455e+00 6.560900000000000065e-02
-7.750000000000000000e+01 -3.298429319371727786e+00 5.836670000000000469e-01
-7.750000000000000000e+01 -2.356020942408377117e+00 3.854009999999999936e-01
-7.750000000000000000e+01 -1.413612565445026226e+00 4.712959999999999927e-01
-7.750000000000000000e+01 -4.712041884816753901e-01 2.755670000000000064e-01
-7.750000000000000000e+01 4.712041884816753901e-01 2.755670000000000064e-01
-7.625000000000000000e+01 -1.083769633507853669e+01 8.167299999999999560e-02
-7.625000000000000000e+01 -9.895287958115185134e+00 1.731509999999999994e-01
-7.625000000000000000e+01 -8.952879581151833577e+00 5.561700000000000532e-01
-7.625000000000000000e+01 -8.010471204188482020e+00 2.774530000000000052e-01
-7.625000000000000000e+01 -7.068062827225130462e+00 3.258590000000000098e-01
-7.625000000000000000e+01 -6.125654450261779793e+00 6.187709999999999599e-01
-7.625000000000000000e+01 -5.183246073298429124e+00 5.286300000000000027e-02
-7.625000000000000000e+01 -4.240837696335078455e+00 1.472000000000000001e-03
-7.625000000000000000e+01 -3.298429319371727786e+00 3.983000000000000429e-03
-7.625000000000000000e+01 -2.356020942408377117e+00 3.952999999999999917e-03
-7.625000000000000000e+01 -1.413612565445026226e+00 1.884600000000000164e-02
-7.625000000000000000e+01 -4.712041884816753901e-01 3.671820000000000084e-01
-7.625000000000000000e+01 4.712041884816753901e-01 3.671820000000000084e-01
-7.625000000000000000e+01 1.413612565445026226e+00 9.280059999999999976e-01
-7.500000000000000000e+01 -1.366492146596859136e+01 7.814200000000000312e-02
-7.500000000000000000e+01 -1.272251308900523981e+01 1.417779999999999874e-01
-7.500000000000000000e+01 -1.178010471204188825e+01 1.239180000000000004e-01
-7.500000000000000000e+01 -1.083769633507853669e+01 4.620170000000000110e-01
-7.500000000000000000e+01 -9.895287958115185134e+00 3.085620000000000029e-01
-7.500000000000000000e+01 -8.952879581151833577e+00 6.221910000000000496e-01
-7.500000000000000000e+01 -8.010471204188482020e+00 3.014180000000000192e-01
-7.500000000000000000e+01 -7.068062827225130462e+00 5.848099999999999826e-02
-7.500000000000000000e+01 -6.125654450261779793e+00 6.212800000000000267e-02
-7.500000000000000000e+01 -5.183246073298429124e+00 4.566900000000000126e-02
-7.500000000000000000e+01 -4.240837696335078455e+00 2.003299999999999872e-02
-7.500000000000000000e+01 -3.298429319371727786e+00 2.305999999999999890e-03
-7.500000000000000000e+01 -2.356020942408377117e+00 6.376999999999999856e-03
-7.500000000000000000e+01 -1.413612565445026226e+00 5.597000000000000412e-03
-7.500000000000000000e+01 -4.712041884816753901e-01 1.133780000000000066e-01
-7.500000000000000000e+01 4.712041884816753901e-01 1.133780000000000066e-01
-7.500000000000000000e+01 1.413612565445026226e+00 7.751949999999999674e-01
-7.500000000000000000e+01 2.356020942408377117e+00 9.469830000000000192e-01
-7.375000000000000000e+01 -1.460732984293194114e+01 0.000000000000000000e+00
-7.375000000000000000e+01 -1.366492146596859136e+01 1.302490000000000037e-01
-7.375000000000000000e+01 -1.272251308900523981e+01 8.877400000000000568e-02
-7.375000000000000000e+01 -1.178010471204188825e+01 1.096359999999999973e-01
-7.375000000000000000e+01 -1.083769633507853669e+01 1.287240000000000051e-01
-7.375000000000000000e+01 -9.895287958115185134e+00 6.008899999999999658e-02
-7.375000000000000000e+01 -8.952879581151833577e+00 1.300419999999999909e-01
-7.375000000000000000e+01 -8.010471204188482020e+00 3.161909999999999998e-01
-7.375000000000000000e+01 -7.068062827225130462e+00 2.366020000000000068e-01
-7.375000000000000000e+01 -6.125654450261779793e+00 2.464699999999999877e-02
-7.375000000000000000e+01 -5.183246073298429124e+00 7.177999999999999658e-02
-7.375000000000000000e+01 -4.240837696335078455e+00 2.272499999999999867e-02
-7.375000000000000000e+01 -3.298429319371727786e+00 7.262000000000000226e-03
-7.375000000000000000e+01 -2.356020942408377117e+00 5.409999999999999878e-03
-7.375000000000000000e+01 -1.413612565445026226e+00 1.428810000000000080e-01
-7.375000000000000000e+01 -4.712041884816753901e-01 1.225300000000000000e-02
-7.375000000000000000e+01 4.712041884816753901e-01 1.225300000000000000e-02
-7.375000000000000000e+01 1.413612565445026226e+00 1.051379999999999953e-01
-7.250000000000000000e+01 -1.460732984293194114e+01 5.432000000000000196e-03
-7.250000000000000000e+01 -1.366492146596859136e+01 1.374849999999999961e-01
-7.250000000000000000e+01 -1.272251308900523981e+01 1.995860000000000134e-01
-7.250000000000000000e+01 -1.178010471204188825e+01 4.480900000000000161e-02
-7.250000000000000000e+01 -1.083769633507853669e+01 6.962000000000000306e-03
-7.250000000000000000e+01 -9.895287958115185134e+00 0.000000000000000000e+00
-7.250000000000000000e+01 -8.952879581151833577e+00 1.213980000000000059e-01
-7.250000000000000000e+01 -8.010471204188482020e+00 6.995299999999999851e-01
-7.250000000000000000e+01 -7.068062827225130462e+00 5.685700000000000198e-01
-7.250000000000000000e+01 -6.125654450261779793e+00 9.730000000000000151e-04
-7.250000000000000000e+01 -5.183246073298429124e+00 1.055599999999999941e-02
-7.250000000000000000e+01 -4.240837696335078455e+00 1.123389999999999944e-01
-7.250000000000000000e+01 -3.298429319371727786e+00 2.123999999999999846e-02
-7.250000000000000000e+01 -2.356020942408377117e+00 6.905400000000000427e-02
-7.250000000000000000e+01 -1.413612565445026226e+00 1.784399999999999875e-02
-7.250000000000000000e+01 -4.712041884816753901e-01 6.908000000000000078e-03
-7.250000000000000000e+01 4.712041884816753901e-01 6.908000000000000078e-03
-7.250000000000000000e+01 1.413612565445026226e+00 2.972800000000000095e-02
-7.125000000000000000e+01 -1.460732984293194114e+01 9.079900000000000471e-02
-7.125000000000000000e+01 -1.366492146596859136e+01 2.551600000000000049e-02
-7.125000000000000000e+01 -1.272251308900523981e+01 3.547040000000000193e-01
-7.125000000000000000e+01 -1.178010471204188825e+01 3.084999999999999895e-02
-7.125000000000000000e+01 -1.083769633507853669e+01 2.623999999999999944e-02
-7.125000000000000000e+01 -9.895287958115185134e+00 3.330099999999999727e-02
-7.125000000000000000e+01 -8.952879581151833577e+00 3.364960000000000173e-01
-7.125000000000000000e+01 -8.010471204188482020e+00 8.793849999999999723e-01
-7.125000000000000000e+01 -7.068062827225130462e+00 4.291610000000000147e-01
-7.125000000000000000e+01 -6.125654450261779793e+00 6.853399999999999770e-02
-7.125000000000000000e+01 -5.183246073298429124e+00 2.429999999999999977e-04
-7.125000000000000000e+01 -4.240837696335078455e+00 4.051899999999999946e-02
-7.125000000000000000e+01 -3.298429319371727786e+00 1.589999999999999888e-04
-7.125000000000000000e+01 -2.356020942408377117e+00 5.807400000000000062e-02
-7.125000000000000000e+01 -1.413612565445026226e+00 3.592000000000000141e-03
-7.125000000000000000e+01 -4.712041884816753901e-01 0.000000000000000000e+00
-7.125000000000000000e+01 4.712041884816753901e-01 0.000000000000000000e+00
-7.125000000000000000e+01 1.413612565445026226e+00 1.253469999999999862e-01
-7.000000000000000000e+01 -1.366492146596859136e+01 1.510799999999999990e-02
-7.000000000000000000e+01 -1.272251308900523981e+01 4.976119999999999988e-01
-7.000000000000000000e+01 -1.178010471204188825e+01 3.563230000000000008e-01
-7.000000000000000000e+01 -1.083769633507853669e+01 5.661580000000000501e-01
-7.000000000000000000e+01 -9.895287958115185134e+00 2.685779999999999834e-01
-7.000000000000000000e+01 -8.952879581151833577e+00 6.160660000000000025e-01
-7.000000000000000000e+01 -8.010471204188482020e+00 7.154270000000000351e-01
-7.000000000000000000e+01 -7.068062827225130462e+00 4.697109999999999896e-01
-7.000000000000000000e+01 -6.125654450261779793e+00 7.445000000000000229e-03
-7.000000000000000000e+01 -5.183246073298429124e+00 8.118999999999999481e-03
-7.000000000000000000e+01 -4.240837696335078455e+00 1.941740000000000133e-01
-7.000000000000000000e+01 -3.298429319371727786e+00 6.162600000000000022e-02
-7.000000000000000000e+01 -2.356020942408377117e+00 2.784899999999999876e-02
-7.000000000000000000e+01 -1.413612565445026226e+00 3.645299999999999929e-02
-7.000000000000000000e+01 -4.712041884816753901e-01 1.220300000000000031e-02
-7.000000000000000000e+01 4.712041884816753901e-01 1.220300000000000031e-02
-7.000000000000000000e+01 1.413612565445026226e+00 8.526999999999999857e-03
-6.875000000000000000e+01 -1.554973821989529448e+01 1.353999999999999952e-03
-6.875000000000000000e+01 -1.460732984293194114e+01 5.825400000000000023e-02
-6.875000000000000000e+01 -1.366492146596859136e+01 2.840399999999999869e-02
-6.875000000000000000e+01 -1.272251308900523981e+01 2.165910000000000057e-01
-6.875000000000000000e+01 -1.178010471204188825e+01 6.145950000000000024e-01
-6.875000000000000000e+01 -1.083769633507853669e+01 8.532549999999999857e-01
-6.875000000000000000e+01 -9.895287958115185134e+00 5.246990000000000265e-01
-6.875000000000000000e+01 -8.952879581151833577e+00 9.461709999999999843e-01
-6.875000000000000000e+01 -8.010471204188482020e+00 2.622729999999999784e-01
-6.875000000000000000e+01 -7.068062827225130462e+00 1.810399999999999857e-02
-6.875000000000000000e+01 -6.125654450261779793e+00 6.454999999999999800e-03
-6.875000000000000000e+01 -5.183246073298429124e+00 8.059999999999999673e-04
-6.875000000000000000e+01 -4.240837696335078455e+00 8.512999999999999734e-03
-6.875000000000000000e+01 -3.298429319371727786e+00 2.520999999999999977e-02
-6.875000000000000000e+01 -2.356020942408377117e+00 5.817000000000000122e-03
-6.875000000000000000e+01 -1.413612565445026226e+00 1.305800000000000016e-02
-6.875000000000000000e+01 -4.712041884816753901e-01 1.129100000000000069e-02
-6.875000000000000000e+01 4.712041884816753901e-01 1.129100000000000069e-02
-6.875000000000000000e+01 1.413612565445026226e+00 1.615899999999999975e-02
-6.875000000000000000e+01 2.356020942408377117e+00 6.474800000000000000e-02
-6.750000000000000000e+01 -1.649214659685864603e+01 5.052870000000000417e-01
-6.750000000000000000e+01 -1.554973821989529448e+01 5.052870000000000417e-01
-6.750000000000000000e+01 -1.460732984293194114e+01 2.606470000000000176e-01
-6.750000000000000000e+01 -1.366492146596859136e+01 2.079509999999999970e-01
-6.750000000000000000e+01 -1.272251308900523981e+01 5.657899999999999735e-02
-6.750000000000000000e+01 -1.178010471204188825e+01 1.147740000000000010e-01
-6.750000000000000000e+01 -1.083769633507853669e+01 6.084140000000000104e-01
-6.750000000000000000e+01 -9.895287958115185134e+00 9.598729999999999762e-01
-6.750000000000000000e+01 -8.952879581151833577e+00 6.652569999999999872e-01
-6.750000000000000000e+01 -8.010471204188482020e+00 7.063500000000000334e-02
-6.750000000000000000e+01 -7.068062827225130462e+00 1.903839999999999977e-01
-6.750000000000000000e+01 -6.125654450261779793e+00 2.599999999999999881e-02
-6.750000000000000000e+01 -5.183246073298429124e+00 1.128000000000000096e-03
-6.750000000000000000e+01 -4.240837696335078455e+00 1.209000000000000005e-03
-6.750000000000000000e+01 -3.298429319371727786e+00 5.035599999999999798e-02
-6.750000000000000000e+01 -2.356020942408377117e+00 8.270000000000000441e-04
-6.750000000000000000e+01 -1.413612565445026226e+00 8.000000000000000654e-05
-6.750000000000000000e+01 -4.712041884816753901e-01 8.989999999999999511e-04
-6.750000000000000000e+01 4.712041884816753901e-01 8.989999999999999511e-04
-6.750000000000000000e+01 1.413612565445026226e+00 1.140120000000000022e-01
-6.750000000000000000e+01 2.356020942408377117e+00 2.974820000000000242e-01
-6.625000000000000000e+01 -1.837696335078534560e+01 8.390400000000000635e-02
-6.625000000000000000e+01 -1.743455497382199582e+01 4.297279999999999989e-01
-6.625000000000000000e+01 -1.649214659685864603e+01 8.384099999999999886e-02
-6.625000000000000000e+01 -1.554973821989529448e+01 8.384099999999999886e-02
-6.625000000000000000e+01 -1.460732984293194114e+01 4.218399999999999928e-02
-6.625000000000000000e+01 -1.366492146596859136e+01 1.134000000000000025e-03
-6.625000000000000000e+01 -1.272251308900523981e+01 0.000000000000000000e+00
-6.625000000000000000e+01 -1.178010471204188825e+01 1.915499999999999842e-02
-6.625000000000000000e+01 -1.083769633507853669e+01 2.300619999999999887e-01
-6.625000000000000000e+01 -9.895287958115185134e+00 3.790729999999999933e-01
-6.625000000000000000e+01 -8.952879581151833577e+00 4.969669999999999921e-01
-6.625000000000000000e+01 -8.010471204188482020e+00 1.798889999999999934e-01
-6.625000000000000000e+01 -7.068062827225130462e+00 1.091460000000000069e-01
-6.625000000000000000e+01 -6.125654450261779793e+00 2.410000000000000033e-04
-6.625000000000000000e+01 -5.183246073298429124e+00 3.260000000000000094e-04
-6.625000000000000000e+01 -4.240837696335078455e+00 8.677999999999999950e-03
-6.625000000000000000e+01 -3.298429319371727786e+00 4.702800000000000036e-02
-6.625000000000000000e+01 -2.356020942408377117e+00 1.566700000000000037e-02
-6.625000000000000000e+01 -1.413612565445026226e+00 0.000000000000000000e+00
-6.625000000000000000e+01 -4.712041884816753901e-01 8.479699999999999738e-02
-6.625000000000000000e+01 4.712041884816753901e-01 8.479699999999999738e-02
-6.625000000000000000e+01 1.413612565445026226e+00 9.104900000000000493e-02
-6.625000000000000000e+01 2.356020942408377117e+00 1.157699999999999979e-01
-6.500000000000000000e+01 -1.837696335078534560e+01 4.204700000000000104e-02
-6.500000000000000000e+01 -1.743455497382199582e+01 6.599019999999999886e-01
-6.500000000000000000e+01 -1.649214659685864603e+01 1.081379999999999980e-01
-6.500000000000000000e+01 -1.554973821989529448e+01 1.081379999999999980e-01
-6.500000000000000000e+01 -1.460732984293194114e+01 1.824699999999999933e-02
-6.500000000000000000e+01 -1.366492146596859136e+01 9.166000000000000536e-03
-6.500000000000000000e+01 -1.272251308900523981e+01 2.658000000000000206e-03
-6.500000000000000000e+01 -1.178010471204188825e+01 1.565660000000000107e-01
-6.500000000000000000e+01 -1.083769633507853669e+01 5.019130000000000535e-01
-6.500000000000000000e+01 -9.895287958115185134e+00 8.525880000000000125e-01
-6.500000000000000000e+01 -8.952879581151833577e+00 6.658070000000000377e-01
-6.500000000000000000e+01 -8.010471204188482020e+00 3.295489999999999808e-01
-6.500000000000000000e+01 -7.068062827225130462e+00 4.350559999999999983e-01
-6.500000000000000000e+01 -6.125654450261779793e+00 3.910500000000000087e-02
-6.500000000000000000e+01 -5.183246073298429124e+00 3.901459999999999928e-01
-6.500000000000000000e+01 -4.240837696335078455e+00 4.162549999999999861e-01
-6.500000000000000000e+01 -3.298429319371727786e+00 2.676129999999999898e-01
-6.500000000000000000e+01 -2.356020942408377117e+00 5.518999999999999601e-03
-6.500000000000000000e+01 -1.413612565445026226e+00 2.118000000000000091e-03
-6.500000000000000000e+01 -4.712041884816753901e-01 2.135599999999999998e-02
-6.500000000000000000e+01 4.712041884816753901e-01 2.135599999999999998e-02
-6.500000000000000000e+01 1.413612565445026226e+00 2.658999999999999905e-03
-6.375000000000000000e+01 -2.026178010471204516e+01 8.333329999999999904e-01
-6.375000000000000000e+01 -1.931937172774869538e+01 4.297599999999999754e-01
-6.375000000000000000e+01 -1.837696335078534560e+01 2.980519999999999836e-01
-6.375000000000000000e+01 -1.743455497382199582e+01 7.974400000000000377e-01
-6.375000000000000000e+01 -1.649214659685864603e+01 1.077540000000000026e-01
-6.375000000000000000e+01 -1.554973821989529448e+01 1.077540000000000026e-01
-6.375000000000000000e+01 -1.460732984293194114e+01 8.286699999999999622e-02
-6.375000000000000000e+01 -1.366492146596859136e+01 3.468999999999999861e-03
-6.375000000000000000e+01 -1.272251308900523981e+01 9.029000000000000567e-03
-6.375000000000000000e+01 -1.178010471204188825e+01 6.815799999999999637e-01
-6.375000000000000000e+01 -1.083769633507853669e+01 2.744570000000000065e-01
-6.375000000000000000e+01 -9.895287958115185134e+00 8.599160000000000137e-01
-6.375000000000000000e+01 -8.952879581151833577e+00 9.565510000000000401e-01
-6.375000000000000000e+01 -8.010471204188482020e+00 7.991530000000000022e-01
-6.375000000000000000e+01 -7.068062827225130462e+00 6.701160000000000450e-01
-6.375000000000000000e+01 -6.125654450261779793e+00 1.622069999999999901e-01
-6.375000000000000000e+01 -5.183246073298429124e+00 1.252550000000000052e-01
-6.375000000000000000e+01 -4.240837696335078455e+00 6.265920000000000378e-01
-6.375000000000000000e+01 -3.298429319371727786e+00 1.338499999999999933e-02
-6.375000000000000000e+01 -2.356020942408377117e+00 9.740000000000000394e-04
-6.375000000000000000e+01 -1.413612565445026226e+00 2.282700000000000007e-02
-6.375000000000000000e+01 -4.712041884816753901e-01 1.262699999999999934e-02
-6.375000000000000000e+01 4.712041884816753901e-01 1.262699999999999934e-02
-6.375000000000000000e+01 1.413612565445026226e+00 1.923009999999999997e-01
-6.375000000000000000e+01 3.298429319371727786e+00 5.264400000000000329e-02
-6.250000000000000000e+01 -1.931937172774869538e+01 4.105539999999999745e-01
-6.250000000000000000e+01 -1.837696335078534560e+01 7.302729999999999499e-01
-6.250000000000000000e+01 -1.743455497382199582e+01 8.631670000000000176e-01
-6.250000000000000000e+01 -1.649214659685864603e+01 3.504880000000000217e-01
-6.250000000000000000e+01 -1.554973821989529448e+01 3.504880000000000217e-01
-6.250000000000000000e+01 -1.460732984293194114e+01 3.471099999999999880e-02
-6.250000000000000000e+01 -1.366492146596859136e+01 1.253499999999999927e-02
-6.250000000000000000e+01 -1.272251308900523981e+01 3.359499999999999986e-02
-6.250000000000000000e+01 -1.178010471204188825e+01 6.034300000000000219e-01
-6.250000000000000000e+01 -1.083769633507853669e+01 4.755179999999999962e-01
-6.250000000000000000e+01 -9.895287958115185134e+00 9.878890000000000171e-01
-6.250000000000000000e+01 -8.952879581151833577e+00 8.431359999999999966e-01
-6.250000000000000000e+01 -8.010471204188482020e+00 7.573440000000000172e-01
-6.250000000000000000e+01 -7.068062827225130462e+00 8.916819999999999746e-01
-6.250000000000000000e+01 -6.125654450261779793e+00 6.625370000000000426e-01
-6.250000000000000000e+01 -5.183246073298429124e+00 1.000579999999999942e-01
-6.250000000000000000e+01 -4.240837696335078455e+00 6.198649999999999993e-01
-6.250000000000000000e+01 -3.298429319371727786e+00 9.254800000000000526e-02
-6.250000000000000000e+01 -2.356020942408377117e+00 9.039899999999999325e-02
-6.250000000000000000e+01 -1.413612565445026226e+00 4.617899999999999783e-01
-6.250000000000000000e+01 -4.712041884816753901e-01 8.384199999999999986e-02
-6.250000000000000000e+01 4.712041884816753901e-01 8.384199999999999986e-02
-6.250000000000000000e+01 1.413612565445026226e+00 3.514070000000000249e-01
-6.250000000000000000e+01 2.356020942408377117e+00 1.541700000000000015e-01
-6.250000000000000000e+01 3.298429319371727786e+00 1.989600000000000049e-02
-6.125000000000000000e+01 -1.837696335078534560e+01 2.355899999999999939e-01
-6.125000000000000000e+01 -1.743455497382199582e+01 5.784529999999999950e-01
-6.125000000000000000e+01 -1.649214659685864603e+01 5.175689999999999458e-01
-6.125000000000000000e+01 -1.554973821989529448e+01 5.175689999999999458e-01
-6.125000000000000000e+01 -1.460732984293194114e+01 1.738210000000000033e-01
-6.125000000000000000e+01 -1.366492146596859136e+01 8.703400000000000025e-02
-6.125000000000000000e+01 -1.272251308900523981e+01 7.710540000000000171e-01
-6.125000000000000000e+01 -1.178010471204188825e+01 8.217210000000000347e-01
-6.125000000000000000e+01 -1.083769633507853669e+01 5.462489999999999846e-01
-6.125000000000000000e+01 -9.895287958115185134e+00 7.570729999999999960e-01
-6.125000000000000000e+01 -8.952879581151833577e+00 7.570210000000000550e-01
-6.125000000000000000e+01 -8.010471204188482020e+00 7.915180000000000549e-01
-6.125000000000000000e+01 -7.068062827225130462e+00 4.539230000000000209e-01
-6.125000000000000000e+01 -6.125654450261779793e+00 5.331599999999999673e-01
-6.125000000000000000e+01 -5.183246073298429124e+00 6.668039999999999523e-01
-6.125000000000000000e+01 -4.240837696335078455e+00 9.219070000000000320e-01
-6.125000000000000000e+01 -3.298429319371727786e+00 7.061399999999999899e-01
-6.125000000000000000e+01 -2.356020942408377117e+00 8.954299999999999760e-02
-6.125000000000000000e+01 -1.413612565445026226e+00 3.612179999999999835e-01
-6.125000000000000000e+01 -4.712041884816753901e-01 4.221829999999999750e-01
-6.125000000000000000e+01 4.712041884816753901e-01 4.221829999999999750e-01
-6.125000000000000000e+01 1.413612565445026226e+00 5.553169999999999495e-01
-6.125000000000000000e+01 2.356020942408377117e+00 9.162909999999999666e-01
-6.125000000000000000e+01 3.298429319371727786e+00 3.053279999999999883e-01
-6.125000000000000000e+01 4.240837696335078455e+00 1.719080000000000052e-01
-6.000000000000000000e+01 -1.554973821989529448e+01 2.044590000000000019e-01
-6.000000000000000000e+01 -1.460732984293194114e+01 5.032649999999999624e-01
-6.000000000000000000e+01 -1.366492146596859136e+01 6.880579999999999474e-01
-6.000000000000000000e+01 -1.272251308900523981e+01 5.753890000000000393e-01
-6.000000000000000000e+01 -1.178010471204188825e+01 2.247780000000000056e-01
-6.000000000000000000e+01 -1.083769633507853669e+01 7.773800000000000154e-02
-6.000000000000000000e+01 -9.895287958115185134e+00 6.353980000000000183e-01
-6.000000000000000000e+01 -8.952879581151833577e+00 8.071650000000000214e-01
-6.000000000000000000e+01 -8.010471204188482020e+00 5.236499999999999488e-01
-6.000000000000000000e+01 -7.068062827225130462e+00 9.640539999999999665e-01
-6.000000000000000000e+01 -6.125654450261779793e+00 7.494039999999999591e-01
-6.000000000000000000e+01 -5.183246073298429124e+00 6.649169999999999803e-01
-6.000000000000000000e+01 -4.240837696335078455e+00 9.544340000000000046e-01
-6.000000000000000000e+01 -3.298429319371727786e+00 8.999260000000000037e-01
-6.000000000000000000e+01 -2.356020942408377117e+00 9.753140000000000143e-01
-6.000000000000000000e+01 -1.413612565445026226e+00 7.290100000000000469e-01
-6.000000000000000000e+01 -4.712041884816753901e-01 1.718030000000000113e-01
-6.000000000000000000e+01 4.712041884816753901e-01 1.718030000000000113e-01
-6.000000000000000000e+01 1.413612565445026226e+00 8.855089999999999906e-01
-6.000000000000000000e+01 2.356020942408377117e+00 5.516710000000000225e-01
-6.000000000000000000e+01 3.298429319371727786e+00 1.514230000000000020e-01
-6.000000000000000000e+01 4.240837696335078455e+00 3.655300000000000216e-02
-6.000000000000000000e+01 5.183246073298429124e+00 5.741500000000000076e-02
-5.875000000000000000e+01 -1.366492146596859136e+01 7.238200000000000189e-02
-5.875000000000000000e+01 -1.272251308900523981e+01 2.790300000000000072e-02
-5.875000000000000000e+01 -1.178010471204188825e+01 3.670129999999999781e-01
-5.875000000000000000e+01 -1.083769633507853669e+01 8.653969999999999718e-01
-5.875000000000000000e+01 -9.895287958115185134e+00 9.382080000000000419e-01
-5.875000000000000000e+01 -8.952879581151833577e+00 8.292239999999999611e-01
-5.875000000000000000e+01 -8.010471204188482020e+00 3.170709999999999917e-01
-5.875000000000000000e+01 -7.068062827225130462e+00 9.477219999999999533e-01
-5.875000000000000000e+01 -6.125654450261779793e+00 3.120510000000000228e-01
-5.875000000000000000e+01 -5.183246073298429124e+00 1.655600000000000127e-02
-5.875000000000000000e+01 -4.240837696335078455e+00 5.638630000000000031e-01
-5.875000000000000000e+01 -3.298429319371727786e+00 8.917420000000000346e-01
-5.875000000000000000e+01 -2.356020942408377117e+00 7.726450000000000262e-01
-5.875000000000000000e+01 -1.413612565445026226e+00 1.668159999999999921e-01
-5.875000000000000000e+01 -4.712041884816753901e-01 4.628299999999999775e-02
-5.875000000000000000e+01 4.712041884816753901e-01 4.628299999999999775e-02
-5.750000000000000000e+01 -1.366492146596859136e+01 7.060299999999999909e-02
-5.750000000000000000e+01 -1.272251308900523981e+01 1.382299999999999918e-01
-5.750000000000000000e+01 -1.178010471204188825e+01 7.526530000000000165e-01
-5.750000000000000000e+01 -1.083769633507853669e+01 7.520540000000000003e-01
-5.750000000000000000e+01 -9.895287958115185134e+00 9.717999999999999972e-01
-5.750000000000000000e+01 -8.952879581151833577e+00 6.472609999999999753e-01
-5.750000000000000000e+01 -8.010471204188482020e+00 5.947189999999999976e-01
-5.750000000000000000e+01 -7.068062827225130462e+00 3.015149999999999775e-01
-5.750000000000000000e+01 -6.125654450261779793e+00 8.241749999999999909e-01
-5.750000000000000000e+01 -5.183246073298429124e+00 4.192100000000000271e-01
-5.750000000000000000e+01 -4.240837696335078455e+00 6.359019999999999673e-01
-5.750000000000000000e+01 -3.298429319371727786e+00 5.544569999999999776e-01
-5.750000000000000000e+01 -2.356020942408377117e+00 5.590359999999999774e-01
-5.750000000000000000e+01 -1.413612565445026226e+00 1.214390000000000053e-01
-5.750000000000000000e+01 -4.712041884816753901e-01 4.014420000000000210e-01
-5.750000000000000000e+01 4.712041884816753901e-01 4.014420000000000210e-01
-5.750000000000000000e+01 1.413612565445026226e+00 5.435529999999999529e-01
-5.625000000000000000e+01 -1.366492146596859136e+01 4.741739999999999844e-01
-5.625000000000000000e+01 -1.272251308900523981e+01 4.125099999999999878e-01
-5.625000000000000000e+01 -1.178010471204188825e+01 8.854849999999999666e-01
-5.625000000000000000e+01 -1.083769633507853669e+01 7.100370000000000292e-01
-5.625000000000000000e+01 -9.895287958115185134e+00 9.944180000000000241e-01
-5.625000000000000000e+01 -8.952879581151833577e+00 3.265399999999999969e-01
-5.625000000000000000e+01 -8.010471204188482020e+00 4.349489999999999745e-01
-5.625000000000000000e+01 -7.068062827225130462e+00 7.162060000000000093e-01
-5.625000000000000000e+01 -6.125654450261779793e+00 7.976569999999999494e-01
-5.625000000000000000e+01 -5.183246073298429124e+00 8.099220000000000308e-01
-5.625000000000000000e+01 -4.240837696335078455e+00 7.255310000000000370e-01
-5.625000000000000000e+01 -3.298429319371727786e+00 7.212509999999999755e-01
-5.625000000000000000e+01 -2.356020942408377117e+00 5.540070000000000272e-01
-5.625000000000000000e+01 -1.413612565445026226e+00 5.681819999999999649e-01
-5.625000000000000000e+01 -4.712041884816753901e-01 2.970900000000000207e-01
-5.625000000000000000e+01 4.712041884816753901e-01 2.970900000000000207e-01
-5.625000000000000000e+01 1.413612565445026226e+00 1.222099999999999992e-01
-5.500000000000000000e+01 -1.460732984293194114e+01 1.930929999999999869e-01
-5.500000000000000000e+01 -1.366492146596859136e+01 7.851500000000000146e-02
-5.500000000000000000e+01 -1.272251308900523981e+01 7.192619999999999569e-01
-5.500000000000000000e+01 -1.178010471204188825e+01 9.793530000000000291e-01
-5.500000000000000000e+01 -1.083769633507853669e+01 9.713349999999999485e-01
-5.500000000000000000e+01 -9.895287958115185134e+00 9.323439999999999506e-01
-5.500000000000000000e+01 -8.952879581151833577e+00 3.956549999999999789e-01
-5.500000000000000000e+01 -8.010471204188482020e+00 8.870270000000000099e-01
-5.500000000000000000e+01 -7.068062827225130462e+00 8.032759999999999900e-01
-5.500000000000000000e+01 -6.125654450261779793e+00 6.987090000000000245e-01
-5.500000000000000000e+01 -5.183246073298429124e+00 6.305460000000000509e-01
-5.500000000000000000e+01 -4.240837696335078455e+00 9.243959999999999955e-01
-5.500000000000000000e+01 -3.298429319371727786e+00 8.922949999999999493e-01
-5.500000000000000000e+01 -2.356020942408377117e+00 7.527890000000000414e-01
-5.500000000000000000e+01 -1.413612565445026226e+00 6.647140000000000271e-01
-5.500000000000000000e+01 -4.712041884816753901e-01 1.360820000000000085e-01
-5.500000000000000000e+01 4.712041884816753901e-01 1.360820000000000085e-01
-5.500000000000000000e+01 1.413612565445026226e+00 3.225000000000000002e-03
-5.500000000000000000e+01 2.356020942408377117e+00 8.826199999999999324e-02
-5.375000000000000000e+01 -1.460732984293194114e+01 7.342999999999999701e-03
-5.375000000000000000e+01 -1.366492146596859136e+01 7.889899999999999691e-02
-5.375000000000000000e+01 -1.272251308900523981e+01 6.322910000000000474e-01
-5.375000000000000000e+01 -1.178010471204188825e+01 4.376369999999999982e-01
-5.375000000000000000e+01 -1.083769633507853669e+01 7.574940000000000007e-01
-5.375000000000000000e+01 -9.895287958115185134e+00 7.537899999999999601e-01
-5.375000000000000000e+01 -8.952879581151833577e+00 2.579759999999999831e-01
-5.375000000000000000e+01 -8.010471204188482020e+00 7.051499999999999435e-02
-5.375000000000000000e+01 -7.068062827225130462e+00 6.018419999999999881e-01
-5.375000000000000000e+01 -6.125654450261779793e+00 8.475059999999999816e-01
-5.375000000000000000e+01 -5.183246073298429124e+00 9.076220000000000399e-01
-5.375000000000000000e+01 -4.240837696335078455e+00 8.342289999999999983e-01
-5.375000000000000000e+01 -3.298429319371727786e+00 9.828440000000000509e-01
-5.375000000000000000e+01 -2.356020942408377117e+00 6.535710000000000131e-01
-5.375000000000000000e+01 -1.413612565445026226e+00 7.867659999999999654e-01
-5.375000000000000000e+01 -4.712041884816753901e-01 3.348990000000000022e-01
-5.375000000000000000e+01 4.712041884816753901e-01 3.348990000000000022e-01
-5.375000000000000000e+01 1.413612565445026226e+00 5.353949999999999543e-01
-5.375000000000000000e+01 2.356020942408377117e+00 4.526589999999999780e-01
-5.250000000000000000e+01 -1.366492146596859136e+01 1.643199999999999869e-02
-5.250000000000000000e+01 -1.272251308900523981e+01 4.529850000000000265e-01
-5.250000000000000000e+01 -1.178010471204188825e+01 2.891230000000000189e-01
-5.250000000000000000e+01 -1.083769633507853669e+01 4.404100000000000237e-01
-5.250000000000000000e+01 -9.895287958115185134e+00 3.349980000000000180e-01
-5.250000000000000000e+01 -8.952879581151833577e+00 1.308630000000000071e-01
-5.250000000000000000e+01 -8.010471204188482020e+00 2.805010000000000003e-01
-5.250000000000000000e+01 -7.068062827225130462e+00 7.857490000000000308e-01
-5.250000000000000000e+01 -6.125654450261779793e+00 8.998690000000000300e-01
-5.250000000000000000e+01 -5.183246073298429124e+00 5.338789999999999925e-01
-5.250000000000000000e+01 -4.240837696335078455e+00 6.466849999999999543e-01
-5.250000000000000000e+01 -3.298429319371727786e+00 9.247450000000000392e-01
-5.250000000000000000e+01 -2.356020942408377117e+00 4.004889999999999839e-01
-5.250000000000000000e+01 -1.413612565445026226e+00 8.713739999999999819e-01
-5.250000000000000000e+01 -4.712041884816753901e-01 5.566609999999999614e-01
-5.250000000000000000e+01 4.712041884816753901e-01 5.566609999999999614e-01
-5.125000000000000000e+01 -8.952879581151833577e+00 8.818690000000000140e-01
-5.125000000000000000e+01 -8.010471204188482020e+00 5.794319999999999471e-01
-5.125000000000000000e+01 -7.068062827225130462e+00 7.097529999999999673e-01
-5.125000000000000000e+01 -5.183246073298429124e+00 5.290179999999999882e-01
-5.125000000000000000e+01 -4.240837696335078455e+00 7.828209999999999891e-01
-5.125000000000000000e+01 -3.298429319371727786e+00 9.860889999999999933e-01
-5.125000000000000000e+01 -2.356020942408377117e+00 8.328579999999999872e-01
-5.000000000000000000e+01 -3.298429319371727786e+00 9.461310000000000553e-01
