-7.875000000000000000e+01 -6.125654450261779793e+00 4.968020000000000214e-01
-7.875000000000000000e+01 -5.183246073298429124e+00 1.862739999999999951e-01
-7.875000000000000000e+01 -4.240837696335078455e+00 2.568900000000000072e-01
-7.875000000000000000e+01 -3.298429319371727786e+00 3.884329999999999727e-01
-7.875000000000000000e+01 -2.356020942408377117e+00 0.000000000000000000e+00
-7.875000000000000000e+01 -1.413612565445026226e+00 0.000000000000000000e+00
-7.750000000000000000e+01 -8.952879581151833577e+00 1.875680000000000125e-01
-7.750000000000000000e+01 -8.010471204188482020e+00 1.435049999999999937e-01
-7.750000000000000000e+01 -7.068062827225130462e+00 2.839470000000000049e-01
-7.750000000000000000e+01 -6.125654450261779793e+00 4.910979999999999790e-01
-7.750000000000000000e+01 -5.183246073298429124e+00 1.277999999999999969e-01
-7.750000000000000000e+01 -4.240837696335078455e+00 3.049100000000000074e-02
-7.750000000000000000e+01 -3.298429319371727786e+00 3.042750000000000177e-01
-7.750000000000000000e+01 -2.356020942408377117e+00 1.723240000000000050e-01
-7.750000000000000000e+01 -1.413612565445026226e+00 2.999899999999999789e-01
-7.750000000000000000e+01 -4.712041884816753901e-01 1.895759999999999945e-01
-7.750000000000000000e+01 4.712041884816753901e-01 1.895759999999999945e-01
-7.625000000000000000e+01 -1.083769633507853669e+01 6.323399999999999854e-02
-7.625000000000000000e+01 -9.895287958115185134e+00 1.282659999999999911e-01
-7.625000000000000000e+01 -8.952879581151833577e+00 3.707799999999999985e-01
-7.625000000000000000e+01 -8.010471204188482020e+00 9.714100000000000512e-02
-7.625000000000000000e+01 -7.068062827225130462e+00 2.087209999999999899e-01
-7.625000000000000000e+01 -6.125654450261779793e+00 2.913519999999999999e-01
-7.625000000000000000e+01 -5.183246073298429124e+00 4.002700000000000008e-02
-7.625000000000000000e+01 -4.240837696335078455e+00 1.472000000000000001e-03
-7.625000000000000000e+01 -3.298429319371727786e+00 3.983000000000000429e-03
-7.625000000000000000e+01 -2.356020942408377117e+00 2.553000000000000148e-03
-7.625000000000000000e+01 -1.413612565445026226e+00 3.018999999999999982e-03
-7.625000000000000000e+01 -4.712041884816753901e-01 9.586600000000000676e-02
-7.625000000000000000e+01 4.712041884816753901e-01 9.586600000000000676e-02
-7.625000000000000000e+01 1.413612565445026226e+00 6.776569999999999538e-01
-7.500000000000000000e+01 -1.366492146596859136e+01 7.814200000000000312e-02
-7.500000000000000000e+01 -1.272251308900523981e+01 1.417779999999999874e-01
-7.500000000000000000e+01 -1.178010471204188825e+01 1.237540000000000029e-01
-7.500000000000000000e+01 -1.083769633507853669e+01 3.161379999999999746e-01
-7.500000000000000000e+01 -9.895287958115185134e+00 1.494560000000000055e-01
-7.500000000000000000e+01 -8.952879581151833577e+00 4.124160000000000048e-01
-7.500000000000000000e+01 -8.010471204188482020e+00 2.088409999999999989e-01
-7.500000000000000000e+01 -7.068062827225130462e+00 3.468899999999999761e-02
-7.500000000000000000e+01 -6.125654450261779793e+00 6.070300000000000001e-02
-7.500000000000000000e+01 -5.183246073298429124e+00 4.566900000000000126e-02
-7.500000000000000000e+01 -4.240837696335078455e+00 2.003299999999999872e-02
-7.500000000000000000e+01 -3.298429319371727786e+00 2.305999999999999890e-03
-7.500000000000000000e+01 -2.356020942408377117e+00 6.376999999999999856e-03
-7.500000000000000000e+01 -1.413612565445026226e+00 5.597000000000000412e-03
-7.500000000000000000e+01 -4.712041884816753901e-01 2.239400000000000071e-02
-7.500000000000000000e+01 4.712041884816753901e-01 2.239400000000000071e-02
-7.500000000000000000e+01 1.413612565445026226e+00 4.168560000000000043e-01
-7.500000000000000000e+01 2.356020942408377117e+00 8.255439999999999445e-01
-7.375000000000000000e+01 -1.460732984293194114e+01 0.000000000000000000e+00
-7.375000000000000000e+01 -1.366492146596859136e+01 1.302490000000000037e-01
-7.375000000000000000e+01 -1.272251308900523981e+01 7.969199999999999895e-02
-7.375000000000000000e+01 -1.178010471204188825e+01 9.578799999999999815e-02
-7.375000000000000000e+01 -1.083769633507853669e+01 8.678600000000000203e-02
-7.375000000000000000e+01 -9.895287958115185134e+00 5.753400000000000181e-02
-7.375000000000000000e+01 -8.952879581151833577e+00 8.535600000000000132e-02
-7.375000000000000000e+01 -8.010471204188482020e+00 8.123700000000000365e-02
-7.375000000000000000e+01 -7.068062827225130462e+00 3.200800000000000173e-02
-7.375000000000000000e+01 -6.125654450261779793e+00 2.464699999999999877e-02
-7.375000000000000000e+01 -5.183246073298429124e+00 7.177999999999999658e-02
-7.375000000000000000e+01 -4.240837696335078455e+00 2.272499999999999867e-02
-7.375000000000000000e+01 -3.298429319371727786e+00 7.262000000000000226e-03
-7.375000000000000000e+01 -2.356020942408377117e+00 5.409999999999999878e-03
-7.375000000000000000e+01 -1.413612565445026226e+00 5.954000000000000264e-02
-7.375000000000000000e+01 -4.712041884816753901e-01 2.467000000000000009e-03
-7.375000000000000000e+01 4.712041884816753901e-01 2.467000000000000009e-03
-7.375000000000000000e+01 1.413612565445026226e+00 3.635300000000000337e-02
-7.250000000000000000e+01 -1.460732984293194114e+01 5.432000000000000196e-03
-7.250000000000000000e+01 -1.366492146596859136e+01 1.374849999999999961e-01
-7.250000000000000000e+01 -1.272251308900523981e+01 1.661559999999999981e-01
-7.250000000000000000e+01 -1.178010471204188825e+01 4.293199999999999794e-02
-7.250000000000000000e+01 -1.083769633507853669e+01 6.879999999999999831e-03
-7.250000000000000000e+01 -9.895287958115185134e+00 0.000000000000000000e+00
-7.250000000000000000e+01 -8.952879581151833577e+00 9.469999999999999252e-03
-7.250000000000000000e+01 -8.010471204188482020e+00 3.142420000000000213e-01
-7.250000000000000000e+01 -7.068062827225130462e+00 1.256379999999999997e-01
-7.250000000000000000e+01 -6.125654450261779793e+00 9.730000000000000151e-04
-7.250000000000000000e+01 -5.183246073298429124e+00 9.737000000000000863e-03
-7.250000000000000000e+01 -4.240837696335078455e+00 1.123389999999999944e-01
-7.250000000000000000e+01 -3.298429319371727786e+00 2.123999999999999846e-02
-7.250000000000000000e+01 -2.356020942408377117e+00 2.911000000000000046e-02
-7.250000000000000000e+01 -1.413612565445026226e+00 6.166999999999999739e-03
-7.250000000000000000e+01 -4.712041884816753901e-01 6.908000000000000078e-03
-7.250000000000000000e+01 4.712041884816753901e-01 6.908000000000000078e-03
-7.250000000000000000e+01 1.413612565445026226e+00 1.020399999999999953e-02
-7.125000000000000000e+01 -1.460732984293194114e+01 9.079900000000000471e-02
-7.125000000000000000e+01 -1.366492146596859136e+01 2.439500000000000002e-02
-7.125000000000000000e+01 -1.272251308900523981e+01 1.291249999999999898e-01
-7.125000000000000000e+01 -1.178010471204188825e+01 1.641000000000000097e-03
-7.125000000000000000e+01 -1.083769633507853669e+01 0.000000000000000000e+00
-7.125000000000000000e+01 -9.895287958115185134e+00 6.791000000000000161e-03
-7.125000000000000000e+01 -8.952879581151833577e+00 5.717799999999999966e-02
-7.125000000000000000e+01 -8.010471204188482020e+00 3.657529999999999948e-01
-7.125000000000000000e+01 -7.068062827225130462e+00 6.395999999999999776e-03
-7.125000000000000000e+01 -6.125654450261779793e+00 4.655000000000000283e-03
-7.125000000000000000e+01 -5.183246073298429124e+00 2.429999999999999977e-04
-7.125000000000000000e+01 -4.240837696335078455e+00 2.619300000000000100e-02
-7.125000000000000000e+01 -3.298429319371727786e+00 1.589999999999999888e-04
-7.125000000000000000e+01 -2.356020942408377117e+00 3.201799999999999785e-02
-7.125000000000000000e+01 -1.413612565445026226e+00 3.592000000000000141e-03
-7.125000000000000000e+01 -4.712041884816753901e-01 0.000000000000000000e+00
-7.125000000000000000e+01 4.712041884816753901e-01 0.000000000000000000e+00
-7.125000000000000000e+01 1.413612565445026226e+00 6.561100000000000265e-02
-7.000000000000000000e+01 -1.366492146596859136e+01 8.580000000000000820e-03
-7.000000000000000000e+01 -1.272251308900523981e+01 1.955590000000000106e-01
-7.000000000000000000e+01 -1.178010471204188825e+01 1.319099999999999960e-02
-7.000000000000000000e+01 -1.083769633507853669e+01 2.156559999999999866e-01
-7.000000000000000000e+01 -9.895287958115185134e+00 4.800000000000000122e-04
-7.000000000000000000e+01 -8.952879581151833577e+00 1.422879999999999978e-01
-7.000000000000000000e+01 -8.010471204188482020e+00 1.990379999999999927e-01
-7.000000000000000000e+01 -7.068062827225130462e+00 3.008299999999999863e-02
-7.000000000000000000e+01 -6.125654450261779793e+00 1.861000000000000024e-03
-7.000000000000000000e+01 -5.183246073298429124e+00 8.040000000000000271e-04
-7.000000000000000000e+01 -4.240837696335078455e+00 9.582599999999999452e-02
-7.000000000000000000e+01 -3.298429319371727786e+00 3.007800000000000057e-02
-7.000000000000000000e+01 -2.356020942408377117e+00 1.024300000000000037e-02
-7.000000000000000000e+01 -1.413612565445026226e+00 2.075899999999999967e-02
-7.000000000000000000e+01 -4.712041884816753901e-01 1.220300000000000031e-02
-7.000000000000000000e+01 4.712041884816753901e-01 1.220300000000000031e-02
-7.000000000000000000e+01 1.413612565445026226e+00 4.872999999999999728e-03
-6.875000000000000000e+01 -1.554973821989529448e+01 6.769999999999999759e-04
-6.875000000000000000e+01 -1.460732984293194114e+01 2.549399999999999930e-02
-6.875000000000000000e+01 -1.366492146596859136e+01 1.209200000000000032e-02
-6.875000000000000000e+01 -1.272251308900523981e+01 1.305129999999999901e-01
-6.875000000000000000e+01 -1.178010471204188825e+01 3.218039999999999790e-01
-6.875000000000000000e+01 -1.083769633507853669e+01 5.184459999999999624e-01
-6.875000000000000000e+01 -9.895287958115185134e+00 8.877000000000000168e-02
-6.875000000000000000e+01 -8.952879581151833577e+00 4.036319999999999908e-01
-6.875000000000000000e+01 -8.010471204188482020e+00 4.000000000000000192e-04
-6.875000000000000000e+01 -7.068062827225130462e+00 2.047999999999999907e-03
-6.875000000000000000e+01 -6.125654450261779793e+00 1.129999999999999928e-03
-6.875000000000000000e+01 -5.183246073298429124e+00 4.840000000000000010e-04
-6.875000000000000000e+01 -4.240837696335078455e+00 4.423999999999999981e-03
-6.875000000000000000e+01 -3.298429319371727786e+00 7.030999999999999923e-03
-6.875000000000000000e+01 -2.356020942408377117e+00 4.423999999999999981e-03
-6.875000000000000000e+01 -1.413612565445026226e+00 4.353000000000000098e-03
-6.875000000000000000e+01 -4.712041884816753901e-01 1.129100000000000069e-02
-6.875000000000000000e+01 4.712041884816753901e-01 1.129100000000000069e-02
-6.875000000000000000e+01 1.413612565445026226e+00 1.322100000000000011e-02
-6.875000000000000000e+01 2.356020942408377117e+00 6.295000000000000248e-03
-6.750000000000000000e+01 -1.649214659685864603e+01 2.692379999999999773e-01
-6.750000000000000000e+01 -1.554973821989529448e+01 2.692379999999999773e-01
-6.750000000000000000e+01 -1.460732984293194114e+01 1.123310000000000003e-01
-6.750000000000000000e+01 -1.366492146596859136e+01 9.111600000000000255e-02
-6.750000000000000000e+01 -1.272251308900523981e+01 9.617999999999999813e-03
-6.750000000000000000e+01 -1.178010471204188825e+01 1.431600000000000060e-02
-6.750000000000000000e+01 -1.083769633507853669e+01 3.081980000000000275e-01
-6.750000000000000000e+01 -9.895287958115185134e+00 7.830399999999999583e-01
-6.750000000000000000e+01 -8.952879581151833577e+00 1.979839999999999933e-01
-6.750000000000000000e+01 -8.010471204188482020e+00 9.590000000000000000e-04
-6.750000000000000000e+01 -7.068062827225130462e+00 8.919999999999999978e-04
-6.750000000000000000e+01 -6.125654450261779793e+00 5.134999999999999808e-03
-6.750000000000000000e+01 -5.183246073298429124e+00 1.128000000000000096e-03
-6.750000000000000000e+01 -4.240837696335078455e+00 8.059999999999999673e-04
-6.750000000000000000e+01 -3.298429319371727786e+00 1.389100000000000057e-02
-6.750000000000000000e+01 -2.356020942408377117e+00 3.310000000000000225e-04
-6.750000000000000000e+01 -1.413612565445026226e+00 8.000000000000000654e-05
-6.750000000000000000e+01 -4.712041884816753901e-01 8.989999999999999511e-04
-6.750000000000000000e+01 4.712041884816753901e-01 8.989999999999999511e-04
-6.750000000000000000e+01 1.413612565445026226e+00 6.081999999999999733e-03
-6.750000000000000000e+01 2.356020942408377117e+00 1.123000000000000083e-03
-6.625000000000000000e+01 -1.837696335078534560e+01 8.382100000000000661e-02
-6.625000000000000000e+01 -1.743455497382199582e+01 2.256309999999999982e-01
-6.625000000000000000e+01 -1.649214659685864603e+01 4.873999999999999860e-03
-6.625000000000000000e+01 -1.554973821989529448e+01 4.873999999999999860e-03
-6.625000000000000000e+01 -1.460732984293194114e+01 8.437000000000000055e-03
-6.625000000000000000e+01 -1.366492146596859136e+01 1.134000000000000025e-03
-6.625000000000000000e+01 -1.272251308900523981e+01 0.000000000000000000e+00
-6.625000000000000000e+01 -1.178010471204188825e+01 7.355000000000000426e-03
-6.625000000000000000e+01 -1.083769633507853669e+01 1.172009999999999996e-01
-6.625000000000000000e+01 -9.895287958115185134e+00 2.581459999999999866e-01
-6.625000000000000000e+01 -8.952879581151833577e+00 1.172659999999999952e-01
-6.625000000000000000e+01 -8.010471204188482020e+00 2.295000000000000165e-03
-6.625000000000000000e+01 -7.068062827225130462e+00 8.109999999999999805e-04
-6.625000000000000000e+01 -6.125654450261779793e+00 1.610000000000000103e-04
-6.625000000000000000e+01 -5.183246073298429124e+00 3.260000000000000094e-04
-6.625000000000000000e+01 -4.240837696335078455e+00 3.536000000000000081e-03
-6.625000000000000000e+01 -3.298429319371727786e+00 1.376199999999999993e-02
-6.625000000000000000e+01 -2.356020942408377117e+00 6.198000000000000384e-03
-6.625000000000000000e+01 -1.413612565445026226e+00 0.000000000000000000e+00
-6.625000000000000000e+01 -4.712041884816753901e-01 2.425000000000000072e-03
-6.625000000000000000e+01 4.712041884816753901e-01 2.425000000000000072e-03
-6.625000000000000000e+01 1.413612565445026226e+00 7.851500000000000146e-02
-6.625000000000000000e+01 2.356020942408377117e+00 6.765400000000000580e-02
-6.500000000000000000e+01 -1.837696335078534560e+01 2.656499999999999834e-02
-6.500000000000000000e+01 -1.743455497382199582e+01 4.588700000000000001e-01
-6.500000000000000000e+01 -1.649214659685864603e+01 2.162800000000000139e-02
-6.500000000000000000e+01 -1.554973821989529448e+01 2.162800000000000139e-02
-6.500000000000000000e+01 -1.460732984293194114e+01 6.445000000000000208e-03
-6.500000000000000000e+01 -1.366492146596859136e+01 3.818999999999999912e-03
-6.500000000000000000e+01 -1.272251308900523981e+01 1.992999999999999980e-03
-6.500000000000000000e+01 -1.178010471204188825e+01 1.287899999999999982e-02
-6.500000000000000000e+01 -1.083769633507853669e+01 2.085690000000000044e-01
-6.500000000000000000e+01 -9.895287958115185134e+00 5.627330000000000387e-01
-6.500000000000000000e+01 -8.952879581151833577e+00 2.096359999999999890e-01
-6.500000000000000000e+01 -8.010471204188482020e+00 1.192000000000000004e-02
-6.500000000000000000e+01 -7.068062827225130462e+00 5.861899999999999750e-02
-6.500000000000000000e+01 -6.125654450261779793e+00 1.147999999999999932e-03
-6.500000000000000000e+01 -5.183246073298429124e+00 6.781999999999999834e-03
-6.500000000000000000e+01 -4.240837696335078455e+00 1.449300000000000067e-02
-6.500000000000000000e+01 -3.298429319371727786e+00 5.671299999999999952e-02
-6.500000000000000000e+01 -2.356020942408377117e+00 4.329999999999999648e-03
-6.500000000000000000e+01 -1.413612565445026226e+00 1.791999999999999973e-03
-6.500000000000000000e+01 -4.712041884816753901e-01 7.742999999999999883e-03
-6.500000000000000000e+01 4.712041884816753901e-01 7.742999999999999883e-03
-6.500000000000000000e+01 1.413612565445026226e+00 2.658999999999999905e-03
-6.375000000000000000e+01 -2.026178010471204516e+01 3.333329999999999904e-01
-6.375000000000000000e+01 -1.931937172774869538e+01 2.124169999999999947e-01
-6.375000000000000000e+01 -1.837696335078534560e+01 1.549699999999999966e-01
-6.375000000000000000e+01 -1.743455497382199582e+01 5.364989999999999482e-01
-6.375000000000000000e+01 -1.649214659685864603e+01 6.335999999999999965e-02
-6.375000000000000000e+01 -1.554973821989529448e+01 6.335999999999999965e-02
-6.375000000000000000e+01 -1.460732984293194114e+01 2.586499999999999910e-02
-6.375000000000000000e+01 -1.366492146596859136e+01 3.386000000000000121e-03
-6.375000000000000000e+01 -1.272251308900523981e+01 4.013000000000000074e-03
-6.375000000000000000e+01 -1.178010471204188825e+01 5.046709999999999807e-01
-6.375000000000000000e+01 -1.083769633507853669e+01 6.276299999999999935e-02
-6.375000000000000000e+01 -9.895287958115185134e+00 5.071980000000000377e-01
-6.375000000000000000e+01 -8.952879581151833577e+00 7.862419999999999964e-01
-6.375000000000000000e+01 -8.010471204188482020e+00 3.683139999999999747e-01
-6.375000000000000000e+01 -7.068062827225130462e+00 6.442499999999999616e-02
-6.375000000000000000e+01 -6.125654450261779793e+00 4.970999999999999724e-03
-6.375000000000000000e+01 -5.183246073298429124e+00 1.810300000000000104e-02
-6.375000000000000000e+01 -4.240837696335078455e+00 6.867499999999999993e-02
-6.375000000000000000e+01 -3.298429319371727786e+00 1.724000000000000055e-03
-6.375000000000000000e+01 -2.356020942408377117e+00 3.249999999999999851e-04
-6.375000000000000000e+01 -1.413612565445026226e+00 3.240000000000000150e-04
-6.375000000000000000e+01 -4.712041884816753901e-01 1.828999999999999897e-03
-6.375000000000000000e+01 4.712041884816753901e-01 1.828999999999999897e-03
-6.375000000000000000e+01 1.413612565445026226e+00 0.000000000000000000e+00
-6.375000000000000000e+01 3.298429319371727786e+00 1.368800000000000051e-02
-6.250000000000000000e+01 -1.931937172774869538e+01 3.865890000000000160e-01
-6.250000000000000000e+01 -1.837696335078534560e+01 7.138539999999999885e-01
-6.250000000000000000e+01 -1.743455497382199582e+01 8.057269999999999710e-01
-6.250000000000000000e+01 -1.649214659685864603e+01 1.130049999999999943e-01
-6.250000000000000000e+01 -1.554973821989529448e+01 1.130049999999999943e-01
-6.250000000000000000e+01 -1.460732984293194114e+01 7.910999999999999630e-03
-6.250000000000000000e+01 -1.366492146596859136e+01 2.263999999999999953e-03
-6.250000000000000000e+01 -1.272251308900523981e+01 1.348799999999999999e-02
-6.250000000000000000e+01 -1.178010471204188825e+01 5.515740000000000087e-01
-6.250000000000000000e+01 -1.083769633507853669e+01 4.393799999999999928e-01
-6.250000000000000000e+01 -9.895287958115185134e+00 9.687529999999999752e-01
-6.250000000000000000e+01 -8.952879581151833577e+00 4.695889999999999787e-01
-6.250000000000000000e+01 -8.010471204188482020e+00 2.662889999999999979e-01
-6.250000000000000000e+01 -7.068062827225130462e+00 4.799069999999999725e-01
-6.250000000000000000e+01 -6.125654450261779793e+00 8.004600000000000604e-02
-6.250000000000000000e+01 -5.183246073298429124e+00 2.396000000000000126e-03
-6.250000000000000000e+01 -4.240837696335078455e+00 1.243920000000000026e-01
-6.250000000000000000e+01 -3.298429319371727786e+00 1.223899999999999988e-02
-6.250000000000000000e+01 -2.356020942408377117e+00 1.056999999999999997e-03
-6.250000000000000000e+01 -1.413612565445026226e+00 3.185700000000000337e-02
-6.250000000000000000e+01 -4.712041884816753901e-01 6.509999999999999945e-04
-6.250000000000000000e+01 4.712041884816753901e-01 6.509999999999999945e-04
-6.250000000000000000e+01 1.413612565445026226e+00 1.595000000000000064e-03
-6.250000000000000000e+01 2.356020942408377117e+00 1.779999999999999898e-03
-6.250000000000000000e+01 3.298429319371727786e+00 0.000000000000000000e+00
-6.125000000000000000e+01 -1.837696335078534560e+01 1.864969999999999961e-01
-6.125000000000000000e+01 -1.743455497382199582e+01 2.043159999999999976e-01
-6.125000000000000000e+01 -1.649214659685864603e+01 2.363059999999999883e-01
-6.125000000000000000e+01 -1.554973821989529448e+01 2.363059999999999883e-01
-6.125000000000000000e+01 -1.460732984293194114e+01 3.871700000000000141e-02
-6.125000000000000000e+01 -1.366492146596859136e+01 5.826699999999999935e-02
-6.125000000000000000e+01 -1.272251308900523981e+01 6.770490000000000119e-01
-6.125000000000000000e+01 -1.178010471204188825e+01 7.968210000000000015e-01
-6.125000000000000000e+01 -1.083769633507853669e+01 4.887279999999999958e-01
-6.125000000000000000e+01 -9.895287958115185134e+00 4.463610000000000078e-01
-6.125000000000000000e+01 -8.952879581151833577e+00 1.313840000000000008e-01
-6.125000000000000000e+01 -8.010471204188482020e+00 8.945400000000000573e-02
-6.125000000000000000e+01 -7.068062827225130462e+00 3.206099999999999922e-02
-6.125000000000000000e+01 -6.125654450261779793e+00 1.055279999999999968e-01
-6.125000000000000000e+01 -5.183246073298429124e+00 6.663900000000000379e-02
-6.125000000000000000e+01 -4.240837696335078455e+00 2.104910000000000114e-01
-6.125000000000000000e+01 -3.298429319371727786e+00 3.077579999999999760e-01
-6.125000000000000000e+01 -2.356020942408377117e+00 3.386999999999999820e-03
-6.125000000000000000e+01 -1.413612565445026226e+00 2.162700000000000039e-02
-6.125000000000000000e+01 -4.712041884816753901e-01 1.605850000000000055e-01
-6.125000000000000000e+01 4.712041884816753901e-01 1.605850000000000055e-01
-6.125000000000000000e+01 1.413612565445026226e+00 1.951380000000000059e-01
-6.125000000000000000e+01 2.356020942408377117e+00 6.559909999999999908e-01
-6.125000000000000000e+01 3.298429319371727786e+00 2.513819999999999943e-01
-6.125000000000000000e+01 4.240837696335078455e+00 6.550400000000000666e-02
-6.000000000000000000e+01 -1.554973821989529448e+01 1.256599999999999939e-01
-6.000000000000000000e+01 -1.460732984293194114e+01 4.138919999999999821e-01
-6.000000000000000000e+01 -1.366492146596859136e+01 5.271320000000000450e-01
-6.000000000000000000e+01 -1.272251308900523981e+01 4.347860000000000058e-01
-6.000000000000000000e+01 -1.178010471204188825e+01 1.517350000000000088e-01
-6.000000000000000000e+01 -1.083769633507853669e+01 2.677600000000000119e-02
-6.000000000000000000e+01 -9.895287958115185134e+00 2.699190000000000200e-01
-6.000000000000000000e+01 -8.952879581151833577e+00 9.238899999999999890e-02
-6.000000000000000000e+01 -8.010471204188482020e+00 1.794000000000000022e-03
-6.000000000000000000e+01 -7.068062827225130462e+00 2.620089999999999919e-01
-6.000000000000000000e+01 -6.125654450261779793e+00 7.572099999999999664e-02
-6.000000000000000000e+01 -5.183246073298429124e+00 9.558099999999999929e-02
-6.000000000000000000e+01 -4.240837696335078455e+00 3.840089999999999892e-01
-6.000000000000000000e+01 -3.298429319371727786e+00 7.559900000000000508e-01
-6.000000000000000000e+01 -2.356020942408377117e+00 7.029279999999999973e-01
-6.000000000000000000e+01 -1.413612565445026226e+00 1.860799999999999954e-01
-6.000000000000000000e+01 -4.712041884816753901e-01 4.932799999999999685e-02
-6.000000000000000000e+01 4.712041884816753901e-01 4.932799999999999685e-02
-6.000000000000000000e+01 1.413612565445026226e+00 6.499920000000000142e-01
-6.000000000000000000e+01 2.356020942408377117e+00 2.326409999999999867e-01
-6.000000000000000000e+01 3.298429319371727786e+00 1.138350000000000056e-01
-6.000000000000000000e+01 4.240837696335078455e+00 1.240499999999999936e-02
-6.000000000000000000e+01 5.183246073298429124e+00 1.332599999999999930e-02
-5.875000000000000000e+01 -1.366492146596859136e+01 4.730499999999999983e-02
-5.875000000000000000e+01 -1.272251308900523981e+01 3.065000000000000016e-03
-5.875000000000000000e+01 -1.178010471204188825e+01 2.244349999999999956e-01
-5.875000000000000000e+01 -1.083769633507853669e+01 6.451299999999999812e-01
-5.875000000000000000e+01 -9.895287958115185134e+00 6.418629999999999614e-01
-5.875000000000000000e+01 -8.952879581151833577e+00 1.349440000000000084e-01
-5.875000000000000000e+01 -8.010471204188482020e+00 2.400000000000000061e-04
-5.875000000000000000e+01 -7.068062827225130462e+00 7.869700000000000306e-02
-5.875000000000000000e+01 -6.125654450261779793e+00 3.794000000000000063e-03
-5.875000000000000000e+01 -5.183246073298429124e+00 2.622999999999999898e-03
-5.875000000000000000e+01 -4.240837696335078455e+00 2.344459999999999877e-01
-5.875000000000000000e+01 -3.298429319371727786e+00 7.009929999999999772e-01
-5.875000000000000000e+01 -2.356020942408377117e+00 1.259550000000000114e-01
-5.875000000000000000e+01 -1.413612565445026226e+00 6.277999999999999726e-03
-5.875000000000000000e+01 -4.712041884816753901e-01 0.000000000000000000e+00
-5.875000000000000000e+01 4.712041884816753901e-01 0.000000000000000000e+00
-5.750000000000000000e+01 -1.366492146596859136e+01 5.565900000000000014e-02
-5.750000000000000000e+01 -1.272251308900523981e+01 7.271800000000000486e-02
-5.750000000000000000e+01 -1.178010471204188825e+01 5.811429999999999652e-01
-5.750000000000000000e+01 -1.083769633507853669e+01 5.023469999999999880e-01
-5.750000000000000000e+01 -9.895287958115185134e+00 5.894230000000000302e-01
-5.750000000000000000e+01 -8.952879581151833577e+00 1.016949999999999937e-01
-5.750000000000000000e+01 -8.010471204188482020e+00 6.146900000000000280e-02
-5.750000000000000000e+01 -7.068062827225130462e+00 6.623000000000000415e-03
-5.750000000000000000e+01 -6.125654450261779793e+00 8.837299999999999323e-02
-5.750000000000000000e+01 -5.183246073298429124e+00 1.631999999999999987e-03
-5.750000000000000000e+01 -4.240837696335078455e+00 6.836000000000000409e-02
-5.750000000000000000e+01 -3.298429319371727786e+00 4.166750000000000176e-01
-5.750000000000000000e+01 -2.356020942408377117e+00 6.705400000000000249e-02
-5.750000000000000000e+01 -1.413612565445026226e+00 1.204599999999999942e-02
-5.750000000000000000e+01 -4.712041884816753901e-01 1.296000000000000060e-03
-5.750000000000000000e+01 4.712041884816753901e-01 1.296000000000000060e-03
-5.750000000000000000e+01 1.413612565445026226e+00 1.286200000000000017e-02
-5.625000000000000000e+01 -1.366492146596859136e+01 3.741329999999999933e-01
-5.625000000000000000e+01 -1.272251308900523981e+01 3.544789999999999885e-01
-5.625000000000000000e+01 -1.178010471204188825e+01 7.808570000000000233e-01
-5.625000000000000000e+01 -1.083769633507853669e+01 5.764510000000000467e-01
-5.625000000000000000e+01 -9.895287958115185134e+00 9.638020000000000476e-01
-5.625000000000000000e+01 -8.952879581151833577e+00 1.092459999999999959e-01
-5.625000000000000000e+01 -8.010471204188482020e+00 3.882300000000000334e-02
-5.625000000000000000e+01 -7.068062827225130462e+00 1.820730000000000126e-01
-5.625000000000000000e+01 -6.125654450261779793e+00 2.213330000000000020e-01
-5.625000000000000000e+01 -5.183246073298429124e+00 3.591639999999999833e-01
-5.625000000000000000e+01 -4.240837696335078455e+00 4.415259999999999740e-01
-5.625000000000000000e+01 -3.298429319371727786e+00 9.245299999999999352e-02
-5.625000000000000000e+01 -2.356020942408377117e+00 4.077790000000000026e-01
-5.625000000000000000e+01 -1.413612565445026226e+00 4.152999999999999747e-02
-5.625000000000000000e+01 -4.712041884816753901e-01 8.000000000000000654e-05
-5.625000000000000000e+01 4.712041884816753901e-01 8.000000000000000654e-05
-5.625000000000000000e+01 1.413612565445026226e+00 0.000000000000000000e+00
-5.500000000000000000e+01 -1.460732984293194114e+01 1.838519999999999877e-01
-5.500000000000000000e+01 -1.366492146596859136e+01 5.154600000000000154e-02
-5.500000000000000000e+01 -1.272251308900523981e+01 5.549760000000000248e-01
-5.500000000000000000e+01 -1.178010471204188825e+01 8.246970000000000134e-01
-5.500000000000000000e+01 -1.083769633507853669e+01 8.840529999999999777e-01
-5.500000000000000000e+01 -9.895287958115185134e+00 8.803260000000000529e-01
-5.500000000000000000e+01 -8.952879581151833577e+00 2.465680000000000094e-01
-5.500000000000000000e+01 -8.010471204188482020e+00 4.506660000000000110e-01
-5.500000000000000000e+01 -7.068062827225130462e+00 3.139919999999999933e-01
-5.500000000000000000e+01 -6.125654450261779793e+00 8.001300000000000079e-02
-5.500000000000000000e+01 -5.183246073298429124e+00 3.107499999999999846e-02
-5.500000000000000000e+01 -4.240837696335078455e+00 4.868549999999999822e-01
-5.500000000000000000e+01 -3.298429319371727786e+00 6.082180000000000364e-01
-5.500000000000000000e+01 -2.356020942408377117e+00 6.275889999999999525e-01
-5.500000000000000000e+01 -1.413612565445026226e+00 3.803900000000000337e-02
-5.500000000000000000e+01 -4.712041884816753901e-01 2.420000000000000005e-04
-5.500000000000000000e+01 4.712041884816753901e-01 2.420000000000000005e-04
-5.500000000000000000e+01 1.413612565445026226e+00 2.420000000000000005e-04
-5.500000000000000000e+01 2.356020942408377117e+00 5.760000000000000146e-04
-5.375000000000000000e+01 -1.460732984293194114e+01 4.079999999999999968e-04
-5.375000000000000000e+01 -1.366492146596859136e+01 4.753099999999999686e-02
-5.375000000000000000e+01 -1.272251308900523981e+01 3.654529999999999723e-01
-5.375000000000000000e+01 -1.178010471204188825e+01 2.683030000000000137e-01
-5.375000000000000000e+01 -1.083769633507853669e+01 4.963330000000000242e-01
-5.375000000000000000e+01 -9.895287958115185134e+00 5.067690000000000250e-01
-5.375000000000000000e+01 -8.952879581151833577e+00 3.432199999999999834e-02
-5.375000000000000000e+01 -8.010471204188482020e+00 8.000000000000000654e-05
-5.375000000000000000e+01 -7.068062827225130462e+00 1.842099999999999987e-02
-5.375000000000000000e+01 -6.125654450261779793e+00 8.617500000000000160e-02
-5.375000000000000000e+01 -5.183246073298429124e+00 1.033359999999999973e-01
-5.375000000000000000e+01 -4.240837696335078455e+00 4.903970000000000273e-01
-5.375000000000000000e+01 -3.298429319371727786e+00 5.897869999999999502e-01
-5.375000000000000000e+01 -2.356020942408377117e+00 5.181649999999999867e-01
-5.375000000000000000e+01 -1.413612565445026226e+00 1.676100000000000090e-01
-5.375000000000000000e+01 -4.712041884816753901e-01 1.093099999999999974e-02
-5.375000000000000000e+01 4.712041884816753901e-01 1.093099999999999974e-02
-5.375000000000000000e+01 1.413612565445026226e+00 1.855819999999999970e-01
-5.375000000000000000e+01 2.356020942408377117e+00 1.539999999999999919e-03
-5.250000000000000000e+01 -1.366492146596859136e+01 1.337099999999999921e-02
-5.250000000000000000e+01 -1.272251308900523981e+01 3.071189999999999753e-01
-5.250000000000000000e+01 -1.178010471204188825e+01 1.530839999999999979e-01
-5.250000000000000000e+01 -1.083769633507853669e+01 3.270919999999999939e-01
-5.250000000000000000e+01 -9.895287958115185134e+00 1.500609999999999999e-01
-5.250000000000000000e+01 -8.952879581151833577e+00 5.699999999999999772e-04
-5.250000000000000000e+01 -8.010471204188482020e+00 1.144599999999999958e-02
-5.250000000000000000e+01 -7.068062827225130462e+00 3.308880000000000154e-01
-5.250000000000000000e+01 -6.125654450261779793e+00 4.311960000000000237e-01
-5.250000000000000000e+01 -5.183246073298429124e+00 1.437000000000000083e-02
-5.250000000000000000e+01 -4.240837696335078455e+00 1.888529999999999931e-01
-5.250000000000000000e+01 -3.298429319371727786e+00 4.960939999999999794e-01
-5.250000000000000000e+01 -2.356020942408377117e+00 1.074610000000000010e-01
-5.250000000000000000e+01 -1.413612565445026226e+00 6.691179999999999906e-01
-5.250000000000000000e+01 -4.712041884816753901e-01 1.381539999999999990e-01
-5.250000000000000000e+01 4.712041884816753901e-01 1.381539999999999990e-01
-5.125000000000000000e+01 -8.952879581151833577e+00 7.367449999999999832e-01
-5.125000000000000000e+01 -8.010471204188482020e+00 4.955129999999999812e-01
-5.125000000000000000e+01 -7.068062827225130462e+00 6.290170000000000483e-01
-5.125000000000000000e+01 -5.183246073298429124e+00 3.699779999999999736e-01
-5.125000000000000000e+01 -4.240837696335078455e+00 5.770309999999999606e-01
-5.125000000000000000e+01 -3.298429319371727786e+00 8.072730000000000183e-01
-5.125000000000000000e+01 -2.356020942408377117e+00 4.663930000000000020e-01
-5.000000000000000000e+01 -3.298429319371727786e+00 8.343159999999999465e-01
