-7.875000000000000000e+01 -6.125654450261779793e+00 5.014210000000000056e-01
-7.875000000000000000e+01 -5.183246073298429124e+00 1.982019999999999893e-01
-7.875000000000000000e+01 -4.240837696335078455e+00 2.922029999999999905e-01
-7.875000000000000000e+01 -3.298429319371727786e+00 4.230630000000000224e-01
-7.875000000000000000e+01 -2.356020942408377117e+00 0.000000000000000000e+00
-7.875000000000000000e+01 -1.413612565445026226e+00 0.000000000000000000e+00
-7.750000000000000000e+01 -8.952879581151833577e+00 1.875680000000000125e-01
-7.750000000000000000e+01 -8.010471204188482020e+00 1.435049999999999937e-01
-7.750000000000000000e+01 -7.068062827225130462e+00 2.852660000000000196e-01
-7.750000000000000000e+01 -6.125654450261779793e+00 5.015519999999999978e-01
-7.750000000000000000e+01 -5.183246073298429124e+00 1.527499999999999969e-01
-7.750000000000000000e+01 -4.240837696335078455e+00 3.619200000000000195e-02
-7.750000000000000000e+01 -3.298429319371727786e+00 3.546259999999999968e-01
-7.750000000000000000e+01 -2.356020942408377117e+00 1.997309999999999919e-01
-7.750000000000000000e+01 -1.413612565445026226e+00 3.307840000000000225e-01
-7.750000000000000000e+01 -4.712041884816753901e-01 1.971390000000000087e-01
-7.750000000000000000e+01 4.712041884816753901e-01 1.971390000000000087e-01
-7.625000000000000000e+01 -1.083769633507853669e+01 6.506000000000000671e-02
-7.625000000000000000e+01 -9.895287958115185134e+00 1.317879999999999885e-01
-7.625000000000000000e+01 -8.952879581151833577e+00 4.132430000000000270e-01
-7.625000000000000000e+01 -8.010471204188482020e+00 1.243500000000000022e-01
-7.625000000000000000e+01 -7.068062827225130462e+00 2.296600000000000030e-01
-7.625000000000000000e+01 -6.125654450261779793e+00 3.512149999999999994e-01
-7.625000000000000000e+01 -5.183246073298429124e+00 4.002700000000000008e-02
-7.625000000000000000e+01 -4.240837696335078455e+00 1.472000000000000001e-03
-7.625000000000000000e+01 -3.298429319371727786e+00 3.983000000000000429e-03
-7.625000000000000000e+01 -2.356020942408377117e+00 2.553000000000000148e-03
-7.625000000000000000e+01 -1.413612565445026226e+00 4.323999999999999719e-03
-7.625000000000000000e+01 -4.712041884816753901e-01 1.318580000000000030e-01
-7.625000000000000000e+01 4.712041884816753901e-01 1.318580000000000030e-01
-7.625000000000000000e+01 1.413612565445026226e+00 7.611999999999999877e-01
-7.500000000000000000e+01 -1.366492146596859136e+01 7.814200000000000312e-02
-7.500000000000000000e+01 -1.272251308900523981e+01 1.417779999999999874e-01
-7.500000000000000000e+01 -1.178010471204188825e+01 1.237540000000000029e-01
-7.500000000000000000e+01 -1.083769633507853669e+01 3.338979999999999726e-01
-7.500000000000000000e+01 -9.895287958115185134e+00 1.687559999999999893e-01
-7.500000000000000000e+01 -8.952879581151833577e+00 4.628510000000000124e-01
-7.500000000000000000e+01 -8.010471204188482020e+00 2.234359999999999957e-01
-7.500000000000000000e+01 -7.068062827225130462e+00 3.468899999999999761e-02
-7.500000000000000000e+01 -6.125654450261779793e+00 6.070300000000000001e-02
-7.500000000000000000e+01 -5.183246073298429124e+00 4.566900000000000126e-02
-7.500000000000000000e+01 -4.240837696335078455e+00 2.003299999999999872e-02
-7.500000000000000000e+01 -3.298429319371727786e+00 2.305999999999999890e-03
-7.500000000000000000e+01 -2.356020942408377117e+00 6.376999999999999856e-03
-7.500000000000000000e+01 -1.413612565445026226e+00 5.597000000000000412e-03
-7.500000000000000000e+01 -4.712041884816753901e-01 2.446699999999999917e-02
-7.500000000000000000e+01 4.712041884816753901e-01 2.446699999999999917e-02
-7.500000000000000000e+01 1.413612565445026226e+00 4.503409999999999913e-01
-7.500000000000000000e+01 2.356020942408377117e+00 8.678890000000000216e-01
-7.375000000000000000e+01 -1.460732984293194114e+01 0.000000000000000000e+00
-7.375000000000000000e+01 -1.366492146596859136e+01 1.302490000000000037e-01
-7.375000000000000000e+01 -1.272251308900523981e+01 8.132899999999999852e-02
-7.375000000000000000e+01 -1.178010471204188825e+01 9.759099999999999719e-02
-7.375000000000000000e+01 -1.083769633507853669e+01 8.986500000000000044e-02
-7.375000000000000000e+01 -9.895287958115185134e+00 5.835800000000000015e-02
-7.375000000000000000e+01 -8.952879581151833577e+00 8.928899999999999337e-02
-7.375000000000000000e+01 -8.010471204188482020e+00 1.126560000000000061e-01
-7.375000000000000000e+01 -7.068062827225130462e+00 4.748299999999999743e-02
-7.375000000000000000e+01 -6.125654450261779793e+00 2.464699999999999877e-02
-7.375000000000000000e+01 -5.183246073298429124e+00 7.177999999999999658e-02
-7.375000000000000000e+01 -4.240837696335078455e+00 2.272499999999999867e-02
-7.375000000000000000e+01 -3.298429319371727786e+00 7.262000000000000226e-03
-7.375000000000000000e+01 -2.356020942408377117e+00 5.409999999999999878e-03
-7.375000000000000000e+01 -1.413612565445026226e+00 8.333999999999999742e-02
-7.375000000000000000e+01 -4.712041884816753901e-01 2.467000000000000009e-03
-7.375000000000000000e+01 4.712041884816753901e-01 2.467000000000000009e-03
-7.375000000000000000e+01 1.413612565445026226e+00 3.717000000000000165e-02
-7.250000000000000000e+01 -1.460732984293194114e+01 5.432000000000000196e-03
-7.250000000000000000e+01 -1.366492146596859136e+01 1.374849999999999961e-01
-7.250000000000000000e+01 -1.272251308900523981e+01 1.700460000000000027e-01
-7.250000000000000000e+01 -1.178010471204188825e+01 4.293199999999999794e-02
-7.250000000000000000e+01 -1.083769633507853669e+01 6.879999999999999831e-03
-7.250000000000000000e+01 -9.895287958115185134e+00 0.000000000000000000e+00
-7.250000000000000000e+01 -8.952879581151833577e+00 1.028699999999999927e-02
-7.250000000000000000e+01 -8.010471204188482020e+00 4.053789999999999893e-01
-7.250000000000000000e+01 -7.068062827225130462e+00 1.799920000000000131e-01
-7.250000000000000000e+01 -6.125654450261779793e+00 9.730000000000000151e-04
-7.250000000000000000e+01 -5.183246073298429124e+00 9.737000000000000863e-03
-7.250000000000000000e+01 -4.240837696335078455e+00 1.123389999999999944e-01
-7.250000000000000000e+01 -3.298429319371727786e+00 2.123999999999999846e-02
-7.250000000000000000e+01 -2.356020942408377117e+00 3.820699999999999791e-02
-7.250000000000000000e+01 -1.413612565445026226e+00 8.552000000000000574e-03
-7.250000000000000000e+01 -4.712041884816753901e-01 6.908000000000000078e-03
-7.250000000000000000e+01 4.712041884816753901e-01 6.908000000000000078e-03
-7.250000000000000000e+01 1.413612565445026226e+00 1.036499999999999921e-02
-7.125000000000000000e+01 -1.460732984293194114e+01 9.079900000000000471e-02
-7.125000000000000000e+01 -1.366492146596859136e+01 2.439500000000000002e-02
-7.125000000000000000e+01 -1.272251308900523981e+01 1.784979999999999900e-01
-7.125000000000000000e+01 -1.178010471204188825e+01 4.184000000000000219e-03
-7.125000000000000000e+01 -1.083769633507853669e+01 0.000000000000000000e+00
-7.125000000000000000e+01 -9.895287958115185134e+00 6.791000000000000161e-03
-7.125000000000000000e+01 -8.952879581151833577e+00 8.313099999999999656e-02
-7.125000000000000000e+01 -8.010471204188482020e+00 4.979270000000000085e-01
-7.125000000000000000e+01 -7.068062827225130462e+00 3.076399999999999968e-02
-7.125000000000000000e+01 -6.125654450261779793e+00 4.655000000000000283e-03
-7.125000000000000000e+01 -5.183246073298429124e+00 2.429999999999999977e-04
-7.125000000000000000e+01 -4.240837696335078455e+00 2.949900000000000092e-02
-7.125000000000000000e+01 -3.298429319371727786e+00 1.589999999999999888e-04
-7.125000000000000000e+01 -2.356020942408377117e+00 3.969600000000000212e-02
-7.125000000000000000e+01 -1.413612565445026226e+00 3.592000000000000141e-03
-7.125000000000000000e+01 -4.712041884816753901e-01 0.000000000000000000e+00
-7.125000000000000000e+01 4.712041884816753901e-01 0.000000000000000000e+00
-7.125000000000000000e+01 1.413612565445026226e+00 8.185099999999999321e-02
-7.000000000000000000e+01 -1.366492146596859136e+01 8.580000000000000820e-03
-7.000000000000000000e+01 -1.272251308900523981e+01 2.584000000000000186e-01
-7.000000000000000000e+01 -1.178010471204188825e+01 2.939500000000000099e-02
-7.000000000000000000e+01 -1.083769633507853669e+01 2.831609999999999960e-01
-7.000000000000000000e+01 -9.895287958115185134e+00 3.442999999999999880e-03
-7.000000000000000000e+01 -8.952879581151833577e+00 2.172530000000000017e-01
-7.000000000000000000e+01 -8.010471204188482020e+00 3.004729999999999901e-01
-7.000000000000000000e+01 -7.068062827225130462e+00 3.395700000000000107e-02
-7.000000000000000000e+01 -6.125654450261779793e+00 1.861000000000000024e-03
-7.000000000000000000e+01 -5.183246073298429124e+00 8.040000000000000271e-04
-7.000000000000000000e+01 -4.240837696335078455e+00 1.074780000000000041e-01
-7.000000000000000000e+01 -3.298429319371727786e+00 3.955899999999999694e-02
-7.000000000000000000e+01 -2.356020942408377117e+00 1.280399999999999941e-02
-7.000000000000000000e+01 -1.413612565445026226e+00 2.607299999999999895e-02
-7.000000000000000000e+01 -4.712041884816753901e-01 1.220300000000000031e-02
-7.000000000000000000e+01 4.712041884816753901e-01 1.220300000000000031e-02
-7.000000000000000000e+01 1.413612565445026226e+00 6.252999999999999878e-03
-6.875000000000000000e+01 -1.554973821989529448e+01 1.353999999999999952e-03
-6.875000000000000000e+01 -1.460732984293194114e+01 2.868100000000000163e-02
-6.875000000000000000e+01 -1.366492146596859136e+01 1.517600000000000025e-02
-6.875000000000000000e+01 -1.272251308900523981e+01 1.467759999999999898e-01
-6.875000000000000000e+01 -1.178010471204188825e+01 3.967999999999999861e-01
-6.875000000000000000e+01 -1.083769633507853669e+01 5.887029999999999763e-01
-6.875000000000000000e+01 -9.895287958115185134e+00 1.410790000000000100e-01
-6.875000000000000000e+01 -8.952879581151833577e+00 5.491660000000000430e-01
-6.875000000000000000e+01 -8.010471204188482020e+00 1.761999999999999894e-03
-6.875000000000000000e+01 -7.068062827225130462e+00 2.047999999999999907e-03
-6.875000000000000000e+01 -6.125654450261779793e+00 1.129999999999999928e-03
-6.875000000000000000e+01 -5.183246073298429124e+00 4.840000000000000010e-04
-6.875000000000000000e+01 -4.240837696335078455e+00 4.423999999999999981e-03
-6.875000000000000000e+01 -3.298429319371727786e+00 7.030999999999999923e-03
-6.875000000000000000e+01 -2.356020942408377117e+00 4.669999999999999672e-03
-6.875000000000000000e+01 -1.413612565445026226e+00 5.562000000000000104e-03
-6.875000000000000000e+01 -4.712041884816753901e-01 1.129100000000000069e-02
-6.875000000000000000e+01 4.712041884816753901e-01 1.129100000000000069e-02
-6.875000000000000000e+01 1.413612565445026226e+00 1.460900000000000046e-02
-6.875000000000000000e+01 2.356020942408377117e+00 6.295000000000000248e-03
-6.750000000000000000e+01 -1.649214659685864603e+01 3.166240000000000165e-01
-6.750000000000000000e+01 -1.554973821989529448e+01 3.166240000000000165e-01
-6.750000000000000000e+01 -1.460732984293194114e+01 1.367609999999999937e-01
-6.750000000000000000e+01 -1.366492146596859136e+01 1.162679999999999964e-01
-6.750000000000000000e+01 -1.272251308900523981e+01 1.632700000000000123e-02
-6.750000000000000000e+01 -1.178010471204188825e+01 2.413300000000000167e-02
-6.750000000000000000e+01 -1.083769633507853669e+01 3.668109999999999982e-01
-6.750000000000000000e+01 -9.895287958115185134e+00 8.391680000000000250e-01
-6.750000000000000000e+01 -8.952879581151833577e+00 2.908370000000000122e-01
-6.750000000000000000e+01 -8.010471204188482020e+00 2.157000000000000063e-03
-6.750000000000000000e+01 -7.068062827225130462e+00 8.919999999999999978e-04
-6.750000000000000000e+01 -6.125654450261779793e+00 5.134999999999999808e-03
-6.750000000000000000e+01 -5.183246073298429124e+00 1.128000000000000096e-03
-6.750000000000000000e+01 -4.240837696335078455e+00 8.059999999999999673e-04
-6.750000000000000000e+01 -3.298429319371727786e+00 1.441199999999999946e-02
-6.750000000000000000e+01 -2.356020942408377117e+00 3.310000000000000225e-04
-6.750000000000000000e+01 -1.413612565445026226e+00 8.000000000000000654e-05
-6.750000000000000000e+01 -4.712041884816753901e-01 8.989999999999999511e-04
-6.750000000000000000e+01 4.712041884816753901e-01 8.989999999999999511e-04
-6.750000000000000000e+01 1.413612565445026226e+00 6.081999999999999733e-03
-6.750000000000000000e+01 2.356020942408377117e+00 4.651999999999999885e-03
-6.625000000000000000e+01 -1.837696335078534560e+01 8.382100000000000661e-02
-6.625000000000000000e+01 -1.743455497382199582e+01 2.635199999999999765e-01
-6.625000000000000000e+01 -1.649214659685864603e+01 8.774000000000000549e-03
-6.625000000000000000e+01 -1.554973821989529448e+01 8.774000000000000549e-03
-6.625000000000000000e+01 -1.460732984293194114e+01 9.409999999999999962e-03
-6.625000000000000000e+01 -1.366492146596859136e+01 1.134000000000000025e-03
-6.625000000000000000e+01 -1.272251308900523981e+01 0.000000000000000000e+00
-6.625000000000000000e+01 -1.178010471204188825e+01 8.729000000000000647e-03
-6.625000000000000000e+01 -1.083769633507853669e+01 1.400119999999999976e-01
-6.625000000000000000e+01 -9.895287958115185134e+00 2.959149999999999836e-01
-6.625000000000000000e+01 -8.952879581151833577e+00 1.752529999999999921e-01
-6.625000000000000000e+01 -8.010471204188482020e+00 3.605999999999999830e-03
-6.625000000000000000e+01 -7.068062827225130462e+00 8.109999999999999805e-04
-6.625000000000000000e+01 -6.125654450261779793e+00 1.610000000000000103e-04
-6.625000000000000000e+01 -5.183246073298429124e+00 3.260000000000000094e-04
-6.625000000000000000e+01 -4.240837696335078455e+00 3.536000000000000081e-03
-6.625000000000000000e+01 -3.298429319371727786e+00 1.418400000000000043e-02
-6.625000000000000000e+01 -2.356020942408377117e+00 6.283999999999999655e-03
-6.625000000000000000e+01 -1.413612565445026226e+00 0.000000000000000000e+00
-6.625000000000000000e+01 -4.712041884816753901e-01 2.425000000000000072e-03
-6.625000000000000000e+01 4.712041884816753901e-01 2.425000000000000072e-03
-6.625000000000000000e+01 1.413612565445026226e+00 8.158799999999999386e-02
-6.625000000000000000e+01 2.356020942408377117e+00 6.806199999999999750e-02
-6.500000000000000000e+01 -1.837696335078534560e+01 2.778699999999999920e-02
-6.500000000000000000e+01 -1.743455497382199582e+01 4.992929999999999868e-01
-6.500000000000000000e+01 -1.649214659685864603e+01 3.684400000000000175e-02
-6.500000000000000000e+01 -1.554973821989529448e+01 3.684400000000000175e-02
-6.500000000000000000e+01 -1.460732984293194114e+01 7.952000000000000735e-03
-6.500000000000000000e+01 -1.366492146596859136e+01 4.837000000000000154e-03
-6.500000000000000000e+01 -1.272251308900523981e+01 1.992999999999999980e-03
-6.500000000000000000e+01 -1.178010471204188825e+01 3.072400000000000131e-02
-6.500000000000000000e+01 -1.083769633507853669e+01 2.569879999999999942e-01
-6.500000000000000000e+01 -9.895287958115185134e+00 6.665839999999999543e-01
-6.500000000000000000e+01 -8.952879581151833577e+00 3.101840000000000153e-01
-6.500000000000000000e+01 -8.010471204188482020e+00 5.019499999999999656e-02
-6.500000000000000000e+01 -7.068062827225130462e+00 8.896199999999999941e-02
-6.500000000000000000e+01 -6.125654450261779793e+00 1.147999999999999932e-03
-6.500000000000000000e+01 -5.183246073298429124e+00 2.067199999999999940e-02
-6.500000000000000000e+01 -4.240837696335078455e+00 3.697299999999999892e-02
-6.500000000000000000e+01 -3.298429319371727786e+00 8.299499999999999933e-02
-6.500000000000000000e+01 -2.356020942408377117e+00 4.329999999999999648e-03
-6.500000000000000000e+01 -1.413612565445026226e+00 1.791999999999999973e-03
-6.500000000000000000e+01 -4.712041884816753901e-01 8.082999999999999907e-03
-6.500000000000000000e+01 4.712041884816753901e-01 8.082999999999999907e-03
-6.500000000000000000e+01 1.413612565445026226e+00 2.658999999999999905e-03
-6.375000000000000000e+01 -2.026178010471204516e+01 3.333329999999999904e-01
-6.375000000000000000e+01 -1.931937172774869538e+01 2.642260000000000164e-01
-6.375000000000000000e+01 -1.837696335078534560e+01 1.767670000000000075e-01
-6.375000000000000000e+01 -1.743455497382199582e+01 5.880260000000000487e-01
-6.375000000000000000e+01 -1.649214659685864603e+01 6.680099999999999927e-02
-6.375000000000000000e+01 -1.554973821989529448e+01 6.680099999999999927e-02
-6.375000000000000000e+01 -1.460732984293194114e+01 2.973599999999999854e-02
-6.375000000000000000e+01 -1.366492146596859136e+01 3.468999999999999861e-03
-6.375000000000000000e+01 -1.272251308900523981e+01 5.100000000000000366e-03
-6.375000000000000000e+01 -1.178010471204188825e+01 5.628480000000000150e-01
-6.375000000000000000e+01 -1.083769633507853669e+01 8.163299999999999723e-02
-6.375000000000000000e+01 -9.895287958115185134e+00 5.917989999999999640e-01
-6.375000000000000000e+01 -8.952879581151833577e+00 8.459750000000000325e-01
-6.375000000000000000e+01 -8.010471204188482020e+00 5.025650000000000395e-01
-6.375000000000000000e+01 -7.068062827225130462e+00 1.015279999999999933e-01
-6.375000000000000000e+01 -6.125654450261779793e+00 4.970999999999999724e-03
-6.375000000000000000e+01 -5.183246073298429124e+00 3.106899999999999940e-02
-6.375000000000000000e+01 -4.240837696335078455e+00 1.154830000000000023e-01
-6.375000000000000000e+01 -3.298429319371727786e+00 1.724000000000000055e-03
-6.375000000000000000e+01 -2.356020942408377117e+00 3.249999999999999851e-04
-6.375000000000000000e+01 -1.413612565445026226e+00 3.240000000000000150e-04
-6.375000000000000000e+01 -4.712041884816753901e-01 1.828999999999999897e-03
-6.375000000000000000e+01 4.712041884816753901e-01 1.828999999999999897e-03
-6.375000000000000000e+01 1.413612565445026226e+00 0.000000000000000000e+00
-6.375000000000000000e+01 3.298429319371727786e+00 1.554999999999999959e-02
-6.250000000000000000e+01 -1.931937172774869538e+01 3.988519999999999843e-01
-6.250000000000000000e+01 -1.837696335078534560e+01 7.195719999999999894e-01
-6.250000000000000000e+01 -1.743455497382199582e+01 8.271020000000000039e-01
-6.250000000000000000e+01 -1.649214659685864603e+01 1.393919999999999881e-01
-6.250000000000000000e+01 -1.554973821989529448e+01 1.393919999999999881e-01
-6.250000000000000000e+01 -1.460732984293194114e+01 8.234000000000000000e-03
-6.250000000000000000e+01 -1.366492146596859136e+01 2.263999999999999953e-03
-6.250000000000000000e+01 -1.272251308900523981e+01 1.820400000000000143e-02
-6.250000000000000000e+01 -1.178010471204188825e+01 5.796759999999999691e-01
-6.250000000000000000e+01 -1.083769633507853669e+01 4.591430000000000233e-01
-6.250000000000000000e+01 -9.895287958115185134e+00 9.799759999999999582e-01
-6.250000000000000000e+01 -8.952879581151833577e+00 5.483980000000000521e-01
-6.250000000000000000e+01 -8.010471204188482020e+00 3.818759999999999932e-01
-6.250000000000000000e+01 -7.068062827225130462e+00 6.681829999999999714e-01
-6.250000000000000000e+01 -6.125654450261779793e+00 1.840559999999999974e-01
-6.250000000000000000e+01 -5.183246073298429124e+00 2.396000000000000126e-03
-6.250000000000000000e+01 -4.240837696335078455e+00 1.936900000000000011e-01
-6.250000000000000000e+01 -3.298429319371727786e+00 1.735300000000000037e-02
-6.250000000000000000e+01 -2.356020942408377117e+00 1.056999999999999997e-03
-6.250000000000000000e+01 -1.413612565445026226e+00 7.251799999999999913e-02
-6.250000000000000000e+01 -4.712041884816753901e-01 6.509999999999999945e-04
-6.250000000000000000e+01 4.712041884816753901e-01 6.509999999999999945e-04
-6.250000000000000000e+01 1.413612565445026226e+00 1.913999999999999903e-03
-6.250000000000000000e+01 2.356020942408377117e+00 4.287000000000000012e-03
-6.250000000000000000e+01 3.298429319371727786e+00 0.000000000000000000e+00
-6.125000000000000000e+01 -1.837696335078534560e+01 1.964569999999999927e-01
-6.125000000000000000e+01 -1.743455497382199582e+01 2.761109999999999953e-01
-6.125000000000000000e+01 -1.649214659685864603e+01 2.978979999999999961e-01
-6.125000000000000000e+01 -1.554973821989529448e+01 2.978979999999999961e-01
-6.125000000000000000e+01 -1.460732984293194114e+01 5.102899999999999797e-02
-6.125000000000000000e+01 -1.366492146596859136e+01 6.747599999999999432e-02
-6.125000000000000000e+01 -1.272251308900523981e+01 7.094899999999999540e-01
-6.125000000000000000e+01 -1.178010471204188825e+01 8.110960000000000392e-01
-6.125000000000000000e+01 -1.083769633507853669e+01 5.238669999999999716e-01
-6.125000000000000000e+01 -9.895287958115185134e+00 5.606700000000000017e-01
-6.125000000000000000e+01 -8.952879581151833577e+00 2.216289999999999927e-01
-6.125000000000000000e+01 -8.010471204188482020e+00 1.491709999999999980e-01
-6.125000000000000000e+01 -7.068062827225130462e+00 6.033499999999999974e-02
-6.125000000000000000e+01 -6.125654450261779793e+00 1.594289999999999874e-01
-6.125000000000000000e+01 -5.183246073298429124e+00 1.156289999999999957e-01
-6.125000000000000000e+01 -4.240837696335078455e+00 3.548250000000000015e-01
-6.125000000000000000e+01 -3.298429319371727786e+00 4.079960000000000253e-01
-6.125000000000000000e+01 -2.356020942408377117e+00 5.385000000000000030e-03
-6.125000000000000000e+01 -1.413612565445026226e+00 4.203099999999999892e-02
-6.125000000000000000e+01 -4.712041884816753901e-01 2.159230000000000038e-01
-6.125000000000000000e+01 4.712041884816753901e-01 2.159230000000000038e-01
-6.125000000000000000e+01 1.413612565445026226e+00 2.865059999999999829e-01
-6.125000000000000000e+01 2.356020942408377117e+00 7.478089999999999460e-01
-6.125000000000000000e+01 3.298429319371727786e+00 2.727430000000000132e-01
-6.125000000000000000e+01 4.240837696335078455e+00 9.116799999999999904e-02
-6.000000000000000000e+01 -1.554973821989529448e+01 1.392170000000000074e-01
-6.000000000000000000e+01 -1.460732984293194114e+01 4.356019999999999892e-01
-6.000000000000000000e+01 -1.366492146596859136e+01 5.793660000000000476e-01
-6.000000000000000000e+01 -1.272251308900523981e+01 4.709980000000000278e-01
-6.000000000000000000e+01 -1.178010471204188825e+01 1.711060000000000081e-01
-6.000000000000000000e+01 -1.083769633507853669e+01 3.874799999999999772e-02
-6.000000000000000000e+01 -9.895287958115185134e+00 3.603700000000000236e-01
-6.000000000000000000e+01 -8.952879581151833577e+00 1.416149999999999909e-01
-6.000000000000000000e+01 -8.010471204188482020e+00 1.410900000000000001e-02
-6.000000000000000000e+01 -7.068062827225130462e+00 3.651409999999999934e-01
-6.000000000000000000e+01 -6.125654450261779793e+00 1.528410000000000046e-01
-6.000000000000000000e+01 -5.183246073298429124e+00 1.660179999999999989e-01
-6.000000000000000000e+01 -4.240837696335078455e+00 5.013969999999999816e-01
-6.000000000000000000e+01 -3.298429319371727786e+00 8.326580000000000092e-01
-6.000000000000000000e+01 -2.356020942408377117e+00 8.287970000000000059e-01
-6.000000000000000000e+01 -1.413612565445026226e+00 2.766000000000000125e-01
-6.000000000000000000e+01 -4.712041884816753901e-01 7.008899999999999852e-02
-6.000000000000000000e+01 4.712041884816753901e-01 7.008899999999999852e-02
-6.000000000000000000e+01 1.413612565445026226e+00 7.351940000000000142e-01
-6.000000000000000000e+01 2.356020942408377117e+00 3.308729999999999727e-01
-6.000000000000000000e+01 3.298429319371727786e+00 1.260080000000000089e-01
-6.000000000000000000e+01 4.240837696335078455e+00 1.348000000000000066e-02
-6.000000000000000000e+01 5.183246073298429124e+00 1.398399999999999990e-02
-5.875000000000000000e+01 -1.366492146596859136e+01 5.577300000000000313e-02
-5.875000000000000000e+01 -1.272251308900523981e+01 6.773999999999999640e-03
-5.875000000000000000e+01 -1.178010471204188825e+01 2.517480000000000273e-01
-5.875000000000000000e+01 -1.083769633507853669e+01 6.937480000000000313e-01
-5.875000000000000000e+01 -9.895287958115185134e+00 7.412649999999999517e-01
-5.875000000000000000e+01 -8.952879581151833577e+00 1.920610000000000095e-01
-5.875000000000000000e+01 -8.010471204188482020e+00 1.118000000000000070e-03
-5.875000000000000000e+01 -7.068062827225130462e+00 1.560320000000000040e-01
-5.875000000000000000e+01 -6.125654450261779793e+00 8.878999999999999740e-03
-5.875000000000000000e+01 -5.183246073298429124e+00 3.442000000000000181e-03
-5.875000000000000000e+01 -4.240837696335078455e+00 3.044950000000000156e-01
-5.875000000000000000e+01 -3.298429319371727786e+00 7.879570000000000185e-01
-5.875000000000000000e+01 -2.356020942408377117e+00 2.245209999999999984e-01
-5.875000000000000000e+01 -1.413612565445026226e+00 1.638799999999999979e-02
-5.875000000000000000e+01 -4.712041884816753901e-01 8.869999999999999846e-04
-5.875000000000000000e+01 4.712041884816753901e-01 8.869999999999999846e-04
-5.750000000000000000e+01 -1.366492146596859136e+01 5.800099999999999700e-02
-5.750000000000000000e+01 -1.272251308900523981e+01 8.381199999999999761e-02
-5.750000000000000000e+01 -1.178010471204188825e+01 6.466939999999999911e-01
-5.750000000000000000e+01 -1.083769633507853669e+01 5.589269999999999516e-01
-5.750000000000000000e+01 -9.895287958115185134e+00 7.291969999999999841e-01
-5.750000000000000000e+01 -8.952879581151833577e+00 1.790710000000000079e-01
-5.750000000000000000e+01 -8.010471204188482020e+00 1.499999999999999944e-01
-5.750000000000000000e+01 -7.068062827225130462e+00 1.316299999999999935e-02
-5.750000000000000000e+01 -6.125654450261779793e+00 1.686209999999999931e-01
-5.750000000000000000e+01 -5.183246073298429124e+00 8.812999999999999653e-03
-5.750000000000000000e+01 -4.240837696335078455e+00 8.764500000000000068e-02
-5.750000000000000000e+01 -3.298429319371727786e+00 4.714749999999999774e-01
-5.750000000000000000e+01 -2.356020942408377117e+00 9.588700000000000001e-02
-5.750000000000000000e+01 -1.413612565445026226e+00 1.733700000000000171e-02
-5.750000000000000000e+01 -4.712041884816753901e-01 2.681700000000000056e-02
-5.750000000000000000e+01 4.712041884816753901e-01 2.681700000000000056e-02
-5.750000000000000000e+01 1.413612565445026226e+00 6.252000000000000612e-02
-5.625000000000000000e+01 -1.366492146596859136e+01 4.101179999999999826e-01
-5.625000000000000000e+01 -1.272251308900523981e+01 3.732039999999999802e-01
-5.625000000000000000e+01 -1.178010471204188825e+01 8.175700000000000189e-01
-5.625000000000000000e+01 -1.083769633507853669e+01 6.234849999999999559e-01
-5.625000000000000000e+01 -9.895287958115185134e+00 9.811210000000000209e-01
-5.625000000000000000e+01 -8.952879581151833577e+00 1.326620000000000021e-01
-5.625000000000000000e+01 -8.010471204188482020e+00 8.458200000000000440e-02
-5.625000000000000000e+01 -7.068062827225130462e+00 2.855539999999999745e-01
-5.625000000000000000e+01 -6.125654450261779793e+00 3.328479999999999772e-01
-5.625000000000000000e+01 -5.183246073298429124e+00 4.743749999999999911e-01
-5.625000000000000000e+01 -4.240837696335078455e+00 4.805090000000000194e-01
-5.625000000000000000e+01 -3.298429319371727786e+00 1.836000000000000132e-01
-5.625000000000000000e+01 -2.356020942408377117e+00 4.469679999999999764e-01
-5.625000000000000000e+01 -1.413612565445026226e+00 6.973500000000000532e-02
-5.625000000000000000e+01 -4.712041884816753901e-01 3.200000000000000262e-04
-5.625000000000000000e+01 4.712041884816753901e-01 3.200000000000000262e-04
-5.625000000000000000e+01 1.413612565445026226e+00 0.000000000000000000e+00
-5.500000000000000000e+01 -1.460732984293194114e+01 1.862030000000000074e-01
-5.500000000000000000e+01 -1.366492146596859136e+01 5.822700000000000098e-02
-5.500000000000000000e+01 -1.272251308900523981e+01 6.060189999999999744e-01
-5.500000000000000000e+01 -1.178010471204188825e+01 8.860810000000000075e-01
-5.500000000000000000e+01 -1.083769633507853669e+01 9.196239999999999970e-01
-5.500000000000000000e+01 -9.895287958115185134e+00 9.090470000000000494e-01
-5.500000000000000000e+01 -8.952879581151833577e+00 2.997090000000000032e-01
-5.500000000000000000e+01 -8.010471204188482020e+00 5.952749999999999986e-01
-5.500000000000000000e+01 -7.068062827225130462e+00 3.890469999999999762e-01
-5.500000000000000000e+01 -6.125654450261779793e+00 1.729340000000000044e-01
-5.500000000000000000e+01 -5.183246073298429124e+00 1.053980000000000056e-01
-5.500000000000000000e+01 -4.240837696335078455e+00 6.050780000000000047e-01
-5.500000000000000000e+01 -3.298429319371727786e+00 6.744620000000000060e-01
-5.500000000000000000e+01 -2.356020942408377117e+00 6.661730000000000151e-01
-5.500000000000000000e+01 -1.413612565445026226e+00 8.707199999999999662e-02
-5.500000000000000000e+01 -4.712041884816753901e-01 2.420000000000000005e-04
-5.500000000000000000e+01 4.712041884816753901e-01 2.420000000000000005e-04
-5.500000000000000000e+01 1.413612565445026226e+00 2.420000000000000005e-04
-5.500000000000000000e+01 2.356020942408377117e+00 5.760000000000000146e-04
-5.375000000000000000e+01 -1.460732984293194114e+01 1.958000000000000105e-03
-5.375000000000000000e+01 -1.366492146596859136e+01 5.105200000000000016e-02
-5.375000000000000000e+01 -1.272251308900523981e+01 4.255559999999999898e-01
-5.375000000000000000e+01 -1.178010471204188825e+01 3.197369999999999934e-01
-5.375000000000000000e+01 -1.083769633507853669e+01 5.779659999999999798e-01
-5.375000000000000000e+01 -9.895287958115185134e+00 5.945679999999999854e-01
-5.375000000000000000e+01 -8.952879581151833577e+00 5.849200000000000232e-02
-5.375000000000000000e+01 -8.010471204188482020e+00 8.000000000000000654e-05
-5.375000000000000000e+01 -7.068062827225130462e+00 9.848899999999999322e-02
-5.375000000000000000e+01 -6.125654450261779793e+00 1.904959999999999987e-01
-5.375000000000000000e+01 -5.183246073298429124e+00 3.102519999999999722e-01
-5.375000000000000000e+01 -4.240837696335078455e+00 5.759279999999999955e-01
-5.375000000000000000e+01 -3.298429319371727786e+00 7.649110000000000076e-01
-5.375000000000000000e+01 -2.356020942408377117e+00 5.569749999999999979e-01
-5.375000000000000000e+01 -1.413612565445026226e+00 3.200129999999999919e-01
-5.375000000000000000e+01 -4.712041884816753901e-01 4.477699999999999736e-02
-5.375000000000000000e+01 4.712041884816753901e-01 4.477699999999999736e-02
-5.375000000000000000e+01 1.413612565445026226e+00 3.746550000000000158e-01
-5.375000000000000000e+01 2.356020942408377117e+00 8.836000000000000104e-03
-5.250000000000000000e+01 -1.366492146596859136e+01 1.401499999999999968e-02
-5.250000000000000000e+01 -1.272251308900523981e+01 3.423499999999999877e-01
-5.250000000000000000e+01 -1.178010471204188825e+01 1.831170000000000020e-01
-5.250000000000000000e+01 -1.083769633507853669e+01 3.569680000000000075e-01
-5.250000000000000000e+01 -9.895287958115185134e+00 1.862459999999999949e-01
-5.250000000000000000e+01 -8.952879581151833577e+00 3.419999999999999863e-03
-5.250000000000000000e+01 -8.010471204188482020e+00 3.906400000000000150e-02
-5.250000000000000000e+01 -7.068062827225130462e+00 5.022569999999999535e-01
-5.250000000000000000e+01 -6.125654450261779793e+00 5.904540000000000344e-01
-5.250000000000000000e+01 -5.183246073298429124e+00 4.929399999999999754e-02
-5.250000000000000000e+01 -4.240837696335078455e+00 2.521470000000000100e-01
-5.250000000000000000e+01 -3.298429319371727786e+00 6.805639999999999468e-01
-5.250000000000000000e+01 -2.356020942408377117e+00 2.137860000000000038e-01
-5.250000000000000000e+01 -1.413612565445026226e+00 8.190730000000000510e-01
-5.250000000000000000e+01 -4.712041884816753901e-01 2.749329999999999830e-01
-5.250000000000000000e+01 4.712041884816753901e-01 2.749329999999999830e-01
-5.125000000000000000e+01 -8.952879581151833577e+00 7.927480000000000082e-01
-5.125000000000000000e+01 -8.010471204188482020e+00 5.279329999999999856e-01
-5.125000000000000000e+01 -7.068062827225130462e+00 6.610700000000000465e-01
-5.125000000000000000e+01 -5.183246073298429124e+00 4.203600000000000114e-01
-5.125000000000000000e+01 -4.240837696335078455e+00 6.352550000000000141e-01
-5.125000000000000000e+01 -3.298429319371727786e+00 9.525709999999999456e-01
-5.125000000000000000e+01 -2.356020942408377117e+00 6.683900000000000396e-01
-5.000000000000000000e+01 -3.298429319371727786e+00 9.289560000000000040e-01
