-7.875000000000000000e+01 -6.125654450261779793e+00 4.966240000000000099e-01
-7.875000000000000000e+01 -5.183246073298429124e+00 1.890400000000000136e-01
-7.875000000000000000e+01 -4.240837696335078455e+00 2.341779999999999973e-01
-7.875000000000000000e+01 -3.298429319371727786e+00 3.595140000000000002e-01
-7.875000000000000000e+01 -2.356020942408377117e+00 0.000000000000000000e+00
-7.875000000000000000e+01 -1.413612565445026226e+00 0.000000000000000000e+00
-7.750000000000000000e+01 -8.952879581151833577e+00 1.897490000000000010e-01
-7.750000000000000000e+01 -8.010471204188482020e+00 1.435049999999999937e-01
-7.750000000000000000e+01 -7.068062827225130462e+00 2.820489999999999942e-01
-7.750000000000000000e+01 -6.125654450261779793e+00 4.928939999999999988e-01
-7.750000000000000000e+01 -5.183246073298429124e+00 1.062250000000000000e-01
-7.750000000000000000e+01 -4.240837696335078455e+00 3.751399999999999874e-02
-7.750000000000000000e+01 -3.298429319371727786e+00 2.038240000000000052e-01
-7.750000000000000000e+01 -2.356020942408377117e+00 1.502910000000000079e-01
-7.750000000000000000e+01 -1.413612565445026226e+00 2.615480000000000027e-01
-7.750000000000000000e+01 -4.712041884816753901e-01 1.884250000000000091e-01
-7.750000000000000000e+01 4.712041884816753901e-01 1.884250000000000091e-01
-7.625000000000000000e+01 -1.083769633507853669e+01 5.975500000000000256e-02
-7.625000000000000000e+01 -9.895287958115185134e+00 1.269560000000000133e-01
-7.625000000000000000e+01 -8.952879581151833577e+00 3.224600000000000244e-01
-7.625000000000000000e+01 -8.010471204188482020e+00 8.877500000000000668e-02
-7.625000000000000000e+01 -7.068062827225130462e+00 1.902560000000000084e-01
-7.625000000000000000e+01 -6.125654450261779793e+00 2.410249999999999893e-01
-7.625000000000000000e+01 -5.183246073298429124e+00 4.002700000000000008e-02
-7.625000000000000000e+01 -4.240837696335078455e+00 1.472000000000000001e-03
-7.625000000000000000e+01 -3.298429319371727786e+00 3.983000000000000429e-03
-7.625000000000000000e+01 -2.356020942408377117e+00 2.553000000000000148e-03
-7.625000000000000000e+01 -1.413612565445026226e+00 2.611000000000000040e-03
-7.625000000000000000e+01 -4.712041884816753901e-01 3.248399999999999899e-02
-7.625000000000000000e+01 4.712041884816753901e-01 3.248399999999999899e-02
-7.625000000000000000e+01 1.413612565445026226e+00 5.802370000000000028e-01
-7.500000000000000000e+01 -1.366492146596859136e+01 7.814200000000000312e-02
-7.500000000000000000e+01 -1.272251308900523981e+01 1.417779999999999874e-01
-7.500000000000000000e+01 -1.178010471204188825e+01 1.238360000000000016e-01
-7.500000000000000000e+01 -1.083769633507853669e+01 3.108899999999999997e-01
-7.500000000000000000e+01 -9.895287958115185134e+00 1.388979999999999937e-01
-7.500000000000000000e+01 -8.952879581151833577e+00 3.622270000000000212e-01
-7.500000000000000000e+01 -8.010471204188482020e+00 1.930779999999999996e-01
-7.500000000000000000e+01 -7.068062827225130462e+00 3.535499999999999754e-02
-7.500000000000000000e+01 -6.125654450261779793e+00 6.070300000000000001e-02
-7.500000000000000000e+01 -5.183246073298429124e+00 4.566900000000000126e-02
-7.500000000000000000e+01 -4.240837696335078455e+00 2.003299999999999872e-02
-7.500000000000000000e+01 -3.298429319371727786e+00 2.305999999999999890e-03
-7.500000000000000000e+01 -2.356020942408377117e+00 6.376999999999999856e-03
-7.500000000000000000e+01 -1.413612565445026226e+00 5.597000000000000412e-03
-7.500000000000000000e+01 -4.712041884816753901e-01 2.222800000000000123e-02
-7.500000000000000000e+01 4.712041884816753901e-01 2.222800000000000123e-02
-7.500000000000000000e+01 1.413612565445026226e+00 4.294540000000000024e-01
-7.500000000000000000e+01 2.356020942408377117e+00 7.280320000000000125e-01
-7.375000000000000000e+01 -1.460732984293194114e+01 0.000000000000000000e+00
-7.375000000000000000e+01 -1.366492146596859136e+01 1.302490000000000037e-01
-7.375000000000000000e+01 -1.272251308900523981e+01 8.182000000000000384e-02
-7.375000000000000000e+01 -1.178010471204188825e+01 9.349399999999999378e-02
-7.375000000000000000e+01 -1.083769633507853669e+01 7.929799999999999349e-02
-7.375000000000000000e+01 -9.895287958115185134e+00 5.654499999999999804e-02
-7.375000000000000000e+01 -8.952879581151833577e+00 7.405899999999999983e-02
-7.375000000000000000e+01 -8.010471204188482020e+00 6.066699999999999871e-02
-7.375000000000000000e+01 -7.068062827225130462e+00 1.075100000000000014e-02
-7.375000000000000000e+01 -6.125654450261779793e+00 2.464699999999999877e-02
-7.375000000000000000e+01 -5.183246073298429124e+00 7.177999999999999658e-02
-7.375000000000000000e+01 -4.240837696335078455e+00 2.272499999999999867e-02
-7.375000000000000000e+01 -3.298429319371727786e+00 7.262000000000000226e-03
-7.375000000000000000e+01 -2.356020942408377117e+00 5.409999999999999878e-03
-7.375000000000000000e+01 -1.413612565445026226e+00 4.866299999999999792e-02
-7.375000000000000000e+01 -4.712041884816753901e-01 2.467000000000000009e-03
-7.375000000000000000e+01 4.712041884816753901e-01 2.467000000000000009e-03
-7.375000000000000000e+01 1.413612565445026226e+00 3.635300000000000337e-02
-7.250000000000000000e+01 -1.460732984293194114e+01 5.432000000000000196e-03
-7.250000000000000000e+01 -1.366492146596859136e+01 1.374849999999999961e-01
-7.250000000000000000e+01 -1.272251308900523981e+01 1.664049999999999974e-01
-7.250000000000000000e+01 -1.178010471204188825e+01 4.293199999999999794e-02
-7.250000000000000000e+01 -1.083769633507853669e+01 6.879999999999999831e-03
-7.250000000000000000e+01 -9.895287958115185134e+00 0.000000000000000000e+00
-7.250000000000000000e+01 -8.952879581151833577e+00 9.388999999999999777e-03
-7.250000000000000000e+01 -8.010471204188482020e+00 2.501619999999999955e-01
-7.250000000000000000e+01 -7.068062827225130462e+00 6.731499999999999984e-02
-7.250000000000000000e+01 -6.125654450261779793e+00 9.730000000000000151e-04
-7.250000000000000000e+01 -5.183246073298429124e+00 9.737000000000000863e-03
-7.250000000000000000e+01 -4.240837696335078455e+00 1.123389999999999944e-01
-7.250000000000000000e+01 -3.298429319371727786e+00 2.123999999999999846e-02
-7.250000000000000000e+01 -2.356020942408377117e+00 2.745600000000000124e-02
-7.250000000000000000e+01 -1.413612565445026226e+00 7.317999999999999852e-03
-7.250000000000000000e+01 -4.712041884816753901e-01 6.908000000000000078e-03
-7.250000000000000000e+01 4.712041884816753901e-01 6.908000000000000078e-03
-7.250000000000000000e+01 1.413612565445026226e+00 1.020399999999999953e-02
-7.125000000000000000e+01 -1.460732984293194114e+01 9.079900000000000471e-02
-7.125000000000000000e+01 -1.366492146596859136e+01 2.439500000000000002e-02
-7.125000000000000000e+01 -1.272251308900523981e+01 7.549300000000000455e-02
-7.125000000000000000e+01 -1.178010471204188825e+01 0.000000000000000000e+00
-7.125000000000000000e+01 -1.083769633507853669e+01 0.000000000000000000e+00
-7.125000000000000000e+01 -9.895287958115185134e+00 6.791000000000000161e-03
-7.125000000000000000e+01 -8.952879581151833577e+00 3.398199999999999832e-02
-7.125000000000000000e+01 -8.010471204188482020e+00 2.412310000000000010e-01
-7.125000000000000000e+01 -7.068062827225130462e+00 4.776999999999999996e-03
-7.125000000000000000e+01 -6.125654450261779793e+00 4.655000000000000283e-03
-7.125000000000000000e+01 -5.183246073298429124e+00 2.429999999999999977e-04
-7.125000000000000000e+01 -4.240837696335078455e+00 2.161599999999999980e-02
-7.125000000000000000e+01 -3.298429319371727786e+00 2.390000000000000089e-04
-7.125000000000000000e+01 -2.356020942408377117e+00 2.450400000000000147e-02
-7.125000000000000000e+01 -1.413612565445026226e+00 3.592000000000000141e-03
-7.125000000000000000e+01 -4.712041884816753901e-01 0.000000000000000000e+00
-7.125000000000000000e+01 4.712041884816753901e-01 0.000000000000000000e+00
-7.125000000000000000e+01 1.413612565445026226e+00 5.010599999999999776e-02
-7.000000000000000000e+01 -1.366492146596859136e+01 8.580000000000000820e-03
-7.000000000000000000e+01 -1.272251308900523981e+01 1.648930000000000118e-01
-7.000000000000000000e+01 -1.178010471204188825e+01 1.630000000000000047e-04
-7.000000000000000000e+01 -1.083769633507853669e+01 1.786790000000000045e-01
-7.000000000000000000e+01 -9.895287958115185134e+00 2.321999999999999845e-03
-7.000000000000000000e+01 -8.952879581151833577e+00 5.382599999999999885e-02
-7.000000000000000000e+01 -8.010471204188482020e+00 1.484830000000000039e-01
-7.000000000000000000e+01 -7.068062827225130462e+00 2.983600000000000141e-02
-7.000000000000000000e+01 -6.125654450261779793e+00 1.861000000000000024e-03
-7.000000000000000000e+01 -5.183246073298429124e+00 8.040000000000000271e-04
-7.000000000000000000e+01 -4.240837696335078455e+00 8.982600000000000307e-02
-7.000000000000000000e+01 -3.298429319371727786e+00 3.465499999999999831e-02
-7.000000000000000000e+01 -2.356020942408377117e+00 9.683000000000000634e-03
-7.000000000000000000e+01 -1.413612565445026226e+00 2.059300000000000019e-02
-7.000000000000000000e+01 -4.712041884816753901e-01 1.220300000000000031e-02
-7.000000000000000000e+01 4.712041884816753901e-01 1.220300000000000031e-02
-7.000000000000000000e+01 1.413612565445026226e+00 5.846999999999999767e-03
-6.875000000000000000e+01 -1.554973821989529448e+01 6.769999999999999759e-04
-6.875000000000000000e+01 -1.460732984293194114e+01 2.702399999999999941e-02
-6.875000000000000000e+01 -1.366492146596859136e+01 3.976999999999999633e-03
-6.875000000000000000e+01 -1.272251308900523981e+01 9.199200000000000432e-02
-6.875000000000000000e+01 -1.178010471204188825e+01 2.116530000000000078e-01
-6.875000000000000000e+01 -1.083769633507853669e+01 4.449089999999999989e-01
-6.875000000000000000e+01 -9.895287958115185134e+00 3.888799999999999896e-02
-6.875000000000000000e+01 -8.952879581151833577e+00 2.027160000000000073e-01
-6.875000000000000000e+01 -8.010471204188482020e+00 3.200000000000000262e-04
-6.875000000000000000e+01 -7.068062827225130462e+00 2.047999999999999907e-03
-6.875000000000000000e+01 -6.125654450261779793e+00 1.129999999999999928e-03
-6.875000000000000000e+01 -5.183246073298429124e+00 4.840000000000000010e-04
-6.875000000000000000e+01 -4.240837696335078455e+00 4.423999999999999981e-03
-6.875000000000000000e+01 -3.298429319371727786e+00 7.030999999999999923e-03
-6.875000000000000000e+01 -2.356020942408377117e+00 3.932999999999999864e-03
-6.875000000000000000e+01 -1.413612565445026226e+00 5.480999999999999761e-03
-6.875000000000000000e+01 -4.712041884816753901e-01 1.129100000000000069e-02
-6.875000000000000000e+01 4.712041884816753901e-01 1.129100000000000069e-02
-6.875000000000000000e+01 1.413612565445026226e+00 1.338400000000000006e-02
-6.875000000000000000e+01 2.356020942408377117e+00 6.131000000000000165e-03
-6.750000000000000000e+01 -1.649214659685864603e+01 2.192089999999999872e-01
-6.750000000000000000e+01 -1.554973821989529448e+01 2.192089999999999872e-01
-6.750000000000000000e+01 -1.460732984293194114e+01 7.568500000000000227e-02
-6.750000000000000000e+01 -1.366492146596859136e+01 6.223100000000000159e-02
-6.750000000000000000e+01 -1.272251308900523981e+01 6.950999999999999714e-03
-6.750000000000000000e+01 -1.178010471204188825e+01 1.374300000000000001e-02
-6.750000000000000000e+01 -1.083769633507853669e+01 2.583139999999999881e-01
-6.750000000000000000e+01 -9.895287958115185134e+00 6.875149999999999872e-01
-6.750000000000000000e+01 -8.952879581151833577e+00 1.117159999999999959e-01
-6.750000000000000000e+01 -8.010471204188482020e+00 9.590000000000000000e-04
-6.750000000000000000e+01 -7.068062827225130462e+00 8.919999999999999978e-04
-6.750000000000000000e+01 -6.125654450261779793e+00 5.134999999999999808e-03
-6.750000000000000000e+01 -5.183246073298429124e+00 1.128000000000000096e-03
-6.750000000000000000e+01 -4.240837696335078455e+00 8.059999999999999673e-04
-6.750000000000000000e+01 -3.298429319371727786e+00 1.432499999999999919e-02
-6.750000000000000000e+01 -2.356020942408377117e+00 3.310000000000000225e-04
-6.750000000000000000e+01 -1.413612565445026226e+00 8.000000000000000654e-05
-6.750000000000000000e+01 -4.712041884816753901e-01 8.989999999999999511e-04
-6.750000000000000000e+01 4.712041884816753901e-01 8.989999999999999511e-04
-6.750000000000000000e+01 1.413612565445026226e+00 6.081999999999999733e-03
-6.750000000000000000e+01 2.356020942408377117e+00 7.219999999999999855e-04
-6.625000000000000000e+01 -1.837696335078534560e+01 8.382100000000000661e-02
-6.625000000000000000e+01 -1.743455497382199582e+01 1.825620000000000021e-01
-6.625000000000000000e+01 -1.649214659685864603e+01 1.786999999999999960e-03
-6.625000000000000000e+01 -1.554973821989529448e+01 1.786999999999999960e-03
-6.625000000000000000e+01 -1.460732984293194114e+01 7.381999999999999673e-03
-6.625000000000000000e+01 -1.366492146596859136e+01 1.134000000000000025e-03
-6.625000000000000000e+01 -1.272251308900523981e+01 0.000000000000000000e+00
-6.625000000000000000e+01 -1.178010471204188825e+01 6.466000000000000393e-03
-6.625000000000000000e+01 -1.083769633507853669e+01 1.059660000000000046e-01
-6.625000000000000000e+01 -9.895287958115185134e+00 1.748260000000000092e-01
-6.625000000000000000e+01 -8.952879581151833577e+00 6.680099999999999927e-02
-6.625000000000000000e+01 -8.010471204188482020e+00 2.295000000000000165e-03
-6.625000000000000000e+01 -7.068062827225130462e+00 8.109999999999999805e-04
-6.625000000000000000e+01 -6.125654450261779793e+00 1.610000000000000103e-04
-6.625000000000000000e+01 -5.183246073298429124e+00 3.260000000000000094e-04
-6.625000000000000000e+01 -4.240837696335078455e+00 3.536000000000000081e-03
-6.625000000000000000e+01 -3.298429319371727786e+00 1.384699999999999993e-02
-6.625000000000000000e+01 -2.356020942408377117e+00 6.198000000000000384e-03
-6.625000000000000000e+01 -1.413612565445026226e+00 0.000000000000000000e+00
-6.625000000000000000e+01 -4.712041884816753901e-01 2.425000000000000072e-03
-6.625000000000000000e+01 4.712041884816753901e-01 2.425000000000000072e-03
-6.625000000000000000e+01 1.413612565445026226e+00 8.272000000000000186e-02
-6.625000000000000000e+01 2.356020942408377117e+00 8.157599999999999574e-02
-6.500000000000000000e+01 -1.837696335078534560e+01 2.379399999999999918e-02
-6.500000000000000000e+01 -1.743455497382199582e+01 3.782749999999999724e-01
-6.500000000000000000e+01 -1.649214659685864603e+01 2.427800000000000097e-02
-6.500000000000000000e+01 -1.554973821989529448e+01 2.427800000000000097e-02
-6.500000000000000000e+01 -1.460732984293194114e+01 6.695999999999999695e-03
-6.500000000000000000e+01 -1.366492146596859136e+01 4.159000000000000370e-03
-6.500000000000000000e+01 -1.272251308900523981e+01 2.076000000000000154e-03
-6.500000000000000000e+01 -1.178010471204188825e+01 7.238999999999999775e-03
-6.500000000000000000e+01 -1.083769633507853669e+01 1.678040000000000087e-01
-6.500000000000000000e+01 -9.895287958115185134e+00 4.552379999999999760e-01
-6.500000000000000000e+01 -8.952879581151833577e+00 8.225899999999999879e-02
-6.500000000000000000e+01 -8.010471204188482020e+00 3.163000000000000013e-03
-6.500000000000000000e+01 -7.068062827225130462e+00 3.158299999999999996e-02
-6.500000000000000000e+01 -6.125654450261779793e+00 1.147999999999999932e-03
-6.500000000000000000e+01 -5.183246073298429124e+00 9.799999999999999684e-04
-6.500000000000000000e+01 -4.240837696335078455e+00 8.975999999999999604e-03
-6.500000000000000000e+01 -3.298429319371727786e+00 2.397600000000000078e-02
-6.500000000000000000e+01 -2.356020942408377117e+00 4.329999999999999648e-03
-6.500000000000000000e+01 -1.413612565445026226e+00 1.791999999999999973e-03
-6.500000000000000000e+01 -4.712041884816753901e-01 7.742999999999999883e-03
-6.500000000000000000e+01 4.712041884816753901e-01 7.742999999999999883e-03
-6.500000000000000000e+01 1.413612565445026226e+00 2.658999999999999905e-03
-6.375000000000000000e+01 -2.026178010471204516e+01 6.666670000000000096e-01
-6.375000000000000000e+01 -1.931937172774869538e+01 1.593340000000000034e-01
-6.375000000000000000e+01 -1.837696335078534560e+01 1.250000000000000000e-01
-6.375000000000000000e+01 -1.743455497382199582e+01 4.805949999999999944e-01
-6.375000000000000000e+01 -1.649214659685864603e+01 5.723400000000000015e-02
-6.375000000000000000e+01 -1.554973821989529448e+01 5.723400000000000015e-02
-6.375000000000000000e+01 -1.460732984293194114e+01 2.594700000000000131e-02
-6.375000000000000000e+01 -1.366492146596859136e+01 3.220999999999999905e-03
-6.375000000000000000e+01 -1.272251308900523981e+01 1.505000000000000044e-03
-6.375000000000000000e+01 -1.178010471204188825e+01 2.269750000000000101e-01
-6.375000000000000000e+01 -1.083769633507853669e+01 5.061500000000000027e-02
-6.375000000000000000e+01 -9.895287958115185134e+00 4.190389999999999948e-01
-6.375000000000000000e+01 -8.952879581151833577e+00 6.953559999999999741e-01
-6.375000000000000000e+01 -8.010471204188482020e+00 1.937639999999999918e-01
-6.375000000000000000e+01 -7.068062827225130462e+00 4.073999999999999844e-02
-6.375000000000000000e+01 -6.125654450261779793e+00 4.970999999999999724e-03
-6.375000000000000000e+01 -5.183246073298429124e+00 6.361000000000000335e-03
-6.375000000000000000e+01 -4.240837696335078455e+00 4.513899999999999857e-02
-6.375000000000000000e+01 -3.298429319371727786e+00 1.724000000000000055e-03
-6.375000000000000000e+01 -2.356020942408377117e+00 3.249999999999999851e-04
-6.375000000000000000e+01 -1.413612565445026226e+00 3.240000000000000150e-04
-6.375000000000000000e+01 -4.712041884816753901e-01 1.828999999999999897e-03
-6.375000000000000000e+01 4.712041884816753901e-01 1.828999999999999897e-03
-6.375000000000000000e+01 1.413612565445026226e+00 0.000000000000000000e+00
-6.375000000000000000e+01 3.298429319371727786e+00 1.546900000000000011e-02
-6.250000000000000000e+01 -1.931937172774869538e+01 3.592480000000000118e-01
-6.250000000000000000e+01 -1.837696335078534560e+01 7.051140000000000185e-01
-6.250000000000000000e+01 -1.743455497382199582e+01 7.663609999999999589e-01
-6.250000000000000000e+01 -1.649214659685864603e+01 7.768600000000000505e-02
-6.250000000000000000e+01 -1.554973821989529448e+01 7.768600000000000505e-02
-6.250000000000000000e+01 -1.460732984293194114e+01 7.910999999999999630e-03
-6.250000000000000000e+01 -1.366492146596859136e+01 2.263999999999999953e-03
-6.250000000000000000e+01 -1.272251308900523981e+01 1.157999999999999958e-03
-6.250000000000000000e+01 -1.178010471204188825e+01 3.389159999999999950e-01
-6.250000000000000000e+01 -1.083769633507853669e+01 3.371779999999999777e-01
-6.250000000000000000e+01 -9.895287958115185134e+00 9.306419999999999693e-01
-6.250000000000000000e+01 -8.952879581151833577e+00 3.427589999999999804e-01
-6.250000000000000000e+01 -8.010471204188482020e+00 1.527000000000000024e-01
-6.250000000000000000e+01 -7.068062827225130462e+00 2.283779999999999977e-01
-6.250000000000000000e+01 -6.125654450261779793e+00 2.054100000000000023e-02
-6.250000000000000000e+01 -5.183246073298429124e+00 2.396000000000000126e-03
-6.250000000000000000e+01 -4.240837696335078455e+00 5.652499999999999886e-02
-6.250000000000000000e+01 -3.298429319371727786e+00 7.544999999999999624e-03
-6.250000000000000000e+01 -2.356020942408377117e+00 1.056999999999999997e-03
-6.250000000000000000e+01 -1.413612565445026226e+00 5.808999999999999928e-03
-6.250000000000000000e+01 -4.712041884816753901e-01 6.509999999999999945e-04
-6.250000000000000000e+01 4.712041884816753901e-01 6.509999999999999945e-04
-6.250000000000000000e+01 1.413612565445026226e+00 1.435000000000000078e-03
-6.250000000000000000e+01 2.356020942408377117e+00 5.257999999999999653e-03
-6.250000000000000000e+01 3.298429319371727786e+00 0.000000000000000000e+00
-6.125000000000000000e+01 -1.837696335078534560e+01 1.738059999999999883e-01
-6.125000000000000000e+01 -1.743455497382199582e+01 1.451949999999999907e-01
-6.125000000000000000e+01 -1.649214659685864603e+01 1.726850000000000052e-01
-6.125000000000000000e+01 -1.554973821989529448e+01 1.726850000000000052e-01
-6.125000000000000000e+01 -1.460732984293194114e+01 3.077900000000000080e-02
-6.125000000000000000e+01 -1.366492146596859136e+01 3.813899999999999929e-02
-6.125000000000000000e+01 -1.272251308900523981e+01 6.074749999999999872e-01
-6.125000000000000000e+01 -1.178010471204188825e+01 7.456399999999999695e-01
-6.125000000000000000e+01 -1.083769633507853669e+01 4.113919999999999799e-01
-6.125000000000000000e+01 -9.895287958115185134e+00 2.289450000000000096e-01
-6.125000000000000000e+01 -8.952879581151833577e+00 3.621300000000000213e-02
-6.125000000000000000e+01 -8.010471204188482020e+00 5.321700000000000041e-02
-6.125000000000000000e+01 -7.068062827225130462e+00 1.425799999999999984e-02
-6.125000000000000000e+01 -6.125654450261779793e+00 4.229200000000000320e-02
-6.125000000000000000e+01 -5.183246073298429124e+00 3.315499999999999697e-02
-6.125000000000000000e+01 -4.240837696335078455e+00 1.335739999999999983e-01
-6.125000000000000000e+01 -3.298429319371727786e+00 1.920040000000000080e-01
-6.125000000000000000e+01 -2.356020942408377117e+00 1.910999999999999938e-03
-6.125000000000000000e+01 -1.413612565445026226e+00 4.324999999999999852e-03
-6.125000000000000000e+01 -4.712041884816753901e-01 1.200190000000000007e-01
-6.125000000000000000e+01 4.712041884816753901e-01 1.200190000000000007e-01
-6.125000000000000000e+01 1.413612565445026226e+00 1.297339999999999882e-01
-6.125000000000000000e+01 2.356020942408377117e+00 4.795639999999999903e-01
-6.125000000000000000e+01 3.298429319371727786e+00 2.189649999999999930e-01
-6.125000000000000000e+01 4.240837696335078455e+00 2.069400000000000059e-02
-6.000000000000000000e+01 -1.554973821989529448e+01 8.962699999999999834e-02
-6.000000000000000000e+01 -1.460732984293194114e+01 3.755310000000000037e-01
-6.000000000000000000e+01 -1.366492146596859136e+01 3.972379999999999800e-01
-6.000000000000000000e+01 -1.272251308900523981e+01 3.448970000000000091e-01
-6.000000000000000000e+01 -1.178010471204188825e+01 1.091199999999999948e-01
-6.000000000000000000e+01 -1.083769633507853669e+01 1.132999999999999893e-03
-6.000000000000000000e+01 -9.895287958115185134e+00 5.380800000000000166e-02
-6.000000000000000000e+01 -8.952879581151833577e+00 5.904000000000000394e-03
-6.000000000000000000e+01 -8.010471204188482020e+00 3.260000000000000094e-04
-6.000000000000000000e+01 -7.068062827225130462e+00 2.107269999999999976e-01
-6.000000000000000000e+01 -6.125654450261779793e+00 2.482900000000000038e-02
-6.000000000000000000e+01 -5.183246073298429124e+00 3.191700000000000093e-02
-6.000000000000000000e+01 -4.240837696335078455e+00 3.054120000000000168e-01
-6.000000000000000000e+01 -3.298429319371727786e+00 6.280869999999999509e-01
-6.000000000000000000e+01 -2.356020942408377117e+00 4.559790000000000232e-01
-6.000000000000000000e+01 -1.413612565445026226e+00 1.189500000000000002e-01
-6.000000000000000000e+01 -4.712041884816753901e-01 4.023499999999999993e-02
-6.000000000000000000e+01 4.712041884816753901e-01 4.023499999999999993e-02
-6.000000000000000000e+01 1.413612565445026226e+00 5.599480000000000013e-01
-6.000000000000000000e+01 2.356020942408377117e+00 9.385100000000000386e-02
-6.000000000000000000e+01 3.298429319371727786e+00 9.203799999999999482e-02
-6.000000000000000000e+01 4.240837696335078455e+00 1.091600000000000036e-02
-6.000000000000000000e+01 5.183246073298429124e+00 1.274999999999999918e-02
-5.875000000000000000e+01 -1.366492146596859136e+01 4.087299999999999961e-02
-5.875000000000000000e+01 -1.272251308900523981e+01 3.789999999999999966e-03
-5.875000000000000000e+01 -1.178010471204188825e+01 1.891559999999999908e-01
-5.875000000000000000e+01 -1.083769633507853669e+01 4.034880000000000133e-01
-5.875000000000000000e+01 -9.895287958115185134e+00 1.890969999999999873e-01
-5.875000000000000000e+01 -8.952879581151833577e+00 3.780399999999999733e-02
-5.875000000000000000e+01 -8.010471204188482020e+00 2.400000000000000061e-04
-5.875000000000000000e+01 -7.068062827225130462e+00 4.771399999999999947e-02
-5.875000000000000000e+01 -6.125654450261779793e+00 7.259999999999999743e-04
-5.875000000000000000e+01 -5.183246073298429124e+00 1.229000000000000058e-03
-5.875000000000000000e+01 -4.240837696335078455e+00 1.975079999999999891e-01
-5.875000000000000000e+01 -3.298429319371727786e+00 6.108080000000000176e-01
-5.875000000000000000e+01 -2.356020942408377117e+00 8.070700000000000096e-02
-5.875000000000000000e+01 -1.413612565445026226e+00 6.520000000000000188e-04
-5.875000000000000000e+01 -4.712041884816753901e-01 0.000000000000000000e+00
-5.875000000000000000e+01 4.712041884816753901e-01 0.000000000000000000e+00
-5.750000000000000000e+01 -1.366492146596859136e+01 4.984199999999999742e-02
-5.750000000000000000e+01 -1.272251308900523981e+01 5.814199999999999924e-02
-5.750000000000000000e+01 -1.178010471204188825e+01 4.702859999999999818e-01
-5.750000000000000000e+01 -1.083769633507853669e+01 3.705780000000000185e-01
-5.750000000000000000e+01 -9.895287958115185134e+00 2.299329999999999985e-01
-5.750000000000000000e+01 -8.952879581151833577e+00 1.875100000000000031e-02
-5.750000000000000000e+01 -8.010471204188482020e+00 1.814999999999999990e-03
-5.750000000000000000e+01 -7.068062827225130462e+00 4.304999999999999799e-03
-5.750000000000000000e+01 -6.125654450261779793e+00 7.807000000000000051e-02
-5.750000000000000000e+01 -5.183246073298429124e+00 1.631999999999999987e-03
-5.750000000000000000e+01 -4.240837696335078455e+00 8.006900000000000128e-02
-5.750000000000000000e+01 -3.298429319371727786e+00 3.644189999999999929e-01
-5.750000000000000000e+01 -2.356020942408377117e+00 4.802700000000000025e-02
-5.750000000000000000e+01 -1.413612565445026226e+00 8.139000000000000401e-03
-5.750000000000000000e+01 -4.712041884816753901e-01 0.000000000000000000e+00
-5.750000000000000000e+01 4.712041884816753901e-01 0.000000000000000000e+00
-5.750000000000000000e+01 1.413612565445026226e+00 8.100000000000000375e-05
-5.625000000000000000e+01 -1.366492146596859136e+01 3.088540000000000174e-01
-5.625000000000000000e+01 -1.272251308900523981e+01 3.213079999999999825e-01
-5.625000000000000000e+01 -1.178010471204188825e+01 6.873329999999999718e-01
-5.625000000000000000e+01 -1.083769633507853669e+01 4.733310000000000017e-01
-5.625000000000000000e+01 -9.895287958115185134e+00 8.014449999999999630e-01
-5.625000000000000000e+01 -8.952879581151833577e+00 3.883999999999999952e-02
-5.625000000000000000e+01 -8.010471204188482020e+00 3.667000000000000121e-03
-5.625000000000000000e+01 -7.068062827225130462e+00 5.610199999999999909e-02
-5.625000000000000000e+01 -6.125654450261779793e+00 1.484439999999999926e-01
-5.625000000000000000e+01 -5.183246073298429124e+00 2.766710000000000003e-01
-5.625000000000000000e+01 -4.240837696335078455e+00 3.929230000000000222e-01
-5.625000000000000000e+01 -3.298429319371727786e+00 3.903999999999999831e-02
-5.625000000000000000e+01 -2.356020942408377117e+00 3.765839999999999743e-01
-5.625000000000000000e+01 -1.413612565445026226e+00 2.534300000000000094e-02
-5.625000000000000000e+01 -4.712041884816753901e-01 8.000000000000000654e-05
-5.625000000000000000e+01 4.712041884816753901e-01 8.000000000000000654e-05
-5.625000000000000000e+01 1.413612565445026226e+00 0.000000000000000000e+00
-5.500000000000000000e+01 -1.460732984293194114e+01 1.811770000000000047e-01
-5.500000000000000000e+01 -1.366492146596859136e+01 4.321599999999999747e-02
-5.500000000000000000e+01 -1.272251308900523981e+01 4.083470000000000155e-01
-5.500000000000000000e+01 -1.178010471204188825e+01 6.827969999999999873e-01
-5.500000000000000000e+01 -1.083769633507853669e+01 7.722820000000000240e-01
-5.500000000000000000e+01 -9.895287958115185134e+00 7.486840000000000162e-01
-5.500000000000000000e+01 -8.952879581151833577e+00 7.704700000000000437e-02
-5.500000000000000000e+01 -8.010471204188482020e+00 2.107410000000000116e-01
-5.500000000000000000e+01 -7.068062827225130462e+00 2.345369999999999955e-01
-5.500000000000000000e+01 -6.125654450261779793e+00 2.052400000000000058e-02
-5.500000000000000000e+01 -5.183246073298429124e+00 1.922000000000000097e-03
-5.500000000000000000e+01 -4.240837696335078455e+00 3.745919999999999805e-01
-5.500000000000000000e+01 -3.298429319371727786e+00 5.092700000000000005e-01
-5.500000000000000000e+01 -2.356020942408377117e+00 5.789889999999999759e-01
-5.500000000000000000e+01 -1.413612565445026226e+00 1.853799999999999892e-02
-5.500000000000000000e+01 -4.712041884816753901e-01 2.420000000000000005e-04
-5.500000000000000000e+01 4.712041884816753901e-01 2.420000000000000005e-04
-5.500000000000000000e+01 1.413612565445026226e+00 2.420000000000000005e-04
-5.500000000000000000e+01 2.356020942408377117e+00 5.760000000000000146e-04
-5.375000000000000000e+01 -1.460732984293194114e+01 4.079999999999999968e-04
-5.375000000000000000e+01 -1.366492146596859136e+01 4.064999999999999863e-02
-5.375000000000000000e+01 -1.272251308900523981e+01 2.041570000000000051e-01
-5.375000000000000000e+01 -1.178010471204188825e+01 1.569029999999999869e-01
-5.375000000000000000e+01 -1.083769633507853669e+01 2.521519999999999873e-01
-5.375000000000000000e+01 -9.895287958115185134e+00 3.325500000000000123e-01
-5.375000000000000000e+01 -8.952879581151833577e+00 1.087699999999999952e-02
-5.375000000000000000e+01 -8.010471204188482020e+00 8.000000000000000654e-05
-5.375000000000000000e+01 -7.068062827225130462e+00 2.101000000000000003e-03
-5.375000000000000000e+01 -6.125654450261779793e+00 6.347000000000000211e-03
-5.375000000000000000e+01 -5.183246073298429124e+00 3.246999999999999886e-03
-5.375000000000000000e+01 -4.240837696335078455e+00 3.777670000000000194e-01
-5.375000000000000000e+01 -3.298429319371727786e+00 3.487899999999999889e-01
-5.375000000000000000e+01 -2.356020942408377117e+00 4.689619999999999900e-01
-5.375000000000000000e+01 -1.413612565445026226e+00 7.474500000000000588e-02
-5.375000000000000000e+01 -4.712041884816753901e-01 9.719999999999999907e-04
-5.375000000000000000e+01 4.712041884816753901e-01 9.719999999999999907e-04
-5.375000000000000000e+01 1.413612565445026226e+00 1.217999999999999899e-03
-5.375000000000000000e+01 2.356020942408377117e+00 1.054000000000000032e-03
-5.250000000000000000e+01 -1.366492146596859136e+01 1.288800000000000015e-02
-5.250000000000000000e+01 -1.272251308900523981e+01 2.144649999999999890e-01
-5.250000000000000000e+01 -1.178010471204188825e+01 1.168830000000000008e-01
-5.250000000000000000e+01 -1.083769633507853669e+01 2.851679999999999771e-01
-5.250000000000000000e+01 -9.895287958115185134e+00 9.365500000000000214e-02
-5.250000000000000000e+01 -8.952879581151833577e+00 5.699999999999999772e-04
-5.250000000000000000e+01 -8.010471204188482020e+00 1.825000000000000016e-03
-5.250000000000000000e+01 -7.068062827225130462e+00 1.878099999999999908e-02
-5.250000000000000000e+01 -6.125654450261779793e+00 4.133200000000000068e-02
-5.250000000000000000e+01 -5.183246073298429124e+00 1.755000000000000050e-03
-5.250000000000000000e+01 -4.240837696335078455e+00 1.225519999999999943e-01
-5.250000000000000000e+01 -3.298429319371727786e+00 3.206309999999999993e-01
-5.250000000000000000e+01 -2.356020942408377117e+00 3.442300000000000221e-02
-5.250000000000000000e+01 -1.413612565445026226e+00 3.730490000000000195e-01
-5.250000000000000000e+01 -4.712041884816753901e-01 2.499399999999999886e-02
-5.250000000000000000e+01 4.712041884816753901e-01 2.499399999999999886e-02
-5.125000000000000000e+01 -8.952879581151833577e+00 5.666400000000000325e-01
-5.125000000000000000e+01 -8.010471204188482020e+00 4.136960000000000082e-01
-5.125000000000000000e+01 -7.068062827225130462e+00 4.616000000000000103e-01
-5.125000000000000000e+01 -5.183246073298429124e+00 1.866230000000000111e-01
-5.125000000000000000e+01 -4.240837696335078455e+00 3.374770000000000270e-01
-5.125000000000000000e+01 -3.298429319371727786e+00 4.012370000000000103e-01
-5.125000000000000000e+01 -2.356020942408377117e+00 1.200750000000000012e-01
-5.000000000000000000e+01 -3.298429319371727786e+00 5.686160000000000103e-01
