-7.875000000000000000e+01 -6.125654450261779793e+00 5.036429999999999518e-01
-7.875000000000000000e+01 -5.183246073298429124e+00 2.177370000000000139e-01
-7.875000000000000000e+01 -4.240837696335078455e+00 3.250239999999999796e-01
-7.875000000000000000e+01 -3.298429319371727786e+00 4.526950000000000141e-01
-7.875000000000000000e+01 -2.356020942408377117e+00 0.000000000000000000e+00
-7.875000000000000000e+01 -1.413612565445026226e+00 0.000000000000000000e+00
-7.750000000000000000e+01 -8.952879581151833577e+00 1.875680000000000125e-01
-7.750000000000000000e+01 -8.010471204188482020e+00 1.435049999999999937e-01
-7.750000000000000000e+01 -7.068062827225130462e+00 2.855139999999999900e-01
-7.750000000000000000e+01 -6.125654450261779793e+00 5.129860000000000531e-01
-7.750000000000000000e+01 -5.183246073298429124e+00 1.684779999999999889e-01
-7.750000000000000000e+01 -4.240837696335078455e+00 4.511699999999999738e-02
-7.750000000000000000e+01 -3.298429319371727786e+00 3.915330000000000199e-01
-7.750000000000000000e+01 -2.356020942408377117e+00 2.257049999999999890e-01
-7.750000000000000000e+01 -1.413612565445026226e+00 3.548490000000000255e-01
-7.750000000000000000e+01 -4.712041884816753901e-01 2.084840000000000027e-01
-7.750000000000000000e+01 4.712041884816753901e-01 2.084840000000000027e-01
-7.625000000000000000e+01 -1.083769633507853669e+01 6.679999999999999827e-02
-7.625000000000000000e+01 -9.895287958115185134e+00 1.393230000000000024e-01
-7.625000000000000000e+01 -8.952879581151833577e+00 4.439110000000000000e-01
-7.625000000000000000e+01 -8.010471204188482020e+00 1.513970000000000038e-01
-7.625000000000000000e+01 -7.068062827225130462e+00 2.466409999999999991e-01
-7.625000000000000000e+01 -6.125654450261779793e+00 4.045270000000000254e-01
-7.625000000000000000e+01 -5.183246073298429124e+00 4.002700000000000008e-02
-7.625000000000000000e+01 -4.240837696335078455e+00 1.472000000000000001e-03
-7.625000000000000000e+01 -3.298429319371727786e+00 3.983000000000000429e-03
-7.625000000000000000e+01 -2.356020942408377117e+00 2.553000000000000148e-03
-7.625000000000000000e+01 -1.413612565445026226e+00 5.139999999999999604e-03
-7.625000000000000000e+01 -4.712041884816753901e-01 1.628390000000000115e-01
-7.625000000000000000e+01 4.712041884816753901e-01 1.628390000000000115e-01
-7.625000000000000000e+01 1.413612565445026226e+00 8.062770000000000215e-01
-7.500000000000000000e+01 -1.366492146596859136e+01 7.814200000000000312e-02
-7.500000000000000000e+01 -1.272251308900523981e+01 1.417779999999999874e-01
-7.500000000000000000e+01 -1.178010471204188825e+01 1.237540000000000029e-01
-7.500000000000000000e+01 -1.083769633507853669e+01 3.492370000000000196e-01
-7.500000000000000000e+01 -9.895287958115185134e+00 1.858299999999999952e-01
-7.500000000000000000e+01 -8.952879581151833577e+00 5.010660000000000114e-01
-7.500000000000000000e+01 -8.010471204188482020e+00 2.355299999999999894e-01
-7.500000000000000000e+01 -7.068062827225130462e+00 3.618699999999999695e-02
-7.500000000000000000e+01 -6.125654450261779793e+00 6.070300000000000001e-02
-7.500000000000000000e+01 -5.183246073298429124e+00 4.566900000000000126e-02
-7.500000000000000000e+01 -4.240837696335078455e+00 2.003299999999999872e-02
-7.500000000000000000e+01 -3.298429319371727786e+00 2.305999999999999890e-03
-7.500000000000000000e+01 -2.356020942408377117e+00 6.376999999999999856e-03
-7.500000000000000000e+01 -1.413612565445026226e+00 5.597000000000000412e-03
-7.500000000000000000e+01 -4.712041884816753901e-01 2.662399999999999836e-02
-7.500000000000000000e+01 4.712041884816753901e-01 2.662399999999999836e-02
-7.500000000000000000e+01 1.413612565445026226e+00 4.957739999999999925e-01
-7.500000000000000000e+01 2.356020942408377117e+00 8.906960000000000433e-01
-7.375000000000000000e+01 -1.460732984293194114e+01 0.000000000000000000e+00
-7.375000000000000000e+01 -1.366492146596859136e+01 1.302490000000000037e-01
-7.375000000000000000e+01 -1.272251308900523981e+01 8.214699999999999780e-02
-7.375000000000000000e+01 -1.178010471204188825e+01 9.988500000000000156e-02
-7.375000000000000000e+01 -1.083769633507853669e+01 9.177899999999999947e-02
-7.375000000000000000e+01 -9.895287958115185134e+00 5.901700000000000002e-02
-7.375000000000000000e+01 -8.952879581151833577e+00 9.774099999999999455e-02
-7.375000000000000000e+01 -8.010471204188482020e+00 1.353959999999999886e-01
-7.375000000000000000e+01 -7.068062827225130462e+00 6.426099999999999868e-02
-7.375000000000000000e+01 -6.125654450261779793e+00 2.464699999999999877e-02
-7.375000000000000000e+01 -5.183246073298429124e+00 7.177999999999999658e-02
-7.375000000000000000e+01 -4.240837696335078455e+00 2.272499999999999867e-02
-7.375000000000000000e+01 -3.298429319371727786e+00 7.262000000000000226e-03
-7.375000000000000000e+01 -2.356020942408377117e+00 5.409999999999999878e-03
-7.375000000000000000e+01 -1.413612565445026226e+00 9.707999999999999963e-02
-7.375000000000000000e+01 -4.712041884816753901e-01 2.467000000000000009e-03
-7.375000000000000000e+01 4.712041884816753901e-01 2.467000000000000009e-03
-7.375000000000000000e+01 1.413612565445026226e+00 4.231700000000000045e-02
-7.250000000000000000e+01 -1.460732984293194114e+01 5.432000000000000196e-03
-7.250000000000000000e+01 -1.366492146596859136e+01 1.374849999999999961e-01
-7.250000000000000000e+01 -1.272251308900523981e+01 1.728590000000000126e-01
-7.250000000000000000e+01 -1.178010471204188825e+01 4.293199999999999794e-02
-7.250000000000000000e+01 -1.083769633507853669e+01 6.879999999999999831e-03
-7.250000000000000000e+01 -9.895287958115185134e+00 0.000000000000000000e+00
-7.250000000000000000e+01 -8.952879581151833577e+00 1.281700000000000027e-02
-7.250000000000000000e+01 -8.010471204188482020e+00 4.710790000000000255e-01
-7.250000000000000000e+01 -7.068062827225130462e+00 2.339410000000000101e-01
-7.250000000000000000e+01 -6.125654450261779793e+00 9.730000000000000151e-04
-7.250000000000000000e+01 -5.183246073298429124e+00 9.737000000000000863e-03
-7.250000000000000000e+01 -4.240837696335078455e+00 1.123389999999999944e-01
-7.250000000000000000e+01 -3.298429319371727786e+00 2.123999999999999846e-02
-7.250000000000000000e+01 -2.356020942408377117e+00 4.780000000000000221e-02
-7.250000000000000000e+01 -1.413612565445026226e+00 8.963000000000000481e-03
-7.250000000000000000e+01 -4.712041884816753901e-01 6.908000000000000078e-03
-7.250000000000000000e+01 4.712041884816753901e-01 6.908000000000000078e-03
-7.250000000000000000e+01 1.413612565445026226e+00 1.060600000000000084e-02
-7.125000000000000000e+01 -1.460732984293194114e+01 9.079900000000000471e-02
-7.125000000000000000e+01 -1.366492146596859136e+01 2.439500000000000002e-02
-7.125000000000000000e+01 -1.272251308900523981e+01 2.143619999999999970e-01
-7.125000000000000000e+01 -1.178010471204188825e+01 5.742999999999999841e-03
-7.125000000000000000e+01 -1.083769633507853669e+01 0.000000000000000000e+00
-7.125000000000000000e+01 -9.895287958115185134e+00 6.791000000000000161e-03
-7.125000000000000000e+01 -8.952879581151833577e+00 1.138689999999999980e-01
-7.125000000000000000e+01 -8.010471204188482020e+00 5.972579999999999556e-01
-7.125000000000000000e+01 -7.068062827225130462e+00 7.674899999999999778e-02
-7.125000000000000000e+01 -6.125654450261779793e+00 4.655000000000000283e-03
-7.125000000000000000e+01 -5.183246073298429124e+00 2.429999999999999977e-04
-7.125000000000000000e+01 -4.240837696335078455e+00 3.212700000000000278e-02
-7.125000000000000000e+01 -3.298429319371727786e+00 1.589999999999999888e-04
-7.125000000000000000e+01 -2.356020942408377117e+00 4.377999999999999947e-02
-7.125000000000000000e+01 -1.413612565445026226e+00 3.592000000000000141e-03
-7.125000000000000000e+01 -4.712041884816753901e-01 0.000000000000000000e+00
-7.125000000000000000e+01 4.712041884816753901e-01 0.000000000000000000e+00
-7.125000000000000000e+01 1.413612565445026226e+00 9.090900000000000369e-02
-7.000000000000000000e+01 -1.366492146596859136e+01 8.952999999999999153e-03
-7.000000000000000000e+01 -1.272251308900523981e+01 3.051530000000000076e-01
-7.000000000000000000e+01 -1.178010471204188825e+01 6.049999999999999822e-02
-7.000000000000000000e+01 -1.083769633507853669e+01 3.369519999999999738e-01
-7.000000000000000000e+01 -9.895287958115185134e+00 1.064999999999999974e-02
-7.000000000000000000e+01 -8.952879581151833577e+00 2.836819999999999897e-01
-7.000000000000000000e+01 -8.010471204188482020e+00 3.914710000000000134e-01
-7.000000000000000000e+01 -7.068062827225130462e+00 3.890199999999999908e-02
-7.000000000000000000e+01 -6.125654450261779793e+00 1.861000000000000024e-03
-7.000000000000000000e+01 -5.183246073298429124e+00 8.040000000000000271e-04
-7.000000000000000000e+01 -4.240837696335078455e+00 1.133040000000000019e-01
-7.000000000000000000e+01 -3.298429319371727786e+00 4.634200000000000125e-02
-7.000000000000000000e+01 -2.356020942408377117e+00 1.576500000000000123e-02
-7.000000000000000000e+01 -1.413612565445026226e+00 3.030800000000000161e-02
-7.000000000000000000e+01 -4.712041884816753901e-01 1.220300000000000031e-02
-7.000000000000000000e+01 4.712041884816753901e-01 1.220300000000000031e-02
-7.000000000000000000e+01 1.413612565445026226e+00 6.983999999999999757e-03
-6.875000000000000000e+01 -1.554973821989529448e+01 1.353999999999999952e-03
-6.875000000000000000e+01 -1.460732984293194114e+01 3.275999999999999746e-02
-6.875000000000000000e+01 -1.366492146596859136e+01 1.647500000000000006e-02
-6.875000000000000000e+01 -1.272251308900523981e+01 1.574540000000000106e-01
-6.875000000000000000e+01 -1.178010471204188825e+01 4.519150000000000111e-01
-6.875000000000000000e+01 -1.083769633507853669e+01 6.487129999999999841e-01
-6.875000000000000000e+01 -9.895287958115185134e+00 1.923360000000000070e-01
-6.875000000000000000e+01 -8.952879581151833577e+00 6.526509999999999811e-01
-6.875000000000000000e+01 -8.010471204188482020e+00 9.450000000000000067e-03
-6.875000000000000000e+01 -7.068062827225130462e+00 2.047999999999999907e-03
-6.875000000000000000e+01 -6.125654450261779793e+00 1.129999999999999928e-03
-6.875000000000000000e+01 -5.183246073298429124e+00 4.840000000000000010e-04
-6.875000000000000000e+01 -4.240837696335078455e+00 4.423999999999999981e-03
-6.875000000000000000e+01 -3.298429319371727786e+00 7.030999999999999923e-03
-6.875000000000000000e+01 -2.356020942408377117e+00 4.833999999999999755e-03
-6.875000000000000000e+01 -1.413612565445026226e+00 7.979999999999999247e-03
-6.875000000000000000e+01 -4.712041884816753901e-01 1.129100000000000069e-02
-6.875000000000000000e+01 4.712041884816753901e-01 1.129100000000000069e-02
-6.875000000000000000e+01 1.413612565445026226e+00 1.477200000000000041e-02
-6.875000000000000000e+01 2.356020942408377117e+00 6.295000000000000248e-03
-6.750000000000000000e+01 -1.649214659685864603e+01 3.524570000000000203e-01
-6.750000000000000000e+01 -1.554973821989529448e+01 3.524570000000000203e-01
-6.750000000000000000e+01 -1.460732984293194114e+01 1.620999999999999941e-01
-6.750000000000000000e+01 -1.366492146596859136e+01 1.341990000000000127e-01
-6.750000000000000000e+01 -1.272251308900523981e+01 2.238899999999999918e-02
-6.750000000000000000e+01 -1.178010471204188825e+01 3.558599999999999958e-02
-6.750000000000000000e+01 -1.083769633507853669e+01 4.082140000000000213e-01
-6.750000000000000000e+01 -9.895287958115185134e+00 8.764520000000000088e-01
-6.750000000000000000e+01 -8.952879581151833577e+00 3.732820000000000027e-01
-6.750000000000000000e+01 -8.010471204188482020e+00 3.036000000000000070e-03
-6.750000000000000000e+01 -7.068062827225130462e+00 8.919999999999999978e-04
-6.750000000000000000e+01 -6.125654450261779793e+00 5.297999999999999758e-03
-6.750000000000000000e+01 -5.183246073298429124e+00 1.128000000000000096e-03
-6.750000000000000000e+01 -4.240837696335078455e+00 8.059999999999999673e-04
-6.750000000000000000e+01 -3.298429319371727786e+00 1.458600000000000001e-02
-6.750000000000000000e+01 -2.356020942408377117e+00 3.310000000000000225e-04
-6.750000000000000000e+01 -1.413612565445026226e+00 8.000000000000000654e-05
-6.750000000000000000e+01 -4.712041884816753901e-01 8.989999999999999511e-04
-6.750000000000000000e+01 4.712041884816753901e-01 8.989999999999999511e-04
-6.750000000000000000e+01 1.413612565445026226e+00 6.081999999999999733e-03
-6.750000000000000000e+01 2.356020942408377117e+00 8.982999999999999666e-03
-6.625000000000000000e+01 -1.837696335078534560e+01 8.382100000000000661e-02
-6.625000000000000000e+01 -1.743455497382199582e+01 2.961460000000000203e-01
-6.625000000000000000e+01 -1.649214659685864603e+01 1.324200000000000030e-02
-6.625000000000000000e+01 -1.554973821989529448e+01 1.324200000000000030e-02
-6.625000000000000000e+01 -1.460732984293194114e+01 1.086999999999999945e-02
-6.625000000000000000e+01 -1.366492146596859136e+01 1.134000000000000025e-03
-6.625000000000000000e+01 -1.272251308900523981e+01 0.000000000000000000e+00
-6.625000000000000000e+01 -1.178010471204188825e+01 1.010299999999999913e-02
-6.625000000000000000e+01 -1.083769633507853669e+01 1.563539999999999930e-01
-6.625000000000000000e+01 -9.895287958115185134e+00 3.172309999999999852e-01
-6.625000000000000000e+01 -8.952879581151833577e+00 2.298419999999999908e-01
-6.625000000000000000e+01 -8.010471204188482020e+00 1.131000000000000061e-02
-6.625000000000000000e+01 -7.068062827225130462e+00 8.109999999999999805e-04
-6.625000000000000000e+01 -6.125654450261779793e+00 1.610000000000000103e-04
-6.625000000000000000e+01 -5.183246073298429124e+00 3.260000000000000094e-04
-6.625000000000000000e+01 -4.240837696335078455e+00 3.536000000000000081e-03
-6.625000000000000000e+01 -3.298429319371727786e+00 1.443799999999999945e-02
-6.625000000000000000e+01 -2.356020942408377117e+00 6.283999999999999655e-03
-6.625000000000000000e+01 -1.413612565445026226e+00 0.000000000000000000e+00
-6.625000000000000000e+01 -4.712041884816753901e-01 2.425000000000000072e-03
-6.625000000000000000e+01 4.712041884816753901e-01 2.425000000000000072e-03
-6.625000000000000000e+01 1.413612565445026226e+00 8.263900000000000412e-02
-6.625000000000000000e+01 2.356020942408377117e+00 6.920099999999999862e-02
-6.500000000000000000e+01 -1.837696335078534560e+01 2.827599999999999905e-02
-6.500000000000000000e+01 -1.743455497382199582e+01 5.282379999999999853e-01
-6.500000000000000000e+01 -1.649214659685864603e+01 4.906800000000000050e-02
-6.500000000000000000e+01 -1.554973821989529448e+01 4.906800000000000050e-02
-6.500000000000000000e+01 -1.460732984293194114e+01 9.374999999999999653e-03
-6.500000000000000000e+01 -1.366492146596859136e+01 4.837000000000000154e-03
-6.500000000000000000e+01 -1.272251308900523981e+01 1.992999999999999980e-03
-6.500000000000000000e+01 -1.178010471204188825e+01 5.008399999999999658e-02
-6.500000000000000000e+01 -1.083769633507853669e+01 3.024959999999999871e-01
-6.500000000000000000e+01 -9.895287958115185134e+00 7.245549999999999491e-01
-6.500000000000000000e+01 -8.952879581151833577e+00 3.830160000000000231e-01
-6.500000000000000000e+01 -8.010471204188482020e+00 9.446999999999999842e-02
-6.500000000000000000e+01 -7.068062827225130462e+00 1.226129999999999998e-01
-6.500000000000000000e+01 -6.125654450261779793e+00 1.147999999999999932e-03
-6.500000000000000000e+01 -5.183246073298429124e+00 3.954599999999999782e-02
-6.500000000000000000e+01 -4.240837696335078455e+00 5.953599999999999864e-02
-6.500000000000000000e+01 -3.298429319371727786e+00 1.022689999999999988e-01
-6.500000000000000000e+01 -2.356020942408377117e+00 4.329999999999999648e-03
-6.500000000000000000e+01 -1.413612565445026226e+00 1.791999999999999973e-03
-6.500000000000000000e+01 -4.712041884816753901e-01 8.082999999999999907e-03
-6.500000000000000000e+01 4.712041884816753901e-01 8.082999999999999907e-03
-6.500000000000000000e+01 1.413612565445026226e+00 2.658999999999999905e-03
-6.375000000000000000e+01 -2.026178010471204516e+01 5.000000000000000000e-01
-6.375000000000000000e+01 -1.931937172774869538e+01 3.010869999999999935e-01
-6.375000000000000000e+01 -1.837696335078534560e+01 1.937750000000000028e-01
-6.375000000000000000e+01 -1.743455497382199582e+01 6.308009999999999451e-01
-6.375000000000000000e+01 -1.649214659685864603e+01 7.041000000000000036e-02
-6.375000000000000000e+01 -1.554973821989529448e+01 7.041000000000000036e-02
-6.375000000000000000e+01 -1.460732984293194114e+01 3.484299999999999897e-02
-6.375000000000000000e+01 -1.366492146596859136e+01 3.468999999999999861e-03
-6.375000000000000000e+01 -1.272251308900523981e+01 6.186999999999999791e-03
-6.375000000000000000e+01 -1.178010471204188825e+01 6.014420000000000321e-01
-6.375000000000000000e+01 -1.083769633507853669e+01 1.039029999999999954e-01
-6.375000000000000000e+01 -9.895287958115185134e+00 6.536720000000000308e-01
-6.375000000000000000e+01 -8.952879581151833577e+00 8.811170000000000391e-01
-6.375000000000000000e+01 -8.010471204188482020e+00 5.856879999999999864e-01
-6.375000000000000000e+01 -7.068062827225130462e+00 1.628809999999999980e-01
-6.375000000000000000e+01 -6.125654450261779793e+00 4.970999999999999724e-03
-6.375000000000000000e+01 -5.183246073298429124e+00 3.832699999999999996e-02
-6.375000000000000000e+01 -4.240837696335078455e+00 1.609730000000000050e-01
-6.375000000000000000e+01 -3.298429319371727786e+00 1.724000000000000055e-03
-6.375000000000000000e+01 -2.356020942408377117e+00 3.249999999999999851e-04
-6.375000000000000000e+01 -1.413612565445026226e+00 3.240000000000000150e-04
-6.375000000000000000e+01 -4.712041884816753901e-01 1.828999999999999897e-03
-6.375000000000000000e+01 4.712041884816753901e-01 1.828999999999999897e-03
-6.375000000000000000e+01 1.413612565445026226e+00 0.000000000000000000e+00
-6.375000000000000000e+01 3.298429319371727786e+00 1.968100000000000058e-02
-6.250000000000000000e+01 -1.931937172774869538e+01 4.025650000000000062e-01
-6.250000000000000000e+01 -1.837696335078534560e+01 7.224310000000000453e-01
-6.250000000000000000e+01 -1.743455497382199582e+01 8.382439999999999891e-01
-6.250000000000000000e+01 -1.649214659685864603e+01 1.628290000000000015e-01
-6.250000000000000000e+01 -1.554973821989529448e+01 1.628290000000000015e-01
-6.250000000000000000e+01 -1.460732984293194114e+01 9.282999999999999585e-03
-6.250000000000000000e+01 -1.366492146596859136e+01 2.263999999999999953e-03
-6.250000000000000000e+01 -1.272251308900523981e+01 2.093499999999999875e-02
-6.250000000000000000e+01 -1.178010471204188825e+01 5.929619999999999891e-01
-6.250000000000000000e+01 -1.083769633507853669e+01 4.672100000000000142e-01
-6.250000000000000000e+01 -9.895287958115185134e+00 9.840940000000000243e-01
-6.250000000000000000e+01 -8.952879581151833577e+00 6.139040000000000052e-01
-6.250000000000000000e+01 -8.010471204188482020e+00 4.720809999999999729e-01
-6.250000000000000000e+01 -7.068062827225130462e+00 7.686460000000000514e-01
-6.250000000000000000e+01 -6.125654450261779793e+00 2.545649999999999857e-01
-6.250000000000000000e+01 -5.183246073298429124e+00 2.396000000000000126e-03
-6.250000000000000000e+01 -4.240837696335078455e+00 2.480219999999999925e-01
-6.250000000000000000e+01 -3.298429319371727786e+00 1.819099999999999884e-02
-6.250000000000000000e+01 -2.356020942408377117e+00 1.056999999999999997e-03
-6.250000000000000000e+01 -1.413612565445026226e+00 1.014700000000000046e-01
-6.250000000000000000e+01 -4.712041884816753901e-01 6.509999999999999945e-04
-6.250000000000000000e+01 4.712041884816753901e-01 6.509999999999999945e-04
-6.250000000000000000e+01 1.413612565445026226e+00 2.710999999999999868e-03
-6.250000000000000000e+01 2.356020942408377117e+00 7.765000000000000201e-03
-6.250000000000000000e+01 3.298429319371727786e+00 0.000000000000000000e+00
-6.125000000000000000e+01 -1.837696335078534560e+01 2.048300000000000121e-01
-6.125000000000000000e+01 -1.743455497382199582e+01 3.292149999999999799e-01
-6.125000000000000000e+01 -1.649214659685864603e+01 3.420429999999999859e-01
-6.125000000000000000e+01 -1.554973821989529448e+01 3.420429999999999859e-01
-6.125000000000000000e+01 -1.460732984293194114e+01 6.698500000000000287e-02
-6.125000000000000000e+01 -1.366492146596859136e+01 7.309899999999999731e-02
-6.125000000000000000e+01 -1.272251308900523981e+01 7.294720000000000093e-01
-6.125000000000000000e+01 -1.178010471204188825e+01 8.153129999999999544e-01
-6.125000000000000000e+01 -1.083769633507853669e+01 5.311669999999999447e-01
-6.125000000000000000e+01 -9.895287958115185134e+00 6.091579999999999773e-01
-6.125000000000000000e+01 -8.952879581151833577e+00 3.376580000000000137e-01
-6.125000000000000000e+01 -8.010471204188482020e+00 2.706370000000000164e-01
-6.125000000000000000e+01 -7.068062827225130462e+00 1.110040000000000054e-01
-6.125000000000000000e+01 -6.125654450261779793e+00 1.929539999999999866e-01
-6.125000000000000000e+01 -5.183246073298429124e+00 1.395460000000000034e-01
-6.125000000000000000e+01 -4.240837696335078455e+00 4.403159999999999852e-01
-6.125000000000000000e+01 -3.298429319371727786e+00 4.554019999999999735e-01
-6.125000000000000000e+01 -2.356020942408377117e+00 7.990000000000000574e-03
-6.125000000000000000e+01 -1.413612565445026226e+00 5.745499999999999913e-02
-6.125000000000000000e+01 -4.712041884816753901e-01 2.463470000000000104e-01
-6.125000000000000000e+01 4.712041884816753901e-01 2.463470000000000104e-01
-6.125000000000000000e+01 1.413612565445026226e+00 3.457089999999999885e-01
-6.125000000000000000e+01 2.356020942408377117e+00 8.077649999999999553e-01
-6.125000000000000000e+01 3.298429319371727786e+00 2.848049999999999748e-01
-6.125000000000000000e+01 4.240837696335078455e+00 1.078699999999999937e-01
-6.000000000000000000e+01 -1.554973821989529448e+01 1.507729999999999904e-01
-6.000000000000000000e+01 -1.460732984293194114e+01 4.533949999999999925e-01
-6.000000000000000000e+01 -1.366492146596859136e+01 6.135659999999999448e-01
-6.000000000000000000e+01 -1.272251308900523981e+01 5.010409999999999586e-01
-6.000000000000000000e+01 -1.178010471204188825e+01 1.802259999999999973e-01
-6.000000000000000000e+01 -1.083769633507853669e+01 4.271199999999999997e-02
-6.000000000000000000e+01 -9.895287958115185134e+00 4.200860000000000150e-01
-6.000000000000000000e+01 -8.952879581151833577e+00 2.498009999999999953e-01
-6.000000000000000000e+01 -8.010471204188482020e+00 4.640400000000000080e-02
-6.000000000000000000e+01 -7.068062827225130462e+00 5.129019999999999690e-01
-6.000000000000000000e+01 -6.125654450261779793e+00 2.056240000000000012e-01
-6.000000000000000000e+01 -5.183246073298429124e+00 2.056379999999999875e-01
-6.000000000000000000e+01 -4.240837696335078455e+00 5.894810000000000327e-01
-6.000000000000000000e+01 -3.298429319371727786e+00 8.673980000000000024e-01
-6.000000000000000000e+01 -2.356020942408377117e+00 8.810780000000000278e-01
-6.000000000000000000e+01 -1.413612565445026226e+00 3.459160000000000013e-01
-6.000000000000000000e+01 -4.712041884816753901e-01 8.554000000000000492e-02
-6.000000000000000000e+01 4.712041884816753901e-01 8.554000000000000492e-02
-6.000000000000000000e+01 1.413612565445026226e+00 7.792480000000000517e-01
-6.000000000000000000e+01 2.356020942408377117e+00 3.984429999999999916e-01
-6.000000000000000000e+01 3.298429319371727786e+00 1.314359999999999973e-01
-6.000000000000000000e+01 4.240837696335078455e+00 1.422400000000000053e-02
-6.000000000000000000e+01 5.183246073298429124e+00 1.603999999999999870e-02
-5.875000000000000000e+01 -1.366492146596859136e+01 6.041400000000000242e-02
-5.875000000000000000e+01 -1.272251308900523981e+01 1.048400000000000026e-02
-5.875000000000000000e+01 -1.178010471204188825e+01 2.734509999999999996e-01
-5.875000000000000000e+01 -1.083769633507853669e+01 7.328829999999999512e-01
-5.875000000000000000e+01 -9.895287958115185134e+00 8.168879999999999475e-01
-5.875000000000000000e+01 -8.952879581151833577e+00 3.041579999999999839e-01
-5.875000000000000000e+01 -8.010471204188482020e+00 1.796599999999999933e-02
-5.875000000000000000e+01 -7.068062827225130462e+00 3.255140000000000255e-01
-5.875000000000000000e+01 -6.125654450261779793e+00 2.243900000000000061e-02
-5.875000000000000000e+01 -5.183246073298429124e+00 4.754000000000000413e-03
-5.875000000000000000e+01 -4.240837696335078455e+00 3.536270000000000246e-01
-5.875000000000000000e+01 -3.298429319371727786e+00 8.317080000000000028e-01
-5.875000000000000000e+01 -2.356020942408377117e+00 2.865119999999999889e-01
-5.875000000000000000e+01 -1.413612565445026226e+00 2.454100000000000031e-02
-5.875000000000000000e+01 -4.712041884816753901e-01 5.401999999999999684e-03
-5.875000000000000000e+01 4.712041884816753901e-01 5.401999999999999684e-03
-5.750000000000000000e+01 -1.366492146596859136e+01 6.058600000000000096e-02
-5.750000000000000000e+01 -1.272251308900523981e+01 9.126199999999999590e-02
-5.750000000000000000e+01 -1.178010471204188825e+01 6.760000000000000453e-01
-5.750000000000000000e+01 -1.083769633507853669e+01 6.106449999999999934e-01
-5.750000000000000000e+01 -9.895287958115185134e+00 8.682360000000000078e-01
-5.750000000000000000e+01 -8.952879581151833577e+00 2.729880000000000084e-01
-5.750000000000000000e+01 -8.010471204188482020e+00 2.391909999999999870e-01
-5.750000000000000000e+01 -7.068062827225130462e+00 1.854499999999999899e-02
-5.750000000000000000e+01 -6.125654450261779793e+00 3.106889999999999930e-01
-5.750000000000000000e+01 -5.183246073298429124e+00 6.259199999999999486e-02
-5.750000000000000000e+01 -4.240837696335078455e+00 1.343090000000000117e-01
-5.750000000000000000e+01 -3.298429319371727786e+00 4.925140000000000073e-01
-5.750000000000000000e+01 -2.356020942408377117e+00 1.148320000000000035e-01
-5.750000000000000000e+01 -1.413612565445026226e+00 1.929000000000000159e-02
-5.750000000000000000e+01 -4.712041884816753901e-01 9.219800000000000217e-02
-5.750000000000000000e+01 4.712041884816753901e-01 9.219800000000000217e-02
-5.750000000000000000e+01 1.413612565445026226e+00 1.561379999999999990e-01
-5.625000000000000000e+01 -1.366492146596859136e+01 4.270090000000000274e-01
-5.625000000000000000e+01 -1.272251308900523981e+01 3.845040000000000124e-01
-5.625000000000000000e+01 -1.178010471204188825e+01 8.405059999999999754e-01
-5.625000000000000000e+01 -1.083769633507853669e+01 6.486180000000000279e-01
-5.625000000000000000e+01 -9.895287958115185134e+00 9.872769999999999602e-01
-5.625000000000000000e+01 -8.952879581151833577e+00 1.493649999999999978e-01
-5.625000000000000000e+01 -8.010471204188482020e+00 1.260360000000000091e-01
-5.625000000000000000e+01 -7.068062827225130462e+00 3.586230000000000251e-01
-5.625000000000000000e+01 -6.125654450261779793e+00 4.237580000000000235e-01
-5.625000000000000000e+01 -5.183246073298429124e+00 5.480930000000000524e-01
-5.625000000000000000e+01 -4.240837696335078455e+00 5.117119999999999447e-01
-5.625000000000000000e+01 -3.298429319371727786e+00 2.749099999999999877e-01
-5.625000000000000000e+01 -2.356020942408377117e+00 4.636379999999999946e-01
-5.625000000000000000e+01 -1.413612565445026226e+00 9.197199999999999820e-02
-5.625000000000000000e+01 -4.712041884816753901e-01 3.917000000000000343e-03
-5.625000000000000000e+01 4.712041884816753901e-01 3.917000000000000343e-03
-5.625000000000000000e+01 1.413612565445026226e+00 0.000000000000000000e+00
-5.500000000000000000e+01 -1.460732984293194114e+01 1.879859999999999864e-01
-5.500000000000000000e+01 -1.366492146596859136e+01 6.160800000000000304e-02
-5.500000000000000000e+01 -1.272251308900523981e+01 6.373189999999999689e-01
-5.500000000000000000e+01 -1.178010471204188825e+01 9.202810000000000157e-01
-5.500000000000000000e+01 -1.083769633507853669e+01 9.385740000000000194e-01
-5.500000000000000000e+01 -9.895287958115185134e+00 9.210150000000000281e-01
-5.500000000000000000e+01 -8.952879581151833577e+00 3.267650000000000277e-01
-5.500000000000000000e+01 -8.010471204188482020e+00 6.730159999999999476e-01
-5.500000000000000000e+01 -7.068062827225130462e+00 4.540790000000000104e-01
-5.500000000000000000e+01 -6.125654450261779793e+00 2.647320000000000229e-01
-5.500000000000000000e+01 -5.183246073298429124e+00 1.936569999999999958e-01
-5.500000000000000000e+01 -4.240837696335078455e+00 6.881939999999999724e-01
-5.500000000000000000e+01 -3.298429319371727786e+00 7.303640000000000132e-01
-5.500000000000000000e+01 -2.356020942408377117e+00 6.879129999999999967e-01
-5.500000000000000000e+01 -1.413612565445026226e+00 1.834520000000000040e-01
-5.500000000000000000e+01 -4.712041884816753901e-01 3.220000000000000206e-04
-5.500000000000000000e+01 4.712041884816753901e-01 3.220000000000000206e-04
-5.500000000000000000e+01 1.413612565445026226e+00 2.420000000000000005e-04
-5.500000000000000000e+01 2.356020942408377117e+00 4.771000000000000067e-03
-5.375000000000000000e+01 -1.460732984293194114e+01 3.426999999999999925e-03
-5.375000000000000000e+01 -1.366492146596859136e+01 5.801400000000000307e-02
-5.375000000000000000e+01 -1.272251308900523981e+01 4.761520000000000197e-01
-5.375000000000000000e+01 -1.178010471204188825e+01 3.525639999999999885e-01
-5.375000000000000000e+01 -1.083769633507853669e+01 6.307399999999999674e-01
-5.375000000000000000e+01 -9.895287958115185134e+00 6.506690000000000529e-01
-5.375000000000000000e+01 -8.952879581151833577e+00 7.661900000000000654e-02
-5.375000000000000000e+01 -8.010471204188482020e+00 4.000000000000000192e-04
-5.375000000000000000e+01 -7.068062827225130462e+00 2.272760000000000058e-01
-5.375000000000000000e+01 -6.125654450261779793e+00 3.162989999999999968e-01
-5.375000000000000000e+01 -5.183246073298429124e+00 5.054790000000000116e-01
-5.375000000000000000e+01 -4.240837696335078455e+00 6.236979999999999746e-01
-5.375000000000000000e+01 -3.298429319371727786e+00 8.629120000000000124e-01
-5.375000000000000000e+01 -2.356020942408377117e+00 5.831030000000000380e-01
-5.375000000000000000e+01 -1.413612565445026226e+00 4.494420000000000082e-01
-5.375000000000000000e+01 -4.712041884816753901e-01 1.488260000000000138e-01
-5.375000000000000000e+01 4.712041884816753901e-01 1.488260000000000138e-01
-5.375000000000000000e+01 1.413612565445026226e+00 4.544569999999999999e-01
-5.375000000000000000e+01 2.356020942408377117e+00 9.054800000000000348e-02
-5.250000000000000000e+01 -1.366492146596859136e+01 1.417599999999999937e-02
-5.250000000000000000e+01 -1.272251308900523981e+01 3.697250000000000258e-01
-5.250000000000000000e+01 -1.178010471204188825e+01 2.068989999999999996e-01
-5.250000000000000000e+01 -1.083769633507853669e+01 3.756109999999999727e-01
-5.250000000000000000e+01 -9.895287958115185134e+00 2.303719999999999934e-01
-5.250000000000000000e+01 -8.952879581151833577e+00 1.286600000000000070e-02
-5.250000000000000000e+01 -8.010471204188482020e+00 7.091300000000000381e-02
-5.250000000000000000e+01 -7.068062827225130462e+00 6.100269999999999859e-01
-5.250000000000000000e+01 -6.125654450261779793e+00 6.966539999999999955e-01
-5.250000000000000000e+01 -5.183246073298429124e+00 1.169690000000000035e-01
-5.250000000000000000e+01 -4.240837696335078455e+00 3.234279999999999933e-01
-5.250000000000000000e+01 -3.298429319371727786e+00 7.915339999999999598e-01
-5.250000000000000000e+01 -2.356020942408377117e+00 3.041240000000000054e-01
-5.250000000000000000e+01 -1.413612565445026226e+00 8.513519999999999976e-01
-5.250000000000000000e+01 -4.712041884816753901e-01 3.703790000000000138e-01
-5.250000000000000000e+01 4.712041884816753901e-01 3.703790000000000138e-01
-5.125000000000000000e+01 -8.952879581151833577e+00 8.260269999999999557e-01
-5.125000000000000000e+01 -8.010471204188482020e+00 5.472550000000000470e-01
-5.125000000000000000e+01 -7.068062827225130462e+00 6.798680000000000279e-01
-5.125000000000000000e+01 -5.183246073298429124e+00 4.561540000000000039e-01
-5.125000000000000000e+01 -4.240837696335078455e+00 6.712650000000000006e-01
-5.125000000000000000e+01 -3.298429319371727786e+00 9.787670000000000536e-01
-5.125000000000000000e+01 -2.356020942408377117e+00 7.626140000000000141e-01
-5.000000000000000000e+01 -3.298429319371727786e+00 9.429220000000000379e-01
