-7.875000000000000000e+01 -6.125654450261779793e+00 4.857850000000000223e-01
-7.875000000000000000e+01 -5.183246073298429124e+00 1.627629999999999910e-01
-7.875000000000000000e+01 -4.240837696335078455e+00 1.710289999999999866e-01
-7.875000000000000000e+01 -3.298429319371727786e+00 2.777580000000000049e-01
-7.875000000000000000e+01 -2.356020942408377117e+00 0.000000000000000000e+00
-7.875000000000000000e+01 -1.413612565445026226e+00 0.000000000000000000e+00
-7.750000000000000000e+01 -8.952879581151833577e+00 1.875680000000000125e-01
-7.750000000000000000e+01 -8.010471204188482020e+00 1.435049999999999937e-01
-7.750000000000000000e+01 -7.068062827225130462e+00 2.791620000000000212e-01
-7.750000000000000000e+01 -6.125654450261779793e+00 3.796149999999999802e-01
-7.750000000000000000e+01 -5.183246073298429124e+00 4.257199999999999873e-02
-7.750000000000000000e+01 -4.240837696335078455e+00 2.239299999999999971e-02
-7.750000000000000000e+01 -3.298429319371727786e+00 1.302609999999999879e-01
-7.750000000000000000e+01 -2.356020942408377117e+00 9.646200000000000607e-02
-7.750000000000000000e+01 -1.413612565445026226e+00 1.785460000000000103e-01
-7.750000000000000000e+01 -4.712041884816753901e-01 1.838210000000000122e-01
-7.750000000000000000e+01 4.712041884816753901e-01 1.838210000000000122e-01
-7.625000000000000000e+01 -1.083769633507853669e+01 5.349199999999999788e-02
-7.625000000000000000e+01 -9.895287958115185134e+00 1.200750000000000012e-01
-7.625000000000000000e+01 -8.952879581151833577e+00 2.616120000000000112e-01
-7.625000000000000000e+01 -8.010471204188482020e+00 7.391200000000000547e-02
-7.625000000000000000e+01 -7.068062827225130462e+00 1.708020000000000094e-01
-7.625000000000000000e+01 -6.125654450261779793e+00 1.636680000000000079e-01
-7.625000000000000000e+01 -5.183246073298429124e+00 4.002700000000000008e-02
-7.625000000000000000e+01 -4.240837696335078455e+00 1.472000000000000001e-03
-7.625000000000000000e+01 -3.298429319371727786e+00 3.983000000000000429e-03
-7.625000000000000000e+01 -2.356020942408377117e+00 2.553000000000000148e-03
-7.625000000000000000e+01 -1.413612565445026226e+00 2.611000000000000040e-03
-7.625000000000000000e+01 -4.712041884816753901e-01 2.463500000000000065e-02
-7.625000000000000000e+01 4.712041884816753901e-01 2.463500000000000065e-02
-7.625000000000000000e+01 1.413612565445026226e+00 4.281460000000000266e-01
-7.500000000000000000e+01 -1.366492146596859136e+01 7.814200000000000312e-02
-7.500000000000000000e+01 -1.272251308900523981e+01 1.417779999999999874e-01
-7.500000000000000000e+01 -1.178010471204188825e+01 1.237540000000000029e-01
-7.500000000000000000e+01 -1.083769633507853669e+01 2.575279999999999792e-01
-7.500000000000000000e+01 -9.895287958115185134e+00 1.167929999999999940e-01
-7.500000000000000000e+01 -8.952879581151833577e+00 2.382319999999999993e-01
-7.500000000000000000e+01 -8.010471204188482020e+00 1.602999999999999980e-01
-7.500000000000000000e+01 -7.068062827225130462e+00 3.468899999999999761e-02
-7.500000000000000000e+01 -6.125654450261779793e+00 6.070300000000000001e-02
-7.500000000000000000e+01 -5.183246073298429124e+00 4.566900000000000126e-02
-7.500000000000000000e+01 -4.240837696335078455e+00 2.003299999999999872e-02
-7.500000000000000000e+01 -3.298429319371727786e+00 2.305999999999999890e-03
-7.500000000000000000e+01 -2.356020942408377117e+00 6.376999999999999856e-03
-7.500000000000000000e+01 -1.413612565445026226e+00 5.597000000000000412e-03
-7.500000000000000000e+01 -4.712041884816753901e-01 2.222800000000000123e-02
-7.500000000000000000e+01 4.712041884816753901e-01 2.222800000000000123e-02
-7.500000000000000000e+01 1.413612565445026226e+00 3.822329999999999894e-01
-7.500000000000000000e+01 2.356020942408377117e+00 6.005679999999999907e-01
-7.375000000000000000e+01 -1.460732984293194114e+01 0.000000000000000000e+00
-7.375000000000000000e+01 -1.366492146596859136e+01 1.302490000000000037e-01
-7.375000000000000000e+01 -1.272251308900523981e+01 7.846499999999999309e-02
-7.375000000000000000e+01 -1.178010471204188825e+01 9.292000000000000259e-02
-7.375000000000000000e+01 -1.083769633507853669e+01 7.122599999999999765e-02
-7.375000000000000000e+01 -9.895287958115185134e+00 5.654499999999999804e-02
-7.375000000000000000e+01 -8.952879581151833577e+00 6.778199999999999503e-02
-7.375000000000000000e+01 -8.010471204188482020e+00 4.443600000000000327e-02
-7.375000000000000000e+01 -7.068062827225130462e+00 9.365999999999999326e-03
-7.375000000000000000e+01 -6.125654450261779793e+00 2.464699999999999877e-02
-7.375000000000000000e+01 -5.183246073298429124e+00 7.177999999999999658e-02
-7.375000000000000000e+01 -4.240837696335078455e+00 2.272499999999999867e-02
-7.375000000000000000e+01 -3.298429319371727786e+00 7.262000000000000226e-03
-7.375000000000000000e+01 -2.356020942408377117e+00 5.327000000000000138e-03
-7.375000000000000000e+01 -1.413612565445026226e+00 1.251299999999999982e-02
-7.375000000000000000e+01 -4.712041884816753901e-01 2.467000000000000009e-03
-7.375000000000000000e+01 4.712041884816753901e-01 2.467000000000000009e-03
-7.375000000000000000e+01 1.413612565445026226e+00 3.635300000000000337e-02
-7.250000000000000000e+01 -1.460732984293194114e+01 5.432000000000000196e-03
-7.250000000000000000e+01 -1.366492146596859136e+01 1.374849999999999961e-01
-7.250000000000000000e+01 -1.272251308900523981e+01 1.568890000000000007e-01
-7.250000000000000000e+01 -1.178010471204188825e+01 4.293199999999999794e-02
-7.250000000000000000e+01 -1.083769633507853669e+01 6.879999999999999831e-03
-7.250000000000000000e+01 -9.895287958115185134e+00 0.000000000000000000e+00
-7.250000000000000000e+01 -8.952879581151833577e+00 9.388999999999999777e-03
-7.250000000000000000e+01 -8.010471204188482020e+00 1.335870000000000113e-01
-7.250000000000000000e+01 -7.068062827225130462e+00 3.750499999999999667e-02
-7.250000000000000000e+01 -6.125654450261779793e+00 9.730000000000000151e-04
-7.250000000000000000e+01 -5.183246073298429124e+00 9.737000000000000863e-03
-7.250000000000000000e+01 -4.240837696335078455e+00 1.123389999999999944e-01
-7.250000000000000000e+01 -3.298429319371727786e+00 2.123999999999999846e-02
-7.250000000000000000e+01 -2.356020942408377117e+00 7.690999999999999920e-03
-7.250000000000000000e+01 -1.413612565445026226e+00 1.727000000000000019e-03
-7.250000000000000000e+01 -4.712041884816753901e-01 6.908000000000000078e-03
-7.250000000000000000e+01 4.712041884816753901e-01 6.908000000000000078e-03
-7.250000000000000000e+01 1.413612565445026226e+00 1.020399999999999953e-02
-7.125000000000000000e+01 -1.460732984293194114e+01 9.079900000000000471e-02
-7.125000000000000000e+01 -1.366492146596859136e+01 2.439500000000000002e-02
-7.125000000000000000e+01 -1.272251308900523981e+01 3.995699999999999946e-02
-7.125000000000000000e+01 -1.178010471204188825e+01 0.000000000000000000e+00
-7.125000000000000000e+01 -1.083769633507853669e+01 0.000000000000000000e+00
-7.125000000000000000e+01 -9.895287958115185134e+00 6.791000000000000161e-03
-7.125000000000000000e+01 -8.952879581151833577e+00 2.311399999999999913e-02
-7.125000000000000000e+01 -8.010471204188482020e+00 9.980899999999999495e-02
-7.125000000000000000e+01 -7.068062827225130462e+00 3.642999999999999971e-03
-7.125000000000000000e+01 -6.125654450261779793e+00 4.655000000000000283e-03
-7.125000000000000000e+01 -5.183246073298429124e+00 2.429999999999999977e-04
-7.125000000000000000e+01 -4.240837696335078455e+00 1.695299999999999932e-02
-7.125000000000000000e+01 -3.298429319371727786e+00 1.589999999999999888e-04
-7.125000000000000000e+01 -2.356020942408377117e+00 8.004999999999999963e-03
-7.125000000000000000e+01 -1.413612565445026226e+00 3.510000000000000099e-03
-7.125000000000000000e+01 -4.712041884816753901e-01 0.000000000000000000e+00
-7.125000000000000000e+01 4.712041884816753901e-01 0.000000000000000000e+00
-7.125000000000000000e+01 1.413612565445026226e+00 1.330199999999999959e-02
-7.000000000000000000e+01 -1.366492146596859136e+01 8.580000000000000820e-03
-7.000000000000000000e+01 -1.272251308900523981e+01 4.164199999999999846e-02
-7.000000000000000000e+01 -1.178010471204188825e+01 0.000000000000000000e+00
-7.000000000000000000e+01 -1.083769633507853669e+01 5.819900000000000073e-02
-7.000000000000000000e+01 -9.895287958115185134e+00 3.200000000000000262e-04
-7.000000000000000000e+01 -8.952879581151833577e+00 1.130199999999999955e-02
-7.000000000000000000e+01 -8.010471204188482020e+00 6.368200000000000249e-02
-7.000000000000000000e+01 -7.068062827225130462e+00 2.868199999999999916e-02
-7.000000000000000000e+01 -6.125654450261779793e+00 1.861000000000000024e-03
-7.000000000000000000e+01 -5.183246073298429124e+00 8.040000000000000271e-04
-7.000000000000000000e+01 -4.240837696335078455e+00 5.295699999999999713e-02
-7.000000000000000000e+01 -3.298429319371727786e+00 1.193299999999999916e-02
-7.000000000000000000e+01 -2.356020942408377117e+00 2.801000000000000104e-03
-7.000000000000000000e+01 -1.413612565445026226e+00 8.054000000000000395e-03
-7.000000000000000000e+01 -4.712041884816753901e-01 1.220300000000000031e-02
-7.000000000000000000e+01 4.712041884816753901e-01 1.220300000000000031e-02
-7.000000000000000000e+01 1.413612565445026226e+00 3.248000000000000019e-03
-6.875000000000000000e+01 -1.554973821989529448e+01 6.769999999999999759e-04
-6.875000000000000000e+01 -1.460732984293194114e+01 1.912000000000000158e-02
-6.875000000000000000e+01 -1.366492146596859136e+01 3.651999999999999864e-03
-6.875000000000000000e+01 -1.272251308900523981e+01 5.930200000000000055e-02
-6.875000000000000000e+01 -1.178010471204188825e+01 9.115900000000000392e-02
-6.875000000000000000e+01 -1.083769633507853669e+01 2.809479999999999755e-01
-6.875000000000000000e+01 -9.895287958115185134e+00 2.166699999999999876e-02
-6.875000000000000000e+01 -8.952879581151833577e+00 8.246100000000000652e-02
-6.875000000000000000e+01 -8.010471204188482020e+00 3.200000000000000262e-04
-6.875000000000000000e+01 -7.068062827225130462e+00 2.047999999999999907e-03
-6.875000000000000000e+01 -6.125654450261779793e+00 1.129999999999999928e-03
-6.875000000000000000e+01 -5.183246073298429124e+00 4.840000000000000010e-04
-6.875000000000000000e+01 -4.240837696335078455e+00 4.423999999999999981e-03
-6.875000000000000000e+01 -3.298429319371727786e+00 7.030999999999999923e-03
-6.875000000000000000e+01 -2.356020942408377117e+00 6.549999999999999833e-04
-6.875000000000000000e+01 -1.413612565445026226e+00 1.531999999999999942e-03
-6.875000000000000000e+01 -4.712041884816753901e-01 1.129100000000000069e-02
-6.875000000000000000e+01 4.712041884816753901e-01 1.129100000000000069e-02
-6.875000000000000000e+01 1.413612565445026226e+00 1.150699999999999987e-02
-6.875000000000000000e+01 2.356020942408377117e+00 6.131000000000000165e-03
-6.750000000000000000e+01 -1.649214659685864603e+01 1.247309999999999947e-01
-6.750000000000000000e+01 -1.554973821989529448e+01 1.247309999999999947e-01
-6.750000000000000000e+01 -1.460732984293194114e+01 3.276699999999999752e-02
-6.750000000000000000e+01 -1.366492146596859136e+01 3.245399999999999674e-02
-6.750000000000000000e+01 -1.272251308900523981e+01 5.739000000000000178e-03
-6.750000000000000000e+01 -1.178010471204188825e+01 1.366200000000000053e-02
-6.750000000000000000e+01 -1.083769633507853669e+01 1.568839999999999957e-01
-6.750000000000000000e+01 -9.895287958115185134e+00 5.156359999999999832e-01
-6.750000000000000000e+01 -8.952879581151833577e+00 4.634499999999999731e-02
-6.750000000000000000e+01 -8.010471204188482020e+00 9.590000000000000000e-04
-6.750000000000000000e+01 -7.068062827225130462e+00 8.919999999999999978e-04
-6.750000000000000000e+01 -6.125654450261779793e+00 5.134999999999999808e-03
-6.750000000000000000e+01 -5.183246073298429124e+00 1.128000000000000096e-03
-6.750000000000000000e+01 -4.240837696335078455e+00 8.059999999999999673e-04
-6.750000000000000000e+01 -3.298429319371727786e+00 1.389100000000000057e-02
-6.750000000000000000e+01 -2.356020942408377117e+00 3.310000000000000225e-04
-6.750000000000000000e+01 -1.413612565445026226e+00 8.000000000000000654e-05
-6.750000000000000000e+01 -4.712041884816753901e-01 8.989999999999999511e-04
-6.750000000000000000e+01 4.712041884816753901e-01 8.989999999999999511e-04
-6.750000000000000000e+01 1.413612565445026226e+00 6.081999999999999733e-03
-6.750000000000000000e+01 2.356020942408377117e+00 7.219999999999999855e-04
-6.625000000000000000e+01 -1.837696335078534560e+01 8.382100000000000661e-02
-6.625000000000000000e+01 -1.743455497382199582e+01 1.013600000000000056e-01
-6.625000000000000000e+01 -1.649214659685864603e+01 1.786999999999999960e-03
-6.625000000000000000e+01 -1.554973821989529448e+01 1.786999999999999960e-03
-6.625000000000000000e+01 -1.460732984293194114e+01 6.490000000000000109e-03
-6.625000000000000000e+01 -1.366492146596859136e+01 1.134000000000000025e-03
-6.625000000000000000e+01 -1.272251308900523981e+01 0.000000000000000000e+00
-6.625000000000000000e+01 -1.178010471204188825e+01 5.414999999999999675e-03
-6.625000000000000000e+01 -1.083769633507853669e+01 4.945100000000000190e-02
-6.625000000000000000e+01 -9.895287958115185134e+00 1.069869999999999988e-01
-6.625000000000000000e+01 -8.952879581151833577e+00 1.180800000000000079e-02
-6.625000000000000000e+01 -8.010471204188482020e+00 2.295000000000000165e-03
-6.625000000000000000e+01 -7.068062827225130462e+00 8.109999999999999805e-04
-6.625000000000000000e+01 -6.125654450261779793e+00 1.610000000000000103e-04
-6.625000000000000000e+01 -5.183246073298429124e+00 3.260000000000000094e-04
-6.625000000000000000e+01 -4.240837696335078455e+00 3.536000000000000081e-03
-6.625000000000000000e+01 -3.298429319371727786e+00 1.376199999999999993e-02
-6.625000000000000000e+01 -2.356020942408377117e+00 6.198000000000000384e-03
-6.625000000000000000e+01 -1.413612565445026226e+00 0.000000000000000000e+00
-6.625000000000000000e+01 -4.712041884816753901e-01 2.425000000000000072e-03
-6.625000000000000000e+01 4.712041884816753901e-01 2.425000000000000072e-03
-6.625000000000000000e+01 1.413612565445026226e+00 7.479600000000000137e-02
-6.625000000000000000e+01 2.356020942408377117e+00 7.009700000000000653e-02
-6.500000000000000000e+01 -1.837696335078534560e+01 2.004600000000000132e-02
-6.500000000000000000e+01 -1.743455497382199582e+01 2.427850000000000008e-01
-6.500000000000000000e+01 -1.649214659685864603e+01 9.488999999999999171e-03
-6.500000000000000000e+01 -1.554973821989529448e+01 9.488999999999999171e-03
-6.500000000000000000e+01 -1.460732984293194114e+01 5.440999999999999656e-03
-6.500000000000000000e+01 -1.366492146596859136e+01 2.969999999999999984e-03
-6.500000000000000000e+01 -1.272251308900523981e+01 1.412000000000000061e-03
-6.500000000000000000e+01 -1.178010471204188825e+01 7.238999999999999775e-03
-6.500000000000000000e+01 -1.083769633507853669e+01 1.242930000000000007e-01
-6.500000000000000000e+01 -9.895287958115185134e+00 2.223600000000000021e-01
-6.500000000000000000e+01 -8.952879581151833577e+00 4.439300000000000190e-02
-6.500000000000000000e+01 -8.010471204188482020e+00 2.351999999999999924e-03
-6.500000000000000000e+01 -7.068062827225130462e+00 1.645299999999999888e-02
-6.500000000000000000e+01 -6.125654450261779793e+00 1.147999999999999932e-03
-6.500000000000000000e+01 -5.183246073298429124e+00 1.630000000000000047e-04
-6.500000000000000000e+01 -4.240837696335078455e+00 3.540999999999999877e-03
-6.500000000000000000e+01 -3.298429319371727786e+00 1.023600000000000031e-02
-6.500000000000000000e+01 -2.356020942408377117e+00 4.329999999999999648e-03
-6.500000000000000000e+01 -1.413612565445026226e+00 1.791999999999999973e-03
-6.500000000000000000e+01 -4.712041884816753901e-01 7.742999999999999883e-03
-6.500000000000000000e+01 4.712041884816753901e-01 7.742999999999999883e-03
-6.500000000000000000e+01 1.413612565445026226e+00 2.658999999999999905e-03
-6.375000000000000000e+01 -2.026178010471204516e+01 0.000000000000000000e+00
-6.375000000000000000e+01 -1.931937172774869538e+01 6.004799999999999721e-02
-6.375000000000000000e+01 -1.837696335078534560e+01 9.197500000000000120e-02
-6.375000000000000000e+01 -1.743455497382199582e+01 3.822459999999999747e-01
-6.375000000000000000e+01 -1.649214659685864603e+01 4.900999999999999801e-02
-6.375000000000000000e+01 -1.554973821989529448e+01 4.900999999999999801e-02
-6.375000000000000000e+01 -1.460732984293194114e+01 2.347600000000000034e-02
-6.375000000000000000e+01 -1.366492146596859136e+01 2.972999999999999948e-03
-6.375000000000000000e+01 -1.272251308900523981e+01 1.505000000000000044e-03
-6.375000000000000000e+01 -1.178010471204188825e+01 2.121439999999999992e-01
-6.375000000000000000e+01 -1.083769633507853669e+01 3.814399999999999735e-02
-6.375000000000000000e+01 -9.895287958115185134e+00 2.947270000000000167e-01
-6.375000000000000000e+01 -8.952879581151833577e+00 4.146380000000000066e-01
-6.375000000000000000e+01 -8.010471204188482020e+00 6.374699999999999811e-02
-6.375000000000000000e+01 -7.068062827225130462e+00 5.577999999999999625e-03
-6.375000000000000000e+01 -6.125654450261779793e+00 4.970999999999999724e-03
-6.375000000000000000e+01 -5.183246073298429124e+00 1.794000000000000022e-03
-6.375000000000000000e+01 -4.240837696335078455e+00 2.818999999999999978e-02
-6.375000000000000000e+01 -3.298429319371727786e+00 1.724000000000000055e-03
-6.375000000000000000e+01 -2.356020942408377117e+00 3.249999999999999851e-04
-6.375000000000000000e+01 -1.413612565445026226e+00 3.240000000000000150e-04
-6.375000000000000000e+01 -4.712041884816753901e-01 1.828999999999999897e-03
-6.375000000000000000e+01 4.712041884816753901e-01 1.828999999999999897e-03
-6.375000000000000000e+01 1.413612565445026226e+00 0.000000000000000000e+00
-6.375000000000000000e+01 3.298429319371727786e+00 1.085299999999999980e-02
-6.250000000000000000e+01 -1.931937172774869538e+01 2.880289999999999795e-01
-6.250000000000000000e+01 -1.837696335078534560e+01 6.159120000000000150e-01
-6.250000000000000000e+01 -1.743455497382199582e+01 6.484280000000000044e-01
-6.250000000000000000e+01 -1.649214659685864603e+01 6.801599999999999313e-02
-6.250000000000000000e+01 -1.554973821989529448e+01 6.801599999999999313e-02
-6.250000000000000000e+01 -1.460732984293194114e+01 7.910999999999999630e-03
-6.250000000000000000e+01 -1.366492146596859136e+01 2.263999999999999953e-03
-6.250000000000000000e+01 -1.272251308900523981e+01 1.157999999999999958e-03
-6.250000000000000000e+01 -1.178010471204188825e+01 3.104109999999999925e-01
-6.250000000000000000e+01 -1.083769633507853669e+01 3.227389999999999981e-01
-6.250000000000000000e+01 -9.895287958115185134e+00 7.920059999999999878e-01
-6.250000000000000000e+01 -8.952879581151833577e+00 2.409439999999999915e-01
-6.250000000000000000e+01 -8.010471204188482020e+00 5.117700000000000027e-02
-6.250000000000000000e+01 -7.068062827225130462e+00 3.514099999999999863e-02
-6.250000000000000000e+01 -6.125654450261779793e+00 7.255000000000000164e-03
-6.250000000000000000e+01 -5.183246073298429124e+00 2.396000000000000126e-03
-6.250000000000000000e+01 -4.240837696335078455e+00 2.726100000000000051e-02
-6.250000000000000000e+01 -3.298429319371727786e+00 5.029999999999999749e-03
-6.250000000000000000e+01 -2.356020942408377117e+00 1.056999999999999997e-03
-6.250000000000000000e+01 -1.413612565445026226e+00 2.269000000000000183e-03
-6.250000000000000000e+01 -4.712041884816753901e-01 6.509999999999999945e-04
-6.250000000000000000e+01 4.712041884816753901e-01 6.509999999999999945e-04
-6.250000000000000000e+01 1.413612565445026226e+00 1.435000000000000078e-03
-6.250000000000000000e+01 2.356020942408377117e+00 8.090000000000000403e-04
-6.250000000000000000e+01 3.298429319371727786e+00 0.000000000000000000e+00
-6.125000000000000000e+01 -1.837696335078534560e+01 1.337039999999999895e-01
-6.125000000000000000e+01 -1.743455497382199582e+01 5.767699999999999910e-02
-6.125000000000000000e+01 -1.649214659685864603e+01 8.488199999999999912e-02
-6.125000000000000000e+01 -1.554973821989529448e+01 8.488199999999999912e-02
-6.125000000000000000e+01 -1.460732984293194114e+01 1.304100000000000051e-02
-6.125000000000000000e+01 -1.366492146596859136e+01 3.512300000000000144e-02
-6.125000000000000000e+01 -1.272251308900523981e+01 5.777039999999999953e-01
-6.125000000000000000e+01 -1.178010471204188825e+01 6.036989999999999856e-01
-6.125000000000000000e+01 -1.083769633507853669e+01 3.633370000000000211e-01
-6.125000000000000000e+01 -9.895287958115185134e+00 1.373669999999999891e-01
-6.125000000000000000e+01 -8.952879581151833577e+00 1.954300000000000134e-02
-6.125000000000000000e+01 -8.010471204188482020e+00 1.698099999999999957e-02
-6.125000000000000000e+01 -7.068062827225130462e+00 1.853000000000000046e-03
-6.125000000000000000e+01 -6.125654450261779793e+00 3.425600000000000173e-02
-6.125000000000000000e+01 -5.183246073298429124e+00 1.072200000000000063e-02
-6.125000000000000000e+01 -4.240837696335078455e+00 3.337299999999999989e-02
-6.125000000000000000e+01 -3.298429319371727786e+00 3.179400000000000281e-02
-6.125000000000000000e+01 -2.356020942408377117e+00 1.302999999999999905e-03
-6.125000000000000000e+01 -1.413612565445026226e+00 4.899999999999999842e-04
-6.125000000000000000e+01 -4.712041884816753901e-01 3.178199999999999775e-02
-6.125000000000000000e+01 4.712041884816753901e-01 3.178199999999999775e-02
-6.125000000000000000e+01 1.413612565445026226e+00 3.232999999999999763e-02
-6.125000000000000000e+01 2.356020942408377117e+00 2.532559999999999811e-01
-6.125000000000000000e+01 3.298429319371727786e+00 1.318479999999999930e-01
-6.125000000000000000e+01 4.240837696335078455e+00 8.961999999999999481e-03
-6.000000000000000000e+01 -1.554973821989529448e+01 8.343899999999999928e-02
-6.000000000000000000e+01 -1.460732984293194114e+01 3.400259999999999949e-01
-6.000000000000000000e+01 -1.366492146596859136e+01 3.309500000000000219e-01
-6.000000000000000000e+01 -1.272251308900523981e+01 2.774400000000000199e-01
-6.000000000000000000e+01 -1.178010471204188825e+01 6.634400000000000019e-02
-6.000000000000000000e+01 -1.083769633507853669e+01 1.132999999999999893e-03
-6.000000000000000000e+01 -9.895287958115185134e+00 4.662299999999999778e-02
-6.000000000000000000e+01 -8.952879581151833577e+00 5.904000000000000394e-03
-6.000000000000000000e+01 -8.010471204188482020e+00 0.000000000000000000e+00
-6.000000000000000000e+01 -7.068062827225130462e+00 9.761400000000000632e-02
-6.000000000000000000e+01 -6.125654450261779793e+00 6.741999999999999729e-03
-6.000000000000000000e+01 -5.183246073298429124e+00 1.447700000000000028e-02
-6.000000000000000000e+01 -4.240837696335078455e+00 1.140000000000000041e-01
-6.000000000000000000e+01 -3.298429319371727786e+00 2.605970000000000231e-01
-6.000000000000000000e+01 -2.356020942408377117e+00 1.427630000000000010e-01
-6.000000000000000000e+01 -1.413612565445026226e+00 2.833499999999999908e-02
-6.000000000000000000e+01 -4.712041884816753901e-01 7.322999999999999649e-03
-6.000000000000000000e+01 4.712041884816753901e-01 7.322999999999999649e-03
-6.000000000000000000e+01 1.413612565445026226e+00 2.699690000000000145e-01
-6.000000000000000000e+01 2.356020942408377117e+00 3.633999999999999730e-02
-6.000000000000000000e+01 3.298429319371727786e+00 4.721199999999999702e-02
-6.000000000000000000e+01 4.240837696335078455e+00 1.091600000000000036e-02
-6.000000000000000000e+01 5.183246073298429124e+00 1.274999999999999918e-02
-5.875000000000000000e+01 -1.366492146596859136e+01 2.165800000000000017e-02
-5.875000000000000000e+01 -1.272251308900523981e+01 1.129000000000000012e-03
-5.875000000000000000e+01 -1.178010471204188825e+01 1.404650000000000065e-01
-5.875000000000000000e+01 -1.083769633507853669e+01 3.792989999999999973e-01
-5.875000000000000000e+01 -9.895287958115185134e+00 1.687970000000000026e-01
-5.875000000000000000e+01 -8.952879581151833577e+00 3.468099999999999655e-02
-5.875000000000000000e+01 -8.010471204188482020e+00 2.400000000000000061e-04
-5.875000000000000000e+01 -7.068062827225130462e+00 8.966000000000000011e-03
-5.875000000000000000e+01 -6.125654450261779793e+00 5.649999999999999641e-04
-5.875000000000000000e+01 -5.183246073298429124e+00 1.229000000000000058e-03
-5.875000000000000000e+01 -4.240837696335078455e+00 9.817499999999999838e-02
-5.875000000000000000e+01 -3.298429319371727786e+00 2.692140000000000088e-01
-5.875000000000000000e+01 -2.356020942408377117e+00 1.150499999999999960e-02
-5.875000000000000000e+01 -1.413612565445026226e+00 0.000000000000000000e+00
-5.875000000000000000e+01 -4.712041884816753901e-01 0.000000000000000000e+00
-5.875000000000000000e+01 4.712041884816753901e-01 0.000000000000000000e+00
-5.750000000000000000e+01 -1.366492146596859136e+01 4.144099999999999867e-02
-5.750000000000000000e+01 -1.272251308900523981e+01 4.615799999999999764e-02
-5.750000000000000000e+01 -1.178010471204188825e+01 3.688159999999999772e-01
-5.750000000000000000e+01 -1.083769633507853669e+01 3.311819999999999764e-01
-5.750000000000000000e+01 -9.895287958115185134e+00 1.992810000000000137e-01
-5.750000000000000000e+01 -8.952879581151833577e+00 1.760400000000000159e-02
-5.750000000000000000e+01 -8.010471204188482020e+00 1.814999999999999990e-03
-5.750000000000000000e+01 -7.068062827225130462e+00 1.572999999999999962e-03
-5.750000000000000000e+01 -6.125654450261779793e+00 9.549000000000000196e-03
-5.750000000000000000e+01 -5.183246073298429124e+00 1.631999999999999987e-03
-5.750000000000000000e+01 -4.240837696335078455e+00 4.433900000000000341e-02
-5.750000000000000000e+01 -3.298429319371727786e+00 2.146980000000000000e-01
-5.750000000000000000e+01 -2.356020942408377117e+00 2.642299999999999857e-02
-5.750000000000000000e+01 -1.413612565445026226e+00 6.185999999999999659e-03
-5.750000000000000000e+01 -4.712041884816753901e-01 0.000000000000000000e+00
-5.750000000000000000e+01 4.712041884816753901e-01 0.000000000000000000e+00
-5.750000000000000000e+01 1.413612565445026226e+00 8.100000000000000375e-05
-5.625000000000000000e+01 -1.366492146596859136e+01 2.252959999999999963e-01
-5.625000000000000000e+01 -1.272251308900523981e+01 2.594830000000000192e-01
-5.625000000000000000e+01 -1.178010471204188825e+01 5.364290000000000447e-01
-5.625000000000000000e+01 -1.083769633507853669e+01 3.672219999999999929e-01
-5.625000000000000000e+01 -9.895287958115185134e+00 7.156689999999999996e-01
-5.625000000000000000e+01 -8.952879581151833577e+00 3.476400000000000323e-02
-5.625000000000000000e+01 -8.010471204188482020e+00 3.108999999999999785e-03
-5.625000000000000000e+01 -7.068062827225130462e+00 3.041200000000000153e-02
-5.625000000000000000e+01 -6.125654450261779793e+00 4.501000000000000140e-02
-5.625000000000000000e+01 -5.183246073298429124e+00 1.247230000000000005e-01
-5.625000000000000000e+01 -4.240837696335078455e+00 3.057549999999999990e-01
-5.625000000000000000e+01 -3.298429319371727786e+00 2.147999999999999909e-02
-5.625000000000000000e+01 -2.356020942408377117e+00 3.193599999999999772e-01
-5.625000000000000000e+01 -1.413612565445026226e+00 2.534300000000000094e-02
-5.625000000000000000e+01 -4.712041884816753901e-01 8.000000000000000654e-05
-5.625000000000000000e+01 4.712041884816753901e-01 8.000000000000000654e-05
-5.625000000000000000e+01 1.413612565445026226e+00 0.000000000000000000e+00
-5.500000000000000000e+01 -1.460732984293194114e+01 1.754219999999999946e-01
-5.500000000000000000e+01 -1.366492146596859136e+01 4.181399999999999700e-02
-5.500000000000000000e+01 -1.272251308900523981e+01 2.724719999999999920e-01
-5.500000000000000000e+01 -1.178010471204188825e+01 4.595819999999999905e-01
-5.500000000000000000e+01 -1.083769633507853669e+01 6.116110000000000158e-01
-5.500000000000000000e+01 -9.895287958115185134e+00 6.606030000000000513e-01
-5.500000000000000000e+01 -8.952879581151833577e+00 4.571200000000000263e-02
-5.500000000000000000e+01 -8.010471204188482020e+00 9.449799999999999867e-02
-5.500000000000000000e+01 -7.068062827225130462e+00 1.043919999999999987e-01
-5.500000000000000000e+01 -6.125654450261779793e+00 8.819999999999999715e-04
-5.500000000000000000e+01 -5.183246073298429124e+00 4.809999999999999823e-04
-5.500000000000000000e+01 -4.240837696335078455e+00 2.294249999999999901e-01
-5.500000000000000000e+01 -3.298429319371727786e+00 3.679310000000000080e-01
-5.500000000000000000e+01 -2.356020942408377117e+00 5.320970000000000422e-01
-5.500000000000000000e+01 -1.413612565445026226e+00 1.147600000000000009e-02
-5.500000000000000000e+01 -4.712041884816753901e-01 2.420000000000000005e-04
-5.500000000000000000e+01 4.712041884816753901e-01 2.420000000000000005e-04
-5.500000000000000000e+01 1.413612565445026226e+00 2.420000000000000005e-04
-5.500000000000000000e+01 2.356020942408377117e+00 5.760000000000000146e-04
-5.375000000000000000e+01 -1.460732984293194114e+01 4.079999999999999968e-04
-5.375000000000000000e+01 -1.366492146596859136e+01 3.993000000000000022e-02
-5.375000000000000000e+01 -1.272251308900523981e+01 1.912669999999999926e-01
-5.375000000000000000e+01 -1.178010471204188825e+01 9.263000000000000400e-02
-5.375000000000000000e+01 -1.083769633507853669e+01 1.898920000000000052e-01
-5.375000000000000000e+01 -9.895287958115185134e+00 2.394809999999999994e-01
-5.375000000000000000e+01 -8.952879581151833577e+00 2.820000000000000024e-03
-5.375000000000000000e+01 -8.010471204188482020e+00 8.000000000000000654e-05
-5.375000000000000000e+01 -7.068062827225130462e+00 2.101000000000000003e-03
-5.375000000000000000e+01 -6.125654450261779793e+00 6.347000000000000211e-03
-5.375000000000000000e+01 -5.183246073298429124e+00 2.922000000000000118e-03
-5.375000000000000000e+01 -4.240837696335078455e+00 2.281900000000000039e-01
-5.375000000000000000e+01 -3.298429319371727786e+00 1.447759999999999880e-01
-5.375000000000000000e+01 -2.356020942408377117e+00 4.366360000000000241e-01
-5.375000000000000000e+01 -1.413612565445026226e+00 6.641299999999999981e-02
-5.375000000000000000e+01 -4.712041884816753901e-01 9.719999999999999907e-04
-5.375000000000000000e+01 4.712041884816753901e-01 9.719999999999999907e-04
-5.375000000000000000e+01 1.413612565445026226e+00 1.217999999999999899e-03
-5.375000000000000000e+01 2.356020942408377117e+00 1.054000000000000032e-03
-5.250000000000000000e+01 -1.366492146596859136e+01 1.280700000000000068e-02
-5.250000000000000000e+01 -1.272251308900523981e+01 2.120350000000000013e-01
-5.250000000000000000e+01 -1.178010471204188825e+01 9.667199999999999405e-02
-5.250000000000000000e+01 -1.083769633507853669e+01 2.564310000000000200e-01
-5.250000000000000000e+01 -9.895287958115185134e+00 8.227600000000000191e-02
-5.250000000000000000e+01 -8.952879581151833577e+00 5.699999999999999772e-04
-5.250000000000000000e+01 -8.010471204188482020e+00 1.492999999999999969e-03
-5.250000000000000000e+01 -7.068062827225130462e+00 1.870099999999999887e-02
-5.250000000000000000e+01 -6.125654450261779793e+00 3.993800000000000128e-02
-5.250000000000000000e+01 -5.183246073298429124e+00 1.755000000000000050e-03
-5.250000000000000000e+01 -4.240837696335078455e+00 7.540399999999999880e-02
-5.250000000000000000e+01 -3.298429319371727786e+00 1.859059999999999879e-01
-5.250000000000000000e+01 -2.356020942408377117e+00 3.057800000000000101e-02
-5.250000000000000000e+01 -1.413612565445026226e+00 1.532239999999999991e-01
-5.250000000000000000e+01 -4.712041884816753901e-01 1.051999999999999984e-03
-5.250000000000000000e+01 4.712041884816753901e-01 1.051999999999999984e-03
-5.125000000000000000e+01 -8.952879581151833577e+00 4.699439999999999729e-01
-5.125000000000000000e+01 -8.010471204188482020e+00 3.772329999999999850e-01
-5.125000000000000000e+01 -7.068062827225130462e+00 4.492289999999999894e-01
-5.125000000000000000e+01 -5.183246073298429124e+00 1.419009999999999994e-01
-5.125000000000000000e+01 -4.240837696335078455e+00 2.531880000000000241e-01
-5.125000000000000000e+01 -3.298429319371727786e+00 1.220310000000000006e-01
-5.125000000000000000e+01 -2.356020942408377117e+00 6.070600000000000301e-02
-5.000000000000000000e+01 -3.298429319371727786e+00 2.749829999999999774e-01
