-7.875000000000000000e+01 -6.125654450261779793e+00 5.161689999999999889e-01
-7.875000000000000000e+01 -5.183246073298429124e+00 2.574119999999999742e-01
-7.875000000000000000e+01 -4.240837696335078455e+00 4.107460000000000000e-01
-7.875000000000000000e+01 -3.298429319371727786e+00 5.016070000000000251e-01
-7.875000000000000000e+01 -2.356020942408377117e+00 0.000000000000000000e+00
-7.875000000000000000e+01 -1.413612565445026226e+00 0.000000000000000000e+00
-7.750000000000000000e+01 -8.952879581151833577e+00 1.897490000000000010e-01
-7.750000000000000000e+01 -8.010471204188482020e+00 1.435049999999999937e-01
-7.750000000000000000e+01 -7.068062827225130462e+00 2.979709999999999859e-01
-7.750000000000000000e+01 -6.125654450261779793e+00 5.905749999999999611e-01
-7.750000000000000000e+01 -5.183246073298429124e+00 1.950759999999999994e-01
-7.750000000000000000e+01 -4.240837696335078455e+00 6.651799999999999380e-02
-7.750000000000000000e+01 -3.298429319371727786e+00 4.129929999999999990e-01
-7.750000000000000000e+01 -2.356020942408377117e+00 3.033589999999999898e-01
-7.750000000000000000e+01 -1.413612565445026226e+00 3.766700000000000048e-01
-7.750000000000000000e+01 -4.712041884816753901e-01 2.176919999999999966e-01
-7.750000000000000000e+01 4.712041884816753901e-01 2.176919999999999966e-01
-7.625000000000000000e+01 -1.083769633507853669e+01 6.949600000000000222e-02
-7.625000000000000000e+01 -9.895287958115185134e+00 1.380949999999999955e-01
-7.625000000000000000e+01 -8.952879581151833577e+00 4.736029999999999962e-01
-7.625000000000000000e+01 -8.010471204188482020e+00 1.898960000000000092e-01
-7.625000000000000000e+01 -7.068062827225130462e+00 3.331140000000000212e-01
-7.625000000000000000e+01 -6.125654450261779793e+00 4.771580000000000266e-01
-7.625000000000000000e+01 -5.183246073298429124e+00 5.319999999999999729e-02
-7.625000000000000000e+01 -4.240837696335078455e+00 1.472000000000000001e-03
-7.625000000000000000e+01 -3.298429319371727786e+00 3.983000000000000429e-03
-7.625000000000000000e+01 -2.356020942408377117e+00 2.553000000000000148e-03
-7.625000000000000000e+01 -1.413612565445026226e+00 2.611000000000000040e-03
-7.625000000000000000e+01 -4.712041884816753901e-01 9.436300000000000243e-02
-7.625000000000000000e+01 4.712041884816753901e-01 9.436300000000000243e-02
-7.625000000000000000e+01 1.413612565445026226e+00 8.899129999999999541e-01
-7.500000000000000000e+01 -1.366492146596859136e+01 7.814200000000000312e-02
-7.500000000000000000e+01 -1.272251308900523981e+01 1.417779999999999874e-01
-7.500000000000000000e+01 -1.178010471204188825e+01 1.245710000000000012e-01
-7.500000000000000000e+01 -1.083769633507853669e+01 3.972709999999999853e-01
-7.500000000000000000e+01 -9.895287958115185134e+00 2.028210000000000013e-01
-7.500000000000000000e+01 -8.952879581151833577e+00 5.179599999999999760e-01
-7.500000000000000000e+01 -8.010471204188482020e+00 2.674730000000000163e-01
-7.500000000000000000e+01 -7.068062827225130462e+00 3.560399999999999676e-02
-7.500000000000000000e+01 -6.125654450261779793e+00 6.070300000000000001e-02
-7.500000000000000000e+01 -5.183246073298429124e+00 4.566900000000000126e-02
-7.500000000000000000e+01 -4.240837696335078455e+00 2.003299999999999872e-02
-7.500000000000000000e+01 -3.298429319371727786e+00 2.305999999999999890e-03
-7.500000000000000000e+01 -2.356020942408377117e+00 6.376999999999999856e-03
-7.500000000000000000e+01 -1.413612565445026226e+00 5.597000000000000412e-03
-7.500000000000000000e+01 -4.712041884816753901e-01 3.375600000000000128e-02
-7.500000000000000000e+01 4.712041884816753901e-01 3.375600000000000128e-02
-7.500000000000000000e+01 1.413612565445026226e+00 6.419859999999999456e-01
-7.500000000000000000e+01 2.356020942408377117e+00 9.315780000000000172e-01
-7.375000000000000000e+01 -1.460732984293194114e+01 0.000000000000000000e+00
-7.375000000000000000e+01 -1.366492146596859136e+01 1.302490000000000037e-01
-7.375000000000000000e+01 -1.272251308900523981e+01 9.098299999999999443e-02
-7.375000000000000000e+01 -1.178010471204188825e+01 9.767299999999999593e-02
-7.375000000000000000e+01 -1.083769633507853669e+01 1.073390000000000039e-01
-7.375000000000000000e+01 -9.895287958115185134e+00 5.654499999999999804e-02
-7.375000000000000000e+01 -8.952879581151833577e+00 9.807499999999999551e-02
-7.375000000000000000e+01 -8.010471204188482020e+00 1.693050000000000110e-01
-7.375000000000000000e+01 -7.068062827225130462e+00 6.922999999999999987e-02
-7.375000000000000000e+01 -6.125654450261779793e+00 2.464699999999999877e-02
-7.375000000000000000e+01 -5.183246073298429124e+00 7.177999999999999658e-02
-7.375000000000000000e+01 -4.240837696335078455e+00 2.272499999999999867e-02
-7.375000000000000000e+01 -3.298429319371727786e+00 7.262000000000000226e-03
-7.375000000000000000e+01 -2.356020942408377117e+00 5.409999999999999878e-03
-7.375000000000000000e+01 -1.413612565445026226e+00 1.450889999999999957e-01
-7.375000000000000000e+01 -4.712041884816753901e-01 2.467000000000000009e-03
-7.375000000000000000e+01 4.712041884816753901e-01 2.467000000000000009e-03
-7.375000000000000000e+01 1.413612565445026226e+00 4.100999999999999784e-02
-7.250000000000000000e+01 -1.460732984293194114e+01 5.432000000000000196e-03
-7.250000000000000000e+01 -1.366492146596859136e+01 1.374849999999999961e-01
-7.250000000000000000e+01 -1.272251308900523981e+01 1.789820000000000022e-01
-7.250000000000000000e+01 -1.178010471204188825e+01 4.423799999999999955e-02
-7.250000000000000000e+01 -1.083769633507853669e+01 6.879999999999999831e-03
-7.250000000000000000e+01 -9.895287958115185134e+00 0.000000000000000000e+00
-7.250000000000000000e+01 -8.952879581151833577e+00 1.094000000000000007e-02
-7.250000000000000000e+01 -8.010471204188482020e+00 4.714030000000000165e-01
-7.250000000000000000e+01 -7.068062827225130462e+00 1.731070000000000109e-01
-7.250000000000000000e+01 -6.125654450261779793e+00 9.730000000000000151e-04
-7.250000000000000000e+01 -5.183246073298429124e+00 9.737000000000000863e-03
-7.250000000000000000e+01 -4.240837696335078455e+00 1.123389999999999944e-01
-7.250000000000000000e+01 -3.298429319371727786e+00 2.123999999999999846e-02
-7.250000000000000000e+01 -2.356020942408377117e+00 8.236899999999999777e-02
-7.250000000000000000e+01 -1.413612565445026226e+00 2.532699999999999882e-02
-7.250000000000000000e+01 -4.712041884816753901e-01 6.908000000000000078e-03
-7.250000000000000000e+01 4.712041884816753901e-01 6.908000000000000078e-03
-7.250000000000000000e+01 1.413612565445026226e+00 1.020399999999999953e-02
-7.125000000000000000e+01 -1.460732984293194114e+01 9.079900000000000471e-02
-7.125000000000000000e+01 -1.366492146596859136e+01 2.439500000000000002e-02
-7.125000000000000000e+01 -1.272251308900523981e+01 2.363870000000000138e-01
-7.125000000000000000e+01 -1.178010471204188825e+01 0.000000000000000000e+00
-7.125000000000000000e+01 -1.083769633507853669e+01 0.000000000000000000e+00
-7.125000000000000000e+01 -9.895287958115185134e+00 6.791000000000000161e-03
-7.125000000000000000e+01 -8.952879581151833577e+00 1.060019999999999990e-01
-7.125000000000000000e+01 -8.010471204188482020e+00 6.105709999999999749e-01
-7.125000000000000000e+01 -7.068062827225130462e+00 5.513300000000000145e-02
-7.125000000000000000e+01 -6.125654450261779793e+00 4.655000000000000283e-03
-7.125000000000000000e+01 -5.183246073298429124e+00 2.429999999999999977e-04
-7.125000000000000000e+01 -4.240837696335078455e+00 3.890799999999999814e-02
-7.125000000000000000e+01 -3.298429319371727786e+00 3.190000000000000019e-04
-7.125000000000000000e+01 -2.356020942408377117e+00 5.333700000000000246e-02
-7.125000000000000000e+01 -1.413612565445026226e+00 3.592000000000000141e-03
-7.125000000000000000e+01 -4.712041884816753901e-01 0.000000000000000000e+00
-7.125000000000000000e+01 4.712041884816753901e-01 0.000000000000000000e+00
-7.125000000000000000e+01 1.413612565445026226e+00 1.228169999999999956e-01
-7.000000000000000000e+01 -1.366492146596859136e+01 8.673000000000000154e-03
-7.000000000000000000e+01 -1.272251308900523981e+01 4.179300000000000237e-01
-7.000000000000000000e+01 -1.178010471204188825e+01 8.158899999999999486e-02
-7.000000000000000000e+01 -1.083769633507853669e+01 3.674799999999999733e-01
-7.000000000000000000e+01 -9.895287958115185134e+00 3.507400000000000101e-02
-7.000000000000000000e+01 -8.952879581151833577e+00 2.936819999999999986e-01
-7.000000000000000000e+01 -8.010471204188482020e+00 4.235979999999999746e-01
-7.000000000000000000e+01 -7.068062827225130462e+00 5.192499999999999893e-02
-7.000000000000000000e+01 -6.125654450261779793e+00 1.861000000000000024e-03
-7.000000000000000000e+01 -5.183246073298429124e+00 8.040000000000000271e-04
-7.000000000000000000e+01 -4.240837696335078455e+00 1.442610000000000003e-01
-7.000000000000000000e+01 -3.298429319371727786e+00 8.819000000000000450e-02
-7.000000000000000000e+01 -2.356020942408377117e+00 3.449100000000000082e-02
-7.000000000000000000e+01 -1.413612565445026226e+00 4.500500000000000334e-02
-7.000000000000000000e+01 -4.712041884816753901e-01 1.220300000000000031e-02
-7.000000000000000000e+01 4.712041884816753901e-01 1.220300000000000031e-02
-7.000000000000000000e+01 1.413612565445026226e+00 9.013999999999999443e-03
-6.875000000000000000e+01 -1.554973821989529448e+01 6.769999999999999759e-04
-6.875000000000000000e+01 -1.460732984293194114e+01 4.168299999999999783e-02
-6.875000000000000000e+01 -1.366492146596859136e+01 1.671800000000000022e-02
-6.875000000000000000e+01 -1.272251308900523981e+01 1.341269999999999962e-01
-6.875000000000000000e+01 -1.178010471204188825e+01 4.181349999999999789e-01
-6.875000000000000000e+01 -1.083769633507853669e+01 6.539599999999999858e-01
-6.875000000000000000e+01 -9.895287958115185134e+00 1.359849999999999948e-01
-6.875000000000000000e+01 -8.952879581151833577e+00 5.152160000000000073e-01
-6.875000000000000000e+01 -8.010471204188482020e+00 1.561599999999999967e-02
-6.875000000000000000e+01 -7.068062827225130462e+00 2.047999999999999907e-03
-6.875000000000000000e+01 -6.125654450261779793e+00 1.129999999999999928e-03
-6.875000000000000000e+01 -5.183246073298429124e+00 4.840000000000000010e-04
-6.875000000000000000e+01 -4.240837696335078455e+00 4.423999999999999981e-03
-6.875000000000000000e+01 -3.298429319371727786e+00 7.030999999999999923e-03
-6.875000000000000000e+01 -2.356020942408377117e+00 6.226999999999999896e-03
-6.875000000000000000e+01 -1.413612565445026226e+00 1.329999999999999932e-02
-6.875000000000000000e+01 -4.712041884816753901e-01 1.129100000000000069e-02
-6.875000000000000000e+01 4.712041884816753901e-01 1.129100000000000069e-02
-6.875000000000000000e+01 1.413612565445026226e+00 1.705699999999999925e-02
-6.875000000000000000e+01 2.356020942408377117e+00 6.131000000000000165e-03
-6.750000000000000000e+01 -1.649214659685864603e+01 3.177010000000000112e-01
-6.750000000000000000e+01 -1.554973821989529448e+01 3.177010000000000112e-01
-6.750000000000000000e+01 -1.460732984293194114e+01 1.673820000000000030e-01
-6.750000000000000000e+01 -1.366492146596859136e+01 1.273019999999999985e-01
-6.750000000000000000e+01 -1.272251308900523981e+01 2.400599999999999956e-02
-6.750000000000000000e+01 -1.178010471204188825e+01 2.127000000000000071e-02
-6.750000000000000000e+01 -1.083769633507853669e+01 4.525270000000000126e-01
-6.750000000000000000e+01 -9.895287958115185134e+00 8.304770000000000207e-01
-6.750000000000000000e+01 -8.952879581151833577e+00 2.786410000000000275e-01
-6.750000000000000000e+01 -8.010471204188482020e+00 3.036000000000000070e-03
-6.750000000000000000e+01 -7.068062827225130462e+00 8.919999999999999978e-04
-6.750000000000000000e+01 -6.125654450261779793e+00 7.416999999999999982e-03
-6.750000000000000000e+01 -5.183246073298429124e+00 1.128000000000000096e-03
-6.750000000000000000e+01 -4.240837696335078455e+00 8.059999999999999673e-04
-6.750000000000000000e+01 -3.298429319371727786e+00 1.719000000000000042e-02
-6.750000000000000000e+01 -2.356020942408377117e+00 3.310000000000000225e-04
-6.750000000000000000e+01 -1.413612565445026226e+00 8.000000000000000654e-05
-6.750000000000000000e+01 -4.712041884816753901e-01 8.989999999999999511e-04
-6.750000000000000000e+01 4.712041884816753901e-01 8.989999999999999511e-04
-6.750000000000000000e+01 1.413612565445026226e+00 6.081999999999999733e-03
-6.750000000000000000e+01 2.356020942408377117e+00 1.845000000000000069e-03
-6.625000000000000000e+01 -1.837696335078534560e+01 8.382100000000000661e-02
-6.625000000000000000e+01 -1.743455497382199582e+01 2.874840000000000173e-01
-6.625000000000000000e+01 -1.649214659685864603e+01 1.869000000000000002e-03
-6.625000000000000000e+01 -1.554973821989529448e+01 1.869000000000000002e-03
-6.625000000000000000e+01 -1.460732984293194114e+01 2.157900000000000096e-02
-6.625000000000000000e+01 -1.366492146596859136e+01 1.134000000000000025e-03
-6.625000000000000000e+01 -1.272251308900523981e+01 0.000000000000000000e+00
-6.625000000000000000e+01 -1.178010471204188825e+01 1.470899999999999985e-02
-6.625000000000000000e+01 -1.083769633507853669e+01 2.138909999999999978e-01
-6.625000000000000000e+01 -9.895287958115185134e+00 2.595230000000000037e-01
-6.625000000000000000e+01 -8.952879581151833577e+00 2.090579999999999938e-01
-6.625000000000000000e+01 -8.010471204188482020e+00 2.295000000000000165e-03
-6.625000000000000000e+01 -7.068062827225130462e+00 8.109999999999999805e-04
-6.625000000000000000e+01 -6.125654450261779793e+00 1.610000000000000103e-04
-6.625000000000000000e+01 -5.183246073298429124e+00 3.260000000000000094e-04
-6.625000000000000000e+01 -4.240837696335078455e+00 3.776999999999999975e-03
-6.625000000000000000e+01 -3.298429319371727786e+00 1.832200000000000148e-02
-6.625000000000000000e+01 -2.356020942408377117e+00 6.542000000000000072e-03
-6.625000000000000000e+01 -1.413612565445026226e+00 0.000000000000000000e+00
-6.625000000000000000e+01 -4.712041884816753901e-01 2.425000000000000072e-03
-6.625000000000000000e+01 4.712041884816753901e-01 2.425000000000000072e-03
-6.625000000000000000e+01 1.413612565445026226e+00 9.719400000000000261e-02
-6.625000000000000000e+01 2.356020942408377117e+00 1.413339999999999874e-01
-6.500000000000000000e+01 -1.837696335078534560e+01 2.526099999999999873e-02
-6.500000000000000000e+01 -1.743455497382199582e+01 5.210850000000000204e-01
-6.500000000000000000e+01 -1.649214659685864603e+01 7.539800000000000668e-02
-6.500000000000000000e+01 -1.554973821989529448e+01 7.539800000000000668e-02
-6.500000000000000000e+01 -1.460732984293194114e+01 1.473200000000000030e-02
-6.500000000000000000e+01 -1.366492146596859136e+01 1.043900000000000036e-02
-6.500000000000000000e+01 -1.272251308900523981e+01 2.990000000000000036e-03
-6.500000000000000000e+01 -1.178010471204188825e+01 1.136400000000000084e-02
-6.500000000000000000e+01 -1.083769633507853669e+01 2.171379999999999977e-01
-6.500000000000000000e+01 -9.895287958115185134e+00 6.981370000000000076e-01
-6.500000000000000000e+01 -8.952879581151833577e+00 1.831289999999999862e-01
-6.500000000000000000e+01 -8.010471204188482020e+00 8.514000000000000734e-03
-6.500000000000000000e+01 -7.068062827225130462e+00 6.622599999999999321e-02
-6.500000000000000000e+01 -6.125654450261779793e+00 1.147999999999999932e-03
-6.500000000000000000e+01 -5.183246073298429124e+00 1.616960000000000064e-01
-6.500000000000000000e+01 -4.240837696335078455e+00 3.730200000000000182e-02
-6.500000000000000000e+01 -3.298429319371727786e+00 8.649900000000000644e-02
-6.500000000000000000e+01 -2.356020942408377117e+00 4.329999999999999648e-03
-6.500000000000000000e+01 -1.413612565445026226e+00 1.791999999999999973e-03
-6.500000000000000000e+01 -4.712041884816753901e-01 7.742999999999999883e-03
-6.500000000000000000e+01 4.712041884816753901e-01 7.742999999999999883e-03
-6.500000000000000000e+01 1.413612565445026226e+00 2.658999999999999905e-03
-6.375000000000000000e+01 -2.026178010471204516e+01 8.333329999999999904e-01
-6.375000000000000000e+01 -1.931937172774869538e+01 3.523020000000000040e-01
-6.375000000000000000e+01 -1.837696335078534560e+01 1.570340000000000069e-01
-6.375000000000000000e+01 -1.743455497382199582e+01 6.189930000000000154e-01
-6.375000000000000000e+01 -1.649214659685864603e+01 7.242400000000000226e-02
-6.375000000000000000e+01 -1.554973821989529448e+01 7.242400000000000226e-02
-6.375000000000000000e+01 -1.460732984293194114e+01 4.975299999999999861e-02
-6.375000000000000000e+01 -1.366492146596859136e+01 4.295000000000000207e-03
-6.375000000000000000e+01 -1.272251308900523981e+01 3.595000000000000105e-03
-6.375000000000000000e+01 -1.178010471204188825e+01 2.310719999999999996e-01
-6.375000000000000000e+01 -1.083769633507853669e+01 6.414000000000000257e-02
-6.375000000000000000e+01 -9.895287958115185134e+00 5.513590000000000435e-01
-6.375000000000000000e+01 -8.952879581151833577e+00 8.373350000000000515e-01
-6.375000000000000000e+01 -8.010471204188482020e+00 5.033790000000000209e-01
-6.375000000000000000e+01 -7.068062827225130462e+00 2.131599999999999884e-01
-6.375000000000000000e+01 -6.125654450261779793e+00 5.218999999999999681e-03
-6.375000000000000000e+01 -5.183246073298429124e+00 5.659299999999999747e-02
-6.375000000000000000e+01 -4.240837696335078455e+00 2.139280000000000070e-01
-6.375000000000000000e+01 -3.298429319371727786e+00 5.805600000000000344e-02
-6.375000000000000000e+01 -2.356020942408377117e+00 3.249999999999999851e-04
-6.375000000000000000e+01 -1.413612565445026226e+00 7.609000000000000312e-03
-6.375000000000000000e+01 -4.712041884816753901e-01 3.596599999999999797e-02
-6.375000000000000000e+01 4.712041884816753901e-01 3.596599999999999797e-02
-6.375000000000000000e+01 1.413612565445026226e+00 1.273650000000000060e-01
-6.375000000000000000e+01 3.298429319371727786e+00 2.786100000000000035e-02
-6.250000000000000000e+01 -1.931937172774869538e+01 4.081910000000000260e-01
-6.250000000000000000e+01 -1.837696335078534560e+01 7.283939999999999859e-01
-6.250000000000000000e+01 -1.743455497382199582e+01 8.409670000000000201e-01
-6.250000000000000000e+01 -1.649214659685864603e+01 1.391459999999999919e-01
-6.250000000000000000e+01 -1.554973821989529448e+01 1.391459999999999919e-01
-6.250000000000000000e+01 -1.460732984293194114e+01 7.910999999999999630e-03
-6.250000000000000000e+01 -1.366492146596859136e+01 2.263999999999999953e-03
-6.250000000000000000e+01 -1.272251308900523981e+01 1.157999999999999958e-03
-6.250000000000000000e+01 -1.178010471204188825e+01 3.397209999999999952e-01
-6.250000000000000000e+01 -1.083769633507853669e+01 3.390340000000000020e-01
-6.250000000000000000e+01 -9.895287958115185134e+00 9.786030000000000006e-01
-6.250000000000000000e+01 -8.952879581151833577e+00 4.434029999999999916e-01
-6.250000000000000000e+01 -8.010471204188482020e+00 2.985769999999999813e-01
-6.250000000000000000e+01 -7.068062827225130462e+00 5.616010000000000169e-01
-6.250000000000000000e+01 -6.125654450261779793e+00 2.501630000000000242e-01
-6.250000000000000000e+01 -5.183246073298429124e+00 2.396000000000000126e-03
-6.250000000000000000e+01 -4.240837696335078455e+00 2.181869999999999921e-01
-6.250000000000000000e+01 -3.298429319371727786e+00 2.783100000000000157e-02
-6.250000000000000000e+01 -2.356020942408377117e+00 1.325100000000000063e-02
-6.250000000000000000e+01 -1.413612565445026226e+00 1.830640000000000045e-01
-6.250000000000000000e+01 -4.712041884816753901e-01 6.509999999999999945e-04
-6.250000000000000000e+01 4.712041884816753901e-01 6.509999999999999945e-04
-6.250000000000000000e+01 1.413612565445026226e+00 1.451200000000000059e-02
-6.250000000000000000e+01 2.356020942408377117e+00 1.431699999999999987e-02
-6.250000000000000000e+01 3.298429319371727786e+00 0.000000000000000000e+00
-6.125000000000000000e+01 -1.837696335078534560e+01 2.199010000000000131e-01
-6.125000000000000000e+01 -1.743455497382199582e+01 4.347019999999999773e-01
-6.125000000000000000e+01 -1.649214659685864603e+01 3.847280000000000144e-01
-6.125000000000000000e+01 -1.554973821989529448e+01 3.847280000000000144e-01
-6.125000000000000000e+01 -1.460732984293194114e+01 9.987000000000000044e-02
-6.125000000000000000e+01 -1.366492146596859136e+01 3.895400000000000251e-02
-6.125000000000000000e+01 -1.272251308900523981e+01 6.153220000000000356e-01
-6.125000000000000000e+01 -1.178010471204188825e+01 7.726499999999999480e-01
-6.125000000000000000e+01 -1.083769633507853669e+01 4.174889999999999990e-01
-6.125000000000000000e+01 -9.895287958115185134e+00 2.392479999999999885e-01
-6.125000000000000000e+01 -8.952879581151833577e+00 1.371330000000000049e-01
-6.125000000000000000e+01 -8.010471204188482020e+00 2.937930000000000264e-01
-6.125000000000000000e+01 -7.068062827225130462e+00 1.066539999999999988e-01
-6.125000000000000000e+01 -6.125654450261779793e+00 1.056089999999999945e-01
-6.125000000000000000e+01 -5.183246073298429124e+00 2.284539999999999904e-01
-6.125000000000000000e+01 -4.240837696335078455e+00 6.222259999999999458e-01
-6.125000000000000000e+01 -3.298429319371727786e+00 5.220369999999999733e-01
-6.125000000000000000e+01 -2.356020942408377117e+00 1.519900000000000070e-02
-6.125000000000000000e+01 -1.413612565445026226e+00 3.941900000000000265e-02
-6.125000000000000000e+01 -4.712041884816753901e-01 2.699030000000000040e-01
-6.125000000000000000e+01 4.712041884816753901e-01 2.699030000000000040e-01
-6.125000000000000000e+01 1.413612565445026226e+00 2.632709999999999773e-01
-6.125000000000000000e+01 2.356020942408377117e+00 6.189700000000000202e-01
-6.125000000000000000e+01 3.298429319371727786e+00 2.590049999999999852e-01
-6.125000000000000000e+01 4.240837696335078455e+00 3.625500000000000250e-02
-6.000000000000000000e+01 -1.554973821989529448e+01 9.781600000000000017e-02
-6.000000000000000000e+01 -1.460732984293194114e+01 4.000980000000000092e-01
-6.000000000000000000e+01 -1.366492146596859136e+01 4.285950000000000037e-01
-6.000000000000000000e+01 -1.272251308900523981e+01 3.625220000000000109e-01
-6.000000000000000000e+01 -1.178010471204188825e+01 1.192899999999999933e-01
-6.000000000000000000e+01 -1.083769633507853669e+01 1.132999999999999893e-03
-6.000000000000000000e+01 -9.895287958115185134e+00 5.444700000000000234e-02
-6.000000000000000000e+01 -8.952879581151833577e+00 5.904000000000000394e-03
-6.000000000000000000e+01 -8.010471204188482020e+00 8.220500000000000029e-02
-6.000000000000000000e+01 -7.068062827225130462e+00 7.129990000000000494e-01
-6.000000000000000000e+01 -6.125654450261779793e+00 1.510319999999999996e-01
-6.000000000000000000e+01 -5.183246073298429124e+00 1.364710000000000090e-01
-6.000000000000000000e+01 -4.240837696335078455e+00 6.924709999999999477e-01
-6.000000000000000000e+01 -3.298429319371727786e+00 8.072240000000000526e-01
-6.000000000000000000e+01 -2.356020942408377117e+00 8.018579999999999597e-01
-6.000000000000000000e+01 -1.413612565445026226e+00 4.023959999999999759e-01
-6.000000000000000000e+01 -4.712041884816753901e-01 1.356719999999999871e-01
-6.000000000000000000e+01 4.712041884816753901e-01 1.356719999999999871e-01
-6.000000000000000000e+01 1.413612565445026226e+00 7.468939999999999468e-01
-6.000000000000000000e+01 2.356020942408377117e+00 1.707500000000000129e-01
-6.000000000000000000e+01 3.298429319371727786e+00 1.399900000000000033e-01
-6.000000000000000000e+01 4.240837696335078455e+00 2.150200000000000028e-02
-6.000000000000000000e+01 5.183246073298429124e+00 1.398399999999999990e-02
-5.875000000000000000e+01 -1.366492146596859136e+01 5.121300000000000158e-02
-5.875000000000000000e+01 -1.272251308900523981e+01 4.676999999999999734e-03
-5.875000000000000000e+01 -1.178010471204188825e+01 2.015119999999999967e-01
-5.875000000000000000e+01 -1.083769633507853669e+01 4.085500000000000242e-01
-5.875000000000000000e+01 -9.895287958115185134e+00 3.572469999999999812e-01
-5.875000000000000000e+01 -8.952879581151833577e+00 7.840199999999999947e-02
-5.875000000000000000e+01 -8.010471204188482020e+00 1.748600000000000154e-02
-5.875000000000000000e+01 -7.068062827225130462e+00 5.589619999999999589e-01
-5.875000000000000000e+01 -6.125654450261779793e+00 8.451000000000000179e-02
-5.875000000000000000e+01 -5.183246073298429124e+00 3.687999999999999872e-03
-5.875000000000000000e+01 -4.240837696335078455e+00 4.097020000000000106e-01
-5.875000000000000000e+01 -3.298429319371727786e+00 8.683899999999999952e-01
-5.875000000000000000e+01 -2.356020942408377117e+00 4.061130000000000018e-01
-5.875000000000000000e+01 -1.413612565445026226e+00 1.948599999999999985e-02
-5.875000000000000000e+01 -4.712041884816753901e-01 4.354000000000000231e-03
-5.875000000000000000e+01 4.712041884816753901e-01 4.354000000000000231e-03
-5.750000000000000000e+01 -1.366492146596859136e+01 5.436599999999999766e-02
-5.750000000000000000e+01 -1.272251308900523981e+01 6.478299999999999337e-02
-5.750000000000000000e+01 -1.178010471204188825e+01 5.132240000000000135e-01
-5.750000000000000000e+01 -1.083769633507853669e+01 3.872590000000000199e-01
-5.750000000000000000e+01 -9.895287958115185134e+00 6.568580000000000529e-01
-5.750000000000000000e+01 -8.952879581151833577e+00 3.692800000000000249e-02
-5.750000000000000000e+01 -8.010471204188482020e+00 4.538000000000000367e-03
-5.750000000000000000e+01 -7.068062827225130462e+00 2.922399999999999998e-02
-5.750000000000000000e+01 -6.125654450261779793e+00 4.794769999999999865e-01
-5.750000000000000000e+01 -5.183246073298429124e+00 4.969799999999999912e-02
-5.750000000000000000e+01 -4.240837696335078455e+00 2.536379999999999746e-01
-5.750000000000000000e+01 -3.298429319371727786e+00 5.319500000000000339e-01
-5.750000000000000000e+01 -2.356020942408377117e+00 1.507269999999999999e-01
-5.750000000000000000e+01 -1.413612565445026226e+00 2.230199999999999891e-02
-5.750000000000000000e+01 -4.712041884816753901e-01 7.785799999999999665e-02
-5.750000000000000000e+01 4.712041884816753901e-01 7.785799999999999665e-02
-5.750000000000000000e+01 1.413612565445026226e+00 2.714909999999999823e-01
-5.625000000000000000e+01 -1.366492146596859136e+01 3.745410000000000128e-01
-5.625000000000000000e+01 -1.272251308900523981e+01 3.477799999999999780e-01
-5.625000000000000000e+01 -1.178010471204188825e+01 7.559770000000000101e-01
-5.625000000000000000e+01 -1.083769633507853669e+01 5.184260000000000534e-01
-5.625000000000000000e+01 -9.895287958115185134e+00 8.102270000000000305e-01
-5.625000000000000000e+01 -8.952879581151833577e+00 4.834999999999999715e-02
-5.625000000000000000e+01 -8.010471204188482020e+00 1.347300000000000060e-02
-5.625000000000000000e+01 -7.068062827225130462e+00 1.803120000000000001e-01
-5.625000000000000000e+01 -6.125654450261779793e+00 4.050909999999999789e-01
-5.625000000000000000e+01 -5.183246073298429124e+00 5.138989999999999947e-01
-5.625000000000000000e+01 -4.240837696335078455e+00 4.952320000000000055e-01
-5.625000000000000000e+01 -3.298429319371727786e+00 1.503589999999999927e-01
-5.625000000000000000e+01 -2.356020942408377117e+00 4.841099999999999848e-01
-5.625000000000000000e+01 -1.413612565445026226e+00 6.196900000000000325e-02
-5.625000000000000000e+01 -4.712041884816753901e-01 1.782900000000000110e-02
-5.625000000000000000e+01 4.712041884816753901e-01 1.782900000000000110e-02
-5.625000000000000000e+01 1.413612565445026226e+00 0.000000000000000000e+00
-5.500000000000000000e+01 -1.460732984293194114e+01 1.837709999999999899e-01
-5.500000000000000000e+01 -1.366492146596859136e+01 4.329899999999999721e-02
-5.500000000000000000e+01 -1.272251308900523981e+01 4.608349999999999946e-01
-5.500000000000000000e+01 -1.178010471204188825e+01 7.722419999999999840e-01
-5.500000000000000000e+01 -1.083769633507853669e+01 8.429419999999999691e-01
-5.500000000000000000e+01 -9.895287958115185134e+00 7.665549999999999864e-01
-5.500000000000000000e+01 -8.952879581151833577e+00 9.626899999999999347e-02
-5.500000000000000000e+01 -8.010471204188482020e+00 3.396549999999999847e-01
-5.500000000000000000e+01 -7.068062827225130462e+00 3.362399999999999833e-01
-5.500000000000000000e+01 -6.125654450261779793e+00 9.460399999999999365e-02
-5.500000000000000000e+01 -5.183246073298429124e+00 4.853400000000000075e-02
-5.500000000000000000e+01 -4.240837696335078455e+00 6.010780000000000012e-01
-5.500000000000000000e+01 -3.298429319371727786e+00 5.900490000000000457e-01
-5.500000000000000000e+01 -2.356020942408377117e+00 6.481900000000000439e-01
-5.500000000000000000e+01 -1.413612565445026226e+00 5.039699999999999736e-02
-5.500000000000000000e+01 -4.712041884816753901e-01 2.420000000000000005e-04
-5.500000000000000000e+01 4.712041884816753901e-01 2.420000000000000005e-04
-5.500000000000000000e+01 1.413612565445026226e+00 2.420000000000000005e-04
-5.500000000000000000e+01 2.356020942408377117e+00 5.760000000000000146e-04
-5.375000000000000000e+01 -1.460732984293194114e+01 4.079999999999999968e-04
-5.375000000000000000e+01 -1.366492146596859136e+01 4.145000000000000073e-02
-5.375000000000000000e+01 -1.272251308900523981e+01 2.139860000000000095e-01
-5.375000000000000000e+01 -1.178010471204188825e+01 2.075239999999999863e-01
-5.375000000000000000e+01 -1.083769633507853669e+01 2.836420000000000052e-01
-5.375000000000000000e+01 -9.895287958115185134e+00 3.524930000000000008e-01
-5.375000000000000000e+01 -8.952879581151833577e+00 1.337400000000000047e-02
-5.375000000000000000e+01 -8.010471204188482020e+00 8.000000000000000654e-05
-5.375000000000000000e+01 -7.068062827225130462e+00 2.101000000000000003e-03
-5.375000000000000000e+01 -6.125654450261779793e+00 6.347000000000000211e-03
-5.375000000000000000e+01 -5.183246073298429124e+00 3.327999999999999795e-03
-5.375000000000000000e+01 -4.240837696335078455e+00 5.670570000000000332e-01
-5.375000000000000000e+01 -3.298429319371727786e+00 6.525859999999999994e-01
-5.375000000000000000e+01 -2.356020942408377117e+00 4.975680000000000103e-01
-5.375000000000000000e+01 -1.413612565445026226e+00 1.125219999999999970e-01
-5.375000000000000000e+01 -4.712041884816753901e-01 9.719999999999999907e-04
-5.375000000000000000e+01 4.712041884816753901e-01 9.719999999999999907e-04
-5.375000000000000000e+01 1.413612565445026226e+00 1.217999999999999899e-03
-5.375000000000000000e+01 2.356020942408377117e+00 1.054000000000000032e-03
-5.250000000000000000e+01 -1.366492146596859136e+01 1.288800000000000015e-02
-5.250000000000000000e+01 -1.272251308900523981e+01 2.164899999999999880e-01
-5.250000000000000000e+01 -1.178010471204188825e+01 1.400160000000000016e-01
-5.250000000000000000e+01 -1.083769633507853669e+01 3.165089999999999848e-01
-5.250000000000000000e+01 -9.895287958115185134e+00 1.002050000000000024e-01
-5.250000000000000000e+01 -8.952879581151833577e+00 5.699999999999999772e-04
-5.250000000000000000e+01 -8.010471204188482020e+00 1.825000000000000016e-03
-5.250000000000000000e+01 -7.068062827225130462e+00 1.878099999999999908e-02
-5.250000000000000000e+01 -6.125654450261779793e+00 4.149599999999999816e-02
-5.250000000000000000e+01 -5.183246073298429124e+00 1.755000000000000050e-03
-5.250000000000000000e+01 -4.240837696335078455e+00 1.614569999999999894e-01
-5.250000000000000000e+01 -3.298429319371727786e+00 4.016259999999999830e-01
-5.250000000000000000e+01 -2.356020942408377117e+00 4.630399999999999794e-02
-5.250000000000000000e+01 -1.413612565445026226e+00 5.063330000000000330e-01
-5.250000000000000000e+01 -4.712041884816753901e-01 7.263600000000000612e-02
-5.250000000000000000e+01 4.712041884816753901e-01 7.263600000000000612e-02
-5.125000000000000000e+01 -8.952879581151833577e+00 5.963739999999999597e-01
-5.125000000000000000e+01 -8.010471204188482020e+00 4.196779999999999955e-01
-5.125000000000000000e+01 -7.068062827225130462e+00 4.634480000000000266e-01
-5.125000000000000000e+01 -5.183246073298429124e+00 1.905290000000000039e-01
-5.125000000000000000e+01 -4.240837696335078455e+00 3.560030000000000139e-01
-5.125000000000000000e+01 -3.298429319371727786e+00 5.440120000000000511e-01
-5.125000000000000000e+01 -2.356020942408377117e+00 1.453019999999999867e-01
-5.000000000000000000e+01 -3.298429319371727786e+00 6.835529999999999662e-01
