-7.875000000000000000e+01 -6.125654450261779793e+00 4.847190000000000110e-01
-7.875000000000000000e+01 -5.183246073298429124e+00 1.598239999999999938e-01
-7.875000000000000000e+01 -4.240837696335078455e+00 1.581500000000000128e-01
-7.875000000000000000e+01 -3.298429319371727786e+00 2.538380000000000081e-01
-7.875000000000000000e+01 -2.356020942408377117e+00 0.000000000000000000e+00
-7.875000000000000000e+01 -1.413612565445026226e+00 0.000000000000000000e+00
-7.750000000000000000e+01 -8.952879581151833577e+00 1.875680000000000125e-01
-7.750000000000000000e+01 -8.010471204188482020e+00 1.435049999999999937e-01
-7.750000000000000000e+01 -7.068062827225130462e+00 2.786669999999999980e-01
-7.750000000000000000e+01 -6.125654450261779793e+00 3.554390000000000049e-01
-7.750000000000000000e+01 -5.183246073298429124e+00 3.153799999999999659e-02
-7.750000000000000000e+01 -4.240837696335078455e+00 2.090600000000000097e-02
-7.750000000000000000e+01 -3.298429319371727786e+00 1.174850000000000061e-01
-7.750000000000000000e+01 -2.356020942408377117e+00 9.073000000000000509e-02
-7.750000000000000000e+01 -1.413612565445026226e+00 1.626390000000000058e-01
-7.750000000000000000e+01 -4.712041884816753901e-01 1.838210000000000122e-01
-7.750000000000000000e+01 4.712041884816753901e-01 1.838210000000000122e-01
-7.625000000000000000e+01 -1.083769633507853669e+01 5.236099999999999782e-02
-7.625000000000000000e+01 -9.895287958115185134e+00 1.181910000000000044e-01
-7.625000000000000000e+01 -8.952879581151833577e+00 2.521760000000000113e-01
-7.625000000000000000e+01 -8.010471204188482020e+00 7.123100000000000265e-02
-7.625000000000000000e+01 -7.068062827225130462e+00 1.690709999999999991e-01
-7.625000000000000000e+01 -6.125654450261779793e+00 1.562890000000000112e-01
-7.625000000000000000e+01 -5.183246073298429124e+00 4.002700000000000008e-02
-7.625000000000000000e+01 -4.240837696335078455e+00 1.472000000000000001e-03
-7.625000000000000000e+01 -3.298429319371727786e+00 3.983000000000000429e-03
-7.625000000000000000e+01 -2.356020942408377117e+00 2.553000000000000148e-03
-7.625000000000000000e+01 -1.413612565445026226e+00 2.611000000000000040e-03
-7.625000000000000000e+01 -4.712041884816753901e-01 2.388300000000000145e-02
-7.625000000000000000e+01 4.712041884816753901e-01 2.388300000000000145e-02
-7.625000000000000000e+01 1.413612565445026226e+00 4.091460000000000097e-01
-7.500000000000000000e+01 -1.366492146596859136e+01 7.814200000000000312e-02
-7.500000000000000000e+01 -1.272251308900523981e+01 1.417779999999999874e-01
-7.500000000000000000e+01 -1.178010471204188825e+01 1.235910000000000064e-01
-7.500000000000000000e+01 -1.083769633507853669e+01 2.445309999999999984e-01
-7.500000000000000000e+01 -9.895287958115185134e+00 1.150609999999999966e-01
-7.500000000000000000e+01 -8.952879581151833577e+00 2.162540000000000018e-01
-7.500000000000000000e+01 -8.010471204188482020e+00 1.512930000000000108e-01
-7.500000000000000000e+01 -7.068062827225130462e+00 3.468899999999999761e-02
-7.500000000000000000e+01 -6.125654450261779793e+00 6.070300000000000001e-02
-7.500000000000000000e+01 -5.183246073298429124e+00 4.566900000000000126e-02
-7.500000000000000000e+01 -4.240837696335078455e+00 2.003299999999999872e-02
-7.500000000000000000e+01 -3.298429319371727786e+00 2.305999999999999890e-03
-7.500000000000000000e+01 -2.356020942408377117e+00 6.376999999999999856e-03
-7.500000000000000000e+01 -1.413612565445026226e+00 5.597000000000000412e-03
-7.500000000000000000e+01 -4.712041884816753901e-01 2.222800000000000123e-02
-7.500000000000000000e+01 4.712041884816753901e-01 2.222800000000000123e-02
-7.500000000000000000e+01 1.413612565445026226e+00 3.730490000000000195e-01
-7.500000000000000000e+01 2.356020942408377117e+00 5.739739999999999842e-01
-7.375000000000000000e+01 -1.460732984293194114e+01 0.000000000000000000e+00
-7.375000000000000000e+01 -1.366492146596859136e+01 1.302490000000000037e-01
-7.375000000000000000e+01 -1.272251308900523981e+01 7.789200000000000290e-02
-7.375000000000000000e+01 -1.178010471204188825e+01 9.292000000000000259e-02
-7.375000000000000000e+01 -1.083769633507853669e+01 6.947899999999999909e-02
-7.375000000000000000e+01 -9.895287958115185134e+00 5.654499999999999804e-02
-7.375000000000000000e+01 -8.952879581151833577e+00 6.719700000000000673e-02
-7.375000000000000000e+01 -8.010471204188482020e+00 4.242699999999999944e-02
-7.375000000000000000e+01 -7.068062827225130462e+00 9.365999999999999326e-03
-7.375000000000000000e+01 -6.125654450261779793e+00 2.464699999999999877e-02
-7.375000000000000000e+01 -5.183246073298429124e+00 7.177999999999999658e-02
-7.375000000000000000e+01 -4.240837696335078455e+00 2.272499999999999867e-02
-7.375000000000000000e+01 -3.298429319371727786e+00 7.262000000000000226e-03
-7.375000000000000000e+01 -2.356020942408377117e+00 5.327000000000000138e-03
-7.375000000000000000e+01 -1.413612565445026226e+00 7.442999999999999963e-03
-7.375000000000000000e+01 -4.712041884816753901e-01 2.467000000000000009e-03
-7.375000000000000000e+01 4.712041884816753901e-01 2.467000000000000009e-03
-7.375000000000000000e+01 1.413612565445026226e+00 3.635300000000000337e-02
-7.250000000000000000e+01 -1.460732984293194114e+01 5.432000000000000196e-03
-7.250000000000000000e+01 -1.366492146596859136e+01 1.374849999999999961e-01
-7.250000000000000000e+01 -1.272251308900523981e+01 1.555650000000000088e-01
-7.250000000000000000e+01 -1.178010471204188825e+01 4.293199999999999794e-02
-7.250000000000000000e+01 -1.083769633507853669e+01 6.879999999999999831e-03
-7.250000000000000000e+01 -9.895287958115185134e+00 0.000000000000000000e+00
-7.250000000000000000e+01 -8.952879581151833577e+00 9.388999999999999777e-03
-7.250000000000000000e+01 -8.010471204188482020e+00 1.165749999999999981e-01
-7.250000000000000000e+01 -7.068062827225130462e+00 3.547999999999999765e-02
-7.250000000000000000e+01 -6.125654450261779793e+00 9.730000000000000151e-04
-7.250000000000000000e+01 -5.183246073298429124e+00 9.737000000000000863e-03
-7.250000000000000000e+01 -4.240837696335078455e+00 1.123389999999999944e-01
-7.250000000000000000e+01 -3.298429319371727786e+00 2.123999999999999846e-02
-7.250000000000000000e+01 -2.356020942408377117e+00 5.706000000000000134e-03
-7.250000000000000000e+01 -1.413612565445026226e+00 1.479999999999999979e-03
-7.250000000000000000e+01 -4.712041884816753901e-01 6.908000000000000078e-03
-7.250000000000000000e+01 4.712041884816753901e-01 6.908000000000000078e-03
-7.250000000000000000e+01 1.413612565445026226e+00 1.020399999999999953e-02
-7.125000000000000000e+01 -1.460732984293194114e+01 9.079900000000000471e-02
-7.125000000000000000e+01 -1.366492146596859136e+01 2.439500000000000002e-02
-7.125000000000000000e+01 -1.272251308900523981e+01 3.741900000000000087e-02
-7.125000000000000000e+01 -1.178010471204188825e+01 0.000000000000000000e+00
-7.125000000000000000e+01 -1.083769633507853669e+01 0.000000000000000000e+00
-7.125000000000000000e+01 -9.895287958115185134e+00 6.791000000000000161e-03
-7.125000000000000000e+01 -8.952879581151833577e+00 2.287099999999999897e-02
-7.125000000000000000e+01 -8.010471204188482020e+00 8.593800000000000050e-02
-7.125000000000000000e+01 -7.068062827225130462e+00 3.642999999999999971e-03
-7.125000000000000000e+01 -6.125654450261779793e+00 4.655000000000000283e-03
-7.125000000000000000e+01 -5.183246073298429124e+00 2.429999999999999977e-04
-7.125000000000000000e+01 -4.240837696335078455e+00 1.644500000000000128e-02
-7.125000000000000000e+01 -3.298429319371727786e+00 1.589999999999999888e-04
-7.125000000000000000e+01 -2.356020942408377117e+00 6.370999999999999927e-03
-7.125000000000000000e+01 -1.413612565445026226e+00 3.510000000000000099e-03
-7.125000000000000000e+01 -4.712041884816753901e-01 0.000000000000000000e+00
-7.125000000000000000e+01 4.712041884816753901e-01 0.000000000000000000e+00
-7.125000000000000000e+01 1.413612565445026226e+00 8.977000000000000604e-03
-7.000000000000000000e+01 -1.366492146596859136e+01 8.580000000000000820e-03
-7.000000000000000000e+01 -1.272251308900523981e+01 3.066599999999999882e-02
-7.000000000000000000e+01 -1.178010471204188825e+01 0.000000000000000000e+00
-7.000000000000000000e+01 -1.083769633507853669e+01 3.942500000000000171e-02
-7.000000000000000000e+01 -9.895287958115185134e+00 3.200000000000000262e-04
-7.000000000000000000e+01 -8.952879581151833577e+00 9.837999999999999523e-03
-7.000000000000000000e+01 -8.010471204188482020e+00 5.707799999999999679e-02
-7.000000000000000000e+01 -7.068062827225130462e+00 2.868199999999999916e-02
-7.000000000000000000e+01 -6.125654450261779793e+00 1.861000000000000024e-03
-7.000000000000000000e+01 -5.183246073298429124e+00 8.040000000000000271e-04
-7.000000000000000000e+01 -4.240837696335078455e+00 4.304299999999999793e-02
-7.000000000000000000e+01 -3.298429319371727786e+00 8.337000000000000660e-03
-7.000000000000000000e+01 -2.356020942408377117e+00 2.161000000000000160e-03
-7.000000000000000000e+01 -1.413612565445026226e+00 6.061999999999999680e-03
-7.000000000000000000e+01 -4.712041884816753901e-01 1.220300000000000031e-02
-7.000000000000000000e+01 4.712041884816753901e-01 1.220300000000000031e-02
-7.000000000000000000e+01 1.413612565445026226e+00 2.680000000000000090e-03
-6.875000000000000000e+01 -1.554973821989529448e+01 6.769999999999999759e-04
-6.875000000000000000e+01 -1.460732984293194114e+01 1.873800000000000118e-02
-6.875000000000000000e+01 -1.366492146596859136e+01 3.651999999999999864e-03
-6.875000000000000000e+01 -1.272251308900523981e+01 5.117000000000000021e-02
-6.875000000000000000e+01 -1.178010471204188825e+01 6.610599999999999810e-02
-6.875000000000000000e+01 -1.083769633507853669e+01 2.455320000000000003e-01
-6.875000000000000000e+01 -9.895287958115185134e+00 2.004999999999999838e-02
-6.875000000000000000e+01 -8.952879581151833577e+00 7.575300000000000089e-02
-6.875000000000000000e+01 -8.010471204188482020e+00 3.200000000000000262e-04
-6.875000000000000000e+01 -7.068062827225130462e+00 2.047999999999999907e-03
-6.875000000000000000e+01 -6.125654450261779793e+00 1.129999999999999928e-03
-6.875000000000000000e+01 -5.183246073298429124e+00 4.840000000000000010e-04
-6.875000000000000000e+01 -4.240837696335078455e+00 4.423999999999999981e-03
-6.875000000000000000e+01 -3.298429319371727786e+00 7.030999999999999923e-03
-6.875000000000000000e+01 -2.356020942408377117e+00 6.549999999999999833e-04
-6.875000000000000000e+01 -1.413612565445026226e+00 8.059999999999999673e-04
-6.875000000000000000e+01 -4.712041884816753901e-01 1.129100000000000069e-02
-6.875000000000000000e+01 4.712041884816753901e-01 1.129100000000000069e-02
-6.875000000000000000e+01 1.413612565445026226e+00 1.085400000000000080e-02
-6.875000000000000000e+01 2.356020942408377117e+00 6.131000000000000165e-03
-6.750000000000000000e+01 -1.649214659685864603e+01 1.029960000000000042e-01
-6.750000000000000000e+01 -1.554973821989529448e+01 1.029960000000000042e-01
-6.750000000000000000e+01 -1.460732984293194114e+01 2.822699999999999862e-02
-6.750000000000000000e+01 -1.366492146596859136e+01 2.791099999999999831e-02
-6.750000000000000000e+01 -1.272251308900523981e+01 5.739000000000000178e-03
-6.750000000000000000e+01 -1.178010471204188825e+01 1.366200000000000053e-02
-6.750000000000000000e+01 -1.083769633507853669e+01 1.417529999999999901e-01
-6.750000000000000000e+01 -9.895287958115185134e+00 4.756719999999999837e-01
-6.750000000000000000e+01 -8.952879581151833577e+00 3.723900000000000127e-02
-6.750000000000000000e+01 -8.010471204188482020e+00 9.590000000000000000e-04
-6.750000000000000000e+01 -7.068062827225130462e+00 8.919999999999999978e-04
-6.750000000000000000e+01 -6.125654450261779793e+00 5.134999999999999808e-03
-6.750000000000000000e+01 -5.183246073298429124e+00 1.128000000000000096e-03
-6.750000000000000000e+01 -4.240837696335078455e+00 8.059999999999999673e-04
-6.750000000000000000e+01 -3.298429319371727786e+00 1.389100000000000057e-02
-6.750000000000000000e+01 -2.356020942408377117e+00 3.310000000000000225e-04
-6.750000000000000000e+01 -1.413612565445026226e+00 8.000000000000000654e-05
-6.750000000000000000e+01 -4.712041884816753901e-01 8.989999999999999511e-04
-6.750000000000000000e+01 4.712041884816753901e-01 8.989999999999999511e-04
-6.750000000000000000e+01 1.413612565445026226e+00 6.081999999999999733e-03
-6.750000000000000000e+01 2.356020942408377117e+00 7.219999999999999855e-04
-6.625000000000000000e+01 -1.837696335078534560e+01 8.382100000000000661e-02
-6.625000000000000000e+01 -1.743455497382199582e+01 8.136300000000000476e-02
-6.625000000000000000e+01 -1.649214659685864603e+01 1.786999999999999960e-03
-6.625000000000000000e+01 -1.554973821989529448e+01 1.786999999999999960e-03
-6.625000000000000000e+01 -1.460732984293194114e+01 6.328000000000000291e-03
-6.625000000000000000e+01 -1.366492146596859136e+01 1.134000000000000025e-03
-6.625000000000000000e+01 -1.272251308900523981e+01 0.000000000000000000e+00
-6.625000000000000000e+01 -1.178010471204188825e+01 5.252999999999999857e-03
-6.625000000000000000e+01 -1.083769633507853669e+01 4.170600000000000002e-02
-6.625000000000000000e+01 -9.895287958115185134e+00 9.434299999999999631e-02
-6.625000000000000000e+01 -8.952879581151833577e+00 9.705000000000000085e-03
-6.625000000000000000e+01 -8.010471204188482020e+00 2.295000000000000165e-03
-6.625000000000000000e+01 -7.068062827225130462e+00 8.109999999999999805e-04
-6.625000000000000000e+01 -6.125654450261779793e+00 1.610000000000000103e-04
-6.625000000000000000e+01 -5.183246073298429124e+00 3.260000000000000094e-04
-6.625000000000000000e+01 -4.240837696335078455e+00 3.536000000000000081e-03
-6.625000000000000000e+01 -3.298429319371727786e+00 1.376199999999999993e-02
-6.625000000000000000e+01 -2.356020942408377117e+00 6.198000000000000384e-03
-6.625000000000000000e+01 -1.413612565445026226e+00 0.000000000000000000e+00
-6.625000000000000000e+01 -4.712041884816753901e-01 2.425000000000000072e-03
-6.625000000000000000e+01 4.712041884816753901e-01 2.425000000000000072e-03
-6.625000000000000000e+01 1.413612565445026226e+00 7.301699999999999857e-02
-6.625000000000000000e+01 2.356020942408377117e+00 6.749199999999999644e-02
-6.500000000000000000e+01 -1.837696335078534560e+01 1.923100000000000157e-02
-6.500000000000000000e+01 -1.743455497382199582e+01 2.065210000000000101e-01
-6.500000000000000000e+01 -1.649214659685864603e+01 9.317999999999999894e-03
-6.500000000000000000e+01 -1.554973821989529448e+01 9.317999999999999894e-03
-6.500000000000000000e+01 -1.460732984293194114e+01 4.771000000000000067e-03
-6.500000000000000000e+01 -1.366492146596859136e+01 2.969999999999999984e-03
-6.500000000000000000e+01 -1.272251308900523981e+01 1.412000000000000061e-03
-6.500000000000000000e+01 -1.178010471204188825e+01 7.238999999999999775e-03
-6.500000000000000000e+01 -1.083769633507853669e+01 1.135609999999999953e-01
-6.500000000000000000e+01 -9.895287958115185134e+00 1.869979999999999976e-01
-6.500000000000000000e+01 -8.952879581151833577e+00 3.859200000000000130e-02
-6.500000000000000000e+01 -8.010471204188482020e+00 2.351999999999999924e-03
-6.500000000000000000e+01 -7.068062827225130462e+00 1.570900000000000074e-02
-6.500000000000000000e+01 -6.125654450261779793e+00 1.147999999999999932e-03
-6.500000000000000000e+01 -5.183246073298429124e+00 1.630000000000000047e-04
-6.500000000000000000e+01 -4.240837696335078455e+00 3.540999999999999877e-03
-6.500000000000000000e+01 -3.298429319371727786e+00 9.497999999999999499e-03
-6.500000000000000000e+01 -2.356020942408377117e+00 4.329999999999999648e-03
-6.500000000000000000e+01 -1.413612565445026226e+00 1.791999999999999973e-03
-6.500000000000000000e+01 -4.712041884816753901e-01 7.742999999999999883e-03
-6.500000000000000000e+01 4.712041884816753901e-01 7.742999999999999883e-03
-6.500000000000000000e+01 1.413612565445026226e+00 2.658999999999999905e-03
-6.375000000000000000e+01 -2.026178010471204516e+01 0.000000000000000000e+00
-6.375000000000000000e+01 -1.931937172774869538e+01 4.433499999999999941e-02
-6.375000000000000000e+01 -1.837696335078534560e+01 8.182000000000000384e-02
-6.375000000000000000e+01 -1.743455497382199582e+01 3.581340000000000079e-01
-6.375000000000000000e+01 -1.649214659685864603e+01 4.649199999999999861e-02
-6.375000000000000000e+01 -1.554973821989529448e+01 4.649199999999999861e-02
-6.375000000000000000e+01 -1.460732984293194114e+01 2.339400000000000160e-02
-6.375000000000000000e+01 -1.366492146596859136e+01 2.972999999999999948e-03
-6.375000000000000000e+01 -1.272251308900523981e+01 1.505000000000000044e-03
-6.375000000000000000e+01 -1.178010471204188825e+01 1.968209999999999960e-01
-6.375000000000000000e+01 -1.083769633507853669e+01 3.611899999999999833e-02
-6.375000000000000000e+01 -9.895287958115185134e+00 2.779840000000000089e-01
-6.375000000000000000e+01 -8.952879581151833577e+00 3.475119999999999876e-01
-6.375000000000000000e+01 -8.010471204188482020e+00 4.787099999999999689e-02
-6.375000000000000000e+01 -7.068062827225130462e+00 4.768999999999999802e-03
-6.375000000000000000e+01 -6.125654450261779793e+00 4.970999999999999724e-03
-6.375000000000000000e+01 -5.183246073298429124e+00 1.794000000000000022e-03
-6.375000000000000000e+01 -4.240837696335078455e+00 2.775100000000000136e-02
-6.375000000000000000e+01 -3.298429319371727786e+00 1.724000000000000055e-03
-6.375000000000000000e+01 -2.356020942408377117e+00 3.249999999999999851e-04
-6.375000000000000000e+01 -1.413612565445026226e+00 3.240000000000000150e-04
-6.375000000000000000e+01 -4.712041884816753901e-01 1.828999999999999897e-03
-6.375000000000000000e+01 4.712041884816753901e-01 1.828999999999999897e-03
-6.375000000000000000e+01 1.413612565445026226e+00 0.000000000000000000e+00
-6.375000000000000000e+01 3.298429319371727786e+00 1.085299999999999980e-02
-6.250000000000000000e+01 -1.931937172774869538e+01 2.667640000000000011e-01
-6.250000000000000000e+01 -1.837696335078534560e+01 5.831560000000000077e-01
-6.250000000000000000e+01 -1.743455497382199582e+01 6.187179999999999902e-01
-6.250000000000000000e+01 -1.649214659685864603e+01 6.768799999999999817e-02
-6.250000000000000000e+01 -1.554973821989529448e+01 6.768799999999999817e-02
-6.250000000000000000e+01 -1.460732984293194114e+01 7.910999999999999630e-03
-6.250000000000000000e+01 -1.366492146596859136e+01 2.263999999999999953e-03
-6.250000000000000000e+01 -1.272251308900523981e+01 1.157999999999999958e-03
-6.250000000000000000e+01 -1.178010471204188825e+01 2.897170000000000023e-01
-6.250000000000000000e+01 -1.083769633507853669e+01 3.145120000000000138e-01
-6.250000000000000000e+01 -9.895287958115185134e+00 7.448529999999999873e-01
-6.250000000000000000e+01 -8.952879581151833577e+00 2.165980000000000127e-01
-6.250000000000000000e+01 -8.010471204188482020e+00 4.169099999999999889e-02
-6.250000000000000000e+01 -7.068062827225130462e+00 2.687300000000000105e-02
-6.250000000000000000e+01 -6.125654450261779793e+00 6.440000000000000412e-03
-6.250000000000000000e+01 -5.183246073298429124e+00 2.396000000000000126e-03
-6.250000000000000000e+01 -4.240837696335078455e+00 2.459300000000000028e-02
-6.250000000000000000e+01 -3.298429319371727786e+00 5.029999999999999749e-03
-6.250000000000000000e+01 -2.356020942408377117e+00 1.056999999999999997e-03
-6.250000000000000000e+01 -1.413612565445026226e+00 2.269000000000000183e-03
-6.250000000000000000e+01 -4.712041884816753901e-01 6.509999999999999945e-04
-6.250000000000000000e+01 4.712041884816753901e-01 6.509999999999999945e-04
-6.250000000000000000e+01 1.413612565445026226e+00 1.435000000000000078e-03
-6.250000000000000000e+01 2.356020942408377117e+00 8.090000000000000403e-04
-6.250000000000000000e+01 3.298429319371727786e+00 0.000000000000000000e+00
-6.125000000000000000e+01 -1.837696335078534560e+01 1.210999999999999993e-01
-6.125000000000000000e+01 -1.743455497382199582e+01 5.093899999999999817e-02
-6.125000000000000000e+01 -1.649214659685864603e+01 7.684799999999999964e-02
-6.125000000000000000e+01 -1.554973821989529448e+01 7.684799999999999964e-02
-6.125000000000000000e+01 -1.460732984293194114e+01 1.077299999999999959e-02
-6.125000000000000000e+01 -1.366492146596859136e+01 3.512300000000000144e-02
-6.125000000000000000e+01 -1.272251308900523981e+01 5.676729999999999832e-01
-6.125000000000000000e+01 -1.178010471204188825e+01 5.491930000000000422e-01
-6.125000000000000000e+01 -1.083769633507853669e+01 3.462489999999999735e-01
-6.125000000000000000e+01 -9.895287958115185134e+00 1.131640000000000007e-01
-6.125000000000000000e+01 -8.952879581151833577e+00 1.740799999999999986e-02
-6.125000000000000000e+01 -8.010471204188482020e+00 1.527500000000000038e-02
-6.125000000000000000e+01 -7.068062827225130462e+00 1.046999999999999971e-03
-6.125000000000000000e+01 -6.125654450261779793e+00 3.409399999999999931e-02
-6.125000000000000000e+01 -5.183246073298429124e+00 1.022699999999999998e-02
-6.125000000000000000e+01 -4.240837696335078455e+00 2.639499999999999832e-02
-6.125000000000000000e+01 -3.298429319371727786e+00 2.408400000000000124e-02
-6.125000000000000000e+01 -2.356020942408377117e+00 1.302999999999999905e-03
-6.125000000000000000e+01 -1.413612565445026226e+00 4.899999999999999842e-04
-6.125000000000000000e+01 -4.712041884816753901e-01 1.996300000000000158e-02
-6.125000000000000000e+01 4.712041884816753901e-01 1.996300000000000158e-02
-6.125000000000000000e+01 1.413612565445026226e+00 2.463999999999999871e-02
-6.125000000000000000e+01 2.356020942408377117e+00 2.088619999999999921e-01
-6.125000000000000000e+01 3.298429319371727786e+00 1.121629999999999988e-01
-6.125000000000000000e+01 4.240837696335078455e+00 7.983999999999999778e-03
-6.000000000000000000e+01 -1.554973821989529448e+01 8.343899999999999928e-02
-6.000000000000000000e+01 -1.460732984293194114e+01 3.319460000000000188e-01
-6.000000000000000000e+01 -1.366492146596859136e+01 3.149469999999999770e-01
-6.000000000000000000e+01 -1.272251308900523981e+01 2.551669999999999772e-01
-6.000000000000000000e+01 -1.178010471204188825e+01 5.181600000000000095e-02
-6.000000000000000000e+01 -1.083769633507853669e+01 9.709999999999999664e-04
-6.000000000000000000e+01 -9.895287958115185134e+00 4.311000000000000248e-02
-6.000000000000000000e+01 -8.952879581151833577e+00 5.265999999999999848e-03
-6.000000000000000000e+01 -8.010471204188482020e+00 0.000000000000000000e+00
-6.000000000000000000e+01 -7.068062827225130462e+00 8.706600000000000450e-02
-6.000000000000000000e+01 -6.125654450261779793e+00 5.837000000000000174e-03
-6.000000000000000000e+01 -5.183246073298429124e+00 1.388400000000000051e-02
-6.000000000000000000e+01 -4.240837696335078455e+00 8.630500000000000671e-02
-6.000000000000000000e+01 -3.298429319371727786e+00 2.029120000000000090e-01
-6.000000000000000000e+01 -2.356020942408377117e+00 9.893000000000000405e-02
-6.000000000000000000e+01 -1.413612565445026226e+00 2.177400000000000169e-02
-6.000000000000000000e+01 -4.712041884816753901e-01 5.632999999999999986e-03
-6.000000000000000000e+01 4.712041884816753901e-01 5.632999999999999986e-03
-6.000000000000000000e+01 1.413612565445026226e+00 2.147010000000000030e-01
-6.000000000000000000e+01 2.356020942408377117e+00 3.082400000000000070e-02
-6.000000000000000000e+01 3.298429319371727786e+00 3.997400000000000259e-02
-6.000000000000000000e+01 4.240837696335078455e+00 1.091600000000000036e-02
-6.000000000000000000e+01 5.183246073298429124e+00 1.274999999999999918e-02
-5.875000000000000000e+01 -1.366492146596859136e+01 1.555100000000000059e-02
-5.875000000000000000e+01 -1.272251308900523981e+01 7.259999999999999743e-04
-5.875000000000000000e+01 -1.178010471204188825e+01 1.266460000000000086e-01
-5.875000000000000000e+01 -1.083769633507853669e+01 3.699770000000000003e-01
-5.875000000000000000e+01 -9.895287958115185134e+00 1.612750000000000017e-01
-5.875000000000000000e+01 -8.952879581151833577e+00 3.468099999999999655e-02
-5.875000000000000000e+01 -8.010471204188482020e+00 2.400000000000000061e-04
-5.875000000000000000e+01 -7.068062827225130462e+00 7.284999999999999809e-03
-5.875000000000000000e+01 -6.125654450261779793e+00 5.649999999999999641e-04
-5.875000000000000000e+01 -5.183246073298429124e+00 1.229000000000000058e-03
-5.875000000000000000e+01 -4.240837696335078455e+00 8.820600000000000662e-02
-5.875000000000000000e+01 -3.298429319371727786e+00 2.090009999999999923e-01
-5.875000000000000000e+01 -2.356020942408377117e+00 8.413999999999999604e-03
-5.875000000000000000e+01 -1.413612565445026226e+00 0.000000000000000000e+00
-5.875000000000000000e+01 -4.712041884816753901e-01 0.000000000000000000e+00
-5.875000000000000000e+01 4.712041884816753901e-01 0.000000000000000000e+00
-5.750000000000000000e+01 -1.366492146596859136e+01 3.845200000000000007e-02
-5.750000000000000000e+01 -1.272251308900523981e+01 4.526700000000000168e-02
-5.750000000000000000e+01 -1.178010471204188825e+01 3.390199999999999880e-01
-5.750000000000000000e+01 -1.083769633507853669e+01 3.207039999999999891e-01
-5.750000000000000000e+01 -9.895287958115185134e+00 1.986269999999999980e-01
-5.750000000000000000e+01 -8.952879581151833577e+00 1.752199999999999938e-02
-5.750000000000000000e+01 -8.010471204188482020e+00 1.814999999999999990e-03
-5.750000000000000000e+01 -7.068062827225130462e+00 1.572999999999999962e-03
-5.750000000000000000e+01 -6.125654450261779793e+00 7.370999999999999948e-03
-5.750000000000000000e+01 -5.183246073298429124e+00 1.631999999999999987e-03
-5.750000000000000000e+01 -4.240837696335078455e+00 4.347800000000000276e-02
-5.750000000000000000e+01 -3.298429319371727786e+00 1.963989999999999903e-01
-5.750000000000000000e+01 -2.356020942408377117e+00 2.409599999999999936e-02
-5.750000000000000000e+01 -1.413612565445026226e+00 6.185999999999999659e-03
-5.750000000000000000e+01 -4.712041884816753901e-01 0.000000000000000000e+00
-5.750000000000000000e+01 4.712041884816753901e-01 0.000000000000000000e+00
-5.750000000000000000e+01 1.413612565445026226e+00 8.100000000000000375e-05
-5.625000000000000000e+01 -1.366492146596859136e+01 2.034269999999999967e-01
-5.625000000000000000e+01 -1.272251308900523981e+01 2.407590000000000008e-01
-5.625000000000000000e+01 -1.178010471204188825e+01 4.900720000000000076e-01
-5.625000000000000000e+01 -1.083769633507853669e+01 3.401489999999999791e-01
-5.625000000000000000e+01 -9.895287958115185134e+00 6.815229999999999899e-01
-5.625000000000000000e+01 -8.952879581151833577e+00 3.340499999999999720e-02
-5.625000000000000000e+01 -8.010471204188482020e+00 3.108999999999999785e-03
-5.625000000000000000e+01 -7.068062827225130462e+00 2.953199999999999922e-02
-5.625000000000000000e+01 -6.125654450261779793e+00 3.410099999999999937e-02
-5.625000000000000000e+01 -5.183246073298429124e+00 1.021729999999999999e-01
-5.625000000000000000e+01 -4.240837696335078455e+00 2.900280000000000080e-01
-5.625000000000000000e+01 -3.298429319371727786e+00 2.025499999999999870e-02
-5.625000000000000000e+01 -2.356020942408377117e+00 3.139009999999999856e-01
-5.625000000000000000e+01 -1.413612565445026226e+00 2.534300000000000094e-02
-5.625000000000000000e+01 -4.712041884816753901e-01 8.000000000000000654e-05
-5.625000000000000000e+01 4.712041884816753901e-01 8.000000000000000654e-05
-5.625000000000000000e+01 1.413612565445026226e+00 0.000000000000000000e+00
-5.500000000000000000e+01 -1.460732984293194114e+01 1.746919999999999862e-01
-5.500000000000000000e+01 -1.366492146596859136e+01 4.107199999999999740e-02
-5.500000000000000000e+01 -1.272251308900523981e+01 2.318620000000000125e-01
-5.500000000000000000e+01 -1.178010471204188825e+01 4.001120000000000232e-01
-5.500000000000000000e+01 -1.083769633507853669e+01 5.609439999999999982e-01
-5.500000000000000000e+01 -9.895287958115185134e+00 6.312429999999999986e-01
-5.500000000000000000e+01 -8.952879581151833577e+00 4.312699999999999867e-02
-5.500000000000000000e+01 -8.010471204188482020e+00 8.411699999999999733e-02
-5.500000000000000000e+01 -7.068062827225130462e+00 8.507900000000000185e-02
-5.500000000000000000e+01 -6.125654450261779793e+00 5.609999999999999752e-04
-5.500000000000000000e+01 -5.183246073298429124e+00 4.809999999999999823e-04
-5.500000000000000000e+01 -4.240837696335078455e+00 2.099119999999999875e-01
-5.500000000000000000e+01 -3.298429319371727786e+00 3.268420000000000214e-01
-5.500000000000000000e+01 -2.356020942408377117e+00 5.289099999999999913e-01
-5.500000000000000000e+01 -1.413612565445026226e+00 1.067300000000000020e-02
-5.500000000000000000e+01 -4.712041884816753901e-01 2.420000000000000005e-04
-5.500000000000000000e+01 4.712041884816753901e-01 2.420000000000000005e-04
-5.500000000000000000e+01 1.413612565445026226e+00 2.420000000000000005e-04
-5.500000000000000000e+01 2.356020942408377117e+00 5.760000000000000146e-04
-5.375000000000000000e+01 -1.460732984293194114e+01 4.079999999999999968e-04
-5.375000000000000000e+01 -1.366492146596859136e+01 3.960999999999999938e-02
-5.375000000000000000e+01 -1.272251308900523981e+01 1.883660000000000057e-01
-5.375000000000000000e+01 -1.178010471204188825e+01 7.776099999999999679e-02
-5.375000000000000000e+01 -1.083769633507853669e+01 1.757809999999999928e-01
-5.375000000000000000e+01 -9.895287958115185134e+00 2.123230000000000117e-01
-5.375000000000000000e+01 -8.952879581151833577e+00 2.174999999999999850e-03
-5.375000000000000000e+01 -8.010471204188482020e+00 8.000000000000000654e-05
-5.375000000000000000e+01 -7.068062827225130462e+00 2.101000000000000003e-03
-5.375000000000000000e+01 -6.125654450261779793e+00 6.347000000000000211e-03
-5.375000000000000000e+01 -5.183246073298429124e+00 2.922000000000000118e-03
-5.375000000000000000e+01 -4.240837696335078455e+00 2.103679999999999994e-01
-5.375000000000000000e+01 -3.298429319371727786e+00 1.146719999999999962e-01
-5.375000000000000000e+01 -2.356020942408377117e+00 4.314870000000000094e-01
-5.375000000000000000e+01 -1.413612565445026226e+00 6.641299999999999981e-02
-5.375000000000000000e+01 -4.712041884816753901e-01 9.719999999999999907e-04
-5.375000000000000000e+01 4.712041884816753901e-01 9.719999999999999907e-04
-5.375000000000000000e+01 1.413612565445026226e+00 1.217999999999999899e-03
-5.375000000000000000e+01 2.356020942408377117e+00 1.054000000000000032e-03
-5.250000000000000000e+01 -1.366492146596859136e+01 1.280700000000000068e-02
-5.250000000000000000e+01 -1.272251308900523981e+01 2.109010000000000051e-01
-5.250000000000000000e+01 -1.178010471204188825e+01 9.318200000000000094e-02
-5.250000000000000000e+01 -1.083769633507853669e+01 2.497560000000000058e-01
-5.250000000000000000e+01 -9.895287958115185134e+00 7.957400000000000584e-02
-5.250000000000000000e+01 -8.952879581151833577e+00 5.699999999999999772e-04
-5.250000000000000000e+01 -8.010471204188482020e+00 1.492999999999999969e-03
-5.250000000000000000e+01 -7.068062827225130462e+00 1.773299999999999876e-02
-5.250000000000000000e+01 -6.125654450261779793e+00 3.780499999999999833e-02
-5.250000000000000000e+01 -5.183246073298429124e+00 1.755000000000000050e-03
-5.250000000000000000e+01 -4.240837696335078455e+00 7.145300000000000262e-02
-5.250000000000000000e+01 -3.298429319371727786e+00 1.734690000000000121e-01
-5.250000000000000000e+01 -2.356020942408377117e+00 3.057800000000000101e-02
-5.250000000000000000e+01 -1.413612565445026226e+00 1.359809999999999908e-01
-5.250000000000000000e+01 -4.712041884816753901e-01 1.051999999999999984e-03
-5.250000000000000000e+01 4.712041884816753901e-01 1.051999999999999984e-03
-5.125000000000000000e+01 -8.952879581151833577e+00 4.404509999999999814e-01
-5.125000000000000000e+01 -8.010471204188482020e+00 3.605789999999999829e-01
-5.125000000000000000e+01 -7.068062827225130462e+00 4.400709999999999900e-01
-5.125000000000000000e+01 -5.183246073298429124e+00 1.218110000000000026e-01
-5.125000000000000000e+01 -4.240837696335078455e+00 2.335389999999999966e-01
-5.125000000000000000e+01 -3.298429319371727786e+00 9.632300000000000584e-02
-5.125000000000000000e+01 -2.356020942408377117e+00 5.829899999999999666e-02
-5.000000000000000000e+01 -3.298429319371727786e+00 2.342120000000000035e-01
