-7.875000000000000000e+01 -6.125654450261779793e+00 4.892500000000000182e-01
-7.875000000000000000e+01 -5.183246073298429124e+00 1.687269999999999881e-01
-7.875000000000000000e+01 -4.240837696335078455e+00 1.894470000000000043e-01
-7.875000000000000000e+01 -3.298429319371727786e+00 3.116740000000000066e-01
-7.875000000000000000e+01 -2.356020942408377117e+00 0.000000000000000000e+00
-7.875000000000000000e+01 -1.413612565445026226e+00 0.000000000000000000e+00
-7.750000000000000000e+01 -8.952879581151833577e+00 1.886589999999999934e-01
-7.750000000000000000e+01 -8.010471204188482020e+00 1.435049999999999937e-01
-7.750000000000000000e+01 -7.068062827225130462e+00 2.793269999999999920e-01
-7.750000000000000000e+01 -6.125654450261779793e+00 4.134269999999999889e-01
-7.750000000000000000e+01 -5.183246073298429124e+00 5.871200000000000030e-02
-7.750000000000000000e+01 -4.240837696335078455e+00 2.355000000000000149e-02
-7.750000000000000000e+01 -3.298429319371727786e+00 1.523049999999999959e-01
-7.750000000000000000e+01 -2.356020942408377117e+00 1.072099999999999997e-01
-7.750000000000000000e+01 -1.413612565445026226e+00 2.025079999999999936e-01
-7.750000000000000000e+01 -4.712041884816753901e-01 1.844790000000000041e-01
-7.750000000000000000e+01 4.712041884816753901e-01 1.844790000000000041e-01
-7.625000000000000000e+01 -1.083769633507853669e+01 5.549300000000000066e-02
-7.625000000000000000e+01 -9.895287958115185134e+00 1.218769999999999992e-01
-7.625000000000000000e+01 -8.952879581151833577e+00 2.773939999999999739e-01
-7.625000000000000000e+01 -8.010471204188482020e+00 7.862199999999999744e-02
-7.625000000000000000e+01 -7.068062827225130462e+00 1.745939999999999992e-01
-7.625000000000000000e+01 -6.125654450261779793e+00 1.827380000000000115e-01
-7.625000000000000000e+01 -5.183246073298429124e+00 4.002700000000000008e-02
-7.625000000000000000e+01 -4.240837696335078455e+00 1.472000000000000001e-03
-7.625000000000000000e+01 -3.298429319371727786e+00 3.983000000000000429e-03
-7.625000000000000000e+01 -2.356020942408377117e+00 2.553000000000000148e-03
-7.625000000000000000e+01 -1.413612565445026226e+00 2.611000000000000040e-03
-7.625000000000000000e+01 -4.712041884816753901e-01 2.655499999999999874e-02
-7.625000000000000000e+01 4.712041884816753901e-01 2.655499999999999874e-02
-7.625000000000000000e+01 1.413612565445026226e+00 4.640029999999999988e-01
-7.500000000000000000e+01 -1.366492146596859136e+01 7.814200000000000312e-02
-7.500000000000000000e+01 -1.272251308900523981e+01 1.417779999999999874e-01
-7.500000000000000000e+01 -1.178010471204188825e+01 1.237540000000000029e-01
-7.500000000000000000e+01 -1.083769633507853669e+01 2.734320000000000084e-01
-7.500000000000000000e+01 -9.895287958115185134e+00 1.236389999999999989e-01
-7.500000000000000000e+01 -8.952879581151833577e+00 2.744789999999999730e-01
-7.500000000000000000e+01 -8.010471204188482020e+00 1.698919999999999875e-01
-7.500000000000000000e+01 -7.068062827225130462e+00 3.468899999999999761e-02
-7.500000000000000000e+01 -6.125654450261779793e+00 6.070300000000000001e-02
-7.500000000000000000e+01 -5.183246073298429124e+00 4.566900000000000126e-02
-7.500000000000000000e+01 -4.240837696335078455e+00 2.003299999999999872e-02
-7.500000000000000000e+01 -3.298429319371727786e+00 2.305999999999999890e-03
-7.500000000000000000e+01 -2.356020942408377117e+00 6.376999999999999856e-03
-7.500000000000000000e+01 -1.413612565445026226e+00 5.597000000000000412e-03
-7.500000000000000000e+01 -4.712041884816753901e-01 2.222800000000000123e-02
-7.500000000000000000e+01 4.712041884816753901e-01 2.222800000000000123e-02
-7.500000000000000000e+01 1.413612565445026226e+00 3.909299999999999997e-01
-7.500000000000000000e+01 2.356020942408377117e+00 6.368019999999999792e-01
-7.375000000000000000e+01 -1.460732984293194114e+01 0.000000000000000000e+00
-7.375000000000000000e+01 -1.366492146596859136e+01 1.302490000000000037e-01
-7.375000000000000000e+01 -1.272251308900523981e+01 8.001999999999999391e-02
-7.375000000000000000e+01 -1.178010471204188825e+01 9.292000000000000259e-02
-7.375000000000000000e+01 -1.083769633507853669e+01 7.347299999999999665e-02
-7.375000000000000000e+01 -9.895287958115185134e+00 5.654499999999999804e-02
-7.375000000000000000e+01 -8.952879581151833577e+00 7.004199999999999315e-02
-7.375000000000000000e+01 -8.010471204188482020e+00 4.660500000000000059e-02
-7.375000000000000000e+01 -7.068062827225130462e+00 9.365999999999999326e-03
-7.375000000000000000e+01 -6.125654450261779793e+00 2.464699999999999877e-02
-7.375000000000000000e+01 -5.183246073298429124e+00 7.177999999999999658e-02
-7.375000000000000000e+01 -4.240837696335078455e+00 2.272499999999999867e-02
-7.375000000000000000e+01 -3.298429319371727786e+00 7.262000000000000226e-03
-7.375000000000000000e+01 -2.356020942408377117e+00 5.409999999999999878e-03
-7.375000000000000000e+01 -1.413612565445026226e+00 2.167300000000000129e-02
-7.375000000000000000e+01 -4.712041884816753901e-01 2.467000000000000009e-03
-7.375000000000000000e+01 4.712041884816753901e-01 2.467000000000000009e-03
-7.375000000000000000e+01 1.413612565445026226e+00 3.635300000000000337e-02
-7.250000000000000000e+01 -1.460732984293194114e+01 5.432000000000000196e-03
-7.250000000000000000e+01 -1.366492146596859136e+01 1.374849999999999961e-01
-7.250000000000000000e+01 -1.272251308900523981e+01 1.601160000000000083e-01
-7.250000000000000000e+01 -1.178010471204188825e+01 4.293199999999999794e-02
-7.250000000000000000e+01 -1.083769633507853669e+01 6.879999999999999831e-03
-7.250000000000000000e+01 -9.895287958115185134e+00 0.000000000000000000e+00
-7.250000000000000000e+01 -8.952879581151833577e+00 9.388999999999999777e-03
-7.250000000000000000e+01 -8.010471204188482020e+00 1.619410000000000016e-01
-7.250000000000000000e+01 -7.068062827225130462e+00 4.430900000000000116e-02
-7.250000000000000000e+01 -6.125654450261779793e+00 9.730000000000000151e-04
-7.250000000000000000e+01 -5.183246073298429124e+00 9.737000000000000863e-03
-7.250000000000000000e+01 -4.240837696335078455e+00 1.123389999999999944e-01
-7.250000000000000000e+01 -3.298429319371727786e+00 2.123999999999999846e-02
-7.250000000000000000e+01 -2.356020942408377117e+00 1.033700000000000070e-02
-7.250000000000000000e+01 -1.413612565445026226e+00 2.549000000000000050e-03
-7.250000000000000000e+01 -4.712041884816753901e-01 6.908000000000000078e-03
-7.250000000000000000e+01 4.712041884816753901e-01 6.908000000000000078e-03
-7.250000000000000000e+01 1.413612565445026226e+00 1.020399999999999953e-02
-7.125000000000000000e+01 -1.460732984293194114e+01 9.079900000000000471e-02
-7.125000000000000000e+01 -1.366492146596859136e+01 2.439500000000000002e-02
-7.125000000000000000e+01 -1.272251308900523981e+01 4.454299999999999926e-02
-7.125000000000000000e+01 -1.178010471204188825e+01 0.000000000000000000e+00
-7.125000000000000000e+01 -1.083769633507853669e+01 0.000000000000000000e+00
-7.125000000000000000e+01 -9.895287958115185134e+00 6.791000000000000161e-03
-7.125000000000000000e+01 -8.952879581151833577e+00 2.433099999999999846e-02
-7.125000000000000000e+01 -8.010471204188482020e+00 1.231659999999999977e-01
-7.125000000000000000e+01 -7.068062827225130462e+00 3.642999999999999971e-03
-7.125000000000000000e+01 -6.125654450261779793e+00 4.655000000000000283e-03
-7.125000000000000000e+01 -5.183246073298429124e+00 2.429999999999999977e-04
-7.125000000000000000e+01 -4.240837696335078455e+00 1.771599999999999911e-02
-7.125000000000000000e+01 -3.298429319371727786e+00 1.589999999999999888e-04
-7.125000000000000000e+01 -2.356020942408377117e+00 1.176199999999999989e-02
-7.125000000000000000e+01 -1.413612565445026226e+00 3.510000000000000099e-03
-7.125000000000000000e+01 -4.712041884816753901e-01 0.000000000000000000e+00
-7.125000000000000000e+01 4.712041884816753901e-01 0.000000000000000000e+00
-7.125000000000000000e+01 1.413612565445026226e+00 2.015700000000000131e-02
-7.000000000000000000e+01 -1.366492146596859136e+01 8.580000000000000820e-03
-7.000000000000000000e+01 -1.272251308900523981e+01 6.024299999999999794e-02
-7.000000000000000000e+01 -1.178010471204188825e+01 0.000000000000000000e+00
-7.000000000000000000e+01 -1.083769633507853669e+01 9.093099999999999794e-02
-7.000000000000000000e+01 -9.895287958115185134e+00 3.200000000000000262e-04
-7.000000000000000000e+01 -8.952879581151833577e+00 1.430999999999999980e-02
-7.000000000000000000e+01 -8.010471204188482020e+00 8.145800000000000263e-02
-7.000000000000000000e+01 -7.068062827225130462e+00 2.868199999999999916e-02
-7.000000000000000000e+01 -6.125654450261779793e+00 1.861000000000000024e-03
-7.000000000000000000e+01 -5.183246073298429124e+00 8.040000000000000271e-04
-7.000000000000000000e+01 -4.240837696335078455e+00 6.486999999999999711e-02
-7.000000000000000000e+01 -3.298429319371727786e+00 1.749099999999999960e-02
-7.000000000000000000e+01 -2.356020942408377117e+00 5.521999999999999999e-03
-7.000000000000000000e+01 -1.413612565445026226e+00 1.112699999999999974e-02
-7.000000000000000000e+01 -4.712041884816753901e-01 1.220300000000000031e-02
-7.000000000000000000e+01 4.712041884816753901e-01 1.220300000000000031e-02
-7.000000000000000000e+01 1.413612565445026226e+00 3.897999999999999989e-03
-6.875000000000000000e+01 -1.554973821989529448e+01 6.769999999999999759e-04
-6.875000000000000000e+01 -1.460732984293194114e+01 2.065000000000000169e-02
-6.875000000000000000e+01 -1.366492146596859136e+01 3.651999999999999864e-03
-6.875000000000000000e+01 -1.272251308900523981e+01 7.154000000000000636e-02
-6.875000000000000000e+01 -1.178010471204188825e+01 1.266359999999999986e-01
-6.875000000000000000e+01 -1.083769633507853669e+01 3.366950000000000220e-01
-6.875000000000000000e+01 -9.895287958115185134e+00 2.360699999999999951e-02
-6.875000000000000000e+01 -8.952879581151833577e+00 9.145899999999999863e-02
-6.875000000000000000e+01 -8.010471204188482020e+00 3.200000000000000262e-04
-6.875000000000000000e+01 -7.068062827225130462e+00 2.047999999999999907e-03
-6.875000000000000000e+01 -6.125654450261779793e+00 1.129999999999999928e-03
-6.875000000000000000e+01 -5.183246073298429124e+00 4.840000000000000010e-04
-6.875000000000000000e+01 -4.240837696335078455e+00 4.423999999999999981e-03
-6.875000000000000000e+01 -3.298429319371727786e+00 7.030999999999999923e-03
-6.875000000000000000e+01 -2.356020942408377117e+00 2.129999999999999949e-03
-6.875000000000000000e+01 -1.413612565445026226e+00 1.693000000000000060e-03
-6.875000000000000000e+01 -4.712041884816753901e-01 1.129100000000000069e-02
-6.875000000000000000e+01 4.712041884816753901e-01 1.129100000000000069e-02
-6.875000000000000000e+01 1.413612565445026226e+00 1.167100000000000082e-02
-6.875000000000000000e+01 2.356020942408377117e+00 6.131000000000000165e-03
-6.750000000000000000e+01 -1.649214659685864603e+01 1.535150000000000126e-01
-6.750000000000000000e+01 -1.554973821989529448e+01 1.535150000000000126e-01
-6.750000000000000000e+01 -1.460732984293194114e+01 4.250600000000000211e-02
-6.750000000000000000e+01 -1.366492146596859136e+01 4.073000000000000231e-02
-6.750000000000000000e+01 -1.272251308900523981e+01 5.739000000000000178e-03
-6.750000000000000000e+01 -1.178010471204188825e+01 1.366200000000000053e-02
-6.750000000000000000e+01 -1.083769633507853669e+01 1.859000000000000097e-01
-6.750000000000000000e+01 -9.895287958115185134e+00 5.742829999999999879e-01
-6.750000000000000000e+01 -8.952879581151833577e+00 6.333800000000000541e-02
-6.750000000000000000e+01 -8.010471204188482020e+00 9.590000000000000000e-04
-6.750000000000000000e+01 -7.068062827225130462e+00 8.919999999999999978e-04
-6.750000000000000000e+01 -6.125654450261779793e+00 5.134999999999999808e-03
-6.750000000000000000e+01 -5.183246073298429124e+00 1.128000000000000096e-03
-6.750000000000000000e+01 -4.240837696335078455e+00 8.059999999999999673e-04
-6.750000000000000000e+01 -3.298429319371727786e+00 1.389100000000000057e-02
-6.750000000000000000e+01 -2.356020942408377117e+00 3.310000000000000225e-04
-6.750000000000000000e+01 -1.413612565445026226e+00 8.000000000000000654e-05
-6.750000000000000000e+01 -4.712041884816753901e-01 8.989999999999999511e-04
-6.750000000000000000e+01 4.712041884816753901e-01 8.989999999999999511e-04
-6.750000000000000000e+01 1.413612565445026226e+00 6.081999999999999733e-03
-6.750000000000000000e+01 2.356020942408377117e+00 7.219999999999999855e-04
-6.625000000000000000e+01 -1.837696335078534560e+01 8.382100000000000661e-02
-6.625000000000000000e+01 -1.743455497382199582e+01 1.286430000000000073e-01
-6.625000000000000000e+01 -1.649214659685864603e+01 1.786999999999999960e-03
-6.625000000000000000e+01 -1.554973821989529448e+01 1.786999999999999960e-03
-6.625000000000000000e+01 -1.460732984293194114e+01 6.490000000000000109e-03
-6.625000000000000000e+01 -1.366492146596859136e+01 1.134000000000000025e-03
-6.625000000000000000e+01 -1.272251308900523981e+01 0.000000000000000000e+00
-6.625000000000000000e+01 -1.178010471204188825e+01 5.577000000000000360e-03
-6.625000000000000000e+01 -1.083769633507853669e+01 6.417599999999999694e-02
-6.625000000000000000e+01 -9.895287958115185134e+00 1.248989999999999961e-01
-6.625000000000000000e+01 -8.952879581151833577e+00 1.617499999999999841e-02
-6.625000000000000000e+01 -8.010471204188482020e+00 2.295000000000000165e-03
-6.625000000000000000e+01 -7.068062827225130462e+00 8.109999999999999805e-04
-6.625000000000000000e+01 -6.125654450261779793e+00 1.610000000000000103e-04
-6.625000000000000000e+01 -5.183246073298429124e+00 3.260000000000000094e-04
-6.625000000000000000e+01 -4.240837696335078455e+00 3.536000000000000081e-03
-6.625000000000000000e+01 -3.298429319371727786e+00 1.376199999999999993e-02
-6.625000000000000000e+01 -2.356020942408377117e+00 6.198000000000000384e-03
-6.625000000000000000e+01 -1.413612565445026226e+00 0.000000000000000000e+00
-6.625000000000000000e+01 -4.712041884816753901e-01 2.425000000000000072e-03
-6.625000000000000000e+01 4.712041884816753901e-01 2.425000000000000072e-03
-6.625000000000000000e+01 1.413612565445026226e+00 7.689799999999999414e-02
-6.625000000000000000e+01 2.356020942408377117e+00 7.302799999999999569e-02
-6.500000000000000000e+01 -1.837696335078534560e+01 2.134899999999999992e-02
-6.500000000000000000e+01 -1.743455497382199582e+01 2.868669999999999831e-01
-6.500000000000000000e+01 -1.649214659685864603e+01 1.051500000000000004e-02
-6.500000000000000000e+01 -1.554973821989529448e+01 1.051500000000000004e-02
-6.500000000000000000e+01 -1.460732984293194114e+01 5.943000000000000366e-03
-6.500000000000000000e+01 -1.366492146596859136e+01 3.054999999999999990e-03
-6.500000000000000000e+01 -1.272251308900523981e+01 1.660999999999999933e-03
-6.500000000000000000e+01 -1.178010471204188825e+01 7.238999999999999775e-03
-6.500000000000000000e+01 -1.083769633507853669e+01 1.405160000000000020e-01
-6.500000000000000000e+01 -9.895287958115185134e+00 2.843890000000000029e-01
-6.500000000000000000e+01 -8.952879581151833577e+00 5.688000000000000000e-02
-6.500000000000000000e+01 -8.010471204188482020e+00 2.351999999999999924e-03
-6.500000000000000000e+01 -7.068062827225130462e+00 1.934699999999999961e-02
-6.500000000000000000e+01 -6.125654450261779793e+00 1.147999999999999932e-03
-6.500000000000000000e+01 -5.183246073298429124e+00 1.630000000000000047e-04
-6.500000000000000000e+01 -4.240837696335078455e+00 3.622999999999999918e-03
-6.500000000000000000e+01 -3.298429319371727786e+00 1.060499999999999984e-02
-6.500000000000000000e+01 -2.356020942408377117e+00 4.329999999999999648e-03
-6.500000000000000000e+01 -1.413612565445026226e+00 1.791999999999999973e-03
-6.500000000000000000e+01 -4.712041884816753901e-01 7.742999999999999883e-03
-6.500000000000000000e+01 4.712041884816753901e-01 7.742999999999999883e-03
-6.500000000000000000e+01 1.413612565445026226e+00 2.658999999999999905e-03
-6.375000000000000000e+01 -2.026178010471204516e+01 1.666670000000000096e-01
-6.375000000000000000e+01 -1.931937172774869538e+01 8.849999999999999534e-02
-6.375000000000000000e+01 -1.837696335078534560e+01 1.040289999999999965e-01
-6.375000000000000000e+01 -1.743455497382199582e+01 4.216349999999999820e-01
-6.375000000000000000e+01 -1.649214659685864603e+01 5.060400000000000315e-02
-6.375000000000000000e+01 -1.554973821989529448e+01 5.060400000000000315e-02
-6.375000000000000000e+01 -1.460732984293194114e+01 2.388799999999999951e-02
-6.375000000000000000e+01 -1.366492146596859136e+01 2.972999999999999948e-03
-6.375000000000000000e+01 -1.272251308900523981e+01 1.505000000000000044e-03
-6.375000000000000000e+01 -1.178010471204188825e+01 2.228779999999999928e-01
-6.375000000000000000e+01 -1.083769633507853669e+01 4.049200000000000021e-02
-6.375000000000000000e+01 -9.895287958115185134e+00 3.234389999999999765e-01
-6.375000000000000000e+01 -8.952879581151833577e+00 5.075180000000000247e-01
-6.375000000000000000e+01 -8.010471204188482020e+00 9.199699999999999545e-02
-6.375000000000000000e+01 -7.068062827225130462e+00 9.053000000000000283e-03
-6.375000000000000000e+01 -6.125654450261779793e+00 4.970999999999999724e-03
-6.375000000000000000e+01 -5.183246073298429124e+00 1.876000000000000063e-03
-6.375000000000000000e+01 -4.240837696335078455e+00 3.012199999999999947e-02
-6.375000000000000000e+01 -3.298429319371727786e+00 1.724000000000000055e-03
-6.375000000000000000e+01 -2.356020942408377117e+00 3.249999999999999851e-04
-6.375000000000000000e+01 -1.413612565445026226e+00 3.240000000000000150e-04
-6.375000000000000000e+01 -4.712041884816753901e-01 1.828999999999999897e-03
-6.375000000000000000e+01 4.712041884816753901e-01 1.828999999999999897e-03
-6.375000000000000000e+01 1.413612565445026226e+00 0.000000000000000000e+00
-6.375000000000000000e+01 3.298429319371727786e+00 1.166299999999999976e-02
-6.250000000000000000e+01 -1.931937172774869538e+01 3.107559999999999767e-01
-6.250000000000000000e+01 -1.837696335078534560e+01 6.543050000000000255e-01
-6.250000000000000000e+01 -1.743455497382199582e+01 6.911779999999999591e-01
-6.250000000000000000e+01 -1.649214659685864603e+01 7.031099999999999850e-02
-6.250000000000000000e+01 -1.554973821989529448e+01 7.031099999999999850e-02
-6.250000000000000000e+01 -1.460732984293194114e+01 7.910999999999999630e-03
-6.250000000000000000e+01 -1.366492146596859136e+01 2.263999999999999953e-03
-6.250000000000000000e+01 -1.272251308900523981e+01 1.157999999999999958e-03
-6.250000000000000000e+01 -1.178010471204188825e+01 3.287700000000000067e-01
-6.250000000000000000e+01 -1.083769633507853669e+01 3.300799999999999845e-01
-6.250000000000000000e+01 -9.895287958115185134e+00 8.465080000000000382e-01
-6.250000000000000000e+01 -8.952879581151833577e+00 2.763320000000000221e-01
-6.250000000000000000e+01 -8.010471204188482020e+00 7.431100000000000205e-02
-6.250000000000000000e+01 -7.068062827225130462e+00 5.696999999999999981e-02
-6.250000000000000000e+01 -6.125654450261779793e+00 8.396000000000000685e-03
-6.250000000000000000e+01 -5.183246073298429124e+00 2.396000000000000126e-03
-6.250000000000000000e+01 -4.240837696335078455e+00 3.031199999999999867e-02
-6.250000000000000000e+01 -3.298429319371727786e+00 5.448999999999999851e-03
-6.250000000000000000e+01 -2.356020942408377117e+00 1.056999999999999997e-03
-6.250000000000000000e+01 -1.413612565445026226e+00 2.631999999999999791e-03
-6.250000000000000000e+01 -4.712041884816753901e-01 6.509999999999999945e-04
-6.250000000000000000e+01 4.712041884816753901e-01 6.509999999999999945e-04
-6.250000000000000000e+01 1.413612565445026226e+00 1.435000000000000078e-03
-6.250000000000000000e+01 2.356020942408377117e+00 1.374999999999999920e-03
-6.250000000000000000e+01 3.298429319371727786e+00 0.000000000000000000e+00
-6.125000000000000000e+01 -1.837696335078534560e+01 1.472769999999999913e-01
-6.125000000000000000e+01 -1.743455497382199582e+01 7.331899999999999529e-02
-6.125000000000000000e+01 -1.649214659685864603e+01 1.033840000000000037e-01
-6.125000000000000000e+01 -1.554973821989529448e+01 1.033840000000000037e-01
-6.125000000000000000e+01 -1.460732984293194114e+01 1.765800000000000008e-02
-6.125000000000000000e+01 -1.366492146596859136e+01 3.561199999999999782e-02
-6.125000000000000000e+01 -1.272251308900523981e+01 5.885449999999999848e-01
-6.125000000000000000e+01 -1.178010471204188825e+01 6.635569999999999524e-01
-6.125000000000000000e+01 -1.083769633507853669e+01 3.841160000000000130e-01
-6.125000000000000000e+01 -9.895287958115185134e+00 1.719539999999999957e-01
-6.125000000000000000e+01 -8.952879581151833577e+00 2.290999999999999981e-02
-6.125000000000000000e+01 -8.010471204188482020e+00 2.201799999999999938e-02
-6.125000000000000000e+01 -7.068062827225130462e+00 2.818999999999999891e-03
-6.125000000000000000e+01 -6.125654450261779793e+00 3.498699999999999727e-02
-6.125000000000000000e+01 -5.183246073298429124e+00 1.377300000000000052e-02
-6.125000000000000000e+01 -4.240837696335078455e+00 4.665400000000000102e-02
-6.125000000000000000e+01 -3.298429319371727786e+00 5.749599999999999850e-02
-6.125000000000000000e+01 -2.356020942408377117e+00 1.302999999999999905e-03
-6.125000000000000000e+01 -1.413612565445026226e+00 4.899999999999999842e-04
-6.125000000000000000e+01 -4.712041884816753901e-01 5.046699999999999797e-02
-6.125000000000000000e+01 4.712041884816753901e-01 5.046699999999999797e-02
-6.125000000000000000e+01 1.413612565445026226e+00 4.746199999999999725e-02
-6.125000000000000000e+01 2.356020942408377117e+00 3.226310000000000011e-01
-6.125000000000000000e+01 3.298429319371727786e+00 1.584019999999999873e-01
-6.125000000000000000e+01 4.240837696335078455e+00 1.132500000000000000e-02
-6.000000000000000000e+01 -1.554973821989529448e+01 8.380300000000000249e-02
-6.000000000000000000e+01 -1.460732984293194114e+01 3.544729999999999825e-01
-6.000000000000000000e+01 -1.366492146596859136e+01 3.570269999999999833e-01
-6.000000000000000000e+01 -1.272251308900523981e+01 3.045990000000000086e-01
-6.000000000000000000e+01 -1.178010471204188825e+01 8.151700000000000612e-02
-6.000000000000000000e+01 -1.083769633507853669e+01 1.132999999999999893e-03
-6.000000000000000000e+01 -9.895287958115185134e+00 4.981599999999999917e-02
-6.000000000000000000e+01 -8.952879581151833577e+00 5.904000000000000394e-03
-6.000000000000000000e+01 -8.010471204188482020e+00 0.000000000000000000e+00
-6.000000000000000000e+01 -7.068062827225130462e+00 1.147350000000000037e-01
-6.000000000000000000e+01 -6.125654450261779793e+00 9.289999999999999647e-03
-6.000000000000000000e+01 -5.183246073298429124e+00 1.574700000000000058e-02
-6.000000000000000000e+01 -4.240837696335078455e+00 1.674430000000000085e-01
-6.000000000000000000e+01 -3.298429319371727786e+00 3.750459999999999905e-01
-6.000000000000000000e+01 -2.356020942408377117e+00 2.159750000000000003e-01
-6.000000000000000000e+01 -1.413612565445026226e+00 4.003000000000000308e-02
-6.000000000000000000e+01 -4.712041884816753901e-01 1.263399999999999940e-02
-6.000000000000000000e+01 4.712041884816753901e-01 1.263399999999999940e-02
-6.000000000000000000e+01 1.413612565445026226e+00 3.579149999999999832e-01
-6.000000000000000000e+01 2.356020942408377117e+00 5.094100000000000017e-02
-6.000000000000000000e+01 3.298429319371727786e+00 5.839799999999999852e-02
-6.000000000000000000e+01 4.240837696335078455e+00 1.091600000000000036e-02
-6.000000000000000000e+01 5.183246073298429124e+00 1.274999999999999918e-02
-5.875000000000000000e+01 -1.366492146596859136e+01 2.857799999999999924e-02
-5.875000000000000000e+01 -1.272251308900523981e+01 1.855000000000000095e-03
-5.875000000000000000e+01 -1.178010471204188825e+01 1.588360000000000050e-01
-5.875000000000000000e+01 -1.083769633507853669e+01 3.920770000000000088e-01
-5.875000000000000000e+01 -9.895287958115185134e+00 1.736489999999999978e-01
-5.875000000000000000e+01 -8.952879581151833577e+00 3.484500000000000097e-02
-5.875000000000000000e+01 -8.010471204188482020e+00 2.400000000000000061e-04
-5.875000000000000000e+01 -7.068062827225130462e+00 1.232899999999999968e-02
-5.875000000000000000e+01 -6.125654450261779793e+00 5.649999999999999641e-04
-5.875000000000000000e+01 -5.183246073298429124e+00 1.229000000000000058e-03
-5.875000000000000000e+01 -4.240837696335078455e+00 1.164219999999999977e-01
-5.875000000000000000e+01 -3.298429319371727786e+00 3.851660000000000084e-01
-5.875000000000000000e+01 -2.356020942408377117e+00 2.026299999999999976e-02
-5.875000000000000000e+01 -1.413612565445026226e+00 0.000000000000000000e+00
-5.875000000000000000e+01 -4.712041884816753901e-01 0.000000000000000000e+00
-5.875000000000000000e+01 4.712041884816753901e-01 0.000000000000000000e+00
-5.750000000000000000e+01 -1.366492146596859136e+01 4.515700000000000269e-02
-5.750000000000000000e+01 -1.272251308900523981e+01 5.044900000000000079e-02
-5.750000000000000000e+01 -1.178010471204188825e+01 4.046529999999999849e-01
-5.750000000000000000e+01 -1.083769633507853669e+01 3.461020000000000207e-01
-5.750000000000000000e+01 -9.895287958115185134e+00 1.993620000000000114e-01
-5.750000000000000000e+01 -8.952879581151833577e+00 1.760400000000000159e-02
-5.750000000000000000e+01 -8.010471204188482020e+00 1.814999999999999990e-03
-5.750000000000000000e+01 -7.068062827225130462e+00 1.655999999999999920e-03
-5.750000000000000000e+01 -6.125654450261779793e+00 1.842900000000000094e-02
-5.750000000000000000e+01 -5.183246073298429124e+00 1.631999999999999987e-03
-5.750000000000000000e+01 -4.240837696335078455e+00 4.752499999999999780e-02
-5.750000000000000000e+01 -3.298429319371727786e+00 2.457189999999999930e-01
-5.750000000000000000e+01 -2.356020942408377117e+00 2.957999999999999866e-02
-5.750000000000000000e+01 -1.413612565445026226e+00 6.592999999999999902e-03
-5.750000000000000000e+01 -4.712041884816753901e-01 0.000000000000000000e+00
-5.750000000000000000e+01 4.712041884816753901e-01 0.000000000000000000e+00
-5.750000000000000000e+01 1.413612565445026226e+00 8.100000000000000375e-05
-5.625000000000000000e+01 -1.366492146596859136e+01 2.515709999999999891e-01
-5.625000000000000000e+01 -1.272251308900523981e+01 2.826469999999999816e-01
-5.625000000000000000e+01 -1.178010471204188825e+01 5.897559999999999469e-01
-5.625000000000000000e+01 -1.083769633507853669e+01 4.082749999999999990e-01
-5.625000000000000000e+01 -9.895287958115185134e+00 7.521959999999999757e-01
-5.625000000000000000e+01 -8.952879581151833577e+00 3.676200000000000301e-02
-5.625000000000000000e+01 -8.010471204188482020e+00 3.108999999999999785e-03
-5.625000000000000000e+01 -7.068062827225130462e+00 3.321299999999999947e-02
-5.625000000000000000e+01 -6.125654450261779793e+00 6.076800000000000257e-02
-5.625000000000000000e+01 -5.183246073298429124e+00 1.572780000000000011e-01
-5.625000000000000000e+01 -4.240837696335078455e+00 3.344489999999999963e-01
-5.625000000000000000e+01 -3.298429319371727786e+00 2.507399999999999907e-02
-5.625000000000000000e+01 -2.356020942408377117e+00 3.263789999999999747e-01
-5.625000000000000000e+01 -1.413612565445026226e+00 2.534300000000000094e-02
-5.625000000000000000e+01 -4.712041884816753901e-01 8.000000000000000654e-05
-5.625000000000000000e+01 4.712041884816753901e-01 8.000000000000000654e-05
-5.625000000000000000e+01 1.413612565445026226e+00 0.000000000000000000e+00
-5.500000000000000000e+01 -1.460732984293194114e+01 1.775289999999999924e-01
-5.500000000000000000e+01 -1.366492146596859136e+01 4.263900000000000329e-02
-5.500000000000000000e+01 -1.272251308900523981e+01 3.161320000000000241e-01
-5.500000000000000000e+01 -1.178010471204188825e+01 5.463170000000000526e-01
-5.500000000000000000e+01 -1.083769633507853669e+01 6.798619999999999663e-01
-5.500000000000000000e+01 -9.895287958115185134e+00 6.974630000000000551e-01
-5.500000000000000000e+01 -8.952879581151833577e+00 5.144599999999999868e-02
-5.500000000000000000e+01 -8.010471204188482020e+00 1.129730000000000040e-01
-5.500000000000000000e+01 -7.068062827225130462e+00 1.310409999999999908e-01
-5.500000000000000000e+01 -6.125654450261779793e+00 2.726000000000000124e-03
-5.500000000000000000e+01 -5.183246073298429124e+00 4.809999999999999823e-04
-5.500000000000000000e+01 -4.240837696335078455e+00 2.620020000000000127e-01
-5.500000000000000000e+01 -3.298429319371727786e+00 4.247650000000000037e-01
-5.500000000000000000e+01 -2.356020942408377117e+00 5.463240000000000318e-01
-5.500000000000000000e+01 -1.413612565445026226e+00 1.300100000000000040e-02
-5.500000000000000000e+01 -4.712041884816753901e-01 2.420000000000000005e-04
-5.500000000000000000e+01 4.712041884816753901e-01 2.420000000000000005e-04
-5.500000000000000000e+01 1.413612565445026226e+00 2.420000000000000005e-04
-5.500000000000000000e+01 2.356020942408377117e+00 5.760000000000000146e-04
-5.375000000000000000e+01 -1.460732984293194114e+01 4.079999999999999968e-04
-5.375000000000000000e+01 -1.366492146596859136e+01 4.009000000000000064e-02
-5.375000000000000000e+01 -1.272251308900523981e+01 1.955369999999999886e-01
-5.375000000000000000e+01 -1.178010471204188825e+01 1.130250000000000005e-01
-5.375000000000000000e+01 -1.083769633507853669e+01 2.090239999999999876e-01
-5.375000000000000000e+01 -9.895287958115185134e+00 2.749900000000000122e-01
-5.375000000000000000e+01 -8.952879581151833577e+00 4.028000000000000330e-03
-5.375000000000000000e+01 -8.010471204188482020e+00 8.000000000000000654e-05
-5.375000000000000000e+01 -7.068062827225130462e+00 2.101000000000000003e-03
-5.375000000000000000e+01 -6.125654450261779793e+00 6.347000000000000211e-03
-5.375000000000000000e+01 -5.183246073298429124e+00 3.246999999999999886e-03
-5.375000000000000000e+01 -4.240837696335078455e+00 2.544759999999999800e-01
-5.375000000000000000e+01 -3.298429319371727786e+00 1.969730000000000092e-01
-5.375000000000000000e+01 -2.356020942408377117e+00 4.476970000000000116e-01
-5.375000000000000000e+01 -1.413612565445026226e+00 6.689900000000000013e-02
-5.375000000000000000e+01 -4.712041884816753901e-01 9.719999999999999907e-04
-5.375000000000000000e+01 4.712041884816753901e-01 9.719999999999999907e-04
-5.375000000000000000e+01 1.413612565445026226e+00 1.217999999999999899e-03
-5.375000000000000000e+01 2.356020942408377117e+00 1.054000000000000032e-03
-5.250000000000000000e+01 -1.366492146596859136e+01 1.280700000000000068e-02
-5.250000000000000000e+01 -1.272251308900523981e+01 2.129260000000000042e-01
-5.250000000000000000e+01 -1.178010471204188825e+01 1.021920000000000051e-01
-5.250000000000000000e+01 -1.083769633507853669e+01 2.678280000000000105e-01
-5.250000000000000000e+01 -9.895287958115185134e+00 8.612400000000000611e-02
-5.250000000000000000e+01 -8.952879581151833577e+00 5.699999999999999772e-04
-5.250000000000000000e+01 -8.010471204188482020e+00 1.825000000000000016e-03
-5.250000000000000000e+01 -7.068062827225130462e+00 1.878099999999999908e-02
-5.250000000000000000e+01 -6.125654450261779793e+00 4.043000000000000066e-02
-5.250000000000000000e+01 -5.183246073298429124e+00 1.755000000000000050e-03
-5.250000000000000000e+01 -4.240837696335078455e+00 8.278900000000000148e-02
-5.250000000000000000e+01 -3.298429319371727786e+00 2.114959999999999896e-01
-5.250000000000000000e+01 -2.356020942408377117e+00 3.136499999999999705e-02
-5.250000000000000000e+01 -1.413612565445026226e+00 1.993949999999999889e-01
-5.250000000000000000e+01 -4.712041884816753901e-01 1.374999999999999920e-03
-5.250000000000000000e+01 4.712041884816753901e-01 1.374999999999999920e-03
-5.125000000000000000e+01 -8.952879581151833577e+00 5.079770000000000119e-01
-5.125000000000000000e+01 -8.010471204188482020e+00 3.905730000000000035e-01
-5.125000000000000000e+01 -7.068062827225130462e+00 4.560569999999999902e-01
-5.125000000000000000e+01 -5.183246073298429124e+00 1.627069999999999905e-01
-5.125000000000000000e+01 -4.240837696335078455e+00 2.806960000000000011e-01
-5.125000000000000000e+01 -3.298429319371727786e+00 1.786530000000000062e-01
-5.125000000000000000e+01 -2.356020942408377117e+00 7.407700000000000395e-02
-5.000000000000000000e+01 -3.298429319371727786e+00 3.562629999999999963e-01
