-7.875000000000000000e+01 -6.125654450261779793e+00 5.210550000000000459e-01
-7.875000000000000000e+01 -5.183246073298429124e+00 2.748729999999999785e-01
-7.875000000000000000e+01 -4.240837696335078455e+00 4.297190000000000176e-01
-7.875000000000000000e+01 -3.298429319371727786e+00 5.262409999999999588e-01
-7.875000000000000000e+01 -2.356020942408377117e+00 0.000000000000000000e+00
-7.875000000000000000e+01 -1.413612565445026226e+00 0.000000000000000000e+00
-7.750000000000000000e+01 -8.952879581151833577e+00 1.897490000000000010e-01
-7.750000000000000000e+01 -8.010471204188482020e+00 1.435049999999999937e-01
-7.750000000000000000e+01 -7.068062827225130462e+00 3.014350000000000085e-01
-7.750000000000000000e+01 -6.125654450261779793e+00 6.039689999999999781e-01
-7.750000000000000000e+01 -5.183246073298429124e+00 2.114620000000000111e-01
-7.750000000000000000e+01 -4.240837696335078455e+00 7.089700000000000168e-02
-7.750000000000000000e+01 -3.298429319371727786e+00 4.412159999999999971e-01
-7.750000000000000000e+01 -2.356020942408377117e+00 3.210029999999999828e-01
-7.750000000000000000e+01 -1.413612565445026226e+00 4.006319999999999881e-01
-7.750000000000000000e+01 -4.712041884816753901e-01 2.280500000000000027e-01
-7.750000000000000000e+01 4.712041884816753901e-01 2.280500000000000027e-01
-7.625000000000000000e+01 -1.083769633507853669e+01 7.054000000000000548e-02
-7.625000000000000000e+01 -9.895287958115185134e+00 1.398969999999999936e-01
-7.625000000000000000e+01 -8.952879581151833577e+00 4.997150000000000203e-01
-7.625000000000000000e+01 -8.010471204188482020e+00 2.154810000000000059e-01
-7.625000000000000000e+01 -7.068062827225130462e+00 3.474570000000000158e-01
-7.625000000000000000e+01 -6.125654450261779793e+00 5.063429999999999875e-01
-7.625000000000000000e+01 -5.183246073298429124e+00 7.135600000000000276e-02
-7.625000000000000000e+01 -4.240837696335078455e+00 1.472000000000000001e-03
-7.625000000000000000e+01 -3.298429319371727786e+00 3.983000000000000429e-03
-7.625000000000000000e+01 -2.356020942408377117e+00 2.553000000000000148e-03
-7.625000000000000000e+01 -1.413612565445026226e+00 2.611000000000000040e-03
-7.625000000000000000e+01 -4.712041884816753901e-01 1.258460000000000134e-01
-7.625000000000000000e+01 4.712041884816753901e-01 1.258460000000000134e-01
-7.625000000000000000e+01 1.413612565445026226e+00 9.136630000000000029e-01
-7.500000000000000000e+01 -1.366492146596859136e+01 7.814200000000000312e-02
-7.500000000000000000e+01 -1.272251308900523981e+01 1.417779999999999874e-01
-7.500000000000000000e+01 -1.178010471204188825e+01 1.246529999999999999e-01
-7.500000000000000000e+01 -1.083769633507853669e+01 4.088160000000000127e-01
-7.500000000000000000e+01 -9.895287958115185134e+00 2.208019999999999983e-01
-7.500000000000000000e+01 -8.952879581151833577e+00 5.376410000000000355e-01
-7.500000000000000000e+01 -8.010471204188482020e+00 2.872390000000000221e-01
-7.500000000000000000e+01 -7.068062827225130462e+00 3.560399999999999676e-02
-7.500000000000000000e+01 -6.125654450261779793e+00 6.070300000000000001e-02
-7.500000000000000000e+01 -5.183246073298429124e+00 4.566900000000000126e-02
-7.500000000000000000e+01 -4.240837696335078455e+00 2.003299999999999872e-02
-7.500000000000000000e+01 -3.298429319371727786e+00 2.305999999999999890e-03
-7.500000000000000000e+01 -2.356020942408377117e+00 6.376999999999999856e-03
-7.500000000000000000e+01 -1.413612565445026226e+00 5.597000000000000412e-03
-7.500000000000000000e+01 -4.712041884816753901e-01 3.649299999999999766e-02
-7.500000000000000000e+01 4.712041884816753901e-01 3.649299999999999766e-02
-7.500000000000000000e+01 1.413612565445026226e+00 7.017229999999999857e-01
-7.500000000000000000e+01 2.356020942408377117e+00 9.394099999999999673e-01
-7.375000000000000000e+01 -1.460732984293194114e+01 0.000000000000000000e+00
-7.375000000000000000e+01 -1.366492146596859136e+01 1.302490000000000037e-01
-7.375000000000000000e+01 -1.272251308900523981e+01 9.360200000000000464e-02
-7.375000000000000000e+01 -1.178010471204188825e+01 9.906600000000000128e-02
-7.375000000000000000e+01 -1.083769633507853669e+01 1.168249999999999983e-01
-7.375000000000000000e+01 -9.895287958115185134e+00 5.654499999999999804e-02
-7.375000000000000000e+01 -8.952879581151833577e+00 1.020920000000000022e-01
-7.375000000000000000e+01 -8.010471204188482020e+00 1.893130000000000090e-01
-7.375000000000000000e+01 -7.068062827225130462e+00 1.047399999999999998e-01
-7.375000000000000000e+01 -6.125654450261779793e+00 2.464699999999999877e-02
-7.375000000000000000e+01 -5.183246073298429124e+00 7.177999999999999658e-02
-7.375000000000000000e+01 -4.240837696335078455e+00 2.272499999999999867e-02
-7.375000000000000000e+01 -3.298429319371727786e+00 7.262000000000000226e-03
-7.375000000000000000e+01 -2.356020942408377117e+00 5.409999999999999878e-03
-7.375000000000000000e+01 -1.413612565445026226e+00 1.620999999999999941e-01
-7.375000000000000000e+01 -4.712041884816753901e-01 2.549000000000000050e-03
-7.375000000000000000e+01 4.712041884816753901e-01 2.549000000000000050e-03
-7.375000000000000000e+01 1.413612565445026226e+00 4.803500000000000131e-02
-7.250000000000000000e+01 -1.460732984293194114e+01 5.432000000000000196e-03
-7.250000000000000000e+01 -1.366492146596859136e+01 1.374849999999999961e-01
-7.250000000000000000e+01 -1.272251308900523981e+01 1.835330000000000017e-01
-7.250000000000000000e+01 -1.178010471204188825e+01 4.456399999999999945e-02
-7.250000000000000000e+01 -1.083769633507853669e+01 6.879999999999999831e-03
-7.250000000000000000e+01 -9.895287958115185134e+00 0.000000000000000000e+00
-7.250000000000000000e+01 -8.952879581151833577e+00 1.118500000000000050e-02
-7.250000000000000000e+01 -8.010471204188482020e+00 4.843649999999999900e-01
-7.250000000000000000e+01 -7.068062827225130462e+00 1.829890000000000128e-01
-7.250000000000000000e+01 -6.125654450261779793e+00 9.730000000000000151e-04
-7.250000000000000000e+01 -5.183246073298429124e+00 9.737000000000000863e-03
-7.250000000000000000e+01 -4.240837696335078455e+00 1.123389999999999944e-01
-7.250000000000000000e+01 -3.298429319371727786e+00 2.123999999999999846e-02
-7.250000000000000000e+01 -2.356020942408377117e+00 9.105199999999999405e-02
-7.250000000000000000e+01 -1.413612565445026226e+00 2.919199999999999920e-02
-7.250000000000000000e+01 -4.712041884816753901e-01 6.908000000000000078e-03
-7.250000000000000000e+01 4.712041884816753901e-01 6.908000000000000078e-03
-7.250000000000000000e+01 1.413612565445026226e+00 1.020399999999999953e-02
-7.125000000000000000e+01 -1.460732984293194114e+01 9.079900000000000471e-02
-7.125000000000000000e+01 -1.366492146596859136e+01 2.439500000000000002e-02
-7.125000000000000000e+01 -1.272251308900523981e+01 2.562840000000000118e-01
-7.125000000000000000e+01 -1.178010471204188825e+01 2.460000000000000164e-04
-7.125000000000000000e+01 -1.083769633507853669e+01 0.000000000000000000e+00
-7.125000000000000000e+01 -9.895287958115185134e+00 6.791000000000000161e-03
-7.125000000000000000e+01 -8.952879581151833577e+00 1.201949999999999963e-01
-7.125000000000000000e+01 -8.010471204188482020e+00 6.356819999999999693e-01
-7.125000000000000000e+01 -7.068062827225130462e+00 7.399600000000000621e-02
-7.125000000000000000e+01 -6.125654450261779793e+00 4.655000000000000283e-03
-7.125000000000000000e+01 -5.183246073298429124e+00 2.429999999999999977e-04
-7.125000000000000000e+01 -4.240837696335078455e+00 4.162099999999999828e-02
-7.125000000000000000e+01 -3.298429319371727786e+00 3.190000000000000019e-04
-7.125000000000000000e+01 -2.356020942408377117e+00 5.782899999999999846e-02
-7.125000000000000000e+01 -1.413612565445026226e+00 3.592000000000000141e-03
-7.125000000000000000e+01 -4.712041884816753901e-01 0.000000000000000000e+00
-7.125000000000000000e+01 4.712041884816753901e-01 0.000000000000000000e+00
-7.125000000000000000e+01 1.413612565445026226e+00 1.286110000000000031e-01
-7.000000000000000000e+01 -1.366492146596859136e+01 1.016500000000000042e-02
-7.000000000000000000e+01 -1.272251308900523981e+01 4.353580000000000227e-01
-7.000000000000000000e+01 -1.178010471204188825e+01 1.019459999999999950e-01
-7.000000000000000000e+01 -1.083769633507853669e+01 3.830709999999999948e-01
-7.000000000000000000e+01 -9.895287958115185134e+00 3.939800000000000246e-02
-7.000000000000000000e+01 -8.952879581151833577e+00 3.249040000000000261e-01
-7.000000000000000000e+01 -8.010471204188482020e+00 4.567030000000000256e-01
-7.000000000000000000e+01 -7.068062827225130462e+00 6.107300000000000229e-02
-7.000000000000000000e+01 -6.125654450261779793e+00 1.861000000000000024e-03
-7.000000000000000000e+01 -5.183246073298429124e+00 8.040000000000000271e-04
-7.000000000000000000e+01 -4.240837696335078455e+00 1.543480000000000130e-01
-7.000000000000000000e+01 -3.298429319371727786e+00 9.579100000000000115e-02
-7.000000000000000000e+01 -2.356020942408377117e+00 3.681199999999999750e-02
-7.000000000000000000e+01 -1.413612565445026226e+00 4.807800000000000268e-02
-7.000000000000000000e+01 -4.712041884816753901e-01 1.220300000000000031e-02
-7.000000000000000000e+01 4.712041884816753901e-01 1.220300000000000031e-02
-7.000000000000000000e+01 1.413612565445026226e+00 9.013999999999999443e-03
-6.875000000000000000e+01 -1.554973821989529448e+01 6.769999999999999759e-04
-6.875000000000000000e+01 -1.460732984293194114e+01 4.410499999999999837e-02
-6.875000000000000000e+01 -1.366492146596859136e+01 1.785399999999999834e-02
-6.875000000000000000e+01 -1.272251308900523981e+01 1.372480000000000089e-01
-6.875000000000000000e+01 -1.178010471204188825e+01 4.552289999999999948e-01
-6.875000000000000000e+01 -1.083769633507853669e+01 6.765860000000000207e-01
-6.875000000000000000e+01 -9.895287958115185134e+00 1.522350000000000092e-01
-6.875000000000000000e+01 -8.952879581151833577e+00 5.372219999999999773e-01
-6.875000000000000000e+01 -8.010471204188482020e+00 2.330399999999999833e-02
-6.875000000000000000e+01 -7.068062827225130462e+00 2.047999999999999907e-03
-6.875000000000000000e+01 -6.125654450261779793e+00 1.129999999999999928e-03
-6.875000000000000000e+01 -5.183246073298429124e+00 4.840000000000000010e-04
-6.875000000000000000e+01 -4.240837696335078455e+00 4.423999999999999981e-03
-6.875000000000000000e+01 -3.298429319371727786e+00 7.289000000000000340e-03
-6.875000000000000000e+01 -2.356020942408377117e+00 6.799999999999999621e-03
-6.875000000000000000e+01 -1.413612565445026226e+00 1.370299999999999990e-02
-6.875000000000000000e+01 -4.712041884816753901e-01 1.129100000000000069e-02
-6.875000000000000000e+01 4.712041884816753901e-01 1.129100000000000069e-02
-6.875000000000000000e+01 1.413612565445026226e+00 1.746500000000000136e-02
-6.875000000000000000e+01 2.356020942408377117e+00 6.131000000000000165e-03
-6.750000000000000000e+01 -1.649214659685864603e+01 3.402189999999999936e-01
-6.750000000000000000e+01 -1.554973821989529448e+01 3.402189999999999936e-01
-6.750000000000000000e+01 -1.460732984293194114e+01 1.779469999999999941e-01
-6.750000000000000000e+01 -1.366492146596859136e+01 1.333870000000000056e-01
-6.750000000000000000e+01 -1.272251308900523981e+01 2.643099999999999963e-02
-6.750000000000000000e+01 -1.178010471204188825e+01 2.151499999999999940e-02
-6.750000000000000000e+01 -1.083769633507853669e+01 4.836219999999999963e-01
-6.750000000000000000e+01 -9.895287958115185134e+00 8.402239999999999709e-01
-6.750000000000000000e+01 -8.952879581151833577e+00 2.952270000000000172e-01
-6.750000000000000000e+01 -8.010471204188482020e+00 3.595999999999999804e-03
-6.750000000000000000e+01 -7.068062827225130462e+00 8.919999999999999978e-04
-6.750000000000000000e+01 -6.125654450261779793e+00 8.314000000000000209e-03
-6.750000000000000000e+01 -5.183246073298429124e+00 1.128000000000000096e-03
-6.750000000000000000e+01 -4.240837696335078455e+00 8.059999999999999673e-04
-6.750000000000000000e+01 -3.298429319371727786e+00 1.970799999999999982e-02
-6.750000000000000000e+01 -2.356020942408377117e+00 3.310000000000000225e-04
-6.750000000000000000e+01 -1.413612565445026226e+00 8.000000000000000654e-05
-6.750000000000000000e+01 -4.712041884816753901e-01 8.989999999999999511e-04
-6.750000000000000000e+01 4.712041884816753901e-01 8.989999999999999511e-04
-6.750000000000000000e+01 1.413612565445026226e+00 6.081999999999999733e-03
-6.750000000000000000e+01 2.356020942408377117e+00 4.171000000000000228e-03
-6.625000000000000000e+01 -1.837696335078534560e+01 8.382100000000000661e-02
-6.625000000000000000e+01 -1.743455497382199582e+01 3.038370000000000237e-01
-6.625000000000000000e+01 -1.649214659685864603e+01 5.118000000000000153e-03
-6.625000000000000000e+01 -1.554973821989529448e+01 5.118000000000000153e-03
-6.625000000000000000e+01 -1.460732984293194114e+01 2.587800000000000170e-02
-6.625000000000000000e+01 -1.366492146596859136e+01 1.134000000000000025e-03
-6.625000000000000000e+01 -1.272251308900523981e+01 0.000000000000000000e+00
-6.625000000000000000e+01 -1.178010471204188825e+01 1.519399999999999917e-02
-6.625000000000000000e+01 -1.083769633507853669e+01 2.325299999999999867e-01
-6.625000000000000000e+01 -9.895287958115185134e+00 2.694929999999999826e-01
-6.625000000000000000e+01 -8.952879581151833577e+00 2.144760000000000000e-01
-6.625000000000000000e+01 -8.010471204188482020e+00 2.295000000000000165e-03
-6.625000000000000000e+01 -7.068062827225130462e+00 8.109999999999999805e-04
-6.625000000000000000e+01 -6.125654450261779793e+00 1.610000000000000103e-04
-6.625000000000000000e+01 -5.183246073298429124e+00 3.260000000000000094e-04
-6.625000000000000000e+01 -4.240837696335078455e+00 3.776999999999999975e-03
-6.625000000000000000e+01 -3.298429319371727786e+00 1.984100000000000100e-02
-6.625000000000000000e+01 -2.356020942408377117e+00 6.885999999999999760e-03
-6.625000000000000000e+01 -1.413612565445026226e+00 0.000000000000000000e+00
-6.625000000000000000e+01 -4.712041884816753901e-01 2.425000000000000072e-03
-6.625000000000000000e+01 4.712041884816753901e-01 2.425000000000000072e-03
-6.625000000000000000e+01 1.413612565445026226e+00 9.824499999999999900e-02
-6.625000000000000000e+01 2.356020942408377117e+00 1.581859999999999933e-01
-6.500000000000000000e+01 -1.837696335078534560e+01 2.526099999999999873e-02
-6.500000000000000000e+01 -1.743455497382199582e+01 5.379690000000000305e-01
-6.500000000000000000e+01 -1.649214659685864603e+01 7.898800000000000265e-02
-6.500000000000000000e+01 -1.554973821989529448e+01 7.898800000000000265e-02
-6.500000000000000000e+01 -1.460732984293194114e+01 1.623799999999999896e-02
-6.500000000000000000e+01 -1.366492146596859136e+01 1.111799999999999941e-02
-6.500000000000000000e+01 -1.272251308900523981e+01 2.990000000000000036e-03
-6.500000000000000000e+01 -1.178010471204188825e+01 1.254199999999999933e-02
-6.500000000000000000e+01 -1.083769633507853669e+01 2.193009999999999959e-01
-6.500000000000000000e+01 -9.895287958115185134e+00 7.060039999999999649e-01
-6.500000000000000000e+01 -8.952879581151833577e+00 1.918300000000000005e-01
-6.500000000000000000e+01 -8.010471204188482020e+00 8.838999999999999635e-03
-6.500000000000000000e+01 -7.068062827225130462e+00 6.663900000000000379e-02
-6.500000000000000000e+01 -6.125654450261779793e+00 1.147999999999999932e-03
-6.500000000000000000e+01 -5.183246073298429124e+00 2.063079999999999914e-01
-6.500000000000000000e+01 -4.240837696335078455e+00 4.084299999999999736e-02
-6.500000000000000000e+01 -3.298429319371727786e+00 1.094610000000000027e-01
-6.500000000000000000e+01 -2.356020942408377117e+00 4.329999999999999648e-03
-6.500000000000000000e+01 -1.413612565445026226e+00 1.791999999999999973e-03
-6.500000000000000000e+01 -4.712041884816753901e-01 7.742999999999999883e-03
-6.500000000000000000e+01 4.712041884816753901e-01 7.742999999999999883e-03
-6.500000000000000000e+01 1.413612565445026226e+00 2.658999999999999905e-03
-6.375000000000000000e+01 -2.026178010471204516e+01 1.000000000000000000e+00
-6.375000000000000000e+01 -1.931937172774869538e+01 3.710720000000000129e-01
-6.375000000000000000e+01 -1.837696335078534560e+01 1.602540000000000076e-01
-6.375000000000000000e+01 -1.743455497382199582e+01 6.423619999999999886e-01
-6.375000000000000000e+01 -1.649214659685864603e+01 7.703899999999999637e-02
-6.375000000000000000e+01 -1.554973821989529448e+01 7.703899999999999637e-02
-6.375000000000000000e+01 -1.460732984293194114e+01 5.642500000000000293e-02
-6.375000000000000000e+01 -1.366492146596859136e+01 4.956000000000000336e-03
-6.375000000000000000e+01 -1.272251308900523981e+01 4.765000000000000138e-03
-6.375000000000000000e+01 -1.178010471204188825e+01 2.313179999999999958e-01
-6.375000000000000000e+01 -1.083769633507853669e+01 6.438299999999999579e-02
-6.375000000000000000e+01 -9.895287958115185134e+00 5.573439999999999506e-01
-6.375000000000000000e+01 -8.952879581151833577e+00 8.401600000000000179e-01
-6.375000000000000000e+01 -8.010471204188482020e+00 5.215340000000000531e-01
-6.375000000000000000e+01 -7.068062827225130462e+00 2.369249999999999967e-01
-6.375000000000000000e+01 -6.125654450261779793e+00 1.110099999999999976e-02
-6.375000000000000000e+01 -5.183246073298429124e+00 7.298399999999999332e-02
-6.375000000000000000e+01 -4.240837696335078455e+00 2.452799999999999980e-01
-6.375000000000000000e+01 -3.298429319371727786e+00 7.603899999999999548e-02
-6.375000000000000000e+01 -2.356020942408377117e+00 3.249999999999999851e-04
-6.375000000000000000e+01 -1.413612565445026226e+00 2.306899999999999923e-02
-6.375000000000000000e+01 -4.712041884816753901e-01 5.834700000000000303e-02
-6.375000000000000000e+01 4.712041884816753901e-01 5.834700000000000303e-02
-6.375000000000000000e+01 1.413612565445026226e+00 1.779880000000000073e-01
-6.375000000000000000e+01 3.298429319371727786e+00 2.891399999999999873e-02
-6.250000000000000000e+01 -1.931937172774869538e+01 4.093160000000000132e-01
-6.250000000000000000e+01 -1.837696335078534560e+01 7.296190000000000175e-01
-6.250000000000000000e+01 -1.743455497382199582e+01 8.446810000000000151e-01
-6.250000000000000000e+01 -1.649214659685864603e+01 1.562729999999999952e-01
-6.250000000000000000e+01 -1.554973821989529448e+01 1.562729999999999952e-01
-6.250000000000000000e+01 -1.460732984293194114e+01 7.910999999999999630e-03
-6.250000000000000000e+01 -1.366492146596859136e+01 2.263999999999999953e-03
-6.250000000000000000e+01 -1.272251308900523981e+01 2.399999999999999790e-03
-6.250000000000000000e+01 -1.178010471204188825e+01 3.397209999999999952e-01
-6.250000000000000000e+01 -1.083769633507853669e+01 3.390340000000000020e-01
-6.250000000000000000e+01 -9.895287958115185134e+00 9.793300000000000338e-01
-6.250000000000000000e+01 -8.952879581151833577e+00 4.467499999999999805e-01
-6.250000000000000000e+01 -8.010471204188482020e+00 3.044020000000000059e-01
-6.250000000000000000e+01 -7.068062827225130462e+00 5.704479999999999551e-01
-6.250000000000000000e+01 -6.125654450261779793e+00 2.804039999999999866e-01
-6.250000000000000000e+01 -5.183246073298429124e+00 2.974000000000000081e-03
-6.250000000000000000e+01 -4.240837696335078455e+00 2.523119999999999807e-01
-6.250000000000000000e+01 -3.298429319371727786e+00 3.076500000000000068e-02
-6.250000000000000000e+01 -2.356020942408377117e+00 2.479500000000000107e-02
-6.250000000000000000e+01 -1.413612565445026226e+00 2.335270000000000123e-01
-6.250000000000000000e+01 -4.712041884816753901e-01 6.509999999999999945e-04
-6.250000000000000000e+01 4.712041884816753901e-01 6.509999999999999945e-04
-6.250000000000000000e+01 1.413612565445026226e+00 4.385599999999999915e-02
-6.250000000000000000e+01 2.356020942408377117e+00 1.456000000000000003e-02
-6.250000000000000000e+01 3.298429319371727786e+00 0.000000000000000000e+00
-6.125000000000000000e+01 -1.837696335078534560e+01 2.235149999999999915e-01
-6.125000000000000000e+01 -1.743455497382199582e+01 4.760949999999999904e-01
-6.125000000000000000e+01 -1.649214659685864603e+01 4.167819999999999858e-01
-6.125000000000000000e+01 -1.554973821989529448e+01 4.167819999999999858e-01
-6.125000000000000000e+01 -1.460732984293194114e+01 1.138020000000000004e-01
-6.125000000000000000e+01 -1.366492146596859136e+01 3.903500000000000025e-02
-6.125000000000000000e+01 -1.272251308900523981e+01 6.153220000000000356e-01
-6.125000000000000000e+01 -1.178010471204188825e+01 7.726499999999999480e-01
-6.125000000000000000e+01 -1.083769633507853669e+01 4.174889999999999990e-01
-6.125000000000000000e+01 -9.895287958115185134e+00 2.392479999999999885e-01
-6.125000000000000000e+01 -8.952879581151833577e+00 1.518309999999999937e-01
-6.125000000000000000e+01 -8.010471204188482020e+00 3.095550000000000246e-01
-6.125000000000000000e+01 -7.068062827225130462e+00 1.197040000000000048e-01
-6.125000000000000000e+01 -6.125654450261779793e+00 1.202209999999999945e-01
-6.125000000000000000e+01 -5.183246073298429124e+00 2.715049999999999963e-01
-6.125000000000000000e+01 -4.240837696335078455e+00 6.751850000000000351e-01
-6.125000000000000000e+01 -3.298429319371727786e+00 5.465020000000000433e-01
-6.125000000000000000e+01 -2.356020942408377117e+00 1.676199999999999912e-02
-6.125000000000000000e+01 -1.413612565445026226e+00 4.252000000000000224e-02
-6.125000000000000000e+01 -4.712041884816753901e-01 2.881099999999999772e-01
-6.125000000000000000e+01 4.712041884816753901e-01 2.881099999999999772e-01
-6.125000000000000000e+01 1.413612565445026226e+00 2.682320000000000260e-01
-6.125000000000000000e+01 2.356020942408377117e+00 6.201160000000000005e-01
-6.125000000000000000e+01 3.298429319371727786e+00 2.595910000000000162e-01
-6.125000000000000000e+01 4.240837696335078455e+00 3.649999999999999772e-02
-6.000000000000000000e+01 -1.554973821989529448e+01 9.836200000000000498e-02
-6.000000000000000000e+01 -1.460732984293194114e+01 4.011589999999999878e-01
-6.000000000000000000e+01 -1.366492146596859136e+01 4.290010000000000212e-01
-6.000000000000000000e+01 -1.272251308900523981e+01 3.625220000000000109e-01
-6.000000000000000000e+01 -1.178010471204188825e+01 1.192899999999999933e-01
-6.000000000000000000e+01 -1.083769633507853669e+01 1.132999999999999893e-03
-6.000000000000000000e+01 -9.895287958115185134e+00 5.444700000000000234e-02
-6.000000000000000000e+01 -8.952879581151833577e+00 5.904000000000000394e-03
-6.000000000000000000e+01 -8.010471204188482020e+00 1.056919999999999943e-01
-6.000000000000000000e+01 -7.068062827225130462e+00 7.713400000000000256e-01
-6.000000000000000000e+01 -6.125654450261779793e+00 1.863029999999999964e-01
-6.000000000000000000e+01 -5.183246073298429124e+00 1.511180000000000023e-01
-6.000000000000000000e+01 -4.240837696335078455e+00 7.398150000000000004e-01
-6.000000000000000000e+01 -3.298429319371727786e+00 8.251009999999999733e-01
-6.000000000000000000e+01 -2.356020942408377117e+00 8.275759999999999783e-01
-6.000000000000000000e+01 -1.413612565445026226e+00 4.544070000000000054e-01
-6.000000000000000000e+01 -4.712041884816753901e-01 1.417879999999999974e-01
-6.000000000000000000e+01 4.712041884816753901e-01 1.417879999999999974e-01
-6.000000000000000000e+01 1.413612565445026226e+00 7.530259999999999732e-01
-6.000000000000000000e+01 2.356020942408377117e+00 1.713169999999999971e-01
-6.000000000000000000e+01 3.298429319371727786e+00 1.469810000000000005e-01
-6.000000000000000000e+01 4.240837696335078455e+00 2.365199999999999941e-02
-6.000000000000000000e+01 5.183246073298429124e+00 1.538199999999999984e-02
-5.875000000000000000e+01 -1.366492146596859136e+01 5.121300000000000158e-02
-5.875000000000000000e+01 -1.272251308900523981e+01 4.676999999999999734e-03
-5.875000000000000000e+01 -1.178010471204188825e+01 2.015119999999999967e-01
-5.875000000000000000e+01 -1.083769633507853669e+01 4.085500000000000242e-01
-5.875000000000000000e+01 -9.895287958115185134e+00 3.707539999999999725e-01
-5.875000000000000000e+01 -8.952879581151833577e+00 8.637400000000000633e-02
-5.875000000000000000e+01 -8.010471204188482020e+00 2.587000000000000063e-02
-5.875000000000000000e+01 -7.068062827225130462e+00 6.511890000000000178e-01
-5.875000000000000000e+01 -6.125654450261779793e+00 1.148600000000000038e-01
-5.875000000000000000e+01 -5.183246073298429124e+00 4.426000000000000247e-03
-5.875000000000000000e+01 -4.240837696335078455e+00 4.512680000000000025e-01
-5.875000000000000000e+01 -3.298429319371727786e+00 8.767110000000000181e-01
-5.875000000000000000e+01 -2.356020942408377117e+00 4.632089999999999819e-01
-5.875000000000000000e+01 -1.413612565445026226e+00 3.677099999999999813e-02
-5.875000000000000000e+01 -4.712041884816753901e-01 5.240999999999999999e-03
-5.875000000000000000e+01 4.712041884816753901e-01 5.240999999999999999e-03
-5.750000000000000000e+01 -1.366492146596859136e+01 5.460899999999999782e-02
-5.750000000000000000e+01 -1.272251308900523981e+01 6.478299999999999337e-02
-5.750000000000000000e+01 -1.178010471204188825e+01 5.140409999999999702e-01
-5.750000000000000000e+01 -1.083769633507853669e+01 3.873429999999999929e-01
-5.750000000000000000e+01 -9.895287958115185134e+00 6.929870000000000196e-01
-5.750000000000000000e+01 -8.952879581151833577e+00 4.118600000000000039e-02
-5.750000000000000000e+01 -8.010471204188482020e+00 6.435999999999999881e-03
-5.750000000000000000e+01 -7.068062827225130462e+00 3.808299999999999880e-02
-5.750000000000000000e+01 -6.125654450261779793e+00 5.442289999999999628e-01
-5.750000000000000000e+01 -5.183246073298429124e+00 6.773300000000000154e-02
-5.750000000000000000e+01 -4.240837696335078455e+00 3.362890000000000046e-01
-5.750000000000000000e+01 -3.298429319371727786e+00 5.388979999999999881e-01
-5.750000000000000000e+01 -2.356020942408377117e+00 1.821349999999999913e-01
-5.750000000000000000e+01 -1.413612565445026226e+00 2.360399999999999998e-02
-5.750000000000000000e+01 -4.712041884816753901e-01 9.187399999999999733e-02
-5.750000000000000000e+01 4.712041884816753901e-01 9.187399999999999733e-02
-5.750000000000000000e+01 1.413612565445026226e+00 3.337680000000000091e-01
-5.625000000000000000e+01 -1.366492146596859136e+01 3.758469999999999867e-01
-5.625000000000000000e+01 -1.272251308900523981e+01 3.484260000000000135e-01
-5.625000000000000000e+01 -1.178010471204188825e+01 7.563819999999999988e-01
-5.625000000000000000e+01 -1.083769633507853669e+01 5.188300000000000134e-01
-5.625000000000000000e+01 -9.895287958115185134e+00 8.102270000000000305e-01
-5.625000000000000000e+01 -8.952879581151833577e+00 5.074700000000000044e-02
-5.625000000000000000e+01 -8.010471204188482020e+00 1.387099999999999965e-02
-5.625000000000000000e+01 -7.068062827225130462e+00 1.915969999999999895e-01
-5.625000000000000000e+01 -6.125654450261779793e+00 4.279600000000000071e-01
-5.625000000000000000e+01 -5.183246073298429124e+00 5.271829999999999572e-01
-5.625000000000000000e+01 -4.240837696335078455e+00 5.016730000000000356e-01
-5.625000000000000000e+01 -3.298429319371727786e+00 1.804149999999999920e-01
-5.625000000000000000e+01 -2.356020942408377117e+00 4.975629999999999775e-01
-5.625000000000000000e+01 -1.413612565445026226e+00 9.654999999999999694e-02
-5.625000000000000000e+01 -4.712041884816753901e-01 3.789599999999999913e-02
-5.625000000000000000e+01 4.712041884816753901e-01 3.789599999999999913e-02
-5.625000000000000000e+01 1.413612565445026226e+00 8.000000000000000654e-05
-5.500000000000000000e+01 -1.460732984293194114e+01 1.837709999999999899e-01
-5.500000000000000000e+01 -1.366492146596859136e+01 4.329899999999999721e-02
-5.500000000000000000e+01 -1.272251308900523981e+01 4.613959999999999728e-01
-5.500000000000000000e+01 -1.178010471204188825e+01 7.731190000000000007e-01
-5.500000000000000000e+01 -1.083769633507853669e+01 8.430220000000000491e-01
-5.500000000000000000e+01 -9.895287958115185134e+00 7.666349999999999554e-01
-5.500000000000000000e+01 -8.952879581151833577e+00 9.626899999999999347e-02
-5.500000000000000000e+01 -8.010471204188482020e+00 3.412899999999999823e-01
-5.500000000000000000e+01 -7.068062827225130462e+00 3.371359999999999912e-01
-5.500000000000000000e+01 -6.125654450261779793e+00 9.901400000000000479e-02
-5.500000000000000000e+01 -5.183246073298429124e+00 5.205800000000000011e-02
-5.500000000000000000e+01 -4.240837696335078455e+00 6.113650000000000473e-01
-5.500000000000000000e+01 -3.298429319371727786e+00 5.908879999999999688e-01
-5.500000000000000000e+01 -2.356020942408377117e+00 6.513769999999999838e-01
-5.500000000000000000e+01 -1.413612565445026226e+00 7.150299999999999712e-02
-5.500000000000000000e+01 -4.712041884816753901e-01 2.420000000000000005e-04
-5.500000000000000000e+01 4.712041884816753901e-01 2.420000000000000005e-04
-5.500000000000000000e+01 1.413612565445026226e+00 2.420000000000000005e-04
-5.500000000000000000e+01 2.356020942408377117e+00 5.760000000000000146e-04
-5.375000000000000000e+01 -1.460732984293194114e+01 4.079999999999999968e-04
-5.375000000000000000e+01 -1.366492146596859136e+01 4.145000000000000073e-02
-5.375000000000000000e+01 -1.272251308900523981e+01 2.144699999999999940e-01
-5.375000000000000000e+01 -1.178010471204188825e+01 2.076050000000000118e-01
-5.375000000000000000e+01 -1.083769633507853669e+01 2.839599999999999902e-01
-5.375000000000000000e+01 -9.895287958115185134e+00 3.524930000000000008e-01
-5.375000000000000000e+01 -8.952879581151833577e+00 1.337400000000000047e-02
-5.375000000000000000e+01 -8.010471204188482020e+00 8.000000000000000654e-05
-5.375000000000000000e+01 -7.068062827225130462e+00 2.101000000000000003e-03
-5.375000000000000000e+01 -6.125654450261779793e+00 6.347000000000000211e-03
-5.375000000000000000e+01 -5.183246073298429124e+00 3.327999999999999795e-03
-5.375000000000000000e+01 -4.240837696335078455e+00 5.710450000000000248e-01
-5.375000000000000000e+01 -3.298429319371727786e+00 6.627819999999999823e-01
-5.375000000000000000e+01 -2.356020942408377117e+00 4.998569999999999958e-01
-5.375000000000000000e+01 -1.413612565445026226e+00 1.126840000000000064e-01
-5.375000000000000000e+01 -4.712041884816753901e-01 9.719999999999999907e-04
-5.375000000000000000e+01 4.712041884816753901e-01 9.719999999999999907e-04
-5.375000000000000000e+01 1.413612565445026226e+00 1.217999999999999899e-03
-5.375000000000000000e+01 2.356020942408377117e+00 1.054000000000000032e-03
-5.250000000000000000e+01 -1.366492146596859136e+01 1.288800000000000015e-02
-5.250000000000000000e+01 -1.272251308900523981e+01 2.164899999999999880e-01
-5.250000000000000000e+01 -1.178010471204188825e+01 1.417210000000000136e-01
-5.250000000000000000e+01 -1.083769633507853669e+01 3.184629999999999961e-01
-5.250000000000000000e+01 -9.895287958115185134e+00 1.002870000000000011e-01
-5.250000000000000000e+01 -8.952879581151833577e+00 5.699999999999999772e-04
-5.250000000000000000e+01 -8.010471204188482020e+00 1.825000000000000016e-03
-5.250000000000000000e+01 -7.068062827225130462e+00 1.878099999999999908e-02
-5.250000000000000000e+01 -6.125654450261779793e+00 4.149599999999999816e-02
-5.250000000000000000e+01 -5.183246073298429124e+00 1.755000000000000050e-03
-5.250000000000000000e+01 -4.240837696335078455e+00 1.614569999999999894e-01
-5.250000000000000000e+01 -3.298429319371727786e+00 4.016259999999999830e-01
-5.250000000000000000e+01 -2.356020942408377117e+00 4.630399999999999794e-02
-5.250000000000000000e+01 -1.413612565445026226e+00 5.064149999999999485e-01
-5.250000000000000000e+01 -4.712041884816753901e-01 7.263600000000000612e-02
-5.250000000000000000e+01 4.712041884816753901e-01 7.263600000000000612e-02
-5.125000000000000000e+01 -8.952879581151833577e+00 5.963739999999999597e-01
-5.125000000000000000e+01 -8.010471204188482020e+00 4.196779999999999955e-01
-5.125000000000000000e+01 -7.068062827225130462e+00 4.634480000000000266e-01
-5.125000000000000000e+01 -5.183246073298429124e+00 1.905290000000000039e-01
-5.125000000000000000e+01 -4.240837696335078455e+00 3.560030000000000139e-01
-5.125000000000000000e+01 -3.298429319371727786e+00 5.440120000000000511e-01
-5.125000000000000000e+01 -2.356020942408377117e+00 1.453019999999999867e-01
-5.000000000000000000e+01 -3.298429319371727786e+00 6.835529999999999662e-01
