-7.875000000000000000e+01 -6.125654450261779793e+00 5.114610000000000545e-01
-7.875000000000000000e+01 -5.183246073298429124e+00 3.187829999999999830e-01
-7.875000000000000000e+01 -4.240837696335078455e+00 4.432900000000000174e-01
-7.875000000000000000e+01 -3.298429319371727786e+00 5.626560000000000450e-01
-7.875000000000000000e+01 -2.356020942408377117e+00 0.000000000000000000e+00
-7.875000000000000000e+01 -1.413612565445026226e+00 0.000000000000000000e+00
-7.750000000000000000e+01 -8.952879581151833577e+00 1.886589999999999934e-01
-7.750000000000000000e+01 -8.010471204188482020e+00 1.435049999999999937e-01
-7.750000000000000000e+01 -7.068062827225130462e+00 2.874110000000000276e-01
-7.750000000000000000e+01 -6.125654450261779793e+00 5.791410000000000169e-01
-7.750000000000000000e+01 -5.183246073298429124e+00 2.311429999999999874e-01
-7.750000000000000000e+01 -4.240837696335078455e+00 6.246899999999999675e-02
-7.750000000000000000e+01 -3.298429319371727786e+00 5.381599999999999717e-01
-7.750000000000000000e+01 -2.356020942408377117e+00 3.538740000000000219e-01
-7.750000000000000000e+01 -1.413612565445026226e+00 4.487610000000000210e-01
-7.750000000000000000e+01 -4.712041884816753901e-01 2.624139999999999806e-01
-7.750000000000000000e+01 4.712041884816753901e-01 2.624139999999999806e-01
-7.625000000000000000e+01 -1.083769633507853669e+01 7.975999999999999757e-02
-7.625000000000000000e+01 -9.895287958115185134e+00 1.630759999999999987e-01
-7.625000000000000000e+01 -8.952879581151833577e+00 5.372160000000000268e-01
-7.625000000000000000e+01 -8.010471204188482020e+00 2.493499999999999883e-01
-7.625000000000000000e+01 -7.068062827225130462e+00 3.120109999999999828e-01
-7.625000000000000000e+01 -6.125654450261779793e+00 5.811290000000000067e-01
-7.625000000000000000e+01 -5.183246073298429124e+00 4.669800000000000340e-02
-7.625000000000000000e+01 -4.240837696335078455e+00 1.472000000000000001e-03
-7.625000000000000000e+01 -3.298429319371727786e+00 3.983000000000000429e-03
-7.625000000000000000e+01 -2.356020942408377117e+00 3.210999999999999879e-03
-7.625000000000000000e+01 -1.413612565445026226e+00 1.337999999999999953e-02
-7.625000000000000000e+01 -4.712041884816753901e-01 3.208349999999999813e-01
-7.625000000000000000e+01 4.712041884816753901e-01 3.208349999999999813e-01
-7.625000000000000000e+01 1.413612565445026226e+00 9.113350000000000062e-01
-7.500000000000000000e+01 -1.366492146596859136e+01 7.814200000000000312e-02
-7.500000000000000000e+01 -1.272251308900523981e+01 1.417779999999999874e-01
-7.500000000000000000e+01 -1.178010471204188825e+01 1.239180000000000004e-01
-7.500000000000000000e+01 -1.083769633507853669e+01 4.350530000000000230e-01
-7.500000000000000000e+01 -9.895287958115185134e+00 2.779610000000000136e-01
-7.500000000000000000e+01 -8.952879581151833577e+00 5.988189999999999902e-01
-7.500000000000000000e+01 -8.010471204188482020e+00 2.865719999999999934e-01
-7.500000000000000000e+01 -7.068062827225130462e+00 5.082799999999999818e-02
-7.500000000000000000e+01 -6.125654450261779793e+00 6.070300000000000001e-02
-7.500000000000000000e+01 -5.183246073298429124e+00 4.566900000000000126e-02
-7.500000000000000000e+01 -4.240837696335078455e+00 2.003299999999999872e-02
-7.500000000000000000e+01 -3.298429319371727786e+00 2.305999999999999890e-03
-7.500000000000000000e+01 -2.356020942408377117e+00 6.376999999999999856e-03
-7.500000000000000000e+01 -1.413612565445026226e+00 5.597000000000000412e-03
-7.500000000000000000e+01 -4.712041884816753901e-01 9.048699999999999799e-02
-7.500000000000000000e+01 4.712041884816753901e-01 9.048699999999999799e-02
-7.500000000000000000e+01 1.413612565445026226e+00 7.226920000000000011e-01
-7.500000000000000000e+01 2.356020942408377117e+00 9.428520000000000234e-01
-7.375000000000000000e+01 -1.460732984293194114e+01 0.000000000000000000e+00
-7.375000000000000000e+01 -1.366492146596859136e+01 1.302490000000000037e-01
-7.375000000000000000e+01 -1.272251308900523981e+01 8.722000000000000586e-02
-7.375000000000000000e+01 -1.178010471204188825e+01 1.075060000000000043e-01
-7.375000000000000000e+01 -1.083769633507853669e+01 1.167419999999999985e-01
-7.375000000000000000e+01 -9.895287958115185134e+00 6.000699999999999784e-02
-7.375000000000000000e+01 -8.952879581151833577e+00 1.224269999999999942e-01
-7.375000000000000000e+01 -8.010471204188482020e+00 2.744070000000000120e-01
-7.375000000000000000e+01 -7.068062827225130462e+00 1.918060000000000043e-01
-7.375000000000000000e+01 -6.125654450261779793e+00 2.464699999999999877e-02
-7.375000000000000000e+01 -5.183246073298429124e+00 7.177999999999999658e-02
-7.375000000000000000e+01 -4.240837696335078455e+00 2.272499999999999867e-02
-7.375000000000000000e+01 -3.298429319371727786e+00 7.262000000000000226e-03
-7.375000000000000000e+01 -2.356020942408377117e+00 5.409999999999999878e-03
-7.375000000000000000e+01 -1.413612565445026226e+00 1.381370000000000098e-01
-7.375000000000000000e+01 -4.712041884816753901e-01 2.713999999999999833e-03
-7.375000000000000000e+01 4.712041884816753901e-01 2.713999999999999833e-03
-7.375000000000000000e+01 1.413612565445026226e+00 8.128399999999999515e-02
-7.250000000000000000e+01 -1.460732984293194114e+01 5.432000000000000196e-03
-7.250000000000000000e+01 -1.366492146596859136e+01 1.374849999999999961e-01
-7.250000000000000000e+01 -1.272251308900523981e+01 1.907320000000000126e-01
-7.250000000000000000e+01 -1.178010471204188825e+01 4.293199999999999794e-02
-7.250000000000000000e+01 -1.083769633507853669e+01 6.962000000000000306e-03
-7.250000000000000000e+01 -9.895287958115185134e+00 0.000000000000000000e+00
-7.250000000000000000e+01 -8.952879581151833577e+00 9.208900000000000419e-02
-7.250000000000000000e+01 -8.010471204188482020e+00 6.642900000000000471e-01
-7.250000000000000000e+01 -7.068062827225130462e+00 4.899149999999999894e-01
-7.250000000000000000e+01 -6.125654450261779793e+00 9.730000000000000151e-04
-7.250000000000000000e+01 -5.183246073298429124e+00 9.737000000000000863e-03
-7.250000000000000000e+01 -4.240837696335078455e+00 1.123389999999999944e-01
-7.250000000000000000e+01 -3.298429319371727786e+00 2.123999999999999846e-02
-7.250000000000000000e+01 -2.356020942408377117e+00 6.591099999999999737e-02
-7.250000000000000000e+01 -1.413612565445026226e+00 1.735099999999999837e-02
-7.250000000000000000e+01 -4.712041884816753901e-01 6.908000000000000078e-03
-7.250000000000000000e+01 4.712041884816753901e-01 6.908000000000000078e-03
-7.250000000000000000e+01 1.413612565445026226e+00 2.193499999999999964e-02
-7.125000000000000000e+01 -1.460732984293194114e+01 9.079900000000000471e-02
-7.125000000000000000e+01 -1.366492146596859136e+01 2.551600000000000049e-02
-7.125000000000000000e+01 -1.272251308900523981e+01 3.301399999999999890e-01
-7.125000000000000000e+01 -1.178010471204188825e+01 2.412200000000000108e-02
-7.125000000000000000e+01 -1.083769633507853669e+01 1.303799999999999924e-02
-7.125000000000000000e+01 -9.895287958115185134e+00 1.652800000000000102e-02
-7.125000000000000000e+01 -8.952879581151833577e+00 2.696669999999999900e-01
-7.125000000000000000e+01 -8.010471204188482020e+00 8.325890000000000235e-01
-7.125000000000000000e+01 -7.068062827225130462e+00 3.345210000000000128e-01
-7.125000000000000000e+01 -6.125654450261779793e+00 4.140900000000000136e-02
-7.125000000000000000e+01 -5.183246073298429124e+00 2.429999999999999977e-04
-7.125000000000000000e+01 -4.240837696335078455e+00 3.907800000000000162e-02
-7.125000000000000000e+01 -3.298429319371727786e+00 1.589999999999999888e-04
-7.125000000000000000e+01 -2.356020942408377117e+00 5.546000000000000235e-02
-7.125000000000000000e+01 -1.413612565445026226e+00 3.592000000000000141e-03
-7.125000000000000000e+01 -4.712041884816753901e-01 0.000000000000000000e+00
-7.125000000000000000e+01 4.712041884816753901e-01 0.000000000000000000e+00
-7.125000000000000000e+01 1.413612565445026226e+00 1.183290000000000036e-01
-7.000000000000000000e+01 -1.366492146596859136e+01 1.324299999999999956e-02
-7.000000000000000000e+01 -1.272251308900523981e+01 4.630079999999999751e-01
-7.000000000000000000e+01 -1.178010471204188825e+01 2.794559999999999822e-01
-7.000000000000000000e+01 -1.083769633507853669e+01 5.242839999999999723e-01
-7.000000000000000000e+01 -9.895287958115185134e+00 1.827350000000000085e-01
-7.000000000000000000e+01 -8.952879581151833577e+00 5.466299999999999493e-01
-7.000000000000000000e+01 -8.010471204188482020e+00 6.567190000000000527e-01
-7.000000000000000000e+01 -7.068062827225130462e+00 3.310810000000000142e-01
-7.000000000000000000e+01 -6.125654450261779793e+00 2.750999999999999973e-03
-7.000000000000000000e+01 -5.183246073298429124e+00 2.491999999999999858e-03
-7.000000000000000000e+01 -4.240837696335078455e+00 1.726959999999999884e-01
-7.000000000000000000e+01 -3.298429319371727786e+00 5.933800000000000185e-02
-7.000000000000000000e+01 -2.356020942408377117e+00 2.704900000000000013e-02
-7.000000000000000000e+01 -1.413612565445026226e+00 3.628699999999999981e-02
-7.000000000000000000e+01 -4.712041884816753901e-01 1.220300000000000031e-02
-7.000000000000000000e+01 4.712041884816753901e-01 1.220300000000000031e-02
-7.000000000000000000e+01 1.413612565445026226e+00 8.201999999999999222e-03
-6.875000000000000000e+01 -1.554973821989529448e+01 1.353999999999999952e-03
-6.875000000000000000e+01 -1.460732984293194114e+01 5.162499999999999728e-02
-6.875000000000000000e+01 -1.366492146596859136e+01 2.637600000000000014e-02
-6.875000000000000000e+01 -1.272251308900523981e+01 2.065710000000000046e-01
-6.875000000000000000e+01 -1.178010471204188825e+01 5.924519999999999786e-01
-6.875000000000000000e+01 -1.083769633507853669e+01 8.212819999999999565e-01
-6.875000000000000000e+01 -9.895287958115185134e+00 4.615569999999999951e-01
-6.875000000000000000e+01 -8.952879581151833577e+00 9.179479999999999862e-01
-6.875000000000000000e+01 -8.010471204188482020e+00 1.994869999999999977e-01
-6.875000000000000000e+01 -7.068062827225130462e+00 2.540000000000000157e-03
-6.875000000000000000e+01 -6.125654450261779793e+00 1.856000000000000011e-03
-6.875000000000000000e+01 -5.183246073298429124e+00 4.840000000000000010e-04
-6.875000000000000000e+01 -4.240837696335078455e+00 5.091000000000000039e-03
-6.875000000000000000e+01 -3.298429319371727786e+00 9.088999999999999857e-03
-6.875000000000000000e+01 -2.356020942408377117e+00 5.080000000000000314e-03
-6.875000000000000000e+01 -1.413612565445026226e+00 1.273600000000000079e-02
-6.875000000000000000e+01 -4.712041884816753901e-01 1.129100000000000069e-02
-6.875000000000000000e+01 4.712041884816753901e-01 1.129100000000000069e-02
-6.875000000000000000e+01 1.413612565445026226e+00 1.550600000000000069e-02
-6.875000000000000000e+01 2.356020942408377117e+00 4.520899999999999919e-02
-6.750000000000000000e+01 -1.649214659685864603e+01 4.803209999999999980e-01
-6.750000000000000000e+01 -1.554973821989529448e+01 4.803209999999999980e-01
-6.750000000000000000e+01 -1.460732984293194114e+01 2.413339999999999930e-01
-6.750000000000000000e+01 -1.366492146596859136e+01 1.952939999999999954e-01
-6.750000000000000000e+01 -1.272251308900523981e+01 4.421300000000000230e-02
-6.750000000000000000e+01 -1.178010471204188825e+01 9.145899999999999863e-02
-6.750000000000000000e+01 -1.083769633507853669e+01 5.733289999999999775e-01
-6.750000000000000000e+01 -9.895287958115185134e+00 9.524000000000000243e-01
-6.750000000000000000e+01 -8.952879581151833577e+00 6.181799999999999518e-01
-6.750000000000000000e+01 -8.010471204188482020e+00 3.587699999999999917e-02
-6.750000000000000000e+01 -7.068062827225130462e+00 1.317599999999999882e-01
-6.750000000000000000e+01 -6.125654450261779793e+00 1.475300000000000049e-02
-6.750000000000000000e+01 -5.183246073298429124e+00 1.128000000000000096e-03
-6.750000000000000000e+01 -4.240837696335078455e+00 8.059999999999999673e-04
-6.750000000000000000e+01 -3.298429319371727786e+00 3.420700000000000129e-02
-6.750000000000000000e+01 -2.356020942408377117e+00 3.310000000000000225e-04
-6.750000000000000000e+01 -1.413612565445026226e+00 8.000000000000000654e-05
-6.750000000000000000e+01 -4.712041884816753901e-01 8.989999999999999511e-04
-6.750000000000000000e+01 4.712041884816753901e-01 8.989999999999999511e-04
-6.750000000000000000e+01 1.413612565445026226e+00 5.384400000000000297e-02
-6.750000000000000000e+01 2.356020942408377117e+00 2.069300000000000028e-01
-6.625000000000000000e+01 -1.837696335078534560e+01 8.390400000000000635e-02
-6.625000000000000000e+01 -1.743455497382199582e+01 4.079499999999999793e-01
-6.625000000000000000e+01 -1.649214659685864603e+01 5.865599999999999981e-02
-6.625000000000000000e+01 -1.554973821989529448e+01 5.865599999999999981e-02
-6.625000000000000000e+01 -1.460732984293194114e+01 3.220599999999999852e-02
-6.625000000000000000e+01 -1.366492146596859136e+01 1.134000000000000025e-03
-6.625000000000000000e+01 -1.272251308900523981e+01 0.000000000000000000e+00
-6.625000000000000000e+01 -1.178010471204188825e+01 1.778100000000000167e-02
-6.625000000000000000e+01 -1.083769633507853669e+01 2.134649999999999881e-01
-6.625000000000000000e+01 -9.895287958115185134e+00 3.676449999999999996e-01
-6.625000000000000000e+01 -8.952879581151833577e+00 4.690659999999999830e-01
-6.625000000000000000e+01 -8.010471204188482020e+00 1.406330000000000080e-01
-6.625000000000000000e+01 -7.068062827225130462e+00 7.433299999999999630e-02
-6.625000000000000000e+01 -6.125654450261779793e+00 1.610000000000000103e-04
-6.625000000000000000e+01 -5.183246073298429124e+00 3.260000000000000094e-04
-6.625000000000000000e+01 -4.240837696335078455e+00 4.741000000000000422e-03
-6.625000000000000000e+01 -3.298429319371727786e+00 3.014199999999999866e-02
-6.625000000000000000e+01 -2.356020942408377117e+00 8.264000000000000512e-03
-6.625000000000000000e+01 -1.413612565445026226e+00 0.000000000000000000e+00
-6.625000000000000000e+01 -4.712041884816753901e-01 5.151399999999999729e-02
-6.625000000000000000e+01 4.712041884816753901e-01 5.151399999999999729e-02
-6.625000000000000000e+01 1.413612565445026226e+00 8.959300000000000597e-02
-6.625000000000000000e+01 2.356020942408377117e+00 9.777700000000000280e-02
-6.500000000000000000e+01 -1.837696335078534560e+01 3.707599999999999785e-02
-6.500000000000000000e+01 -1.743455497382199582e+01 6.307909999999999906e-01
-6.500000000000000000e+01 -1.649214659685864603e+01 9.685399999999999565e-02
-6.500000000000000000e+01 -1.554973821989529448e+01 9.685399999999999565e-02
-6.500000000000000000e+01 -1.460732984293194114e+01 1.665700000000000167e-02
-6.500000000000000000e+01 -1.366492146596859136e+01 7.637999999999999824e-03
-6.500000000000000000e+01 -1.272251308900523981e+01 2.242000000000000069e-03
-6.500000000000000000e+01 -1.178010471204188825e+01 1.455390000000000017e-01
-6.500000000000000000e+01 -1.083769633507853669e+01 4.787020000000000164e-01
-6.500000000000000000e+01 -9.895287958115185134e+00 8.362730000000000441e-01
-6.500000000000000000e+01 -8.952879581151833577e+00 6.330160000000000231e-01
-6.500000000000000000e+01 -8.010471204188482020e+00 2.903020000000000045e-01
-6.500000000000000000e+01 -7.068062827225130462e+00 3.386520000000000086e-01
-6.500000000000000000e+01 -6.125654450261779793e+00 1.647799999999999959e-02
-6.500000000000000000e+01 -5.183246073298429124e+00 3.255170000000000008e-01
-6.500000000000000000e+01 -4.240837696335078455e+00 3.194170000000000065e-01
-6.500000000000000000e+01 -3.298429319371727786e+00 2.180010000000000003e-01
-6.500000000000000000e+01 -2.356020942408377117e+00 4.839999999999999684e-03
-6.500000000000000000e+01 -1.413612565445026226e+00 1.791999999999999973e-03
-6.500000000000000000e+01 -4.712041884816753901e-01 1.497500000000000046e-02
-6.500000000000000000e+01 4.712041884816753901e-01 1.497500000000000046e-02
-6.500000000000000000e+01 1.413612565445026226e+00 2.658999999999999905e-03
-6.375000000000000000e+01 -2.026178010471204516e+01 8.333329999999999904e-01
-6.375000000000000000e+01 -1.931937172774869538e+01 4.094619999999999926e-01
-6.375000000000000000e+01 -1.837696335078534560e+01 2.779059999999999864e-01
-6.375000000000000000e+01 -1.743455497382199582e+01 7.702729999999999855e-01
-6.375000000000000000e+01 -1.649214659685864603e+01 9.701200000000000101e-02
-6.375000000000000000e+01 -1.554973821989529448e+01 9.701200000000000101e-02
-6.375000000000000000e+01 -1.460732984293194114e+01 6.968699999999999894e-02
-6.375000000000000000e+01 -1.366492146596859136e+01 3.468999999999999861e-03
-6.375000000000000000e+01 -1.272251308900523981e+01 8.361000000000000376e-03
-6.375000000000000000e+01 -1.178010471204188825e+01 6.768269999999999564e-01
-6.375000000000000000e+01 -1.083769633507853669e+01 2.447360000000000091e-01
-6.375000000000000000e+01 -9.895287958115185134e+00 8.379969999999999919e-01
-6.375000000000000000e+01 -8.952879581151833577e+00 9.509840000000000515e-01
-6.375000000000000000e+01 -8.010471204188482020e+00 7.683790000000000342e-01
-6.375000000000000000e+01 -7.068062827225130462e+00 5.848360000000000225e-01
-6.375000000000000000e+01 -6.125654450261779793e+00 6.478299999999999337e-02
-6.375000000000000000e+01 -5.183246073298429124e+00 7.542999999999999705e-02
-6.375000000000000000e+01 -4.240837696335078455e+00 4.981999999999999762e-01
-6.375000000000000000e+01 -3.298429319371727786e+00 6.897999999999999618e-03
-6.375000000000000000e+01 -2.356020942408377117e+00 5.680000000000000370e-04
-6.375000000000000000e+01 -1.413612565445026226e+00 1.699999999999999905e-03
-6.375000000000000000e+01 -4.712041884816753901e-01 5.486000000000000425e-03
-6.375000000000000000e+01 4.712041884816753901e-01 5.486000000000000425e-03
-6.375000000000000000e+01 1.413612565445026226e+00 1.387680000000000025e-01
-6.375000000000000000e+01 3.298429319371727786e+00 4.673200000000000270e-02
-6.250000000000000000e+01 -1.931937172774869538e+01 4.095409999999999884e-01
-6.250000000000000000e+01 -1.837696335078534560e+01 7.280670000000000197e-01
-6.250000000000000000e+01 -1.743455497382199582e+01 8.606089999999999574e-01
-6.250000000000000000e+01 -1.649214659685864603e+01 3.014009999999999745e-01
-6.250000000000000000e+01 -1.554973821989529448e+01 3.014009999999999745e-01
-6.250000000000000000e+01 -1.460732984293194114e+01 2.647700000000000053e-02
-6.250000000000000000e+01 -1.366492146596859136e+01 1.116100000000000078e-02
-6.250000000000000000e+01 -1.272251308900523981e+01 3.053399999999999864e-02
-6.250000000000000000e+01 -1.178010471204188825e+01 6.028670000000000417e-01
-6.250000000000000000e+01 -1.083769633507853669e+01 4.752759999999999763e-01
-6.250000000000000000e+01 -9.895287958115185134e+00 9.877270000000000216e-01
-6.250000000000000000e+01 -8.952879581151833577e+00 8.115949999999999553e-01
-6.250000000000000000e+01 -8.010471204188482020e+00 7.291339999999999488e-01
-6.250000000000000000e+01 -7.068062827225130462e+00 8.884570000000000523e-01
-6.250000000000000000e+01 -6.125654450261779793e+00 5.742580000000000462e-01
-6.250000000000000000e+01 -5.183246073298429124e+00 4.180799999999999794e-02
-6.250000000000000000e+01 -4.240837696335078455e+00 5.354109999999999703e-01
-6.250000000000000000e+01 -3.298429319371727786e+00 5.297999999999999932e-02
-6.250000000000000000e+01 -2.356020942408377117e+00 6.950699999999999934e-02
-6.250000000000000000e+01 -1.413612565445026226e+00 3.616809999999999747e-01
-6.250000000000000000e+01 -4.712041884816753901e-01 3.093200000000000116e-02
-6.250000000000000000e+01 4.712041884816753901e-01 3.093200000000000116e-02
-6.250000000000000000e+01 1.413612565445026226e+00 2.128220000000000112e-01
-6.250000000000000000e+01 2.356020942408377117e+00 9.496100000000000374e-02
-6.250000000000000000e+01 3.298429319371727786e+00 1.019199999999999967e-02
-6.125000000000000000e+01 -1.837696335078534560e+01 2.241319999999999979e-01
-6.125000000000000000e+01 -1.743455497382199582e+01 5.349749999999999783e-01
-6.125000000000000000e+01 -1.649214659685864603e+01 4.908710000000000018e-01
-6.125000000000000000e+01 -1.554973821989529448e+01 4.908710000000000018e-01
-6.125000000000000000e+01 -1.460732984293194114e+01 1.460390000000000021e-01
-6.125000000000000000e+01 -1.366492146596859136e+01 8.524199999999999833e-02
-6.125000000000000000e+01 -1.272251308900523981e+01 7.695980000000000043e-01
-6.125000000000000000e+01 -1.178010471204188825e+01 8.206670000000000353e-01
-6.125000000000000000e+01 -1.083769633507853669e+01 5.444849999999999968e-01
-6.125000000000000000e+01 -9.895287958115185134e+00 7.350780000000000092e-01
-6.125000000000000000e+01 -8.952879581151833577e+00 6.950239999999999752e-01
-6.125000000000000000e+01 -8.010471204188482020e+00 7.361069999999999558e-01
-6.125000000000000000e+01 -7.068062827225130462e+00 3.183500000000000218e-01
-6.125000000000000000e+01 -6.125654450261779793e+00 4.389149999999999996e-01
-6.125000000000000000e+01 -5.183246073298429124e+00 4.966599999999999904e-01
-6.125000000000000000e+01 -4.240837696335078455e+00 8.465869999999999784e-01
-6.125000000000000000e+01 -3.298429319371727786e+00 6.575919999999999543e-01
-6.125000000000000000e+01 -2.356020942408377117e+00 5.662699999999999678e-02
-6.125000000000000000e+01 -1.413612565445026226e+00 2.715250000000000163e-01
-6.125000000000000000e+01 -4.712041884816753901e-01 3.676440000000000263e-01
-6.125000000000000000e+01 4.712041884816753901e-01 3.676440000000000263e-01
-6.125000000000000000e+01 1.413612565445026226e+00 5.466349999999999820e-01
-6.125000000000000000e+01 2.356020942408377117e+00 9.094929999999999959e-01
-6.125000000000000000e+01 3.298429319371727786e+00 3.044899999999999829e-01
-6.125000000000000000e+01 4.240837696335078455e+00 1.699529999999999930e-01
-6.000000000000000000e+01 -1.554973821989529448e+01 1.963600000000000068e-01
-6.000000000000000000e+01 -1.460732984293194114e+01 4.972249999999999726e-01
-6.000000000000000000e+01 -1.366492146596859136e+01 6.814780000000000282e-01
-6.000000000000000000e+01 -1.272251308900523981e+01 5.694599999999999662e-01
-6.000000000000000000e+01 -1.178010471204188825e+01 2.154159999999999964e-01
-6.000000000000000000e+01 -1.083769633507853669e+01 6.528100000000000569e-02
-6.000000000000000000e+01 -9.895287958115185134e+00 6.039440000000000364e-01
-6.000000000000000000e+01 -8.952879581151833577e+00 7.057600000000000540e-01
-6.000000000000000000e+01 -8.010471204188482020e+00 4.128200000000000203e-01
-6.000000000000000000e+01 -7.068062827225130462e+00 8.961379999999999901e-01
-6.000000000000000000e+01 -6.125654450261779793e+00 6.098820000000000352e-01
-6.000000000000000000e+01 -5.183246073298429124e+00 5.192179999999999573e-01
-6.000000000000000000e+01 -4.240837696335078455e+00 9.047180000000000222e-01
-6.000000000000000000e+01 -3.298429319371727786e+00 8.999260000000000037e-01
-6.000000000000000000e+01 -2.356020942408377117e+00 9.701520000000000143e-01
-6.000000000000000000e+01 -1.413612565445026226e+00 6.365880000000000427e-01
-6.000000000000000000e+01 -4.712041884816753901e-01 1.508009999999999906e-01
-6.000000000000000000e+01 4.712041884816753901e-01 1.508009999999999906e-01
-6.000000000000000000e+01 1.413612565445026226e+00 8.705829999999999957e-01
-6.000000000000000000e+01 2.356020942408377117e+00 5.335820000000000007e-01
-6.000000000000000000e+01 3.298429319371727786e+00 1.492840000000000000e-01
-6.000000000000000000e+01 4.240837696335078455e+00 3.365900000000000142e-02
-6.000000000000000000e+01 5.183246073298429124e+00 4.540600000000000191e-02
-5.875000000000000000e+01 -1.366492146596859136e+01 7.173100000000000309e-02
-5.875000000000000000e+01 -1.272251308900523981e+01 2.548399999999999971e-02
-5.875000000000000000e+01 -1.178010471204188825e+01 3.521380000000000066e-01
-5.875000000000000000e+01 -1.083769633507853669e+01 8.440210000000000212e-01
-5.875000000000000000e+01 -9.895287958115185134e+00 9.229209999999999914e-01
-5.875000000000000000e+01 -8.952879581151833577e+00 7.379189999999999916e-01
-5.875000000000000000e+01 -8.010471204188482020e+00 1.776590000000000114e-01
-5.875000000000000000e+01 -7.068062827225130462e+00 8.725479999999999903e-01
-5.875000000000000000e+01 -6.125654450261779793e+00 2.329489999999999894e-01
-5.875000000000000000e+01 -5.183246073298429124e+00 9.589000000000000301e-03
-5.875000000000000000e+01 -4.240837696335078455e+00 5.295060000000000322e-01
-5.875000000000000000e+01 -3.298429319371727786e+00 8.914739999999999887e-01
-5.875000000000000000e+01 -2.356020942408377117e+00 6.073669999999999902e-01
-5.875000000000000000e+01 -1.413612565445026226e+00 1.009379999999999999e-01
-5.875000000000000000e+01 -4.712041884816753901e-01 2.806000000000000161e-02
-5.875000000000000000e+01 4.712041884816753901e-01 2.806000000000000161e-02
-5.750000000000000000e+01 -1.366492146596859136e+01 6.939199999999999535e-02
-5.750000000000000000e+01 -1.272251308900523981e+01 1.318330000000000057e-01
-5.750000000000000000e+01 -1.178010471204188825e+01 7.463670000000000027e-01
-5.750000000000000000e+01 -1.083769633507853669e+01 7.373849999999999572e-01
-5.750000000000000000e+01 -9.895287958115185134e+00 9.668139999999999512e-01
-5.750000000000000000e+01 -8.952879581151833577e+00 6.135270000000000445e-01
-5.750000000000000000e+01 -8.010471204188482020e+00 5.252480000000000482e-01
-5.750000000000000000e+01 -7.068062827225130462e+00 1.966219999999999912e-01
-5.750000000000000000e+01 -6.125654450261779793e+00 7.614340000000000552e-01
-5.750000000000000000e+01 -5.183246073298429124e+00 2.919860000000000233e-01
-5.750000000000000000e+01 -4.240837696335078455e+00 4.995260000000000256e-01
-5.750000000000000000e+01 -3.298429319371727786e+00 5.518150000000000555e-01
-5.750000000000000000e+01 -2.356020942408377117e+00 4.103029999999999733e-01
-5.750000000000000000e+01 -1.413612565445026226e+00 6.658000000000000029e-02
-5.750000000000000000e+01 -4.712041884816753901e-01 3.523450000000000193e-01
-5.750000000000000000e+01 4.712041884816753901e-01 3.523450000000000193e-01
-5.750000000000000000e+01 1.413612565445026226e+00 4.452949999999999964e-01
-5.625000000000000000e+01 -1.366492146596859136e+01 4.695230000000000237e-01
-5.625000000000000000e+01 -1.272251308900523981e+01 4.100079999999999836e-01
-5.625000000000000000e+01 -1.178010471204188825e+01 8.832160000000000011e-01
-5.625000000000000000e+01 -1.083769633507853669e+01 7.024409999999999821e-01
-5.625000000000000000e+01 -9.895287958115185134e+00 9.938439999999999497e-01
-5.625000000000000000e+01 -8.952879581151833577e+00 2.798689999999999789e-01
-5.625000000000000000e+01 -8.010471204188482020e+00 3.726880000000000193e-01
-5.625000000000000000e+01 -7.068062827225130462e+00 6.550620000000000331e-01
-5.625000000000000000e+01 -6.125654450261779793e+00 7.330910000000000482e-01
-5.625000000000000000e+01 -5.183246073298429124e+00 7.732679999999999554e-01
-5.625000000000000000e+01 -4.240837696335078455e+00 6.713230000000000031e-01
-5.625000000000000000e+01 -3.298429319371727786e+00 6.553409999999999513e-01
-5.625000000000000000e+01 -2.356020942408377117e+00 5.492299999999999960e-01
-5.625000000000000000e+01 -1.413612565445026226e+00 3.845649999999999902e-01
-5.625000000000000000e+01 -4.712041884816753901e-01 2.176210000000000089e-01
-5.625000000000000000e+01 4.712041884816753901e-01 2.176210000000000089e-01
-5.625000000000000000e+01 1.413612565445026226e+00 6.991400000000000392e-02
-5.500000000000000000e+01 -1.460732984293194114e+01 1.926879999999999982e-01
-5.500000000000000000e+01 -1.366492146596859136e+01 7.736099999999999921e-02
-5.500000000000000000e+01 -1.272251308900523981e+01 7.119579999999999798e-01
-5.500000000000000000e+01 -1.178010471204188825e+01 9.751279999999999948e-01
-5.500000000000000000e+01 -1.083769633507853669e+01 9.681229999999999558e-01
-5.500000000000000000e+01 -9.895287958115185134e+00 9.319450000000000234e-01
-5.500000000000000000e+01 -8.952879581151833577e+00 3.845910000000000162e-01
-5.500000000000000000e+01 -8.010471204188482020e+00 8.688789999999999569e-01
-5.500000000000000000e+01 -7.068062827225130462e+00 7.863250000000000517e-01
-5.500000000000000000e+01 -6.125654450261779793e+00 6.546140000000000292e-01
-5.500000000000000000e+01 -5.183246073298429124e+00 6.017139999999999711e-01
-5.500000000000000000e+01 -4.240837696335078455e+00 8.957380000000000342e-01
-5.500000000000000000e+01 -3.298429319371727786e+00 8.772940000000000182e-01
-5.500000000000000000e+01 -2.356020942408377117e+00 7.510809999999999986e-01
-5.500000000000000000e+01 -1.413612565445026226e+00 6.004329999999999945e-01
-5.500000000000000000e+01 -4.712041884816753901e-01 8.446700000000000041e-02
-5.500000000000000000e+01 4.712041884816753901e-01 8.446700000000000041e-02
-5.500000000000000000e+01 1.413612565445026226e+00 3.225000000000000002e-03
-5.500000000000000000e+01 2.356020942408377117e+00 8.126999999999999502e-02
-5.375000000000000000e+01 -1.460732984293194114e+01 7.099000000000000275e-03
-5.375000000000000000e+01 -1.366492146596859136e+01 7.545799999999999730e-02
-5.375000000000000000e+01 -1.272251308900523981e+01 6.147280000000000522e-01
-5.375000000000000000e+01 -1.178010471204188825e+01 4.299990000000000201e-01
-5.375000000000000000e+01 -1.083769633507853669e+01 7.460139999999999549e-01
-5.375000000000000000e+01 -9.895287958115185134e+00 7.504659999999999664e-01
-5.375000000000000000e+01 -8.952879581151833577e+00 2.359809999999999963e-01
-5.375000000000000000e+01 -8.010471204188482020e+00 6.219999999999999835e-02
-5.375000000000000000e+01 -7.068062827225130462e+00 5.781690000000000440e-01
-5.375000000000000000e+01 -6.125654450261779793e+00 8.103179999999999827e-01
-5.375000000000000000e+01 -5.183246073298429124e+00 8.889519999999999644e-01
-5.375000000000000000e+01 -4.240837696335078455e+00 8.080239999999999645e-01
-5.375000000000000000e+01 -3.298429319371727786e+00 9.792830000000000146e-01
-5.375000000000000000e+01 -2.356020942408377117e+00 6.468960000000000266e-01
-5.375000000000000000e+01 -1.413612565445026226e+00 7.544899999999999940e-01
-5.375000000000000000e+01 -4.712041884816753901e-01 3.271259999999999724e-01
-5.375000000000000000e+01 4.712041884816753901e-01 3.271259999999999724e-01
-5.375000000000000000e+01 1.413612565445026226e+00 5.336910000000000265e-01
-5.375000000000000000e+01 2.356020942408377117e+00 4.139920000000000266e-01
-5.250000000000000000e+01 -1.366492146596859136e+01 1.586800000000000016e-02
-5.250000000000000000e+01 -1.272251308900523981e+01 4.405120000000000147e-01
-5.250000000000000000e+01 -1.178010471204188825e+01 2.773539999999999894e-01
-5.250000000000000000e+01 -1.083769633507853669e+01 4.316999999999999726e-01
-5.250000000000000000e+01 -9.895287958115185134e+00 3.315600000000000214e-01
-5.250000000000000000e+01 -8.952879581151833577e+00 1.182409999999999989e-01
-5.250000000000000000e+01 -8.010471204188482020e+00 2.630839999999999845e-01
-5.250000000000000000e+01 -7.068062827225130462e+00 7.805090000000000083e-01
-5.250000000000000000e+01 -6.125654450261779793e+00 8.923240000000000061e-01
-5.250000000000000000e+01 -5.183246073298429124e+00 4.935249999999999915e-01
-5.250000000000000000e+01 -4.240837696335078455e+00 6.243560000000000221e-01
-5.250000000000000000e+01 -3.298429319371727786e+00 9.205989999999999451e-01
-5.250000000000000000e+01 -2.356020942408377117e+00 3.969949999999999868e-01
-5.250000000000000000e+01 -1.413612565445026226e+00 8.709649999999999892e-01
-5.250000000000000000e+01 -4.712041884816753901e-01 5.410500000000000309e-01
-5.250000000000000000e+01 4.712041884816753901e-01 5.410500000000000309e-01
-5.125000000000000000e+01 -8.952879581151833577e+00 8.788880000000000026e-01
-5.125000000000000000e+01 -8.010471204188482020e+00 5.780579999999999607e-01
-5.125000000000000000e+01 -7.068062827225130462e+00 7.086280000000000356e-01
-5.125000000000000000e+01 -5.183246073298429124e+00 5.268650000000000277e-01
-5.125000000000000000e+01 -4.240837696335078455e+00 7.772069999999999812e-01
-5.125000000000000000e+01 -3.298429319371727786e+00 9.860889999999999933e-01
-5.125000000000000000e+01 -2.356020942408377117e+00 8.317879999999999718e-01
-5.000000000000000000e+01 -3.298429319371727786e+00 9.461310000000000553e-01
