-7.875000000000000000e+01 -6.125654450261779793e+00 5.028430000000000399e-01
-7.875000000000000000e+01 -5.183246073298429124e+00 2.120319999999999983e-01
-7.875000000000000000e+01 -4.240837696335078455e+00 2.976039999999999797e-01
-7.875000000000000000e+01 -3.298429319371727786e+00 4.041409999999999725e-01
-7.875000000000000000e+01 -2.356020942408377117e+00 0.000000000000000000e+00
-7.875000000000000000e+01 -1.413612565445026226e+00 0.000000000000000000e+00
-7.750000000000000000e+01 -8.952879581151833577e+00 1.897490000000000010e-01
-7.750000000000000000e+01 -8.010471204188482020e+00 1.435049999999999937e-01
-7.750000000000000000e+01 -7.068062827225130462e+00 2.849360000000000226e-01
-7.750000000000000000e+01 -6.125654450261779793e+00 5.271150000000000002e-01
-7.750000000000000000e+01 -5.183246073298429124e+00 1.385049999999999892e-01
-7.750000000000000000e+01 -4.240837696335078455e+00 4.891800000000000315e-02
-7.750000000000000000e+01 -3.298429319371727786e+00 2.742990000000000150e-01
-7.750000000000000000e+01 -2.356020942408377117e+00 2.151369999999999949e-01
-7.750000000000000000e+01 -1.413612565445026226e+00 3.104930000000000190e-01
-7.750000000000000000e+01 -4.712041884816753901e-01 1.940149999999999930e-01
-7.750000000000000000e+01 4.712041884816753901e-01 1.940149999999999930e-01
-7.625000000000000000e+01 -1.083769633507853669e+01 6.375599999999999323e-02
-7.625000000000000000e+01 -9.895287958115185134e+00 1.313779999999999948e-01
-7.625000000000000000e+01 -8.952879581151833577e+00 3.779390000000000249e-01
-7.625000000000000000e+01 -8.010471204188482020e+00 1.156599999999999989e-01
-7.625000000000000000e+01 -7.068062827225130462e+00 2.389749999999999930e-01
-7.625000000000000000e+01 -6.125654450261779793e+00 3.284969999999999835e-01
-7.625000000000000000e+01 -5.183246073298429124e+00 4.002700000000000008e-02
-7.625000000000000000e+01 -4.240837696335078455e+00 1.472000000000000001e-03
-7.625000000000000000e+01 -3.298429319371727786e+00 3.983000000000000429e-03
-7.625000000000000000e+01 -2.356020942408377117e+00 2.553000000000000148e-03
-7.625000000000000000e+01 -1.413612565445026226e+00 2.611000000000000040e-03
-7.625000000000000000e+01 -4.712041884816753901e-01 4.793300000000000338e-02
-7.625000000000000000e+01 4.712041884816753901e-01 4.793300000000000338e-02
-7.625000000000000000e+01 1.413612565445026226e+00 7.163079999999999448e-01
-7.500000000000000000e+01 -1.366492146596859136e+01 7.814200000000000312e-02
-7.500000000000000000e+01 -1.272251308900523981e+01 1.417779999999999874e-01
-7.500000000000000000e+01 -1.178010471204188825e+01 1.241629999999999956e-01
-7.500000000000000000e+01 -1.083769633507853669e+01 3.477839999999999820e-01
-7.500000000000000000e+01 -9.895287958115185134e+00 1.581990000000000063e-01
-7.500000000000000000e+01 -8.952879581151833577e+00 4.321800000000000086e-01
-7.500000000000000000e+01 -8.010471204188482020e+00 2.266060000000000019e-01
-7.500000000000000000e+01 -7.068062827225130462e+00 3.560399999999999676e-02
-7.500000000000000000e+01 -6.125654450261779793e+00 6.070300000000000001e-02
-7.500000000000000000e+01 -5.183246073298429124e+00 4.566900000000000126e-02
-7.500000000000000000e+01 -4.240837696335078455e+00 2.003299999999999872e-02
-7.500000000000000000e+01 -3.298429319371727786e+00 2.305999999999999890e-03
-7.500000000000000000e+01 -2.356020942408377117e+00 6.376999999999999856e-03
-7.500000000000000000e+01 -1.413612565445026226e+00 5.597000000000000412e-03
-7.500000000000000000e+01 -4.712041884816753901e-01 2.239400000000000071e-02
-7.500000000000000000e+01 4.712041884816753901e-01 2.239400000000000071e-02
-7.500000000000000000e+01 1.413612565445026226e+00 4.874839999999999729e-01
-7.500000000000000000e+01 2.356020942408377117e+00 8.256299999999999750e-01
-7.375000000000000000e+01 -1.460732984293194114e+01 0.000000000000000000e+00
-7.375000000000000000e+01 -1.366492146596859136e+01 1.302490000000000037e-01
-7.375000000000000000e+01 -1.272251308900523981e+01 8.411100000000000521e-02
-7.375000000000000000e+01 -1.178010471204188825e+01 9.570599999999999941e-02
-7.375000000000000000e+01 -1.083769633507853669e+01 8.703600000000000225e-02
-7.375000000000000000e+01 -9.895287958115185134e+00 5.654499999999999804e-02
-7.375000000000000000e+01 -8.952879581151833577e+00 8.000000000000000167e-02
-7.375000000000000000e+01 -8.010471204188482020e+00 9.232600000000000529e-02
-7.375000000000000000e+01 -7.068062827225130462e+00 1.465999999999999942e-02
-7.375000000000000000e+01 -6.125654450261779793e+00 2.464699999999999877e-02
-7.375000000000000000e+01 -5.183246073298429124e+00 7.177999999999999658e-02
-7.375000000000000000e+01 -4.240837696335078455e+00 2.272499999999999867e-02
-7.375000000000000000e+01 -3.298429319371727786e+00 7.262000000000000226e-03
-7.375000000000000000e+01 -2.356020942408377117e+00 5.409999999999999878e-03
-7.375000000000000000e+01 -1.413612565445026226e+00 8.448500000000000454e-02
-7.375000000000000000e+01 -4.712041884816753901e-01 2.467000000000000009e-03
-7.375000000000000000e+01 4.712041884816753901e-01 2.467000000000000009e-03
-7.375000000000000000e+01 1.413612565445026226e+00 3.635300000000000337e-02
-7.250000000000000000e+01 -1.460732984293194114e+01 5.432000000000000196e-03
-7.250000000000000000e+01 -1.366492146596859136e+01 1.374849999999999961e-01
-7.250000000000000000e+01 -1.272251308900523981e+01 1.710379999999999956e-01
-7.250000000000000000e+01 -1.178010471204188825e+01 4.293199999999999794e-02
-7.250000000000000000e+01 -1.083769633507853669e+01 6.879999999999999831e-03
-7.250000000000000000e+01 -9.895287958115185134e+00 0.000000000000000000e+00
-7.250000000000000000e+01 -8.952879581151833577e+00 9.960000000000000103e-03
-7.250000000000000000e+01 -8.010471204188482020e+00 3.619569999999999732e-01
-7.250000000000000000e+01 -7.068062827225130462e+00 1.043339999999999962e-01
-7.250000000000000000e+01 -6.125654450261779793e+00 9.730000000000000151e-04
-7.250000000000000000e+01 -5.183246073298429124e+00 9.737000000000000863e-03
-7.250000000000000000e+01 -4.240837696335078455e+00 1.123389999999999944e-01
-7.250000000000000000e+01 -3.298429319371727786e+00 2.123999999999999846e-02
-7.250000000000000000e+01 -2.356020942408377117e+00 4.589800000000000130e-02
-7.250000000000000000e+01 -1.413612565445026226e+00 1.406100000000000058e-02
-7.250000000000000000e+01 -4.712041884816753901e-01 6.908000000000000078e-03
-7.250000000000000000e+01 4.712041884816753901e-01 6.908000000000000078e-03
-7.250000000000000000e+01 1.413612565445026226e+00 1.020399999999999953e-02
-7.125000000000000000e+01 -1.460732984293194114e+01 9.079900000000000471e-02
-7.125000000000000000e+01 -1.366492146596859136e+01 2.439500000000000002e-02
-7.125000000000000000e+01 -1.272251308900523981e+01 1.251130000000000020e-01
-7.125000000000000000e+01 -1.178010471204188825e+01 0.000000000000000000e+00
-7.125000000000000000e+01 -1.083769633507853669e+01 0.000000000000000000e+00
-7.125000000000000000e+01 -9.895287958115185134e+00 6.791000000000000161e-03
-7.125000000000000000e+01 -8.952879581151833577e+00 5.717799999999999966e-02
-7.125000000000000000e+01 -8.010471204188482020e+00 4.268970000000000264e-01
-7.125000000000000000e+01 -7.068062827225130462e+00 6.395999999999999776e-03
-7.125000000000000000e+01 -6.125654450261779793e+00 4.655000000000000283e-03
-7.125000000000000000e+01 -5.183246073298429124e+00 2.429999999999999977e-04
-7.125000000000000000e+01 -4.240837696335078455e+00 2.780399999999999885e-02
-7.125000000000000000e+01 -3.298429319371727786e+00 2.390000000000000089e-04
-7.125000000000000000e+01 -2.356020942408377117e+00 3.536700000000000260e-02
-7.125000000000000000e+01 -1.413612565445026226e+00 3.592000000000000141e-03
-7.125000000000000000e+01 -4.712041884816753901e-01 0.000000000000000000e+00
-7.125000000000000000e+01 4.712041884816753901e-01 0.000000000000000000e+00
-7.125000000000000000e+01 1.413612565445026226e+00 7.809699999999999975e-02
-7.000000000000000000e+01 -1.366492146596859136e+01 8.580000000000000820e-03
-7.000000000000000000e+01 -1.272251308900523981e+01 2.762459999999999916e-01
-7.000000000000000000e+01 -1.178010471204188825e+01 1.074800000000000061e-02
-7.000000000000000000e+01 -1.083769633507853669e+01 2.678960000000000230e-01
-7.000000000000000000e+01 -9.895287958115185134e+00 1.473400000000000057e-02
-7.000000000000000000e+01 -8.952879581151833577e+00 1.301730000000000109e-01
-7.000000000000000000e+01 -8.010471204188482020e+00 2.380950000000000011e-01
-7.000000000000000000e+01 -7.068062827225130462e+00 3.370999999999999691e-02
-7.000000000000000000e+01 -6.125654450261779793e+00 1.861000000000000024e-03
-7.000000000000000000e+01 -5.183246073298429124e+00 8.040000000000000271e-04
-7.000000000000000000e+01 -4.240837696335078455e+00 1.112169999999999964e-01
-7.000000000000000000e+01 -3.298429319371727786e+00 5.361699999999999799e-02
-7.000000000000000000e+01 -2.356020942408377117e+00 1.728599999999999928e-02
-7.000000000000000000e+01 -1.413612565445026226e+00 2.947800000000000073e-02
-7.000000000000000000e+01 -4.712041884816753901e-01 1.220300000000000031e-02
-7.000000000000000000e+01 4.712041884816753901e-01 1.220300000000000031e-02
-7.000000000000000000e+01 1.413612565445026226e+00 6.983999999999999757e-03
-6.875000000000000000e+01 -1.554973821989529448e+01 6.769999999999999759e-04
-6.875000000000000000e+01 -1.460732984293194114e+01 3.123000000000000081e-02
-6.875000000000000000e+01 -1.366492146596859136e+01 6.492000000000000375e-03
-6.875000000000000000e+01 -1.272251308900523981e+01 1.131830000000000058e-01
-6.875000000000000000e+01 -1.178010471204188825e+01 3.001449999999999951e-01
-6.875000000000000000e+01 -1.083769633507853669e+01 5.348420000000000396e-01
-6.875000000000000000e+01 -9.895287958115185134e+00 7.688599999999999601e-02
-6.875000000000000000e+01 -8.952879581151833577e+00 3.501310000000000255e-01
-6.875000000000000000e+01 -8.010471204188482020e+00 1.361000000000000014e-03
-6.875000000000000000e+01 -7.068062827225130462e+00 2.047999999999999907e-03
-6.875000000000000000e+01 -6.125654450261779793e+00 1.129999999999999928e-03
-6.875000000000000000e+01 -5.183246073298429124e+00 4.840000000000000010e-04
-6.875000000000000000e+01 -4.240837696335078455e+00 4.423999999999999981e-03
-6.875000000000000000e+01 -3.298429319371727786e+00 7.030999999999999923e-03
-6.875000000000000000e+01 -2.356020942408377117e+00 4.997999999999999839e-03
-6.875000000000000000e+01 -1.413612565445026226e+00 8.704999999999999197e-03
-6.875000000000000000e+01 -4.712041884816753901e-01 1.129100000000000069e-02
-6.875000000000000000e+01 4.712041884816753901e-01 1.129100000000000069e-02
-6.875000000000000000e+01 1.413612565445026226e+00 1.477200000000000041e-02
-6.875000000000000000e+01 2.356020942408377117e+00 6.131000000000000165e-03
-6.750000000000000000e+01 -1.649214659685864603e+01 2.579790000000000139e-01
-6.750000000000000000e+01 -1.554973821989529448e+01 2.579790000000000139e-01
-6.750000000000000000e+01 -1.460732984293194114e+01 1.181910000000000044e-01
-6.750000000000000000e+01 -1.366492146596859136e+01 9.006100000000000216e-02
-6.750000000000000000e+01 -1.272251308900523981e+01 9.537999999999999604e-03
-6.750000000000000000e+01 -1.178010471204188825e+01 1.709799999999999862e-02
-6.750000000000000000e+01 -1.083769633507853669e+01 3.304790000000000227e-01
-6.750000000000000000e+01 -9.895287958115185134e+00 7.701240000000000308e-01
-6.750000000000000000e+01 -8.952879581151833577e+00 1.697700000000000042e-01
-6.750000000000000000e+01 -8.010471204188482020e+00 1.038999999999999993e-03
-6.750000000000000000e+01 -7.068062827225130462e+00 8.919999999999999978e-04
-6.750000000000000000e+01 -6.125654450261779793e+00 5.134999999999999808e-03
-6.750000000000000000e+01 -5.183246073298429124e+00 1.128000000000000096e-03
-6.750000000000000000e+01 -4.240837696335078455e+00 8.059999999999999673e-04
-6.750000000000000000e+01 -3.298429319371727786e+00 1.536700000000000045e-02
-6.750000000000000000e+01 -2.356020942408377117e+00 3.310000000000000225e-04
-6.750000000000000000e+01 -1.413612565445026226e+00 8.000000000000000654e-05
-6.750000000000000000e+01 -4.712041884816753901e-01 8.989999999999999511e-04
-6.750000000000000000e+01 4.712041884816753901e-01 8.989999999999999511e-04
-6.750000000000000000e+01 1.413612565445026226e+00 6.081999999999999733e-03
-6.750000000000000000e+01 2.356020942408377117e+00 7.219999999999999855e-04
-6.625000000000000000e+01 -1.837696335078534560e+01 8.382100000000000661e-02
-6.625000000000000000e+01 -1.743455497382199582e+01 2.230409999999999893e-01
-6.625000000000000000e+01 -1.649214659685864603e+01 1.786999999999999960e-03
-6.625000000000000000e+01 -1.554973821989529448e+01 1.786999999999999960e-03
-6.625000000000000000e+01 -1.460732984293194114e+01 1.030299999999999966e-02
-6.625000000000000000e+01 -1.366492146596859136e+01 1.134000000000000025e-03
-6.625000000000000000e+01 -1.272251308900523981e+01 0.000000000000000000e+00
-6.625000000000000000e+01 -1.178010471204188825e+01 1.091100000000000056e-02
-6.625000000000000000e+01 -1.083769633507853669e+01 1.480980000000000074e-01
-6.625000000000000000e+01 -9.895287958115185134e+00 2.177010000000000056e-01
-6.625000000000000000e+01 -8.952879581151833577e+00 1.416090000000000126e-01
-6.625000000000000000e+01 -8.010471204188482020e+00 2.295000000000000165e-03
-6.625000000000000000e+01 -7.068062827225130462e+00 8.109999999999999805e-04
-6.625000000000000000e+01 -6.125654450261779793e+00 1.610000000000000103e-04
-6.625000000000000000e+01 -5.183246073298429124e+00 3.260000000000000094e-04
-6.625000000000000000e+01 -4.240837696335078455e+00 3.536000000000000081e-03
-6.625000000000000000e+01 -3.298429319371727786e+00 1.502900000000000069e-02
-6.625000000000000000e+01 -2.356020942408377117e+00 6.283999999999999655e-03
-6.625000000000000000e+01 -1.413612565445026226e+00 0.000000000000000000e+00
-6.625000000000000000e+01 -4.712041884816753901e-01 2.425000000000000072e-03
-6.625000000000000000e+01 4.712041884816753901e-01 2.425000000000000072e-03
-6.625000000000000000e+01 1.413612565445026226e+00 9.056400000000000561e-02
-6.625000000000000000e+01 2.356020942408377117e+00 9.142699999999999438e-02
-6.500000000000000000e+01 -1.837696335078534560e+01 2.452700000000000019e-02
-6.500000000000000000e+01 -1.743455497382199582e+01 4.406550000000000189e-01
-6.500000000000000000e+01 -1.649214659685864603e+01 4.573399999999999688e-02
-6.500000000000000000e+01 -1.554973821989529448e+01 4.573399999999999688e-02
-6.500000000000000000e+01 -1.460732984293194114e+01 1.012799999999999985e-02
-6.500000000000000000e+01 -1.366492146596859136e+01 5.177000000000000178e-03
-6.500000000000000000e+01 -1.272251308900523981e+01 2.407999999999999984e-03
-6.500000000000000000e+01 -1.178010471204188825e+01 7.238999999999999775e-03
-6.500000000000000000e+01 -1.083769633507853669e+01 1.951749999999999874e-01
-6.500000000000000000e+01 -9.895287958115185134e+00 5.936230000000000118e-01
-6.500000000000000000e+01 -8.952879581151833577e+00 1.270540000000000003e-01
-6.500000000000000000e+01 -8.010471204188482020e+00 6.568000000000000053e-03
-6.500000000000000000e+01 -7.068062827225130462e+00 5.059899999999999815e-02
-6.500000000000000000e+01 -6.125654450261779793e+00 1.147999999999999932e-03
-6.500000000000000000e+01 -5.183246073298429124e+00 1.478900000000000006e-02
-6.500000000000000000e+01 -4.240837696335078455e+00 1.720999999999999960e-02
-6.500000000000000000e+01 -3.298429319371727786e+00 4.066800000000000276e-02
-6.500000000000000000e+01 -2.356020942408377117e+00 4.329999999999999648e-03
-6.500000000000000000e+01 -1.413612565445026226e+00 1.791999999999999973e-03
-6.500000000000000000e+01 -4.712041884816753901e-01 7.742999999999999883e-03
-6.500000000000000000e+01 4.712041884816753901e-01 7.742999999999999883e-03
-6.500000000000000000e+01 1.413612565445026226e+00 2.658999999999999905e-03
-6.375000000000000000e+01 -2.026178010471204516e+01 6.666670000000000096e-01
-6.375000000000000000e+01 -1.931937172774869538e+01 2.313570000000000071e-01
-6.375000000000000000e+01 -1.837696335078534560e+01 1.389529999999999932e-01
-6.375000000000000000e+01 -1.743455497382199582e+01 5.220479999999999565e-01
-6.375000000000000000e+01 -1.649214659685864603e+01 6.185000000000000220e-02
-6.375000000000000000e+01 -1.554973821989529448e+01 6.185000000000000220e-02
-6.375000000000000000e+01 -1.460732984293194114e+01 3.303099999999999786e-02
-6.375000000000000000e+01 -1.366492146596859136e+01 3.552000000000000036e-03
-6.375000000000000000e+01 -1.272251308900523981e+01 2.507999999999999813e-03
-6.375000000000000000e+01 -1.178010471204188825e+01 2.291050000000000031e-01
-6.375000000000000000e+01 -1.083769633507853669e+01 5.887599999999999778e-02
-6.375000000000000000e+01 -9.895287958115185134e+00 5.017789999999999750e-01
-6.375000000000000000e+01 -8.952879581151833577e+00 7.943010000000000348e-01
-6.375000000000000000e+01 -8.010471204188482020e+00 3.609870000000000023e-01
-6.375000000000000000e+01 -7.068062827225130462e+00 1.104200000000000043e-01
-6.375000000000000000e+01 -6.125654450261779793e+00 4.970999999999999724e-03
-6.375000000000000000e+01 -5.183246073298429124e+00 1.949000000000000038e-02
-6.375000000000000000e+01 -4.240837696335078455e+00 9.256200000000000538e-02
-6.375000000000000000e+01 -3.298429319371727786e+00 9.853999999999999912e-03
-6.375000000000000000e+01 -2.356020942408377117e+00 3.249999999999999851e-04
-6.375000000000000000e+01 -1.413612565445026226e+00 3.240000000000000150e-04
-6.375000000000000000e+01 -4.712041884816753901e-01 1.828999999999999897e-03
-6.375000000000000000e+01 4.712041884816753901e-01 1.828999999999999897e-03
-6.375000000000000000e+01 1.413612565445026226e+00 5.174999999999999913e-03
-6.375000000000000000e+01 3.298429319371727786e+00 2.194899999999999976e-02
-6.250000000000000000e+01 -1.931937172774869538e+01 3.913139999999999952e-01
-6.250000000000000000e+01 -1.837696335078534560e+01 7.216139999999999777e-01
-6.250000000000000000e+01 -1.743455497382199582e+01 8.087809999999999722e-01
-6.250000000000000000e+01 -1.649214659685864603e+01 9.514100000000000334e-02
-6.250000000000000000e+01 -1.554973821989529448e+01 9.514100000000000334e-02
-6.250000000000000000e+01 -1.460732984293194114e+01 7.910999999999999630e-03
-6.250000000000000000e+01 -1.366492146596859136e+01 2.263999999999999953e-03
-6.250000000000000000e+01 -1.272251308900523981e+01 1.157999999999999958e-03
-6.250000000000000000e+01 -1.178010471204188825e+01 3.397209999999999952e-01
-6.250000000000000000e+01 -1.083769633507853669e+01 3.385500000000000176e-01
-6.250000000000000000e+01 -9.895287958115185134e+00 9.656839999999999868e-01
-6.250000000000000000e+01 -8.952879581151833577e+00 3.918679999999999941e-01
-6.250000000000000000e+01 -8.010471204188482020e+00 2.359989999999999866e-01
-6.250000000000000000e+01 -7.068062827225130462e+00 4.334379999999999900e-01
-6.250000000000000000e+01 -6.125654450261779793e+00 1.066190000000000054e-01
-6.250000000000000000e+01 -5.183246073298429124e+00 2.396000000000000126e-03
-6.250000000000000000e+01 -4.240837696335078455e+00 1.090460000000000040e-01
-6.250000000000000000e+01 -3.298429319371727786e+00 1.492199999999999950e-02
-6.250000000000000000e+01 -2.356020942408377117e+00 1.056999999999999997e-03
-6.250000000000000000e+01 -1.413612565445026226e+00 2.468700000000000061e-02
-6.250000000000000000e+01 -4.712041884816753901e-01 6.509999999999999945e-04
-6.250000000000000000e+01 4.712041884816753901e-01 6.509999999999999945e-04
-6.250000000000000000e+01 1.413612565445026226e+00 1.435000000000000078e-03
-6.250000000000000000e+01 2.356020942408377117e+00 9.221000000000000030e-03
-6.250000000000000000e+01 3.298429319371727786e+00 0.000000000000000000e+00
-6.125000000000000000e+01 -1.837696335078534560e+01 1.916090000000000015e-01
-6.125000000000000000e+01 -1.743455497382199582e+01 2.644790000000000196e-01
-6.125000000000000000e+01 -1.649214659685864603e+01 2.573239999999999972e-01
-6.125000000000000000e+01 -1.554973821989529448e+01 2.573239999999999972e-01
-6.125000000000000000e+01 -1.460732984293194114e+01 5.208200000000000329e-02
-6.125000000000000000e+01 -1.366492146596859136e+01 3.887199999999999683e-02
-6.125000000000000000e+01 -1.272251308900523981e+01 6.145939999999999737e-01
-6.125000000000000000e+01 -1.178010471204188825e+01 7.709470000000000489e-01
-6.125000000000000000e+01 -1.083769633507853669e+01 4.171679999999999833e-01
-6.125000000000000000e+01 -9.895287958115185134e+00 2.385940000000000005e-01
-6.125000000000000000e+01 -8.952879581151833577e+00 7.308299999999999519e-02
-6.125000000000000000e+01 -8.010471204188482020e+00 1.132599999999999996e-01
-6.125000000000000000e+01 -7.068062827225130462e+00 3.882700000000000040e-02
-6.125000000000000000e+01 -6.125654450261779793e+00 6.331699999999999828e-02
-6.125000000000000000e+01 -5.183246073298429124e+00 1.055669999999999942e-01
-6.125000000000000000e+01 -4.240837696335078455e+00 3.486890000000000267e-01
-6.125000000000000000e+01 -3.298429319371727786e+00 3.620180000000000065e-01
-6.125000000000000000e+01 -2.356020942408377117e+00 5.732000000000000116e-03
-6.125000000000000000e+01 -1.413612565445026226e+00 1.975000000000000019e-02
-6.125000000000000000e+01 -4.712041884816753901e-01 1.946019999999999972e-01
-6.125000000000000000e+01 4.712041884816753901e-01 1.946019999999999972e-01
-6.125000000000000000e+01 1.413612565445026226e+00 2.133289999999999909e-01
-6.125000000000000000e+01 2.356020942408377117e+00 5.817020000000000524e-01
-6.125000000000000000e+01 3.298429319371727786e+00 2.477800000000000002e-01
-6.125000000000000000e+01 4.240837696335078455e+00 3.063400000000000151e-02
-6.000000000000000000e+01 -1.554973821989529448e+01 9.399499999999999522e-02
-6.000000000000000000e+01 -1.460732984293194114e+01 3.894059999999999744e-01
-6.000000000000000000e+01 -1.366492146596859136e+01 4.195780000000000065e-01
-6.000000000000000000e+01 -1.272251308900523981e+01 3.593169999999999975e-01
-6.000000000000000000e+01 -1.178010471204188825e+01 1.183209999999999956e-01
-6.000000000000000000e+01 -1.083769633507853669e+01 1.132999999999999893e-03
-6.000000000000000000e+01 -9.895287958115185134e+00 5.412700000000000150e-02
-6.000000000000000000e+01 -8.952879581151833577e+00 5.904000000000000394e-03
-6.000000000000000000e+01 -8.010471204188482020e+00 9.622999999999999610e-03
-6.000000000000000000e+01 -7.068062827225130462e+00 3.333329999999999904e-01
-6.000000000000000000e+01 -6.125654450261779793e+00 6.207399999999999723e-02
-6.000000000000000000e+01 -5.183246073298429124e+00 7.475400000000000100e-02
-6.000000000000000000e+01 -4.240837696335078455e+00 4.619289999999999785e-01
-6.000000000000000000e+01 -3.298429319371727786e+00 7.466829999999999856e-01
-6.000000000000000000e+01 -2.356020942408377117e+00 6.916649999999999743e-01
-6.000000000000000000e+01 -1.413612565445026226e+00 2.301040000000000030e-01
-6.000000000000000000e+01 -4.712041884816753901e-01 8.738999999999999546e-02
-6.000000000000000000e+01 4.712041884816753901e-01 8.738999999999999546e-02
-6.000000000000000000e+01 1.413612565445026226e+00 6.912220000000000031e-01
-6.000000000000000000e+01 2.356020942408377117e+00 1.427640000000000020e-01
-6.000000000000000000e+01 3.298429319371727786e+00 1.155619999999999981e-01
-6.000000000000000000e+01 4.240837696335078455e+00 1.199099999999999992e-02
-6.000000000000000000e+01 5.183246073298429124e+00 1.274999999999999918e-02
-5.875000000000000000e+01 -1.366492146596859136e+01 4.966600000000000181e-02
-5.875000000000000000e+01 -1.272251308900523981e+01 4.274000000000000021e-03
-5.875000000000000000e+01 -1.178010471204188825e+01 1.986670000000000103e-01
-5.875000000000000000e+01 -1.083769633507853669e+01 4.068629999999999747e-01
-5.875000000000000000e+01 -9.895287958115185134e+00 2.187800000000000022e-01
-5.875000000000000000e+01 -8.952879581151833577e+00 4.347499999999999976e-02
-5.875000000000000000e+01 -8.010471204188482020e+00 2.400000000000000061e-04
-5.875000000000000000e+01 -7.068062827225130462e+00 1.421820000000000028e-01
-5.875000000000000000e+01 -6.125654450261779793e+00 7.830000000000000154e-03
-5.875000000000000000e+01 -5.183246073298429124e+00 1.229000000000000058e-03
-5.875000000000000000e+01 -4.240837696335078455e+00 2.958609999999999851e-01
-5.875000000000000000e+01 -3.298429319371727786e+00 7.608479999999999688e-01
-5.875000000000000000e+01 -2.356020942408377117e+00 2.100970000000000060e-01
-5.875000000000000000e+01 -1.413612565445026226e+00 1.956999999999999972e-03
-5.875000000000000000e+01 -4.712041884816753901e-01 0.000000000000000000e+00
-5.875000000000000000e+01 4.712041884816753901e-01 0.000000000000000000e+00
-5.750000000000000000e+01 -1.366492146596859136e+01 5.323499999999999760e-02
-5.750000000000000000e+01 -1.272251308900523981e+01 6.437800000000000467e-02
-5.750000000000000000e+01 -1.178010471204188825e+01 5.009799999999999809e-01
-5.750000000000000000e+01 -1.083769633507853669e+01 3.821459999999999857e-01
-5.750000000000000000e+01 -9.895287958115185134e+00 3.171490000000000142e-01
-5.750000000000000000e+01 -8.952879581151833577e+00 1.997900000000000023e-02
-5.750000000000000000e+01 -8.010471204188482020e+00 2.475000000000000203e-03
-5.750000000000000000e+01 -7.068062827225130462e+00 1.043099999999999930e-02
-5.750000000000000000e+01 -6.125654450261779793e+00 1.684539999999999926e-01
-5.750000000000000000e+01 -5.183246073298429124e+00 2.203000000000000097e-03
-5.750000000000000000e+01 -4.240837696335078455e+00 1.312099999999999933e-01
-5.750000000000000000e+01 -3.298429319371727786e+00 4.662879999999999803e-01
-5.750000000000000000e+01 -2.356020942408377117e+00 7.777299999999999491e-02
-5.750000000000000000e+01 -1.413612565445026226e+00 1.188299999999999947e-02
-5.750000000000000000e+01 -4.712041884816753901e-01 6.318999999999999964e-03
-5.750000000000000000e+01 4.712041884816753901e-01 6.318999999999999964e-03
-5.750000000000000000e+01 1.413612565445026226e+00 2.873699999999999866e-02
-5.625000000000000000e+01 -1.366492146596859136e+01 3.491639999999999744e-01
-5.625000000000000000e+01 -1.272251308900523981e+01 3.376919999999999922e-01
-5.625000000000000000e+01 -1.178010471204188825e+01 7.327979999999999494e-01
-5.625000000000000000e+01 -1.083769633507853669e+01 5.089700000000000335e-01
-5.625000000000000000e+01 -9.895287958115185134e+00 8.094890000000000141e-01
-5.625000000000000000e+01 -8.952879581151833577e+00 4.131699999999999956e-02
-5.625000000000000000e+01 -8.010471204188482020e+00 7.254000000000000031e-03
-5.625000000000000000e+01 -7.068062827225130462e+00 1.086030000000000051e-01
-5.625000000000000000e+01 -6.125654450261779793e+00 2.683639999999999914e-01
-5.625000000000000000e+01 -5.183246073298429124e+00 4.008200000000000096e-01
-5.625000000000000000e+01 -4.240837696335078455e+00 4.469629999999999992e-01
-5.625000000000000000e+01 -3.298429319371727786e+00 7.489400000000000224e-02
-5.625000000000000000e+01 -2.356020942408377117e+00 4.238640000000000185e-01
-5.625000000000000000e+01 -1.413612565445026226e+00 2.771399999999999905e-02
-5.625000000000000000e+01 -4.712041884816753901e-01 8.000000000000000654e-05
-5.625000000000000000e+01 4.712041884816753901e-01 8.000000000000000654e-05
-5.625000000000000000e+01 1.413612565445026226e+00 0.000000000000000000e+00
-5.500000000000000000e+01 -1.460732984293194114e+01 1.824739999999999973e-01
-5.500000000000000000e+01 -1.366492146596859136e+01 4.329899999999999721e-02
-5.500000000000000000e+01 -1.272251308900523981e+01 4.438199999999999923e-01
-5.500000000000000000e+01 -1.178010471204188825e+01 7.443400000000000016e-01
-5.500000000000000000e+01 -1.083769633507853669e+01 8.237510000000000110e-01
-5.500000000000000000e+01 -9.895287958115185134e+00 7.629650000000000043e-01
-5.500000000000000000e+01 -8.952879581151833577e+00 9.279600000000000348e-02
-5.500000000000000000e+01 -8.010471204188482020e+00 3.072019999999999751e-01
-5.500000000000000000e+01 -7.068062827225130462e+00 3.099180000000000268e-01
-5.500000000000000000e+01 -6.125654450261779793e+00 5.564000000000000196e-02
-5.500000000000000000e+01 -5.183246073298429124e+00 1.954200000000000034e-02
-5.500000000000000000e+01 -4.240837696335078455e+00 5.088179999999999925e-01
-5.500000000000000000e+01 -3.298429319371727786e+00 5.609800000000000342e-01
-5.500000000000000000e+01 -2.356020942408377117e+00 6.101750000000000229e-01
-5.500000000000000000e+01 -1.413612565445026226e+00 2.800700000000000064e-02
-5.500000000000000000e+01 -4.712041884816753901e-01 2.420000000000000005e-04
-5.500000000000000000e+01 4.712041884816753901e-01 2.420000000000000005e-04
-5.500000000000000000e+01 1.413612565445026226e+00 2.420000000000000005e-04
-5.500000000000000000e+01 2.356020942408377117e+00 5.760000000000000146e-04
-5.375000000000000000e+01 -1.460732984293194114e+01 4.079999999999999968e-04
-5.375000000000000000e+01 -1.366492146596859136e+01 4.112999999999999989e-02
-5.375000000000000000e+01 -1.272251308900523981e+01 2.097160000000000135e-01
-5.375000000000000000e+01 -1.178010471204188825e+01 1.907860000000000111e-01
-5.375000000000000000e+01 -1.083769633507853669e+01 2.750319999999999987e-01
-5.375000000000000000e+01 -9.895287958115185134e+00 3.516819999999999946e-01
-5.375000000000000000e+01 -8.952879581151833577e+00 1.329400000000000026e-02
-5.375000000000000000e+01 -8.010471204188482020e+00 8.000000000000000654e-05
-5.375000000000000000e+01 -7.068062827225130462e+00 2.101000000000000003e-03
-5.375000000000000000e+01 -6.125654450261779793e+00 6.347000000000000211e-03
-5.375000000000000000e+01 -5.183246073298429124e+00 3.327999999999999795e-03
-5.375000000000000000e+01 -4.240837696335078455e+00 4.910479999999999845e-01
-5.375000000000000000e+01 -3.298429319371727786e+00 5.106420000000000403e-01
-5.375000000000000000e+01 -2.356020942408377117e+00 4.847910000000000275e-01
-5.375000000000000000e+01 -1.413612565445026226e+00 9.513000000000000622e-02
-5.375000000000000000e+01 -4.712041884816753901e-01 9.719999999999999907e-04
-5.375000000000000000e+01 4.712041884816753901e-01 9.719999999999999907e-04
-5.375000000000000000e+01 1.413612565445026226e+00 1.217999999999999899e-03
-5.375000000000000000e+01 2.356020942408377117e+00 1.054000000000000032e-03
-5.250000000000000000e+01 -1.366492146596859136e+01 1.288800000000000015e-02
-5.250000000000000000e+01 -1.272251308900523981e+01 2.155990000000000129e-01
-5.250000000000000000e+01 -1.178010471204188825e+01 1.295449999999999935e-01
-5.250000000000000000e+01 -1.083769633507853669e+01 2.993319999999999870e-01
-5.250000000000000000e+01 -9.895287958115185134e+00 9.823999999999999400e-02
-5.250000000000000000e+01 -8.952879581151833577e+00 5.699999999999999772e-04
-5.250000000000000000e+01 -8.010471204188482020e+00 1.825000000000000016e-03
-5.250000000000000000e+01 -7.068062827225130462e+00 1.878099999999999908e-02
-5.250000000000000000e+01 -6.125654450261779793e+00 4.149599999999999816e-02
-5.250000000000000000e+01 -5.183246073298429124e+00 1.755000000000000050e-03
-5.250000000000000000e+01 -4.240837696335078455e+00 1.500340000000000007e-01
-5.250000000000000000e+01 -3.298429319371727786e+00 3.954880000000000062e-01
-5.250000000000000000e+01 -2.356020942408377117e+00 4.211100000000000260e-02
-5.250000000000000000e+01 -1.413612565445026226e+00 4.955459999999999865e-01
-5.250000000000000000e+01 -4.712041884816753901e-01 6.681199999999999639e-02
-5.250000000000000000e+01 4.712041884816753901e-01 6.681199999999999639e-02
-5.125000000000000000e+01 -8.952879581151833577e+00 5.900889999999999747e-01
-5.125000000000000000e+01 -8.010471204188482020e+00 4.183040000000000092e-01
-5.125000000000000000e+01 -7.068062827225130462e+00 4.633680000000000021e-01
-5.125000000000000000e+01 -5.183246073298429124e+00 1.905290000000000039e-01
-5.125000000000000000e+01 -4.240837696335078455e+00 3.546400000000000108e-01
-5.125000000000000000e+01 -3.298429319371727786e+00 5.327859999999999818e-01
-5.125000000000000000e+01 -2.356020942408377117e+00 1.424499999999999933e-01
-5.000000000000000000e+01 -3.298429319371727786e+00 6.727969999999999784e-01
