-7.875000000000000000e+01 -6.125654450261779793e+00 4.872960000000000069e-01
-7.875000000000000000e+01 -5.183246073298429124e+00 1.670840000000000103e-01
-7.875000000000000000e+01 -4.240837696335078455e+00 1.876470000000000082e-01
-7.875000000000000000e+01 -3.298429319371727786e+00 2.884680000000000022e-01
-7.875000000000000000e+01 -2.356020942408377117e+00 0.000000000000000000e+00
-7.875000000000000000e+01 -1.413612565445026226e+00 0.000000000000000000e+00
-7.750000000000000000e+01 -8.952879581151833577e+00 1.875680000000000125e-01
-7.750000000000000000e+01 -8.010471204188482020e+00 1.435049999999999937e-01
-7.750000000000000000e+01 -7.068062827225130462e+00 2.799039999999999861e-01
-7.750000000000000000e+01 -6.125654450261779793e+00 4.072200000000000264e-01
-7.750000000000000000e+01 -5.183246073298429124e+00 5.541800000000000198e-02
-7.750000000000000000e+01 -4.240837696335078455e+00 2.107099999999999945e-02
-7.750000000000000000e+01 -3.298429319371727786e+00 1.589849999999999874e-01
-7.750000000000000000e+01 -2.356020942408377117e+00 1.122260000000000063e-01
-7.750000000000000000e+01 -1.413612565445026226e+00 2.066890000000000116e-01
-7.750000000000000000e+01 -4.712041884816753901e-01 1.849719999999999975e-01
-7.750000000000000000e+01 4.712041884816753901e-01 1.849719999999999975e-01
-7.625000000000000000e+01 -1.083769633507853669e+01 5.636300000000000338e-02
-7.625000000000000000e+01 -9.895287958115185134e+00 1.217130000000000017e-01
-7.625000000000000000e+01 -8.952879581151833577e+00 2.800779999999999936e-01
-7.625000000000000000e+01 -8.010471204188482020e+00 7.448000000000000453e-02
-7.625000000000000000e+01 -7.068062827225130462e+00 1.762430000000000108e-01
-7.625000000000000000e+01 -6.125654450261779793e+00 1.911120000000000041e-01
-7.625000000000000000e+01 -5.183246073298429124e+00 4.002700000000000008e-02
-7.625000000000000000e+01 -4.240837696335078455e+00 1.472000000000000001e-03
-7.625000000000000000e+01 -3.298429319371727786e+00 3.983000000000000429e-03
-7.625000000000000000e+01 -2.356020942408377117e+00 2.553000000000000148e-03
-7.625000000000000000e+01 -1.413612565445026226e+00 2.611000000000000040e-03
-7.625000000000000000e+01 -4.712041884816753901e-01 2.931100000000000025e-02
-7.625000000000000000e+01 4.712041884816753901e-01 2.931100000000000025e-02
-7.625000000000000000e+01 1.413612565445026226e+00 4.823509999999999742e-01
-7.500000000000000000e+01 -1.366492146596859136e+01 7.814200000000000312e-02
-7.500000000000000000e+01 -1.272251308900523981e+01 1.417779999999999874e-01
-7.500000000000000000e+01 -1.178010471204188825e+01 1.237540000000000029e-01
-7.500000000000000000e+01 -1.083769633507853669e+01 2.676999999999999935e-01
-7.500000000000000000e+01 -9.895287958115185134e+00 1.255360000000000087e-01
-7.500000000000000000e+01 -8.952879581151833577e+00 2.758729999999999793e-01
-7.500000000000000000e+01 -8.010471204188482020e+00 1.711429999999999896e-01
-7.500000000000000000e+01 -7.068062827225130462e+00 3.468899999999999761e-02
-7.500000000000000000e+01 -6.125654450261779793e+00 6.070300000000000001e-02
-7.500000000000000000e+01 -5.183246073298429124e+00 4.566900000000000126e-02
-7.500000000000000000e+01 -4.240837696335078455e+00 2.003299999999999872e-02
-7.500000000000000000e+01 -3.298429319371727786e+00 2.305999999999999890e-03
-7.500000000000000000e+01 -2.356020942408377117e+00 6.376999999999999856e-03
-7.500000000000000000e+01 -1.413612565445026226e+00 5.597000000000000412e-03
-7.500000000000000000e+01 -4.712041884816753901e-01 2.222800000000000123e-02
-7.500000000000000000e+01 4.712041884816753901e-01 2.222800000000000123e-02
-7.500000000000000000e+01 1.413612565445026226e+00 3.845899999999999874e-01
-7.500000000000000000e+01 2.356020942408377117e+00 6.659779999999999589e-01
-7.375000000000000000e+01 -1.460732984293194114e+01 0.000000000000000000e+00
-7.375000000000000000e+01 -1.366492146596859136e+01 1.302490000000000037e-01
-7.375000000000000000e+01 -1.272251308900523981e+01 7.821999999999999786e-02
-7.375000000000000000e+01 -1.178010471204188825e+01 9.365800000000000514e-02
-7.375000000000000000e+01 -1.083769633507853669e+01 7.497099999999999598e-02
-7.375000000000000000e+01 -9.895287958115185134e+00 5.654499999999999804e-02
-7.375000000000000000e+01 -8.952879581151833577e+00 6.937200000000000311e-02
-7.375000000000000000e+01 -8.010471204188482020e+00 5.247099999999999681e-02
-7.375000000000000000e+01 -7.068062827225130462e+00 1.050700000000000071e-02
-7.375000000000000000e+01 -6.125654450261779793e+00 2.464699999999999877e-02
-7.375000000000000000e+01 -5.183246073298429124e+00 7.177999999999999658e-02
-7.375000000000000000e+01 -4.240837696335078455e+00 2.272499999999999867e-02
-7.375000000000000000e+01 -3.298429319371727786e+00 7.262000000000000226e-03
-7.375000000000000000e+01 -2.356020942408377117e+00 5.327000000000000138e-03
-7.375000000000000000e+01 -1.413612565445026226e+00 1.742000000000000146e-02
-7.375000000000000000e+01 -4.712041884816753901e-01 2.467000000000000009e-03
-7.375000000000000000e+01 4.712041884816753901e-01 2.467000000000000009e-03
-7.375000000000000000e+01 1.413612565445026226e+00 3.635300000000000337e-02
-7.250000000000000000e+01 -1.460732984293194114e+01 5.432000000000000196e-03
-7.250000000000000000e+01 -1.366492146596859136e+01 1.374849999999999961e-01
-7.250000000000000000e+01 -1.272251308900523981e+01 1.587919999999999887e-01
-7.250000000000000000e+01 -1.178010471204188825e+01 4.293199999999999794e-02
-7.250000000000000000e+01 -1.083769633507853669e+01 6.879999999999999831e-03
-7.250000000000000000e+01 -9.895287958115185134e+00 0.000000000000000000e+00
-7.250000000000000000e+01 -8.952879581151833577e+00 9.388999999999999777e-03
-7.250000000000000000e+01 -8.010471204188482020e+00 1.599970000000000003e-01
-7.250000000000000000e+01 -7.068062827225130462e+00 5.727000000000000146e-02
-7.250000000000000000e+01 -6.125654450261779793e+00 9.730000000000000151e-04
-7.250000000000000000e+01 -5.183246073298429124e+00 9.737000000000000863e-03
-7.250000000000000000e+01 -4.240837696335078455e+00 1.123389999999999944e-01
-7.250000000000000000e+01 -3.298429319371727786e+00 2.123999999999999846e-02
-7.250000000000000000e+01 -2.356020942408377117e+00 8.434999999999999790e-03
-7.250000000000000000e+01 -1.413612565445026226e+00 2.467000000000000009e-03
-7.250000000000000000e+01 -4.712041884816753901e-01 6.908000000000000078e-03
-7.250000000000000000e+01 4.712041884816753901e-01 6.908000000000000078e-03
-7.250000000000000000e+01 1.413612565445026226e+00 1.020399999999999953e-02
-7.125000000000000000e+01 -1.460732984293194114e+01 9.079900000000000471e-02
-7.125000000000000000e+01 -1.366492146596859136e+01 2.439500000000000002e-02
-7.125000000000000000e+01 -1.272251308900523981e+01 4.617999999999999883e-02
-7.125000000000000000e+01 -1.178010471204188825e+01 0.000000000000000000e+00
-7.125000000000000000e+01 -1.083769633507853669e+01 0.000000000000000000e+00
-7.125000000000000000e+01 -9.895287958115185134e+00 6.791000000000000161e-03
-7.125000000000000000e+01 -8.952879581151833577e+00 2.360100000000000045e-02
-7.125000000000000000e+01 -8.010471204188482020e+00 1.253190000000000137e-01
-7.125000000000000000e+01 -7.068062827225130462e+00 3.642999999999999971e-03
-7.125000000000000000e+01 -6.125654450261779793e+00 4.655000000000000283e-03
-7.125000000000000000e+01 -5.183246073298429124e+00 2.429999999999999977e-04
-7.125000000000000000e+01 -4.240837696335078455e+00 1.915700000000000042e-02
-7.125000000000000000e+01 -3.298429319371727786e+00 1.589999999999999888e-04
-7.125000000000000000e+01 -2.356020942408377117e+00 1.372199999999999982e-02
-7.125000000000000000e+01 -1.413612565445026226e+00 3.510000000000000099e-03
-7.125000000000000000e+01 -4.712041884816753901e-01 0.000000000000000000e+00
-7.125000000000000000e+01 4.712041884816753901e-01 0.000000000000000000e+00
-7.125000000000000000e+01 1.413612565445026226e+00 1.901399999999999965e-02
-7.000000000000000000e+01 -1.366492146596859136e+01 8.580000000000000820e-03
-7.000000000000000000e+01 -1.272251308900523981e+01 5.345599999999999657e-02
-7.000000000000000000e+01 -1.178010471204188825e+01 0.000000000000000000e+00
-7.000000000000000000e+01 -1.083769633507853669e+01 8.423799999999999344e-02
-7.000000000000000000e+01 -9.895287958115185134e+00 3.200000000000000262e-04
-7.000000000000000000e+01 -8.952879581151833577e+00 1.845700000000000118e-02
-7.000000000000000000e+01 -8.010471204188482020e+00 7.477200000000000513e-02
-7.000000000000000000e+01 -7.068062827225130462e+00 2.868199999999999916e-02
-7.000000000000000000e+01 -6.125654450261779793e+00 1.861000000000000024e-03
-7.000000000000000000e+01 -5.183246073298429124e+00 8.040000000000000271e-04
-7.000000000000000000e+01 -4.240837696335078455e+00 6.017399999999999832e-02
-7.000000000000000000e+01 -3.298429319371727786e+00 1.446700000000000069e-02
-7.000000000000000000e+01 -2.356020942408377117e+00 4.480999999999999740e-03
-7.000000000000000000e+01 -1.413612565445026226e+00 9.383000000000000715e-03
-7.000000000000000000e+01 -4.712041884816753901e-01 1.220300000000000031e-02
-7.000000000000000000e+01 4.712041884816753901e-01 1.220300000000000031e-02
-7.000000000000000000e+01 1.413612565445026226e+00 3.410999999999999970e-03
-6.875000000000000000e+01 -1.554973821989529448e+01 6.769999999999999759e-04
-6.875000000000000000e+01 -1.460732984293194114e+01 2.141500000000000001e-02
-6.875000000000000000e+01 -1.366492146596859136e+01 4.057999999999999975e-03
-6.875000000000000000e+01 -1.272251308900523981e+01 7.967100000000000570e-02
-6.875000000000000000e+01 -1.178010471204188825e+01 1.420720000000000038e-01
-6.875000000000000000e+01 -1.083769633507853669e+01 3.372680000000000122e-01
-6.875000000000000000e+01 -9.895287958115185134e+00 2.756899999999999976e-02
-6.875000000000000000e+01 -8.952879581151833577e+00 1.238550000000000068e-01
-6.875000000000000000e+01 -8.010471204188482020e+00 3.200000000000000262e-04
-6.875000000000000000e+01 -7.068062827225130462e+00 2.047999999999999907e-03
-6.875000000000000000e+01 -6.125654450261779793e+00 1.129999999999999928e-03
-6.875000000000000000e+01 -5.183246073298429124e+00 4.840000000000000010e-04
-6.875000000000000000e+01 -4.240837696335078455e+00 4.423999999999999981e-03
-6.875000000000000000e+01 -3.298429319371727786e+00 7.030999999999999923e-03
-6.875000000000000000e+01 -2.356020942408377117e+00 1.965999999999999866e-03
-6.875000000000000000e+01 -1.413612565445026226e+00 9.669999999999999776e-04
-6.875000000000000000e+01 -4.712041884816753901e-01 1.129100000000000069e-02
-6.875000000000000000e+01 4.712041884816753901e-01 1.129100000000000069e-02
-6.875000000000000000e+01 1.413612565445026226e+00 1.142600000000000039e-02
-6.875000000000000000e+01 2.356020942408377117e+00 6.131000000000000165e-03
-6.750000000000000000e+01 -1.649214659685864603e+01 1.504800000000000026e-01
-6.750000000000000000e+01 -1.554973821989529448e+01 1.504800000000000026e-01
-6.750000000000000000e+01 -1.460732984293194114e+01 4.952100000000000252e-02
-6.750000000000000000e+01 -1.366492146596859136e+01 3.935099999999999709e-02
-6.750000000000000000e+01 -1.272251308900523981e+01 5.739000000000000178e-03
-6.750000000000000000e+01 -1.178010471204188825e+01 1.366200000000000053e-02
-6.750000000000000000e+01 -1.083769633507853669e+01 1.865650000000000086e-01
-6.750000000000000000e+01 -9.895287958115185134e+00 5.858179999999999499e-01
-6.750000000000000000e+01 -8.952879581151833577e+00 6.285100000000000409e-02
-6.750000000000000000e+01 -8.010471204188482020e+00 9.590000000000000000e-04
-6.750000000000000000e+01 -7.068062827225130462e+00 8.919999999999999978e-04
-6.750000000000000000e+01 -6.125654450261779793e+00 5.134999999999999808e-03
-6.750000000000000000e+01 -5.183246073298429124e+00 1.128000000000000096e-03
-6.750000000000000000e+01 -4.240837696335078455e+00 8.059999999999999673e-04
-6.750000000000000000e+01 -3.298429319371727786e+00 1.389100000000000057e-02
-6.750000000000000000e+01 -2.356020942408377117e+00 3.310000000000000225e-04
-6.750000000000000000e+01 -1.413612565445026226e+00 8.000000000000000654e-05
-6.750000000000000000e+01 -4.712041884816753901e-01 8.989999999999999511e-04
-6.750000000000000000e+01 4.712041884816753901e-01 8.989999999999999511e-04
-6.750000000000000000e+01 1.413612565445026226e+00 6.081999999999999733e-03
-6.750000000000000000e+01 2.356020942408377117e+00 7.219999999999999855e-04
-6.625000000000000000e+01 -1.837696335078534560e+01 8.382100000000000661e-02
-6.625000000000000000e+01 -1.743455497382199582e+01 1.326100000000000056e-01
-6.625000000000000000e+01 -1.649214659685864603e+01 2.112000000000000162e-03
-6.625000000000000000e+01 -1.554973821989529448e+01 2.112000000000000162e-03
-6.625000000000000000e+01 -1.460732984293194114e+01 6.733000000000000269e-03
-6.625000000000000000e+01 -1.366492146596859136e+01 1.134000000000000025e-03
-6.625000000000000000e+01 -1.272251308900523981e+01 0.000000000000000000e+00
-6.625000000000000000e+01 -1.178010471204188825e+01 6.223000000000000233e-03
-6.625000000000000000e+01 -1.083769633507853669e+01 6.187800000000000245e-02
-6.625000000000000000e+01 -9.895287958115185134e+00 1.421620000000000106e-01
-6.625000000000000000e+01 -8.952879581151833577e+00 1.730699999999999947e-02
-6.625000000000000000e+01 -8.010471204188482020e+00 2.295000000000000165e-03
-6.625000000000000000e+01 -7.068062827225130462e+00 8.109999999999999805e-04
-6.625000000000000000e+01 -6.125654450261779793e+00 1.610000000000000103e-04
-6.625000000000000000e+01 -5.183246073298429124e+00 3.260000000000000094e-04
-6.625000000000000000e+01 -4.240837696335078455e+00 3.536000000000000081e-03
-6.625000000000000000e+01 -3.298429319371727786e+00 1.376199999999999993e-02
-6.625000000000000000e+01 -2.356020942408377117e+00 6.198000000000000384e-03
-6.625000000000000000e+01 -1.413612565445026226e+00 0.000000000000000000e+00
-6.625000000000000000e+01 -4.712041884816753901e-01 2.425000000000000072e-03
-6.625000000000000000e+01 4.712041884816753901e-01 2.425000000000000072e-03
-6.625000000000000000e+01 1.413612565445026226e+00 7.123799999999999577e-02
-6.625000000000000000e+01 2.356020942408377117e+00 6.618899999999999784e-02
-6.500000000000000000e+01 -1.837696335078534560e+01 2.289800000000000169e-02
-6.500000000000000000e+01 -1.743455497382199582e+01 3.019209999999999949e-01
-6.500000000000000000e+01 -1.649214659685864603e+01 9.402999999999999900e-03
-6.500000000000000000e+01 -1.554973821989529448e+01 9.402999999999999900e-03
-6.500000000000000000e+01 -1.460732984293194114e+01 4.687000000000000194e-03
-6.500000000000000000e+01 -1.366492146596859136e+01 2.969999999999999984e-03
-6.500000000000000000e+01 -1.272251308900523981e+01 1.412000000000000061e-03
-6.500000000000000000e+01 -1.178010471204188825e+01 7.407000000000000389e-03
-6.500000000000000000e+01 -1.083769633507853669e+01 1.371880000000000044e-01
-6.500000000000000000e+01 -9.895287958115185134e+00 2.768530000000000157e-01
-6.500000000000000000e+01 -8.952879581151833577e+00 5.784700000000000258e-02
-6.500000000000000000e+01 -8.010471204188482020e+00 2.351999999999999924e-03
-6.500000000000000000e+01 -7.068062827225130462e+00 2.025599999999999970e-02
-6.500000000000000000e+01 -6.125654450261779793e+00 1.147999999999999932e-03
-6.500000000000000000e+01 -5.183246073298429124e+00 1.630000000000000047e-04
-6.500000000000000000e+01 -4.240837696335078455e+00 4.529000000000000040e-03
-6.500000000000000000e+01 -3.298429319371727786e+00 1.115799999999999952e-02
-6.500000000000000000e+01 -2.356020942408377117e+00 4.329999999999999648e-03
-6.500000000000000000e+01 -1.413612565445026226e+00 1.791999999999999973e-03
-6.500000000000000000e+01 -4.712041884816753901e-01 7.742999999999999883e-03
-6.500000000000000000e+01 4.712041884816753901e-01 7.742999999999999883e-03
-6.500000000000000000e+01 1.413612565445026226e+00 2.658999999999999905e-03
-6.375000000000000000e+01 -2.026178010471204516e+01 0.000000000000000000e+00
-6.375000000000000000e+01 -1.931937172774869538e+01 8.399900000000000422e-02
-6.375000000000000000e+01 -1.837696335078534560e+01 1.153399999999999981e-01
-6.375000000000000000e+01 -1.743455497382199582e+01 4.260939999999999728e-01
-6.375000000000000000e+01 -1.649214659685864603e+01 5.052000000000000240e-02
-6.375000000000000000e+01 -1.554973821989529448e+01 5.052000000000000240e-02
-6.375000000000000000e+01 -1.460732984293194114e+01 2.331099999999999839e-02
-6.375000000000000000e+01 -1.366492146596859136e+01 2.972999999999999948e-03
-6.375000000000000000e+01 -1.272251308900523981e+01 1.505000000000000044e-03
-6.375000000000000000e+01 -1.178010471204188825e+01 3.155519999999999992e-01
-6.375000000000000000e+01 -1.083769633507853669e+01 4.348899999999999988e-02
-6.375000000000000000e+01 -9.895287958115185134e+00 3.316890000000000116e-01
-6.375000000000000000e+01 -8.952879581151833577e+00 5.029489999999999794e-01
-6.375000000000000000e+01 -8.010471204188482020e+00 1.041279999999999983e-01
-6.375000000000000000e+01 -7.068062827225130462e+00 9.376999999999999919e-03
-6.375000000000000000e+01 -6.125654450261779793e+00 4.970999999999999724e-03
-6.375000000000000000e+01 -5.183246073298429124e+00 1.876000000000000063e-03
-6.375000000000000000e+01 -4.240837696335078455e+00 3.073700000000000043e-02
-6.375000000000000000e+01 -3.298429319371727786e+00 1.724000000000000055e-03
-6.375000000000000000e+01 -2.356020942408377117e+00 3.249999999999999851e-04
-6.375000000000000000e+01 -1.413612565445026226e+00 3.240000000000000150e-04
-6.375000000000000000e+01 -4.712041884816753901e-01 1.828999999999999897e-03
-6.375000000000000000e+01 4.712041884816753901e-01 1.828999999999999897e-03
-6.375000000000000000e+01 1.413612565445026226e+00 0.000000000000000000e+00
-6.375000000000000000e+01 3.298429319371727786e+00 1.093399999999999928e-02
-6.250000000000000000e+01 -1.931937172774869538e+01 3.200950000000000184e-01
-6.250000000000000000e+01 -1.837696335078534560e+01 6.549580000000000402e-01
-6.250000000000000000e+01 -1.743455497382199582e+01 6.980279999999999818e-01
-6.250000000000000000e+01 -1.649214659685864603e+01 6.883599999999999441e-02
-6.250000000000000000e+01 -1.554973821989529448e+01 6.883599999999999441e-02
-6.250000000000000000e+01 -1.460732984293194114e+01 7.910999999999999630e-03
-6.250000000000000000e+01 -1.366492146596859136e+01 2.263999999999999953e-03
-6.250000000000000000e+01 -1.272251308900523981e+01 3.393000000000000183e-03
-6.250000000000000000e+01 -1.178010471204188825e+01 4.018039999999999945e-01
-6.250000000000000000e+01 -1.083769633507853669e+01 3.625070000000000237e-01
-6.250000000000000000e+01 -9.895287958115185134e+00 8.584580000000000544e-01
-6.250000000000000000e+01 -8.952879581151833577e+00 2.954069999999999752e-01
-6.250000000000000000e+01 -8.010471204188482020e+00 8.962299999999999434e-02
-6.250000000000000000e+01 -7.068062827225130462e+00 6.308900000000000619e-02
-6.250000000000000000e+01 -6.125654450261779793e+00 1.043400000000000057e-02
-6.250000000000000000e+01 -5.183246073298429124e+00 2.396000000000000126e-03
-6.250000000000000000e+01 -4.240837696335078455e+00 3.078799999999999940e-02
-6.250000000000000000e+01 -3.298429319371727786e+00 5.029999999999999749e-03
-6.250000000000000000e+01 -2.356020942408377117e+00 1.056999999999999997e-03
-6.250000000000000000e+01 -1.413612565445026226e+00 4.720000000000000237e-03
-6.250000000000000000e+01 -4.712041884816753901e-01 6.509999999999999945e-04
-6.250000000000000000e+01 4.712041884816753901e-01 6.509999999999999945e-04
-6.250000000000000000e+01 1.413612565445026226e+00 1.435000000000000078e-03
-6.250000000000000000e+01 2.356020942408377117e+00 8.090000000000000403e-04
-6.250000000000000000e+01 3.298429319371727786e+00 0.000000000000000000e+00
-6.125000000000000000e+01 -1.837696335078534560e+01 1.440160000000000051e-01
-6.125000000000000000e+01 -1.743455497382199582e+01 7.444199999999999429e-02
-6.125000000000000000e+01 -1.649214659685864603e+01 1.078469999999999984e-01
-6.125000000000000000e+01 -1.554973821989529448e+01 1.078469999999999984e-01
-6.125000000000000000e+01 -1.460732984293194114e+01 1.798200000000000146e-02
-6.125000000000000000e+01 -1.366492146596859136e+01 3.887199999999999683e-02
-6.125000000000000000e+01 -1.272251308900523981e+01 5.969579999999999886e-01
-6.125000000000000000e+01 -1.178010471204188825e+01 6.727229999999999599e-01
-6.125000000000000000e+01 -1.083769633507853669e+01 3.916569999999999774e-01
-6.125000000000000000e+01 -9.895287958115185134e+00 1.506129999999999969e-01
-6.125000000000000000e+01 -8.952879581151833577e+00 3.243599999999999955e-02
-6.125000000000000000e+01 -8.010471204188482020e+00 2.201799999999999938e-02
-6.125000000000000000e+01 -7.068062827225130462e+00 2.981000000000000143e-03
-6.125000000000000000e+01 -6.125654450261779793e+00 4.180500000000000188e-02
-6.125000000000000000e+01 -5.183246073298429124e+00 1.286600000000000070e-02
-6.125000000000000000e+01 -4.240837696335078455e+00 4.278699999999999865e-02
-6.125000000000000000e+01 -3.298429319371727786e+00 5.987599999999999867e-02
-6.125000000000000000e+01 -2.356020942408377117e+00 1.476000000000000098e-03
-6.125000000000000000e+01 -1.413612565445026226e+00 9.790000000000000525e-04
-6.125000000000000000e+01 -4.712041884816753901e-01 4.152399999999999841e-02
-6.125000000000000000e+01 4.712041884816753901e-01 4.152399999999999841e-02
-6.125000000000000000e+01 1.413612565445026226e+00 5.118199999999999833e-02
-6.125000000000000000e+01 2.356020942408377117e+00 3.356540000000000079e-01
-6.125000000000000000e+01 3.298429319371727786e+00 1.684539999999999926e-01
-6.125000000000000000e+01 4.240837696335078455e+00 1.401299999999999941e-02
-6.000000000000000000e+01 -1.554973821989529448e+01 8.898999999999999966e-02
-6.000000000000000000e+01 -1.460732984293194114e+01 3.614100000000000090e-01
-6.000000000000000000e+01 -1.366492146596859136e+01 3.783920000000000061e-01
-6.000000000000000000e+01 -1.272251308900523981e+01 3.208619999999999806e-01
-6.000000000000000000e+01 -1.178010471204188825e+01 8.280899999999999372e-02
-6.000000000000000000e+01 -1.083769633507853669e+01 5.582000000000000156e-03
-6.000000000000000000e+01 -9.895287958115185134e+00 9.548099999999999643e-02
-6.000000000000000000e+01 -8.952879581151833577e+00 2.162100000000000133e-02
-6.000000000000000000e+01 -8.010471204188482020e+00 0.000000000000000000e+00
-6.000000000000000000e+01 -7.068062827225130462e+00 1.041870000000000018e-01
-6.000000000000000000e+01 -6.125654450261779793e+00 7.481999999999999935e-03
-6.000000000000000000e+01 -5.183246073298429124e+00 2.268900000000000083e-02
-6.000000000000000000e+01 -4.240837696335078455e+00 1.695599999999999885e-01
-6.000000000000000000e+01 -3.298429319371727786e+00 4.233319999999999861e-01
-6.000000000000000000e+01 -2.356020942408377117e+00 2.369999999999999885e-01
-6.000000000000000000e+01 -1.413612565445026226e+00 3.812900000000000317e-02
-6.000000000000000000e+01 -4.712041884816753901e-01 1.239200000000000024e-02
-6.000000000000000000e+01 4.712041884816753901e-01 1.239200000000000024e-02
-6.000000000000000000e+01 1.413612565445026226e+00 3.320150000000000046e-01
-6.000000000000000000e+01 2.356020942408377117e+00 5.434800000000000048e-02
-6.000000000000000000e+01 3.298429319371727786e+00 6.349699999999999789e-02
-6.000000000000000000e+01 4.240837696335078455e+00 1.124700000000000005e-02
-6.000000000000000000e+01 5.183246073298429124e+00 1.274999999999999918e-02
-5.875000000000000000e+01 -1.366492146596859136e+01 2.157600000000000143e-02
-5.875000000000000000e+01 -1.272251308900523981e+01 8.869999999999999846e-04
-5.875000000000000000e+01 -1.178010471204188825e+01 1.491629999999999900e-01
-5.875000000000000000e+01 -1.083769633507853669e+01 4.864189999999999903e-01
-5.875000000000000000e+01 -9.895287958115185134e+00 3.151079999999999992e-01
-5.875000000000000000e+01 -8.952879581151833577e+00 5.571999999999999870e-02
-5.875000000000000000e+01 -8.010471204188482020e+00 2.400000000000000061e-04
-5.875000000000000000e+01 -7.068062827225130462e+00 1.256900000000000031e-02
-5.875000000000000000e+01 -6.125654450261779793e+00 5.649999999999999641e-04
-5.875000000000000000e+01 -5.183246073298429124e+00 1.229000000000000058e-03
-5.875000000000000000e+01 -4.240837696335078455e+00 1.117039999999999977e-01
-5.875000000000000000e+01 -3.298429319371727786e+00 3.624410000000000132e-01
-5.875000000000000000e+01 -2.356020942408377117e+00 1.803000000000000089e-02
-5.875000000000000000e+01 -1.413612565445026226e+00 0.000000000000000000e+00
-5.875000000000000000e+01 -4.712041884816753901e-01 0.000000000000000000e+00
-5.875000000000000000e+01 4.712041884816753901e-01 0.000000000000000000e+00
-5.750000000000000000e+01 -1.366492146596859136e+01 4.677300000000000207e-02
-5.750000000000000000e+01 -1.272251308900523981e+01 5.393099999999999977e-02
-5.750000000000000000e+01 -1.178010471204188825e+01 4.019590000000000107e-01
-5.750000000000000000e+01 -1.083769633507853669e+01 3.620280000000000165e-01
-5.750000000000000000e+01 -9.895287958115185134e+00 2.690859999999999919e-01
-5.750000000000000000e+01 -8.952879581151833577e+00 3.029600000000000001e-02
-5.750000000000000000e+01 -8.010471204188482020e+00 3.053000000000000158e-03
-5.750000000000000000e+01 -7.068062827225130462e+00 2.400999999999999922e-03
-5.750000000000000000e+01 -6.125654450261779793e+00 1.398899999999999970e-02
-5.750000000000000000e+01 -5.183246073298429124e+00 1.631999999999999987e-03
-5.750000000000000000e+01 -4.240837696335078455e+00 4.563099999999999795e-02
-5.750000000000000000e+01 -3.298429319371727786e+00 2.280069999999999875e-01
-5.750000000000000000e+01 -2.356020942408377117e+00 2.708800000000000097e-02
-5.750000000000000000e+01 -1.413612565445026226e+00 6.592999999999999902e-03
-5.750000000000000000e+01 -4.712041884816753901e-01 0.000000000000000000e+00
-5.750000000000000000e+01 4.712041884816753901e-01 0.000000000000000000e+00
-5.750000000000000000e+01 1.413612565445026226e+00 8.100000000000000375e-05
-5.625000000000000000e+01 -1.366492146596859136e+01 2.700940000000000007e-01
-5.625000000000000000e+01 -1.272251308900523981e+01 2.858760000000000190e-01
-5.625000000000000000e+01 -1.178010471204188825e+01 6.036150000000000126e-01
-5.625000000000000000e+01 -1.083769633507853669e+01 4.107810000000000072e-01
-5.625000000000000000e+01 -9.895287958115185134e+00 8.074369999999999603e-01
-5.625000000000000000e+01 -8.952879581151833577e+00 5.682100000000000345e-02
-5.625000000000000000e+01 -8.010471204188482020e+00 9.247000000000000011e-03
-5.625000000000000000e+01 -7.068062827225130462e+00 4.537800000000000167e-02
-5.625000000000000000e+01 -6.125654450261779793e+00 5.591900000000000343e-02
-5.625000000000000000e+01 -5.183246073298429124e+00 1.466989999999999961e-01
-5.625000000000000000e+01 -4.240837696335078455e+00 3.493390000000000106e-01
-5.625000000000000000e+01 -3.298429319371727786e+00 2.433799999999999852e-02
-5.625000000000000000e+01 -2.356020942408377117e+00 3.258920000000000150e-01
-5.625000000000000000e+01 -1.413612565445026226e+00 2.534300000000000094e-02
-5.625000000000000000e+01 -4.712041884816753901e-01 8.000000000000000654e-05
-5.625000000000000000e+01 4.712041884816753901e-01 8.000000000000000654e-05
-5.625000000000000000e+01 1.413612565445026226e+00 0.000000000000000000e+00
-5.500000000000000000e+01 -1.460732984293194114e+01 1.780160000000000076e-01
-5.500000000000000000e+01 -1.366492146596859136e+01 4.206200000000000216e-02
-5.500000000000000000e+01 -1.272251308900523981e+01 3.479940000000000255e-01
-5.500000000000000000e+01 -1.178010471204188825e+01 5.653700000000000392e-01
-5.500000000000000000e+01 -1.083769633507853669e+01 7.118999999999999773e-01
-5.500000000000000000e+01 -9.895287958115185134e+00 7.379130000000000411e-01
-5.500000000000000000e+01 -8.952879581151833577e+00 6.218699999999999922e-02
-5.500000000000000000e+01 -8.010471204188482020e+00 1.196760000000000046e-01
-5.500000000000000000e+01 -7.068062827225130462e+00 1.087120000000000031e-01
-5.500000000000000000e+01 -6.125654450261779793e+00 2.164999999999999824e-03
-5.500000000000000000e+01 -5.183246073298429124e+00 4.809999999999999823e-04
-5.500000000000000000e+01 -4.240837696335078455e+00 2.665739999999999776e-01
-5.500000000000000000e+01 -3.298429319371727786e+00 4.306340000000000168e-01
-5.500000000000000000e+01 -2.356020942408377117e+00 5.455269999999999841e-01
-5.500000000000000000e+01 -1.413612565445026226e+00 1.276000000000000051e-02
-5.500000000000000000e+01 -4.712041884816753901e-01 2.420000000000000005e-04
-5.500000000000000000e+01 4.712041884816753901e-01 2.420000000000000005e-04
-5.500000000000000000e+01 1.413612565445026226e+00 2.420000000000000005e-04
-5.500000000000000000e+01 2.356020942408377117e+00 5.760000000000000146e-04
-5.375000000000000000e+01 -1.460732984293194114e+01 4.079999999999999968e-04
-5.375000000000000000e+01 -1.366492146596859136e+01 4.064999999999999863e-02
-5.375000000000000000e+01 -1.272251308900523981e+01 2.345309999999999895e-01
-5.375000000000000000e+01 -1.178010471204188825e+01 1.285449999999999926e-01
-5.375000000000000000e+01 -1.083769633507853669e+01 2.587690000000000268e-01
-5.375000000000000000e+01 -9.895287958115185134e+00 2.779889999999999861e-01
-5.375000000000000000e+01 -8.952879581151833577e+00 3.302999999999999946e-03
-5.375000000000000000e+01 -8.010471204188482020e+00 8.000000000000000654e-05
-5.375000000000000000e+01 -7.068062827225130462e+00 2.343000000000000031e-03
-5.375000000000000000e+01 -6.125654450261779793e+00 8.625999999999999987e-03
-5.375000000000000000e+01 -5.183246073298429124e+00 3.733999999999999906e-03
-5.375000000000000000e+01 -4.240837696335078455e+00 2.599279999999999924e-01
-5.375000000000000000e+01 -3.298429319371727786e+00 2.134820000000000051e-01
-5.375000000000000000e+01 -2.356020942408377117e+00 4.515109999999999957e-01
-5.375000000000000000e+01 -1.413612565445026226e+00 6.738399999999999945e-02
-5.375000000000000000e+01 -4.712041884816753901e-01 9.719999999999999907e-04
-5.375000000000000000e+01 4.712041884816753901e-01 9.719999999999999907e-04
-5.375000000000000000e+01 1.413612565445026226e+00 1.299000000000000024e-03
-5.375000000000000000e+01 2.356020942408377117e+00 1.054000000000000032e-03
-5.250000000000000000e+01 -1.366492146596859136e+01 1.248499999999999957e-02
-5.250000000000000000e+01 -1.272251308900523981e+01 2.415160000000000085e-01
-5.250000000000000000e+01 -1.178010471204188825e+01 1.029219999999999996e-01
-5.250000000000000000e+01 -1.083769633507853669e+01 2.771899999999999920e-01
-5.250000000000000000e+01 -9.895287958115185134e+00 9.038100000000000300e-02
-5.250000000000000000e+01 -8.952879581151833577e+00 5.699999999999999772e-04
-5.250000000000000000e+01 -8.010471204188482020e+00 2.239000000000000105e-03
-5.250000000000000000e+01 -7.068062827225130462e+00 6.504899999999999571e-02
-5.250000000000000000e+01 -6.125654450261779793e+00 1.132520000000000054e-01
-5.250000000000000000e+01 -5.183246073298429124e+00 1.755000000000000050e-03
-5.250000000000000000e+01 -4.240837696335078455e+00 7.883900000000000630e-02
-5.250000000000000000e+01 -3.298429319371727786e+00 2.045599999999999918e-01
-5.250000000000000000e+01 -2.356020942408377117e+00 3.468500000000000055e-02
-5.250000000000000000e+01 -1.413612565445026226e+00 2.098550000000000137e-01
-5.250000000000000000e+01 -4.712041884816753901e-01 1.294000000000000011e-03
-5.250000000000000000e+01 4.712041884816753901e-01 1.294000000000000011e-03
-5.125000000000000000e+01 -8.952879581151833577e+00 5.423850000000000060e-01
-5.125000000000000000e+01 -8.010471204188482020e+00 4.052069999999999839e-01
-5.125000000000000000e+01 -7.068062827225130462e+00 5.127730000000000343e-01
-5.125000000000000000e+01 -5.183246073298429124e+00 1.894129999999999980e-01
-5.125000000000000000e+01 -4.240837696335078455e+00 3.179080000000000239e-01
-5.125000000000000000e+01 -3.298429319371727786e+00 1.937029999999999863e-01
-5.125000000000000000e+01 -2.356020942408377117e+00 9.261900000000000688e-02
-5.000000000000000000e+01 -3.298429319371727786e+00 3.645039999999999947e-01
