-7.875000000000000000e+01 -6.125654450261779793e+00 5.012440000000000229e-01
-7.875000000000000000e+01 -5.183246073298429124e+00 2.022650000000000003e-01
-7.875000000000000000e+01 -4.240837696335078455e+00 2.789090000000000180e-01
-7.875000000000000000e+01 -3.298429319371727786e+00 3.873619999999999841e-01
-7.875000000000000000e+01 -2.356020942408377117e+00 0.000000000000000000e+00
-7.875000000000000000e+01 -1.413612565445026226e+00 0.000000000000000000e+00
-7.750000000000000000e+01 -8.952879581151833577e+00 1.897490000000000010e-01
-7.750000000000000000e+01 -8.010471204188482020e+00 1.435049999999999937e-01
-7.750000000000000000e+01 -7.068062827225130462e+00 2.836989999999999790e-01
-7.750000000000000000e+01 -6.125654450261779793e+00 5.168249999999999789e-01
-7.750000000000000000e+01 -5.183246073298429124e+00 1.304349999999999954e-01
-7.750000000000000000e+01 -4.240837696335078455e+00 4.519900000000000306e-02
-7.750000000000000000e+01 -3.298429319371727786e+00 2.452400000000000135e-01
-7.750000000000000000e+01 -2.356020942408377117e+00 1.921180000000000110e-01
-7.750000000000000000e+01 -1.413612565445026226e+00 2.972369999999999735e-01
-7.750000000000000000e+01 -4.712041884816753901e-01 1.923709999999999865e-01
-7.750000000000000000e+01 4.712041884816753901e-01 1.923709999999999865e-01
-7.625000000000000000e+01 -1.083769633507853669e+01 6.245099999999999957e-02
-7.625000000000000000e+01 -9.895287958115185134e+00 1.303960000000000119e-01
-7.625000000000000000e+01 -8.952879581151833577e+00 3.594729999999999870e-01
-7.625000000000000000e+01 -8.010471204188482020e+00 1.059940000000000049e-01
-7.625000000000000000e+01 -7.068062827225130462e+00 2.230650000000000133e-01
-7.625000000000000000e+01 -6.125654450261779793e+00 2.995610000000000217e-01
-7.625000000000000000e+01 -5.183246073298429124e+00 4.002700000000000008e-02
-7.625000000000000000e+01 -4.240837696335078455e+00 1.472000000000000001e-03
-7.625000000000000000e+01 -3.298429319371727786e+00 3.983000000000000429e-03
-7.625000000000000000e+01 -2.356020942408377117e+00 2.553000000000000148e-03
-7.625000000000000000e+01 -1.413612565445026226e+00 2.611000000000000040e-03
-7.625000000000000000e+01 -4.712041884816753901e-01 4.267200000000000160e-02
-7.625000000000000000e+01 4.712041884816753901e-01 4.267200000000000160e-02
-7.625000000000000000e+01 1.413612565445026226e+00 6.715100000000000513e-01
-7.500000000000000000e+01 -1.366492146596859136e+01 7.814200000000000312e-02
-7.500000000000000000e+01 -1.272251308900523981e+01 1.417779999999999874e-01
-7.500000000000000000e+01 -1.178010471204188825e+01 1.241629999999999956e-01
-7.500000000000000000e+01 -1.083769633507853669e+01 3.351899999999999880e-01
-7.500000000000000000e+01 -9.895287958115185134e+00 1.497030000000000027e-01
-7.500000000000000000e+01 -8.952879581151833577e+00 4.112680000000000224e-01
-7.500000000000000000e+01 -8.010471204188482020e+00 2.171810000000000129e-01
-7.500000000000000000e+01 -7.068062827225130462e+00 3.560399999999999676e-02
-7.500000000000000000e+01 -6.125654450261779793e+00 6.070300000000000001e-02
-7.500000000000000000e+01 -5.183246073298429124e+00 4.566900000000000126e-02
-7.500000000000000000e+01 -4.240837696335078455e+00 2.003299999999999872e-02
-7.500000000000000000e+01 -3.298429319371727786e+00 2.305999999999999890e-03
-7.500000000000000000e+01 -2.356020942408377117e+00 6.376999999999999856e-03
-7.500000000000000000e+01 -1.413612565445026226e+00 5.597000000000000412e-03
-7.500000000000000000e+01 -4.712041884816753901e-01 2.222800000000000123e-02
-7.500000000000000000e+01 4.712041884816753901e-01 2.222800000000000123e-02
-7.500000000000000000e+01 1.413612565445026226e+00 4.707410000000000205e-01
-7.500000000000000000e+01 2.356020942408377117e+00 7.918929999999999580e-01
-7.375000000000000000e+01 -1.460732984293194114e+01 0.000000000000000000e+00
-7.375000000000000000e+01 -1.366492146596859136e+01 1.302490000000000037e-01
-7.375000000000000000e+01 -1.272251308900523981e+01 8.345600000000000240e-02
-7.375000000000000000e+01 -1.178010471204188825e+01 9.447700000000000542e-02
-7.375000000000000000e+01 -1.083769633507853669e+01 8.429000000000000381e-02
-7.375000000000000000e+01 -9.895287958115185134e+00 5.654499999999999804e-02
-7.375000000000000000e+01 -8.952879581151833577e+00 7.732200000000000184e-02
-7.375000000000000000e+01 -8.010471204188482020e+00 7.995199999999999529e-02
-7.375000000000000000e+01 -7.068062827225130462e+00 1.286900000000000023e-02
-7.375000000000000000e+01 -6.125654450261779793e+00 2.464699999999999877e-02
-7.375000000000000000e+01 -5.183246073298429124e+00 7.177999999999999658e-02
-7.375000000000000000e+01 -4.240837696335078455e+00 2.272499999999999867e-02
-7.375000000000000000e+01 -3.298429319371727786e+00 7.262000000000000226e-03
-7.375000000000000000e+01 -2.356020942408377117e+00 5.409999999999999878e-03
-7.375000000000000000e+01 -1.413612565445026226e+00 7.303500000000000270e-02
-7.375000000000000000e+01 -4.712041884816753901e-01 2.467000000000000009e-03
-7.375000000000000000e+01 4.712041884816753901e-01 2.467000000000000009e-03
-7.375000000000000000e+01 1.413612565445026226e+00 3.635300000000000337e-02
-7.250000000000000000e+01 -1.460732984293194114e+01 5.432000000000000196e-03
-7.250000000000000000e+01 -1.366492146596859136e+01 1.374849999999999961e-01
-7.250000000000000000e+01 -1.272251308900523981e+01 1.702110000000000012e-01
-7.250000000000000000e+01 -1.178010471204188825e+01 4.293199999999999794e-02
-7.250000000000000000e+01 -1.083769633507853669e+01 6.879999999999999831e-03
-7.250000000000000000e+01 -9.895287958115185134e+00 0.000000000000000000e+00
-7.250000000000000000e+01 -8.952879581151833577e+00 9.551999999999999727e-03
-7.250000000000000000e+01 -8.010471204188482020e+00 3.238820000000000032e-01
-7.250000000000000000e+01 -7.068062827225130462e+00 9.283099999999999685e-02
-7.250000000000000000e+01 -6.125654450261779793e+00 9.730000000000000151e-04
-7.250000000000000000e+01 -5.183246073298429124e+00 9.737000000000000863e-03
-7.250000000000000000e+01 -4.240837696335078455e+00 1.123389999999999944e-01
-7.250000000000000000e+01 -3.298429319371727786e+00 2.123999999999999846e-02
-7.250000000000000000e+01 -2.356020942408377117e+00 3.944799999999999696e-02
-7.250000000000000000e+01 -1.413612565445026226e+00 1.184100000000000083e-02
-7.250000000000000000e+01 -4.712041884816753901e-01 6.908000000000000078e-03
-7.250000000000000000e+01 4.712041884816753901e-01 6.908000000000000078e-03
-7.250000000000000000e+01 1.413612565445026226e+00 1.020399999999999953e-02
-7.125000000000000000e+01 -1.460732984293194114e+01 9.079900000000000471e-02
-7.125000000000000000e+01 -1.366492146596859136e+01 2.439500000000000002e-02
-7.125000000000000000e+01 -1.272251308900523981e+01 1.084910000000000041e-01
-7.125000000000000000e+01 -1.178010471204188825e+01 0.000000000000000000e+00
-7.125000000000000000e+01 -1.083769633507853669e+01 0.000000000000000000e+00
-7.125000000000000000e+01 -9.895287958115185134e+00 6.791000000000000161e-03
-7.125000000000000000e+01 -8.952879581151833577e+00 4.582300000000000262e-02
-7.125000000000000000e+01 -8.010471204188482020e+00 3.691010000000000124e-01
-7.125000000000000000e+01 -7.068062827225130462e+00 5.910000000000000323e-03
-7.125000000000000000e+01 -6.125654450261779793e+00 4.655000000000000283e-03
-7.125000000000000000e+01 -5.183246073298429124e+00 2.429999999999999977e-04
-7.125000000000000000e+01 -4.240837696335078455e+00 2.619300000000000100e-02
-7.125000000000000000e+01 -3.298429319371727786e+00 2.390000000000000089e-04
-7.125000000000000000e+01 -2.356020942408377117e+00 3.201799999999999785e-02
-7.125000000000000000e+01 -1.413612565445026226e+00 3.592000000000000141e-03
-7.125000000000000000e+01 -4.712041884816753901e-01 0.000000000000000000e+00
-7.125000000000000000e+01 4.712041884816753901e-01 0.000000000000000000e+00
-7.125000000000000000e+01 1.413612565445026226e+00 6.903900000000000314e-02
-7.000000000000000000e+01 -1.366492146596859136e+01 8.580000000000000820e-03
-7.000000000000000000e+01 -1.272251308900523981e+01 2.429830000000000045e-01
-7.000000000000000000e+01 -1.178010471204188825e+01 7.409999999999999920e-03
-7.000000000000000000e+01 -1.083769633507853669e+01 2.397360000000000047e-01
-7.000000000000000000e+01 -9.895287958115185134e+00 1.000999999999999980e-02
-7.000000000000000000e+01 -8.952879581151833577e+00 1.020410000000000067e-01
-7.000000000000000000e+01 -8.010471204188482020e+00 2.091490000000000016e-01
-7.000000000000000000e+01 -7.068062827225130462e+00 3.181400000000000200e-02
-7.000000000000000000e+01 -6.125654450261779793e+00 1.861000000000000024e-03
-7.000000000000000000e+01 -5.183246073298429124e+00 8.040000000000000271e-04
-7.000000000000000000e+01 -4.240837696335078455e+00 1.046089999999999937e-01
-7.000000000000000000e+01 -3.298429319371727786e+00 4.797699999999999881e-02
-7.000000000000000000e+01 -2.356020942408377117e+00 1.440499999999999940e-02
-7.000000000000000000e+01 -1.413612565445026226e+00 2.640500000000000139e-02
-7.000000000000000000e+01 -4.712041884816753901e-01 1.220300000000000031e-02
-7.000000000000000000e+01 4.712041884816753901e-01 1.220300000000000031e-02
-7.000000000000000000e+01 1.413612565445026226e+00 6.414999999999999696e-03
-6.875000000000000000e+01 -1.554973821989529448e+01 6.769999999999999759e-04
-6.875000000000000000e+01 -1.460732984293194114e+01 2.982800000000000035e-02
-6.875000000000000000e+01 -1.366492146596859136e+01 5.032000000000000015e-03
-6.875000000000000000e+01 -1.272251308900523981e+01 1.075979999999999992e-01
-6.875000000000000000e+01 -1.178010471204188825e+01 2.715369999999999728e-01
-6.875000000000000000e+01 -1.083769633507853669e+01 5.061489999999999601e-01
-6.875000000000000000e+01 -9.895287958115185134e+00 6.168599999999999778e-02
-6.875000000000000000e+01 -8.952879581151833577e+00 2.991659999999999875e-01
-6.875000000000000000e+01 -8.010471204188482020e+00 3.200000000000000262e-04
-6.875000000000000000e+01 -7.068062827225130462e+00 2.047999999999999907e-03
-6.875000000000000000e+01 -6.125654450261779793e+00 1.129999999999999928e-03
-6.875000000000000000e+01 -5.183246073298429124e+00 4.840000000000000010e-04
-6.875000000000000000e+01 -4.240837696335078455e+00 4.423999999999999981e-03
-6.875000000000000000e+01 -3.298429319371727786e+00 7.030999999999999923e-03
-6.875000000000000000e+01 -2.356020942408377117e+00 4.588000000000000064e-03
-6.875000000000000000e+01 -1.413612565445026226e+00 8.141000000000000666e-03
-6.875000000000000000e+01 -4.712041884816753901e-01 1.129100000000000069e-02
-6.875000000000000000e+01 4.712041884816753901e-01 1.129100000000000069e-02
-6.875000000000000000e+01 1.413612565445026226e+00 1.444499999999999951e-02
-6.875000000000000000e+01 2.356020942408377117e+00 6.131000000000000165e-03
-6.750000000000000000e+01 -1.649214659685864603e+01 2.506360000000000254e-01
-6.750000000000000000e+01 -1.554973821989529448e+01 2.506360000000000254e-01
-6.750000000000000000e+01 -1.460732984293194114e+01 1.039120000000000044e-01
-6.750000000000000000e+01 -1.366492146596859136e+01 8.137900000000000689e-02
-6.750000000000000000e+01 -1.272251308900523981e+01 9.133999999999999758e-03
-6.750000000000000000e+01 -1.178010471204188825e+01 1.636100000000000054e-02
-6.750000000000000000e+01 -1.083769633507853669e+01 3.103589999999999960e-01
-6.750000000000000000e+01 -9.895287958115185134e+00 7.497359999999999580e-01
-6.750000000000000000e+01 -8.952879581151833577e+00 1.499310000000000087e-01
-6.750000000000000000e+01 -8.010471204188482020e+00 9.590000000000000000e-04
-6.750000000000000000e+01 -7.068062827225130462e+00 8.919999999999999978e-04
-6.750000000000000000e+01 -6.125654450261779793e+00 5.134999999999999808e-03
-6.750000000000000000e+01 -5.183246073298429124e+00 1.128000000000000096e-03
-6.750000000000000000e+01 -4.240837696335078455e+00 8.059999999999999673e-04
-6.750000000000000000e+01 -3.298429319371727786e+00 1.484599999999999982e-02
-6.750000000000000000e+01 -2.356020942408377117e+00 3.310000000000000225e-04
-6.750000000000000000e+01 -1.413612565445026226e+00 8.000000000000000654e-05
-6.750000000000000000e+01 -4.712041884816753901e-01 8.989999999999999511e-04
-6.750000000000000000e+01 4.712041884816753901e-01 8.989999999999999511e-04
-6.750000000000000000e+01 1.413612565445026226e+00 6.081999999999999733e-03
-6.750000000000000000e+01 2.356020942408377117e+00 7.219999999999999855e-04
-6.625000000000000000e+01 -1.837696335078534560e+01 8.382100000000000661e-02
-6.625000000000000000e+01 -1.743455497382199582e+01 2.107350000000000056e-01
-6.625000000000000000e+01 -1.649214659685864603e+01 1.786999999999999960e-03
-6.625000000000000000e+01 -1.554973821989529448e+01 1.786999999999999960e-03
-6.625000000000000000e+01 -1.460732984293194114e+01 9.653999999999999387e-03
-6.625000000000000000e+01 -1.366492146596859136e+01 1.134000000000000025e-03
-6.625000000000000000e+01 -1.272251308900523981e+01 0.000000000000000000e+00
-6.625000000000000000e+01 -1.178010471204188825e+01 9.941000000000000184e-03
-6.625000000000000000e+01 -1.083769633507853669e+01 1.322669999999999957e-01
-6.625000000000000000e+01 -9.895287958115185134e+00 2.052200000000000135e-01
-6.625000000000000000e+01 -8.952879581151833577e+00 1.197740000000000055e-01
-6.625000000000000000e+01 -8.010471204188482020e+00 2.295000000000000165e-03
-6.625000000000000000e+01 -7.068062827225130462e+00 8.109999999999999805e-04
-6.625000000000000000e+01 -6.125654450261779793e+00 1.610000000000000103e-04
-6.625000000000000000e+01 -5.183246073298429124e+00 3.260000000000000094e-04
-6.625000000000000000e+01 -4.240837696335078455e+00 3.536000000000000081e-03
-6.625000000000000000e+01 -3.298429319371727786e+00 1.477499999999999994e-02
-6.625000000000000000e+01 -2.356020942408377117e+00 6.283999999999999655e-03
-6.625000000000000000e+01 -1.413612565445026226e+00 0.000000000000000000e+00
-6.625000000000000000e+01 -4.712041884816753901e-01 2.425000000000000072e-03
-6.625000000000000000e+01 4.712041884816753901e-01 2.425000000000000072e-03
-6.625000000000000000e+01 1.413612565445026226e+00 8.854199999999999571e-02
-6.625000000000000000e+01 2.356020942408377117e+00 8.776399999999999479e-02
-6.500000000000000000e+01 -1.837696335078534560e+01 2.403800000000000034e-02
-6.500000000000000000e+01 -1.743455497382199582e+01 4.232719999999999816e-01
-6.500000000000000000e+01 -1.649214659685864603e+01 3.889600000000000002e-02
-6.500000000000000000e+01 -1.554973821989529448e+01 3.889600000000000002e-02
-6.500000000000000000e+01 -1.460732984293194114e+01 8.538000000000000450e-03
-6.500000000000000000e+01 -1.366492146596859136e+01 4.922000000000000160e-03
-6.500000000000000000e+01 -1.272251308900523981e+01 2.407999999999999984e-03
-6.500000000000000000e+01 -1.178010471204188825e+01 7.238999999999999775e-03
-6.500000000000000000e+01 -1.083769633507853669e+01 1.864389999999999936e-01
-6.500000000000000000e+01 -9.895287958115185134e+00 5.579300000000000370e-01
-6.500000000000000000e+01 -8.952879581151833577e+00 1.112630000000000008e-01
-6.500000000000000000e+01 -8.010471204188482020e+00 6.001000000000000258e-03
-6.500000000000000000e+01 -7.068062827225130462e+00 4.481199999999999767e-02
-6.500000000000000000e+01 -6.125654450261779793e+00 1.147999999999999932e-03
-6.500000000000000000e+01 -5.183246073298429124e+00 5.556000000000000175e-03
-6.500000000000000000e+01 -4.240837696335078455e+00 1.548099999999999997e-02
-6.500000000000000000e+01 -3.298429319371727786e+00 3.707099999999999979e-02
-6.500000000000000000e+01 -2.356020942408377117e+00 4.329999999999999648e-03
-6.500000000000000000e+01 -1.413612565445026226e+00 1.791999999999999973e-03
-6.500000000000000000e+01 -4.712041884816753901e-01 7.742999999999999883e-03
-6.500000000000000000e+01 4.712041884816753901e-01 7.742999999999999883e-03
-6.500000000000000000e+01 1.413612565445026226e+00 2.658999999999999905e-03
-6.375000000000000000e+01 -2.026178010471204516e+01 6.666670000000000096e-01
-6.375000000000000000e+01 -1.931937172774869538e+01 2.039239999999999942e-01
-6.375000000000000000e+01 -1.837696335078534560e+01 1.350729999999999986e-01
-6.375000000000000000e+01 -1.743455497382199582e+01 5.083400000000000141e-01
-6.375000000000000000e+01 -1.649214659685864603e+01 6.017100000000000226e-02
-6.375000000000000000e+01 -1.554973821989529448e+01 6.017100000000000226e-02
-6.375000000000000000e+01 -1.460732984293194114e+01 2.998400000000000024e-02
-6.375000000000000000e+01 -1.366492146596859136e+01 3.552000000000000036e-03
-6.375000000000000000e+01 -1.272251308900523981e+01 2.256999999999999892e-03
-6.375000000000000000e+01 -1.178010471204188825e+01 2.287770000000000081e-01
-6.375000000000000000e+01 -1.083769633507853669e+01 5.693200000000000344e-02
-6.375000000000000000e+01 -9.895287958115185134e+00 4.812359999999999971e-01
-6.375000000000000000e+01 -8.952879581151833577e+00 7.722849999999999993e-01
-6.375000000000000000e+01 -8.010471204188482020e+00 3.066840000000000122e-01
-6.375000000000000000e+01 -7.068062827225130462e+00 8.067299999999999471e-02
-6.375000000000000000e+01 -6.125654450261779793e+00 4.970999999999999724e-03
-6.375000000000000000e+01 -5.183246073298429124e+00 1.476000000000000055e-02
-6.375000000000000000e+01 -4.240837696335078455e+00 7.447099999999999553e-02
-6.375000000000000000e+01 -3.298429319371727786e+00 4.762999999999999873e-03
-6.375000000000000000e+01 -2.356020942408377117e+00 3.249999999999999851e-04
-6.375000000000000000e+01 -1.413612565445026226e+00 3.240000000000000150e-04
-6.375000000000000000e+01 -4.712041884816753901e-01 1.828999999999999897e-03
-6.375000000000000000e+01 4.712041884816753901e-01 1.828999999999999897e-03
-6.375000000000000000e+01 1.413612565445026226e+00 3.229999999999999907e-04
-6.375000000000000000e+01 3.298429319371727786e+00 1.951900000000000163e-02
-6.250000000000000000e+01 -1.931937172774869538e+01 3.811880000000000268e-01
-6.250000000000000000e+01 -1.837696335078534560e+01 7.189179999999999460e-01
-6.250000000000000000e+01 -1.743455497382199582e+01 7.985470000000000068e-01
-6.250000000000000000e+01 -1.649214659685864603e+01 8.932199999999999862e-02
-6.250000000000000000e+01 -1.554973821989529448e+01 8.932199999999999862e-02
-6.250000000000000000e+01 -1.460732984293194114e+01 7.910999999999999630e-03
-6.250000000000000000e+01 -1.366492146596859136e+01 2.263999999999999953e-03
-6.250000000000000000e+01 -1.272251308900523981e+01 1.157999999999999958e-03
-6.250000000000000000e+01 -1.178010471204188825e+01 3.397209999999999952e-01
-6.250000000000000000e+01 -1.083769633507853669e+01 3.383880000000000221e-01
-6.250000000000000000e+01 -9.895287958115185134e+00 9.599520000000000275e-01
-6.250000000000000000e+01 -8.952879581151833577e+00 3.786499999999999866e-01
-6.250000000000000000e+01 -8.010471204188482020e+00 2.121989999999999987e-01
-6.250000000000000000e+01 -7.068062827225130462e+00 3.728299999999999947e-01
-6.250000000000000000e+01 -6.125654450261779793e+00 7.613300000000000622e-02
-6.250000000000000000e+01 -5.183246073298429124e+00 2.396000000000000126e-03
-6.250000000000000000e+01 -4.240837696335078455e+00 9.093500000000000194e-02
-6.250000000000000000e+01 -3.298429319371727786e+00 1.098200000000000044e-02
-6.250000000000000000e+01 -2.356020942408377117e+00 1.056999999999999997e-03
-6.250000000000000000e+01 -1.413612565445026226e+00 1.506599999999999953e-02
-6.250000000000000000e+01 -4.712041884816753901e-01 6.509999999999999945e-04
-6.250000000000000000e+01 4.712041884816753901e-01 6.509999999999999945e-04
-6.250000000000000000e+01 1.413612565445026226e+00 1.435000000000000078e-03
-6.250000000000000000e+01 2.356020942408377117e+00 7.846000000000000543e-03
-6.250000000000000000e+01 3.298429319371727786e+00 0.000000000000000000e+00
-6.125000000000000000e+01 -1.837696335078534560e+01 1.868499999999999883e-01
-6.125000000000000000e+01 -1.743455497382199582e+01 2.257339999999999902e-01
-6.125000000000000000e+01 -1.649214659685864603e+01 2.279480000000000117e-01
-6.125000000000000000e+01 -1.554973821989529448e+01 2.279480000000000117e-01
-6.125000000000000000e+01 -1.460732984293194114e+01 4.309099999999999736e-02
-6.125000000000000000e+01 -1.366492146596859136e+01 3.854599999999999693e-02
-6.125000000000000000e+01 -1.272251308900523981e+01 6.130569999999999631e-01
-6.125000000000000000e+01 -1.178010471204188825e+01 7.670529999999999848e-01
-6.125000000000000000e+01 -1.083769633507853669e+01 4.166059999999999763e-01
-6.125000000000000000e+01 -9.895287958115185134e+00 2.382670000000000066e-01
-6.125000000000000000e+01 -8.952879581151833577e+00 5.321100000000000135e-02
-6.125000000000000000e+01 -8.010471204188482020e+00 8.262899999999999412e-02
-6.125000000000000000e+01 -7.068062827225130462e+00 2.980500000000000163e-02
-6.125000000000000000e+01 -6.125654450261779793e+00 5.625499999999999945e-02
-6.125000000000000000e+01 -5.183246073298429124e+00 7.843300000000000272e-02
-6.125000000000000000e+01 -4.240837696335078455e+00 2.740420000000000078e-01
-6.125000000000000000e+01 -3.298429319371727786e+00 3.118509999999999893e-01
-6.125000000000000000e+01 -2.356020942408377117e+00 4.342999999999999639e-03
-6.125000000000000000e+01 -1.413612565445026226e+00 1.509800000000000031e-02
-6.125000000000000000e+01 -4.712041884816753901e-01 1.737599999999999978e-01
-6.125000000000000000e+01 4.712041884816753901e-01 1.737599999999999978e-01
-6.125000000000000000e+01 1.413612565445026226e+00 1.893499999999999905e-01
-6.125000000000000000e+01 2.356020942408377117e+00 5.551639999999999908e-01
-6.125000000000000000e+01 3.298429319371727786e+00 2.400740000000000096e-01
-6.125000000000000000e+01 4.240837696335078455e+00 2.884099999999999858e-02
-6.000000000000000000e+01 -1.554973821989529448e+01 9.253899999999999626e-02
-6.000000000000000000e+01 -1.460732984293194114e+01 3.866310000000000024e-01
-6.000000000000000000e+01 -1.366492146596859136e+01 4.138100000000000112e-01
-6.000000000000000000e+01 -1.272251308900523981e+01 3.562730000000000063e-01
-6.000000000000000000e+01 -1.178010471204188825e+01 1.164649999999999991e-01
-6.000000000000000000e+01 -1.083769633507853669e+01 1.132999999999999893e-03
-6.000000000000000000e+01 -9.895287958115185134e+00 5.412700000000000150e-02
-6.000000000000000000e+01 -8.952879581151833577e+00 5.904000000000000394e-03
-6.000000000000000000e+01 -8.010471204188482020e+00 4.812000000000000305e-03
-6.000000000000000000e+01 -7.068062827225130462e+00 2.830250000000000266e-01
-6.000000000000000000e+01 -6.125654450261779793e+00 5.023400000000000087e-02
-6.000000000000000000e+01 -5.183246073298429124e+00 6.137800000000000200e-02
-6.000000000000000000e+01 -4.240837696335078455e+00 4.105190000000000228e-01
-6.000000000000000000e+01 -3.298429319371727786e+00 7.235530000000000017e-01
-6.000000000000000000e+01 -2.356020942408377117e+00 6.413550000000000084e-01
-6.000000000000000000e+01 -1.413612565445026226e+00 1.927359999999999907e-01
-6.000000000000000000e+01 -4.712041884816753901e-01 7.306699999999999307e-02
-6.000000000000000000e+01 4.712041884816753901e-01 7.306699999999999307e-02
-6.000000000000000000e+01 1.413612565445026226e+00 6.608840000000000270e-01
-6.000000000000000000e+01 2.356020942408377117e+00 1.305969999999999909e-01
-6.000000000000000000e+01 3.298429319371727786e+00 1.102979999999999933e-01
-6.000000000000000000e+01 4.240837696335078455e+00 1.174299999999999997e-02
-6.000000000000000000e+01 5.183246073298429124e+00 1.274999999999999918e-02
-5.875000000000000000e+01 -1.366492146596859136e+01 4.722400000000000209e-02
-5.875000000000000000e+01 -1.272251308900523981e+01 4.193999999999999811e-03
-5.875000000000000000e+01 -1.178010471204188825e+01 1.971219999999999917e-01
-5.875000000000000000e+01 -1.083769633507853669e+01 4.055770000000000208e-01
-5.875000000000000000e+01 -9.895287958115185134e+00 2.014720000000000122e-01
-5.875000000000000000e+01 -8.952879581151833577e+00 4.018700000000000050e-02
-5.875000000000000000e+01 -8.010471204188482020e+00 2.400000000000000061e-04
-5.875000000000000000e+01 -7.068062827225130462e+00 9.110600000000000642e-02
-5.875000000000000000e+01 -6.125654450261779793e+00 3.873999999999999840e-03
-5.875000000000000000e+01 -5.183246073298429124e+00 1.229000000000000058e-03
-5.875000000000000000e+01 -4.240837696335078455e+00 2.606140000000000123e-01
-5.875000000000000000e+01 -3.298429319371727786e+00 7.258660000000000112e-01
-5.875000000000000000e+01 -2.356020942408377117e+00 1.590110000000000134e-01
-5.875000000000000000e+01 -1.413612565445026226e+00 8.149999999999999693e-04
-5.875000000000000000e+01 -4.712041884816753901e-01 0.000000000000000000e+00
-5.875000000000000000e+01 4.712041884816753901e-01 0.000000000000000000e+00
-5.750000000000000000e+01 -1.366492146596859136e+01 5.210399999999999754e-02
-5.750000000000000000e+01 -1.272251308900523981e+01 6.405399999999999983e-02
-5.750000000000000000e+01 -1.178010471204188825e+01 4.936329999999999885e-01
-5.750000000000000000e+01 -1.083769633507853669e+01 3.781220000000000137e-01
-5.750000000000000000e+01 -9.895287958115185134e+00 2.719469999999999943e-01
-5.750000000000000000e+01 -8.952879581151833577e+00 1.899599999999999900e-02
-5.750000000000000000e+01 -8.010471204188482020e+00 2.145000000000000205e-03
-5.750000000000000000e+01 -7.068062827225130462e+00 7.203000000000000201e-03
-5.750000000000000000e+01 -6.125654450261779793e+00 1.335230000000000028e-01
-5.750000000000000000e+01 -5.183246073298429124e+00 1.631999999999999987e-03
-5.750000000000000000e+01 -4.240837696335078455e+00 1.134740000000000054e-01
-5.750000000000000000e+01 -3.298429319371727786e+00 4.451510000000000189e-01
-5.750000000000000000e+01 -2.356020942408377117e+00 6.713800000000000323e-02
-5.750000000000000000e+01 -1.413612565445026226e+00 1.058100000000000013e-02
-5.750000000000000000e+01 -4.712041884816753901e-01 2.429999999999999977e-04
-5.750000000000000000e+01 4.712041884816753901e-01 2.429999999999999977e-04
-5.750000000000000000e+01 1.413612565445026226e+00 4.884000000000000320e-03
-5.625000000000000000e+01 -1.366492146596859136e+01 3.390449999999999853e-01
-5.625000000000000000e+01 -1.272251308900523981e+01 3.340600000000000236e-01
-5.625000000000000000e+01 -1.178010471204188825e+01 7.227489999999999748e-01
-5.625000000000000000e+01 -1.083769633507853669e+01 5.005659999999999554e-01
-5.625000000000000000e+01 -9.895287958115185134e+00 8.083390000000000297e-01
-5.625000000000000000e+01 -8.952879581151833577e+00 4.051799999999999846e-02
-5.625000000000000000e+01 -8.010471204188482020e+00 4.943000000000000345e-03
-5.625000000000000000e+01 -7.068062827225130462e+00 8.987599999999999756e-02
-5.625000000000000000e+01 -6.125654450261779793e+00 2.269089999999999996e-01
-5.625000000000000000e+01 -5.183246073298429124e+00 3.629359999999999808e-01
-5.625000000000000000e+01 -4.240837696335078455e+00 4.309850000000000070e-01
-5.625000000000000000e+01 -3.298429319371727786e+00 6.035599999999999993e-02
-5.625000000000000000e+01 -2.356020942408377117e+00 4.103140000000000120e-01
-5.625000000000000000e+01 -1.413612565445026226e+00 2.542499999999999968e-02
-5.625000000000000000e+01 -4.712041884816753901e-01 8.000000000000000654e-05
-5.625000000000000000e+01 4.712041884816753901e-01 8.000000000000000654e-05
-5.625000000000000000e+01 1.413612565445026226e+00 0.000000000000000000e+00
-5.500000000000000000e+01 -1.460732984293194114e+01 1.821500000000000064e-01
-5.500000000000000000e+01 -1.366492146596859136e+01 4.329899999999999721e-02
-5.500000000000000000e+01 -1.272251308900523981e+01 4.353929999999999745e-01
-5.500000000000000000e+01 -1.178010471204188825e+01 7.313460000000000516e-01
-5.500000000000000000e+01 -1.083769633507853669e+01 8.125900000000000345e-01
-5.500000000000000000e+01 -9.895287958115185134e+00 7.604119999999999768e-01
-5.500000000000000000e+01 -8.952879581151833577e+00 9.085799999999999432e-02
-5.500000000000000000e+01 -8.010471204188482020e+00 2.840679999999999872e-01
-5.500000000000000000e+01 -7.068062827225130462e+00 2.924780000000000157e-01
-5.500000000000000000e+01 -6.125654450261779793e+00 4.393500000000000183e-02
-5.500000000000000000e+01 -5.183246073298429124e+00 1.329499999999999953e-02
-5.500000000000000000e+01 -4.240837696335078455e+00 4.732199999999999740e-01
-5.500000000000000000e+01 -3.298429319371727786e+00 5.470979999999999732e-01
-5.500000000000000000e+01 -2.356020942408377117e+00 6.011840000000000517e-01
-5.500000000000000000e+01 -1.413612565445026226e+00 2.535899999999999960e-02
-5.500000000000000000e+01 -4.712041884816753901e-01 2.420000000000000005e-04
-5.500000000000000000e+01 4.712041884816753901e-01 2.420000000000000005e-04
-5.500000000000000000e+01 1.413612565445026226e+00 2.420000000000000005e-04
-5.500000000000000000e+01 2.356020942408377117e+00 5.760000000000000146e-04
-5.375000000000000000e+01 -1.460732984293194114e+01 4.079999999999999968e-04
-5.375000000000000000e+01 -1.366492146596859136e+01 4.080999999999999905e-02
-5.375000000000000000e+01 -1.272251308900523981e+01 2.087499999999999911e-01
-5.375000000000000000e+01 -1.178010471204188825e+01 1.800599999999999978e-01
-5.375000000000000000e+01 -1.083769633507853669e+01 2.706470000000000264e-01
-5.375000000000000000e+01 -9.895287958115185134e+00 3.489260000000000139e-01
-5.375000000000000000e+01 -8.952879581151833577e+00 1.305199999999999937e-02
-5.375000000000000000e+01 -8.010471204188482020e+00 8.000000000000000654e-05
-5.375000000000000000e+01 -7.068062827225130462e+00 2.101000000000000003e-03
-5.375000000000000000e+01 -6.125654450261779793e+00 6.347000000000000211e-03
-5.375000000000000000e+01 -5.183246073298429124e+00 3.327999999999999795e-03
-5.375000000000000000e+01 -4.240837696335078455e+00 4.590659999999999741e-01
-5.375000000000000000e+01 -3.298429319371727786e+00 4.591729999999999978e-01
-5.375000000000000000e+01 -2.356020942408377117e+00 4.808810000000000029e-01
-5.375000000000000000e+01 -1.413612565445026226e+00 8.873999999999999944e-02
-5.375000000000000000e+01 -4.712041884816753901e-01 9.719999999999999907e-04
-5.375000000000000000e+01 4.712041884816753901e-01 9.719999999999999907e-04
-5.375000000000000000e+01 1.413612565445026226e+00 1.217999999999999899e-03
-5.375000000000000000e+01 2.356020942408377117e+00 1.054000000000000032e-03
-5.250000000000000000e+01 -1.366492146596859136e+01 1.288800000000000015e-02
-5.250000000000000000e+01 -1.272251308900523981e+01 2.155179999999999874e-01
-5.250000000000000000e+01 -1.178010471204188825e+01 1.265419999999999878e-01
-5.250000000000000000e+01 -1.083769633507853669e+01 2.949370000000000047e-01
-5.250000000000000000e+01 -9.895287958115185134e+00 9.701200000000000101e-02
-5.250000000000000000e+01 -8.952879581151833577e+00 5.699999999999999772e-04
-5.250000000000000000e+01 -8.010471204188482020e+00 1.825000000000000016e-03
-5.250000000000000000e+01 -7.068062827225130462e+00 1.878099999999999908e-02
-5.250000000000000000e+01 -6.125654450261779793e+00 4.149599999999999816e-02
-5.250000000000000000e+01 -5.183246073298429124e+00 1.755000000000000050e-03
-5.250000000000000000e+01 -4.240837696335078455e+00 1.440230000000000121e-01
-5.250000000000000000e+01 -3.298429319371727786e+00 3.845660000000000189e-01
-5.250000000000000000e+01 -2.356020942408377117e+00 4.027599999999999930e-02
-5.250000000000000000e+01 -1.413612565445026226e+00 4.744630000000000236e-01
-5.250000000000000000e+01 -4.712041884816753901e-01 5.929000000000000242e-02
-5.250000000000000000e+01 4.712041884816753901e-01 5.929000000000000242e-02
-5.125000000000000000e+01 -8.952879581151833577e+00 5.845289999999999653e-01
-5.125000000000000000e+01 -8.010471204188482020e+00 4.172529999999999850e-01
-5.125000000000000000e+01 -7.068062827225130462e+00 4.633680000000000021e-01
-5.125000000000000000e+01 -5.183246073298429124e+00 1.899710000000000010e-01
-5.125000000000000000e+01 -4.240837696335078455e+00 3.524740000000000095e-01
-5.125000000000000000e+01 -3.298429319371727786e+00 5.100069999999999881e-01
-5.125000000000000000e+01 -2.356020942408377117e+00 1.378139999999999921e-01
-5.000000000000000000e+01 -3.298429319371727786e+00 6.544929999999999914e-01
