-7.875000000000000000e+01 -6.125654450261779793e+00 5.216769999999999463e-01
-7.875000000000000000e+01 -5.183246073298429124e+00 2.753909999999999969e-01
-7.875000000000000000e+01 -4.240837696335078455e+00 4.329040000000000110e-01
-7.875000000000000000e+01 -3.298429319371727786e+00 5.283830000000000471e-01
-7.875000000000000000e+01 -2.356020942408377117e+00 0.000000000000000000e+00
-7.875000000000000000e+01 -1.413612565445026226e+00 0.000000000000000000e+00
-7.750000000000000000e+01 -8.952879581151833577e+00 1.897490000000000010e-01
-7.750000000000000000e+01 -8.010471204188482020e+00 1.435049999999999937e-01
-7.750000000000000000e+01 -7.068062827225130462e+00 3.017650000000000055e-01
-7.750000000000000000e+01 -6.125654450261779793e+00 6.060929999999999929e-01
-7.750000000000000000e+01 -5.183246073298429124e+00 2.166500000000000092e-01
-7.750000000000000000e+01 -4.240837696335078455e+00 7.230200000000000515e-02
-7.750000000000000000e+01 -3.298429319371727786e+00 4.448900000000000077e-01
-7.750000000000000000e+01 -2.356020942408377117e+00 3.246749999999999914e-01
-7.750000000000000000e+01 -1.413612565445026226e+00 4.063419999999999810e-01
-7.750000000000000000e+01 -4.712041884816753901e-01 2.285429999999999962e-01
-7.750000000000000000e+01 4.712041884816753901e-01 2.285429999999999962e-01
-7.625000000000000000e+01 -1.083769633507853669e+01 7.123599999999999377e-02
-7.625000000000000000e+01 -9.895287958115185134e+00 1.398969999999999936e-01
-7.625000000000000000e+01 -8.952879581151833577e+00 5.044330000000000203e-01
-7.625000000000000000e+01 -8.010471204188482020e+00 2.213289999999999980e-01
-7.625000000000000000e+01 -7.068062827225130462e+00 3.519909999999999983e-01
-7.625000000000000000e+01 -6.125654450261779793e+00 5.112349999999999950e-01
-7.625000000000000000e+01 -5.183246073298429124e+00 7.617000000000000159e-02
-7.625000000000000000e+01 -4.240837696335078455e+00 1.472000000000000001e-03
-7.625000000000000000e+01 -3.298429319371727786e+00 3.983000000000000429e-03
-7.625000000000000000e+01 -2.356020942408377117e+00 2.553000000000000148e-03
-7.625000000000000000e+01 -1.413612565445026226e+00 2.611000000000000040e-03
-7.625000000000000000e+01 -4.712041884816753901e-01 1.326100000000000056e-01
-7.625000000000000000e+01 4.712041884816753901e-01 1.326100000000000056e-01
-7.625000000000000000e+01 1.413612565445026226e+00 9.171089999999999520e-01
-7.500000000000000000e+01 -1.366492146596859136e+01 7.814200000000000312e-02
-7.500000000000000000e+01 -1.272251308900523981e+01 1.417779999999999874e-01
-7.500000000000000000e+01 -1.178010471204188825e+01 1.246529999999999999e-01
-7.500000000000000000e+01 -1.083769633507853669e+01 4.110759999999999970e-01
-7.500000000000000000e+01 -9.895287958115185134e+00 2.250080000000000136e-01
-7.500000000000000000e+01 -8.952879581151833577e+00 5.437100000000000266e-01
-7.500000000000000000e+01 -8.010471204188482020e+00 2.904919999999999725e-01
-7.500000000000000000e+01 -7.068062827225130462e+00 3.560399999999999676e-02
-7.500000000000000000e+01 -6.125654450261779793e+00 6.070300000000000001e-02
-7.500000000000000000e+01 -5.183246073298429124e+00 4.566900000000000126e-02
-7.500000000000000000e+01 -4.240837696335078455e+00 2.003299999999999872e-02
-7.500000000000000000e+01 -3.298429319371727786e+00 2.305999999999999890e-03
-7.500000000000000000e+01 -2.356020942408377117e+00 6.376999999999999856e-03
-7.500000000000000000e+01 -1.413612565445026226e+00 5.597000000000000412e-03
-7.500000000000000000e+01 -4.712041884816753901e-01 3.682499999999999662e-02
-7.500000000000000000e+01 4.712041884816753901e-01 3.682499999999999662e-02
-7.500000000000000000e+01 1.413612565445026226e+00 7.118820000000000148e-01
-7.500000000000000000e+01 2.356020942408377117e+00 9.409589999999999899e-01
-7.375000000000000000e+01 -1.460732984293194114e+01 0.000000000000000000e+00
-7.375000000000000000e+01 -1.366492146596859136e+01 1.302490000000000037e-01
-7.375000000000000000e+01 -1.272251308900523981e+01 9.409299999999999609e-02
-7.375000000000000000e+01 -1.178010471204188825e+01 9.922999999999999876e-02
-7.375000000000000000e+01 -1.083769633507853669e+01 1.183229999999999976e-01
-7.375000000000000000e+01 -9.895287958115185134e+00 5.654499999999999804e-02
-7.375000000000000000e+01 -8.952879581151833577e+00 1.020920000000000022e-01
-7.375000000000000000e+01 -8.010471204188482020e+00 1.920449999999999935e-01
-7.375000000000000000e+01 -7.068062827225130462e+00 1.112559999999999938e-01
-7.375000000000000000e+01 -6.125654450261779793e+00 2.464699999999999877e-02
-7.375000000000000000e+01 -5.183246073298429124e+00 7.177999999999999658e-02
-7.375000000000000000e+01 -4.240837696335078455e+00 2.272499999999999867e-02
-7.375000000000000000e+01 -3.298429319371727786e+00 7.262000000000000226e-03
-7.375000000000000000e+01 -2.356020942408377117e+00 5.409999999999999878e-03
-7.375000000000000000e+01 -1.413612565445026226e+00 1.655349999999999877e-01
-7.375000000000000000e+01 -4.712041884816753901e-01 2.549000000000000050e-03
-7.375000000000000000e+01 4.712041884816753901e-01 2.549000000000000050e-03
-7.375000000000000000e+01 1.413612565445026226e+00 4.950600000000000139e-02
-7.250000000000000000e+01 -1.460732984293194114e+01 5.432000000000000196e-03
-7.250000000000000000e+01 -1.366492146596859136e+01 1.374849999999999961e-01
-7.250000000000000000e+01 -1.272251308900523981e+01 1.844439999999999968e-01
-7.250000000000000000e+01 -1.178010471204188825e+01 4.456399999999999945e-02
-7.250000000000000000e+01 -1.083769633507853669e+01 6.879999999999999831e-03
-7.250000000000000000e+01 -9.895287958115185134e+00 0.000000000000000000e+00
-7.250000000000000000e+01 -8.952879581151833577e+00 1.118500000000000050e-02
-7.250000000000000000e+01 -8.010471204188482020e+00 4.857420000000000071e-01
-7.250000000000000000e+01 -7.068062827225130462e+00 1.837989999999999902e-01
-7.250000000000000000e+01 -6.125654450261779793e+00 9.730000000000000151e-04
-7.250000000000000000e+01 -5.183246073298429124e+00 9.737000000000000863e-03
-7.250000000000000000e+01 -4.240837696335078455e+00 1.123389999999999944e-01
-7.250000000000000000e+01 -3.298429319371727786e+00 2.123999999999999846e-02
-7.250000000000000000e+01 -2.356020942408377117e+00 9.212700000000000056e-02
-7.250000000000000000e+01 -1.413612565445026226e+00 2.968499999999999958e-02
-7.250000000000000000e+01 -4.712041884816753901e-01 6.908000000000000078e-03
-7.250000000000000000e+01 4.712041884816753901e-01 6.908000000000000078e-03
-7.250000000000000000e+01 1.413612565445026226e+00 1.020399999999999953e-02
-7.125000000000000000e+01 -1.460732984293194114e+01 9.079900000000000471e-02
-7.125000000000000000e+01 -1.366492146596859136e+01 2.448799999999999935e-02
-7.125000000000000000e+01 -1.272251308900523981e+01 2.594779999999999864e-01
-7.125000000000000000e+01 -1.178010471204188825e+01 2.460000000000000164e-04
-7.125000000000000000e+01 -1.083769633507853669e+01 0.000000000000000000e+00
-7.125000000000000000e+01 -9.895287958115185134e+00 6.791000000000000161e-03
-7.125000000000000000e+01 -8.952879581151833577e+00 1.227089999999999986e-01
-7.125000000000000000e+01 -8.010471204188482020e+00 6.394290000000000251e-01
-7.125000000000000000e+01 -7.068062827225130462e+00 7.585799999999999488e-02
-7.125000000000000000e+01 -6.125654450261779793e+00 4.655000000000000283e-03
-7.125000000000000000e+01 -5.183246073298429124e+00 2.429999999999999977e-04
-7.125000000000000000e+01 -4.240837696335078455e+00 4.246799999999999881e-02
-7.125000000000000000e+01 -3.298429319371727786e+00 3.190000000000000019e-04
-7.125000000000000000e+01 -2.356020942408377117e+00 5.872700000000000142e-02
-7.125000000000000000e+01 -1.413612565445026226e+00 3.592000000000000141e-03
-7.125000000000000000e+01 -4.712041884816753901e-01 0.000000000000000000e+00
-7.125000000000000000e+01 4.712041884816753901e-01 0.000000000000000000e+00
-7.125000000000000000e+01 1.413612565445026226e+00 1.299980000000000024e-01
-7.000000000000000000e+01 -1.366492146596859136e+01 1.016500000000000042e-02
-7.000000000000000000e+01 -1.272251308900523981e+01 4.397989999999999955e-01
-7.000000000000000000e+01 -1.178010471204188825e+01 1.053660000000000013e-01
-7.000000000000000000e+01 -1.083769633507853669e+01 3.861729999999999885e-01
-7.000000000000000000e+01 -9.895287958115185134e+00 3.955800000000000288e-02
-7.000000000000000000e+01 -8.952879581151833577e+00 3.303519999999999790e-01
-7.000000000000000000e+01 -8.010471204188482020e+00 4.632260000000000266e-01
-7.000000000000000000e+01 -7.068062827225130462e+00 6.305099999999999594e-02
-7.000000000000000000e+01 -6.125654450261779793e+00 1.861000000000000024e-03
-7.000000000000000000e+01 -5.183246073298429124e+00 8.040000000000000271e-04
-7.000000000000000000e+01 -4.240837696335078455e+00 1.553910000000000013e-01
-7.000000000000000000e+01 -3.298429319371727786e+00 9.644500000000000295e-02
-7.000000000000000000e+01 -2.356020942408377117e+00 3.793200000000000044e-02
-7.000000000000000000e+01 -1.413612565445026226e+00 4.824400000000000216e-02
-7.000000000000000000e+01 -4.712041884816753901e-01 1.220300000000000031e-02
-7.000000000000000000e+01 4.712041884816753901e-01 1.220300000000000031e-02
-7.000000000000000000e+01 1.413612565445026226e+00 9.339000000000000079e-03
-6.875000000000000000e+01 -1.554973821989529448e+01 6.769999999999999759e-04
-6.875000000000000000e+01 -1.460732984293194114e+01 4.410499999999999837e-02
-6.875000000000000000e+01 -1.366492146596859136e+01 1.825999999999999845e-02
-6.875000000000000000e+01 -1.272251308900523981e+01 1.378230000000000011e-01
-6.875000000000000000e+01 -1.178010471204188825e+01 4.629059999999999842e-01
-6.875000000000000000e+01 -1.083769633507853669e+01 6.797840000000000549e-01
-6.875000000000000000e+01 -9.895287958115185134e+00 1.557119999999999893e-01
-6.875000000000000000e+01 -8.952879581151833577e+00 5.430300000000000127e-01
-6.875000000000000000e+01 -8.010471204188482020e+00 2.474600000000000063e-02
-6.875000000000000000e+01 -7.068062827225130462e+00 2.047999999999999907e-03
-6.875000000000000000e+01 -6.125654450261779793e+00 1.129999999999999928e-03
-6.875000000000000000e+01 -5.183246073298429124e+00 4.840000000000000010e-04
-6.875000000000000000e+01 -4.240837696335078455e+00 4.423999999999999981e-03
-6.875000000000000000e+01 -3.298429319371727786e+00 7.289000000000000340e-03
-6.875000000000000000e+01 -2.356020942408377117e+00 6.799999999999999621e-03
-6.875000000000000000e+01 -1.413612565445026226e+00 1.370299999999999990e-02
-6.875000000000000000e+01 -4.712041884816753901e-01 1.129100000000000069e-02
-6.875000000000000000e+01 4.712041884816753901e-01 1.129100000000000069e-02
-6.875000000000000000e+01 1.413612565445026226e+00 1.746500000000000136e-02
-6.875000000000000000e+01 2.356020942408377117e+00 6.131000000000000165e-03
-6.750000000000000000e+01 -1.649214659685864603e+01 3.444289999999999852e-01
-6.750000000000000000e+01 -1.554973821989529448e+01 3.444289999999999852e-01
-6.750000000000000000e+01 -1.460732984293194114e+01 1.803400000000000003e-01
-6.750000000000000000e+01 -1.366492146596859136e+01 1.339549999999999907e-01
-6.750000000000000000e+01 -1.272251308900523981e+01 2.699599999999999916e-02
-6.750000000000000000e+01 -1.178010471204188825e+01 2.151499999999999940e-02
-6.750000000000000000e+01 -1.083769633507853669e+01 4.904390000000000138e-01
-6.750000000000000000e+01 -9.895287958115185134e+00 8.414430000000000520e-01
-6.750000000000000000e+01 -8.952879581151833577e+00 2.966090000000000115e-01
-6.750000000000000000e+01 -8.010471204188482020e+00 3.595999999999999804e-03
-6.750000000000000000e+01 -7.068062827225130462e+00 8.919999999999999978e-04
-6.750000000000000000e+01 -6.125654450261779793e+00 8.314000000000000209e-03
-6.750000000000000000e+01 -5.183246073298429124e+00 1.128000000000000096e-03
-6.750000000000000000e+01 -4.240837696335078455e+00 8.059999999999999673e-04
-6.750000000000000000e+01 -3.298429319371727786e+00 1.988200000000000037e-02
-6.750000000000000000e+01 -2.356020942408377117e+00 3.310000000000000225e-04
-6.750000000000000000e+01 -1.413612565445026226e+00 8.000000000000000654e-05
-6.750000000000000000e+01 -4.712041884816753901e-01 8.989999999999999511e-04
-6.750000000000000000e+01 4.712041884816753901e-01 8.989999999999999511e-04
-6.750000000000000000e+01 1.413612565445026226e+00 6.081999999999999733e-03
-6.750000000000000000e+01 2.356020942408377117e+00 5.453999999999999647e-03
-6.625000000000000000e+01 -1.837696335078534560e+01 8.382100000000000661e-02
-6.625000000000000000e+01 -1.743455497382199582e+01 3.051329999999999876e-01
-6.625000000000000000e+01 -1.649214659685864603e+01 7.311999999999999923e-03
-6.625000000000000000e+01 -1.554973821989529448e+01 7.311999999999999923e-03
-6.625000000000000000e+01 -1.460732984293194114e+01 2.668900000000000092e-02
-6.625000000000000000e+01 -1.366492146596859136e+01 1.134000000000000025e-03
-6.625000000000000000e+01 -1.272251308900523981e+01 0.000000000000000000e+00
-6.625000000000000000e+01 -1.178010471204188825e+01 1.519399999999999917e-02
-6.625000000000000000e+01 -1.083769633507853669e+01 2.359350000000000058e-01
-6.625000000000000000e+01 -9.895287958115185134e+00 2.712760000000000171e-01
-6.625000000000000000e+01 -8.952879581151833577e+00 2.149619999999999864e-01
-6.625000000000000000e+01 -8.010471204188482020e+00 2.295000000000000165e-03
-6.625000000000000000e+01 -7.068062827225130462e+00 8.109999999999999805e-04
-6.625000000000000000e+01 -6.125654450261779793e+00 1.610000000000000103e-04
-6.625000000000000000e+01 -5.183246073298429124e+00 3.260000000000000094e-04
-6.625000000000000000e+01 -4.240837696335078455e+00 3.776999999999999975e-03
-6.625000000000000000e+01 -3.298429319371727786e+00 1.984100000000000100e-02
-6.625000000000000000e+01 -2.356020942408377117e+00 6.885999999999999760e-03
-6.625000000000000000e+01 -1.413612565445026226e+00 0.000000000000000000e+00
-6.625000000000000000e+01 -4.712041884816753901e-01 2.425000000000000072e-03
-6.625000000000000000e+01 4.712041884816753901e-01 2.425000000000000072e-03
-6.625000000000000000e+01 1.413612565445026226e+00 9.824499999999999900e-02
-6.625000000000000000e+01 2.356020942408377117e+00 1.595699999999999896e-01
-6.500000000000000000e+01 -1.837696335078534560e+01 2.526099999999999873e-02
-6.500000000000000000e+01 -1.743455497382199582e+01 5.414619999999999989e-01
-6.500000000000000000e+01 -1.649214659685864603e+01 8.035599999999999687e-02
-6.500000000000000000e+01 -1.554973821989529448e+01 8.035599999999999687e-02
-6.500000000000000000e+01 -1.460732984293194114e+01 1.632199999999999970e-02
-6.500000000000000000e+01 -1.366492146596859136e+01 1.111799999999999941e-02
-6.500000000000000000e+01 -1.272251308900523981e+01 2.990000000000000036e-03
-6.500000000000000000e+01 -1.178010471204188825e+01 1.313100000000000031e-02
-6.500000000000000000e+01 -1.083769633507853669e+01 2.197999999999999954e-01
-6.500000000000000000e+01 -9.895287958115185134e+00 7.065010000000000456e-01
-6.500000000000000000e+01 -8.952879581151833577e+00 1.927969999999999962e-01
-6.500000000000000000e+01 -8.010471204188482020e+00 8.838999999999999635e-03
-6.500000000000000000e+01 -7.068062827225130462e+00 6.705300000000000149e-02
-6.500000000000000000e+01 -6.125654450261779793e+00 1.147999999999999932e-03
-6.500000000000000000e+01 -5.183246073298429124e+00 2.136609999999999898e-01
-6.500000000000000000e+01 -4.240837696335078455e+00 4.100800000000000278e-02
-6.500000000000000000e+01 -3.298429319371727786e+00 1.146260000000000057e-01
-6.500000000000000000e+01 -2.356020942408377117e+00 4.329999999999999648e-03
-6.500000000000000000e+01 -1.413612565445026226e+00 1.791999999999999973e-03
-6.500000000000000000e+01 -4.712041884816753901e-01 7.742999999999999883e-03
-6.500000000000000000e+01 4.712041884816753901e-01 7.742999999999999883e-03
-6.500000000000000000e+01 1.413612565445026226e+00 2.658999999999999905e-03
-6.375000000000000000e+01 -2.026178010471204516e+01 1.000000000000000000e+00
-6.375000000000000000e+01 -1.931937172774869538e+01 3.730249999999999955e-01
-6.375000000000000000e+01 -1.837696335078534560e+01 1.619059999999999944e-01
-6.375000000000000000e+01 -1.743455497382199582e+01 6.466560000000000086e-01
-6.375000000000000000e+01 -1.649214659685864603e+01 7.779500000000000304e-02
-6.375000000000000000e+01 -1.554973821989529448e+01 7.779500000000000304e-02
-6.375000000000000000e+01 -1.460732984293194114e+01 5.716600000000000154e-02
-6.375000000000000000e+01 -1.366492146596859136e+01 4.956000000000000336e-03
-6.375000000000000000e+01 -1.272251308900523981e+01 4.765000000000000138e-03
-6.375000000000000000e+01 -1.178010471204188825e+01 2.313179999999999958e-01
-6.375000000000000000e+01 -1.083769633507853669e+01 6.438299999999999579e-02
-6.375000000000000000e+01 -9.895287958115185134e+00 5.573439999999999506e-01
-6.375000000000000000e+01 -8.952879581151833577e+00 8.407409999999999606e-01
-6.375000000000000000e+01 -8.010471204188482020e+00 5.245459999999999567e-01
-6.375000000000000000e+01 -7.068062827225130462e+00 2.413710000000000022e-01
-6.375000000000000000e+01 -6.125654450261779793e+00 1.201200000000000011e-02
-6.375000000000000000e+01 -5.183246073298429124e+00 7.722400000000000098e-02
-6.375000000000000000e+01 -4.240837696335078455e+00 2.498460000000000125e-01
-6.375000000000000000e+01 -3.298429319371727786e+00 8.096599999999999631e-02
-6.375000000000000000e+01 -2.356020942408377117e+00 3.249999999999999851e-04
-6.375000000000000000e+01 -1.413612565445026226e+00 2.695499999999999979e-02
-6.375000000000000000e+01 -4.712041884816753901e-01 6.156899999999999873e-02
-6.375000000000000000e+01 4.712041884816753901e-01 6.156899999999999873e-02
-6.375000000000000000e+01 1.413612565445026226e+00 1.847000000000000031e-01
-6.375000000000000000e+01 3.298429319371727786e+00 2.923800000000000010e-02
-6.250000000000000000e+01 -1.931937172774869538e+01 4.094280000000000141e-01
-6.250000000000000000e+01 -1.837696335078534560e+01 7.299459999999999837e-01
-6.250000000000000000e+01 -1.743455497382199582e+01 8.451760000000000383e-01
-6.250000000000000000e+01 -1.649214659685864603e+01 1.604520000000000113e-01
-6.250000000000000000e+01 -1.554973821989529448e+01 1.604520000000000113e-01
-6.250000000000000000e+01 -1.460732984293194114e+01 7.910999999999999630e-03
-6.250000000000000000e+01 -1.366492146596859136e+01 2.263999999999999953e-03
-6.250000000000000000e+01 -1.272251308900523981e+01 2.896000000000000137e-03
-6.250000000000000000e+01 -1.178010471204188825e+01 3.397209999999999952e-01
-6.250000000000000000e+01 -1.083769633507853669e+01 3.390340000000000020e-01
-6.250000000000000000e+01 -9.895287958115185134e+00 9.794910000000000005e-01
-6.250000000000000000e+01 -8.952879581151833577e+00 4.468329999999999802e-01
-6.250000000000000000e+01 -8.010471204188482020e+00 3.047349999999999781e-01
-6.250000000000000000e+01 -7.068062827225130462e+00 5.723500000000000254e-01
-6.250000000000000000e+01 -6.125654450261779793e+00 2.839090000000000225e-01
-6.250000000000000000e+01 -5.183246073298429124e+00 2.974000000000000081e-03
-6.250000000000000000e+01 -4.240837696335078455e+00 2.587929999999999953e-01
-6.250000000000000000e+01 -3.298429319371727786e+00 3.076500000000000068e-02
-6.250000000000000000e+01 -2.356020942408377117e+00 2.666400000000000020e-02
-6.250000000000000000e+01 -1.413612565445026226e+00 2.401520000000000044e-01
-6.250000000000000000e+01 -4.712041884816753901e-01 6.509999999999999945e-04
-6.250000000000000000e+01 4.712041884816753901e-01 6.509999999999999945e-04
-6.250000000000000000e+01 1.413612565445026226e+00 5.023500000000000187e-02
-6.250000000000000000e+01 2.356020942408377117e+00 1.456000000000000003e-02
-6.250000000000000000e+01 3.298429319371727786e+00 0.000000000000000000e+00
-6.125000000000000000e+01 -1.837696335078534560e+01 2.240439999999999932e-01
-6.125000000000000000e+01 -1.743455497382199582e+01 4.825119999999999965e-01
-6.125000000000000000e+01 -1.649214659685864603e+01 4.222190000000000110e-01
-6.125000000000000000e+01 -1.554973821989529448e+01 4.222190000000000110e-01
-6.125000000000000000e+01 -1.460732984293194114e+01 1.153409999999999991e-01
-6.125000000000000000e+01 -1.366492146596859136e+01 3.903500000000000025e-02
-6.125000000000000000e+01 -1.272251308900523981e+01 6.153220000000000356e-01
-6.125000000000000000e+01 -1.178010471204188825e+01 7.726499999999999480e-01
-6.125000000000000000e+01 -1.083769633507853669e+01 4.174889999999999990e-01
-6.125000000000000000e+01 -9.895287958115185134e+00 2.392479999999999885e-01
-6.125000000000000000e+01 -8.952879581151833577e+00 1.536379999999999968e-01
-6.125000000000000000e+01 -8.010471204188482020e+00 3.123170000000000113e-01
-6.125000000000000000e+01 -7.068062827225130462e+00 1.230870000000000020e-01
-6.125000000000000000e+01 -6.125654450261779793e+00 1.227369999999999989e-01
-6.125000000000000000e+01 -5.183246073298429124e+00 2.839590000000000169e-01
-6.125000000000000000e+01 -4.240837696335078455e+00 6.851040000000000463e-01
-6.125000000000000000e+01 -3.298429319371727786e+00 5.487859999999999960e-01
-6.125000000000000000e+01 -2.356020942408377117e+00 1.719599999999999948e-02
-6.125000000000000000e+01 -1.413612565445026226e+00 4.358100000000000168e-02
-6.125000000000000000e+01 -4.712041884816753901e-01 2.921030000000000015e-01
-6.125000000000000000e+01 4.712041884816753901e-01 2.921030000000000015e-01
-6.125000000000000000e+01 1.413612565445026226e+00 2.695549999999999891e-01
-6.125000000000000000e+01 2.356020942408377117e+00 6.201160000000000005e-01
-6.125000000000000000e+01 3.298429319371727786e+00 2.595910000000000162e-01
-6.125000000000000000e+01 4.240837696335078455e+00 3.649999999999999772e-02
-6.000000000000000000e+01 -1.554973821989529448e+01 9.854400000000000659e-02
-6.000000000000000000e+01 -1.460732984293194114e+01 4.011589999999999878e-01
-6.000000000000000000e+01 -1.366492146596859136e+01 4.291630000000000167e-01
-6.000000000000000000e+01 -1.272251308900523981e+01 3.625220000000000109e-01
-6.000000000000000000e+01 -1.178010471204188825e+01 1.192899999999999933e-01
-6.000000000000000000e+01 -1.083769633507853669e+01 1.132999999999999893e-03
-6.000000000000000000e+01 -9.895287958115185134e+00 5.444700000000000234e-02
-6.000000000000000000e+01 -8.952879581151833577e+00 5.904000000000000394e-03
-6.000000000000000000e+01 -8.010471204188482020e+00 1.099330000000000029e-01
-6.000000000000000000e+01 -7.068062827225130462e+00 7.813210000000000433e-01
-6.000000000000000000e+01 -6.125654450261779793e+00 1.932909999999999906e-01
-6.000000000000000000e+01 -5.183246073298429124e+00 1.545040000000000024e-01
-6.000000000000000000e+01 -4.240837696335078455e+00 7.470139999999999558e-01
-6.000000000000000000e+01 -3.298429319371727786e+00 8.287870000000000514e-01
-6.000000000000000000e+01 -2.356020942408377117e+00 8.309560000000000279e-01
-6.000000000000000000e+01 -1.413612565445026226e+00 4.630600000000000271e-01
-6.000000000000000000e+01 -4.712041884816753901e-01 1.425119999999999998e-01
-6.000000000000000000e+01 4.712041884816753901e-01 1.425119999999999998e-01
-6.000000000000000000e+01 1.413612565445026226e+00 7.543170000000000153e-01
-6.000000000000000000e+01 2.356020942408377117e+00 1.713169999999999971e-01
-6.000000000000000000e+01 3.298429319371727786e+00 1.475569999999999937e-01
-6.000000000000000000e+01 4.240837696335078455e+00 2.431399999999999881e-02
-6.000000000000000000e+01 5.183246073298429124e+00 1.538199999999999984e-02
-5.875000000000000000e+01 -1.366492146596859136e+01 5.121300000000000158e-02
-5.875000000000000000e+01 -1.272251308900523981e+01 4.676999999999999734e-03
-5.875000000000000000e+01 -1.178010471204188825e+01 2.015119999999999967e-01
-5.875000000000000000e+01 -1.083769633507853669e+01 4.085500000000000242e-01
-5.875000000000000000e+01 -9.895287958115185134e+00 3.730180000000000162e-01
-5.875000000000000000e+01 -8.952879581151833577e+00 8.957900000000000584e-02
-5.875000000000000000e+01 -8.010471204188482020e+00 2.762699999999999878e-02
-5.875000000000000000e+01 -7.068062827225130462e+00 6.683210000000000539e-01
-5.875000000000000000e+01 -6.125654450261779793e+00 1.229319999999999996e-01
-5.875000000000000000e+01 -5.183246073298429124e+00 4.590000000000000330e-03
-5.875000000000000000e+01 -4.240837696335078455e+00 4.591009999999999813e-01
-5.875000000000000000e+01 -3.298429319371727786e+00 8.773370000000000335e-01
-5.875000000000000000e+01 -2.356020942408377117e+00 4.747999999999999998e-01
-5.875000000000000000e+01 -1.413612565445026226e+00 4.133699999999999875e-02
-5.875000000000000000e+01 -4.712041884816753901e-01 5.322000000000000342e-03
-5.875000000000000000e+01 4.712041884816753901e-01 5.322000000000000342e-03
-5.750000000000000000e+01 -1.366492146596859136e+01 5.460899999999999782e-02
-5.750000000000000000e+01 -1.272251308900523981e+01 6.478299999999999337e-02
-5.750000000000000000e+01 -1.178010471204188825e+01 5.140409999999999702e-01
-5.750000000000000000e+01 -1.083769633507853669e+01 3.873429999999999929e-01
-5.750000000000000000e+01 -9.895287958115185134e+00 6.999349999999999739e-01
-5.750000000000000000e+01 -8.952879581151833577e+00 4.225000000000000283e-02
-5.750000000000000000e+01 -8.010471204188482020e+00 7.755999999999999873e-03
-5.750000000000000000e+01 -7.068062827225130462e+00 3.965599999999999681e-02
-5.750000000000000000e+01 -6.125654450261779793e+00 5.560399999999999787e-01
-5.750000000000000000e+01 -5.183246073298429124e+00 7.075199999999999545e-02
-5.750000000000000000e+01 -4.240837696335078455e+00 3.522170000000000023e-01
-5.750000000000000000e+01 -3.298429319371727786e+00 5.400719999999999965e-01
-5.750000000000000000e+01 -2.356020942408377117e+00 1.879520000000000080e-01
-5.750000000000000000e+01 -1.413612565445026226e+00 2.360399999999999998e-02
-5.750000000000000000e+01 -4.712041884816753901e-01 9.624900000000000122e-02
-5.750000000000000000e+01 4.712041884816753901e-01 9.624900000000000122e-02
-5.750000000000000000e+01 1.413612565445026226e+00 3.426409999999999734e-01
-5.625000000000000000e+01 -1.366492146596859136e+01 3.760100000000000109e-01
-5.625000000000000000e+01 -1.272251308900523981e+01 3.484260000000000135e-01
-5.625000000000000000e+01 -1.178010471204188825e+01 7.563819999999999988e-01
-5.625000000000000000e+01 -1.083769633507853669e+01 5.188300000000000134e-01
-5.625000000000000000e+01 -9.895287958115185134e+00 8.102270000000000305e-01
-5.625000000000000000e+01 -8.952879581151833577e+00 5.098699999999999760e-02
-5.625000000000000000e+01 -8.010471204188482020e+00 1.387099999999999965e-02
-5.625000000000000000e+01 -7.068062827225130462e+00 1.927969999999999962e-01
-5.625000000000000000e+01 -6.125654450261779793e+00 4.307070000000000065e-01
-5.625000000000000000e+01 -5.183246073298429124e+00 5.303809999999999913e-01
-5.625000000000000000e+01 -4.240837696335078455e+00 5.024260000000000392e-01
-5.625000000000000000e+01 -3.298429319371727786e+00 1.862949999999999884e-01
-5.625000000000000000e+01 -2.356020942408377117e+00 4.995129999999999848e-01
-5.625000000000000000e+01 -1.413612565445026226e+00 1.064419999999999950e-01
-5.625000000000000000e+01 -4.712041884816753901e-01 4.181300000000000294e-02
-5.625000000000000000e+01 4.712041884816753901e-01 4.181300000000000294e-02
-5.625000000000000000e+01 1.413612565445026226e+00 5.580000000000000107e-04
-5.500000000000000000e+01 -1.460732984293194114e+01 1.837709999999999899e-01
-5.500000000000000000e+01 -1.366492146596859136e+01 4.329899999999999721e-02
-5.500000000000000000e+01 -1.272251308900523981e+01 4.614770000000000261e-01
-5.500000000000000000e+01 -1.178010471204188825e+01 7.731190000000000007e-01
-5.500000000000000000e+01 -1.083769633507853669e+01 8.433439999999999825e-01
-5.500000000000000000e+01 -9.895287958115185134e+00 7.666349999999999554e-01
-5.500000000000000000e+01 -8.952879581151833577e+00 9.626899999999999347e-02
-5.500000000000000000e+01 -8.010471204188482020e+00 3.412899999999999823e-01
-5.500000000000000000e+01 -7.068062827225130462e+00 3.372990000000000155e-01
-5.500000000000000000e+01 -6.125654450261779793e+00 9.989599999999999869e-02
-5.500000000000000000e+01 -5.183246073298429124e+00 5.269900000000000279e-02
-5.500000000000000000e+01 -4.240837696335078455e+00 6.128350000000000186e-01
-5.500000000000000000e+01 -3.298429319371727786e+00 5.909809999999999786e-01
-5.500000000000000000e+01 -2.356020942408377117e+00 6.518319999999999670e-01
-5.500000000000000000e+01 -1.413612565445026226e+00 7.447199999999999653e-02
-5.500000000000000000e+01 -4.712041884816753901e-01 2.420000000000000005e-04
-5.500000000000000000e+01 4.712041884816753901e-01 2.420000000000000005e-04
-5.500000000000000000e+01 1.413612565445026226e+00 2.420000000000000005e-04
-5.500000000000000000e+01 2.356020942408377117e+00 5.760000000000000146e-04
-5.375000000000000000e+01 -1.460732984293194114e+01 4.079999999999999968e-04
-5.375000000000000000e+01 -1.366492146596859136e+01 4.145000000000000073e-02
-5.375000000000000000e+01 -1.272251308900523981e+01 2.144699999999999940e-01
-5.375000000000000000e+01 -1.178010471204188825e+01 2.076050000000000118e-01
-5.375000000000000000e+01 -1.083769633507853669e+01 2.839599999999999902e-01
-5.375000000000000000e+01 -9.895287958115185134e+00 3.524930000000000008e-01
-5.375000000000000000e+01 -8.952879581151833577e+00 1.337400000000000047e-02
-5.375000000000000000e+01 -8.010471204188482020e+00 8.000000000000000654e-05
-5.375000000000000000e+01 -7.068062827225130462e+00 2.101000000000000003e-03
-5.375000000000000000e+01 -6.125654450261779793e+00 6.347000000000000211e-03
-5.375000000000000000e+01 -5.183246073298429124e+00 3.327999999999999795e-03
-5.375000000000000000e+01 -4.240837696335078455e+00 5.716959999999999820e-01
-5.375000000000000000e+01 -3.298429319371727786e+00 6.635109999999999619e-01
-5.375000000000000000e+01 -2.356020942408377117e+00 5.001430000000000042e-01
-5.375000000000000000e+01 -1.413612565445026226e+00 1.126840000000000064e-01
-5.375000000000000000e+01 -4.712041884816753901e-01 9.719999999999999907e-04
-5.375000000000000000e+01 4.712041884816753901e-01 9.719999999999999907e-04
-5.375000000000000000e+01 1.413612565445026226e+00 1.217999999999999899e-03
-5.375000000000000000e+01 2.356020942408377117e+00 1.054000000000000032e-03
-5.250000000000000000e+01 -1.366492146596859136e+01 1.288800000000000015e-02
-5.250000000000000000e+01 -1.272251308900523981e+01 2.164899999999999880e-01
-5.250000000000000000e+01 -1.178010471204188825e+01 1.418830000000000091e-01
-5.250000000000000000e+01 -1.083769633507853669e+01 3.185439999999999938e-01
-5.250000000000000000e+01 -9.895287958115185134e+00 1.002870000000000011e-01
-5.250000000000000000e+01 -8.952879581151833577e+00 5.699999999999999772e-04
-5.250000000000000000e+01 -8.010471204188482020e+00 1.825000000000000016e-03
-5.250000000000000000e+01 -7.068062827225130462e+00 1.878099999999999908e-02
-5.250000000000000000e+01 -6.125654450261779793e+00 4.149599999999999816e-02
-5.250000000000000000e+01 -5.183246073298429124e+00 1.755000000000000050e-03
-5.250000000000000000e+01 -4.240837696335078455e+00 1.614569999999999894e-01
-5.250000000000000000e+01 -3.298429319371727786e+00 4.016259999999999830e-01
-5.250000000000000000e+01 -2.356020942408377117e+00 4.630399999999999794e-02
-5.250000000000000000e+01 -1.413612565445026226e+00 5.064149999999999485e-01
-5.250000000000000000e+01 -4.712041884816753901e-01 7.263600000000000612e-02
-5.250000000000000000e+01 4.712041884816753901e-01 7.263600000000000612e-02
-5.125000000000000000e+01 -8.952879581151833577e+00 5.963739999999999597e-01
-5.125000000000000000e+01 -8.010471204188482020e+00 4.196779999999999955e-01
-5.125000000000000000e+01 -7.068062827225130462e+00 4.634480000000000266e-01
-5.125000000000000000e+01 -5.183246073298429124e+00 1.905290000000000039e-01
-5.125000000000000000e+01 -4.240837696335078455e+00 3.560030000000000139e-01
-5.125000000000000000e+01 -3.298429319371727786e+00 5.440120000000000511e-01
-5.125000000000000000e+01 -2.356020942408377117e+00 1.453019999999999867e-01
-5.000000000000000000e+01 -3.298429319371727786e+00 6.835529999999999662e-01
