-7.875000000000000000e+01 -6.125654450261779793e+00 4.964459999999999984e-01
-7.875000000000000000e+01 -5.183246073298429124e+00 1.835080000000000044e-01
-7.875000000000000000e+01 -4.240837696335078455e+00 2.501039999999999930e-01
-7.875000000000000000e+01 -3.298429319371727786e+00 3.787929999999999908e-01
-7.875000000000000000e+01 -2.356020942408377117e+00 0.000000000000000000e+00
-7.875000000000000000e+01 -1.413612565445026226e+00 0.000000000000000000e+00
-7.750000000000000000e+01 -8.952879581151833577e+00 1.875680000000000125e-01
-7.750000000000000000e+01 -8.010471204188482020e+00 1.435049999999999937e-01
-7.750000000000000000e+01 -7.068062827225130462e+00 2.838640000000000052e-01
-7.750000000000000000e+01 -6.125654450261779793e+00 4.875039999999999929e-01
-7.750000000000000000e+01 -5.183246073298429124e+00 1.238469999999999988e-01
-7.750000000000000000e+01 -4.240837696335078455e+00 2.974699999999999914e-02
-7.750000000000000000e+01 -3.298429319371727786e+00 2.923350000000000115e-01
-7.750000000000000000e+01 -2.356020942408377117e+00 1.674879999999999980e-01
-7.750000000000000000e+01 -1.413612565445026226e+00 2.927500000000000102e-01
-7.750000000000000000e+01 -4.712041884816753901e-01 1.889180000000000026e-01
-7.750000000000000000e+01 4.712041884816753901e-01 1.889180000000000026e-01
-7.625000000000000000e+01 -1.083769633507853669e+01 6.297300000000000120e-02
-7.625000000000000000e+01 -9.895287958115185134e+00 1.270370000000000110e-01
-7.625000000000000000e+01 -8.952879581151833577e+00 3.615070000000000228e-01
-7.625000000000000000e+01 -8.010471204188482020e+00 9.316099999999999381e-02
-7.625000000000000000e+01 -7.068062827225130462e+00 2.022089999999999999e-01
-7.625000000000000000e+01 -6.125654450261779793e+00 2.821489999999999831e-01
-7.625000000000000000e+01 -5.183246073298429124e+00 4.002700000000000008e-02
-7.625000000000000000e+01 -4.240837696335078455e+00 1.472000000000000001e-03
-7.625000000000000000e+01 -3.298429319371727786e+00 3.983000000000000429e-03
-7.625000000000000000e+01 -2.356020942408377117e+00 2.553000000000000148e-03
-7.625000000000000000e+01 -1.413612565445026226e+00 3.018999999999999982e-03
-7.625000000000000000e+01 -4.712041884816753901e-01 8.751599999999999657e-02
-7.625000000000000000e+01 4.712041884816753901e-01 8.751599999999999657e-02
-7.625000000000000000e+01 1.413612565445026226e+00 6.617300000000000404e-01
-7.500000000000000000e+01 -1.366492146596859136e+01 7.814200000000000312e-02
-7.500000000000000000e+01 -1.272251308900523981e+01 1.417779999999999874e-01
-7.500000000000000000e+01 -1.178010471204188825e+01 1.237540000000000029e-01
-7.500000000000000000e+01 -1.083769633507853669e+01 3.131510000000000127e-01
-7.500000000000000000e+01 -9.895287958115185134e+00 1.459090000000000109e-01
-7.500000000000000000e+01 -8.952879581151833577e+00 4.016730000000000023e-01
-7.500000000000000000e+01 -8.010471204188482020e+00 2.049209999999999920e-01
-7.500000000000000000e+01 -7.068062827225130462e+00 3.468899999999999761e-02
-7.500000000000000000e+01 -6.125654450261779793e+00 6.070300000000000001e-02
-7.500000000000000000e+01 -5.183246073298429124e+00 4.566900000000000126e-02
-7.500000000000000000e+01 -4.240837696335078455e+00 2.003299999999999872e-02
-7.500000000000000000e+01 -3.298429319371727786e+00 2.305999999999999890e-03
-7.500000000000000000e+01 -2.356020942408377117e+00 6.376999999999999856e-03
-7.500000000000000000e+01 -1.413612565445026226e+00 5.597000000000000412e-03
-7.500000000000000000e+01 -4.712041884816753901e-01 2.222800000000000123e-02
-7.500000000000000000e+01 4.712041884816753901e-01 2.222800000000000123e-02
-7.500000000000000000e+01 1.413612565445026226e+00 4.105980000000000185e-01
-7.500000000000000000e+01 2.356020942408377117e+00 8.160770000000000524e-01
-7.375000000000000000e+01 -1.460732984293194114e+01 0.000000000000000000e+00
-7.375000000000000000e+01 -1.366492146596859136e+01 1.302490000000000037e-01
-7.375000000000000000e+01 -1.272251308900523981e+01 7.936500000000000499e-02
-7.375000000000000000e+01 -1.178010471204188825e+01 9.578799999999999815e-02
-7.375000000000000000e+01 -1.083769633507853669e+01 8.595400000000000262e-02
-7.375000000000000000e+01 -9.895287958115185134e+00 5.720399999999999791e-02
-7.375000000000000000e+01 -8.952879581151833577e+00 8.418399999999999495e-02
-7.375000000000000000e+01 -8.010471204188482020e+00 7.858600000000000307e-02
-7.375000000000000000e+01 -7.068062827225130462e+00 2.948399999999999979e-02
-7.375000000000000000e+01 -6.125654450261779793e+00 2.464699999999999877e-02
-7.375000000000000000e+01 -5.183246073298429124e+00 7.177999999999999658e-02
-7.375000000000000000e+01 -4.240837696335078455e+00 2.272499999999999867e-02
-7.375000000000000000e+01 -3.298429319371727786e+00 7.262000000000000226e-03
-7.375000000000000000e+01 -2.356020942408377117e+00 5.409999999999999878e-03
-7.375000000000000000e+01 -1.413612565445026226e+00 5.536900000000000155e-02
-7.375000000000000000e+01 -4.712041884816753901e-01 2.467000000000000009e-03
-7.375000000000000000e+01 4.712041884816753901e-01 2.467000000000000009e-03
-7.375000000000000000e+01 1.413612565445026226e+00 3.635300000000000337e-02
-7.250000000000000000e+01 -1.460732984293194114e+01 5.432000000000000196e-03
-7.250000000000000000e+01 -1.366492146596859136e+01 1.374849999999999961e-01
-7.250000000000000000e+01 -1.272251308900523981e+01 1.654120000000000035e-01
-7.250000000000000000e+01 -1.178010471204188825e+01 4.293199999999999794e-02
-7.250000000000000000e+01 -1.083769633507853669e+01 6.879999999999999831e-03
-7.250000000000000000e+01 -9.895287958115185134e+00 0.000000000000000000e+00
-7.250000000000000000e+01 -8.952879581151833577e+00 9.388999999999999777e-03
-7.250000000000000000e+01 -8.010471204188482020e+00 2.964189999999999880e-01
-7.250000000000000000e+01 -7.068062827225130462e+00 1.187529999999999974e-01
-7.250000000000000000e+01 -6.125654450261779793e+00 9.730000000000000151e-04
-7.250000000000000000e+01 -5.183246073298429124e+00 9.737000000000000863e-03
-7.250000000000000000e+01 -4.240837696335078455e+00 1.123389999999999944e-01
-7.250000000000000000e+01 -3.298429319371727786e+00 2.123999999999999846e-02
-7.250000000000000000e+01 -2.356020942408377117e+00 2.571899999999999881e-02
-7.250000000000000000e+01 -1.413612565445026226e+00 6.002999999999999656e-03
-7.250000000000000000e+01 -4.712041884816753901e-01 6.908000000000000078e-03
-7.250000000000000000e+01 4.712041884816753901e-01 6.908000000000000078e-03
-7.250000000000000000e+01 1.413612565445026226e+00 1.020399999999999953e-02
-7.125000000000000000e+01 -1.460732984293194114e+01 9.079900000000000471e-02
-7.125000000000000000e+01 -1.366492146596859136e+01 2.439500000000000002e-02
-7.125000000000000000e+01 -1.272251308900523981e+01 1.202820000000000000e-01
-7.125000000000000000e+01 -1.178010471204188825e+01 1.149000000000000065e-03
-7.125000000000000000e+01 -1.083769633507853669e+01 0.000000000000000000e+00
-7.125000000000000000e+01 -9.895287958115185134e+00 6.791000000000000161e-03
-7.125000000000000000e+01 -8.952879581151833577e+00 5.401500000000000051e-02
-7.125000000000000000e+01 -8.010471204188482020e+00 3.380099999999999771e-01
-7.125000000000000000e+01 -7.068062827225130462e+00 4.937999999999999681e-03
-7.125000000000000000e+01 -6.125654450261779793e+00 4.655000000000000283e-03
-7.125000000000000000e+01 -5.183246073298429124e+00 2.429999999999999977e-04
-7.125000000000000000e+01 -4.240837696335078455e+00 2.602399999999999852e-02
-7.125000000000000000e+01 -3.298429319371727786e+00 1.589999999999999888e-04
-7.125000000000000000e+01 -2.356020942408377117e+00 3.120200000000000057e-02
-7.125000000000000000e+01 -1.413612565445026226e+00 3.592000000000000141e-03
-7.125000000000000000e+01 -4.712041884816753901e-01 0.000000000000000000e+00
-7.125000000000000000e+01 4.712041884816753901e-01 0.000000000000000000e+00
-7.125000000000000000e+01 1.413612565445026226e+00 6.324499999999999567e-02
-7.000000000000000000e+01 -1.366492146596859136e+01 8.580000000000000820e-03
-7.000000000000000000e+01 -1.272251308900523981e+01 1.842479999999999951e-01
-7.000000000000000000e+01 -1.178010471204188825e+01 1.074800000000000061e-02
-7.000000000000000000e+01 -1.083769633507853669e+01 2.041469999999999951e-01
-7.000000000000000000e+01 -9.895287958115185134e+00 3.200000000000000262e-04
-7.000000000000000000e+01 -8.952879581151833577e+00 1.253759999999999875e-01
-7.000000000000000000e+01 -8.010471204188482020e+00 1.839530000000000054e-01
-7.000000000000000000e+01 -7.068062827225130462e+00 2.991800000000000015e-02
-7.000000000000000000e+01 -6.125654450261779793e+00 1.861000000000000024e-03
-7.000000000000000000e+01 -5.183246073298429124e+00 8.040000000000000271e-04
-7.000000000000000000e+01 -4.240837696335078455e+00 9.486999999999999600e-02
-7.000000000000000000e+01 -3.298429319371727786e+00 2.909700000000000134e-02
-7.000000000000000000e+01 -2.356020942408377117e+00 9.202999999999999375e-03
-7.000000000000000000e+01 -1.413612565445026226e+00 1.992899999999999880e-02
-7.000000000000000000e+01 -4.712041884816753901e-01 1.220300000000000031e-02
-7.000000000000000000e+01 4.712041884816753901e-01 1.220300000000000031e-02
-7.000000000000000000e+01 1.413612565445026226e+00 4.709999999999999777e-03
-6.875000000000000000e+01 -1.554973821989529448e+01 6.769999999999999759e-04
-6.875000000000000000e+01 -1.460732984293194114e+01 2.549399999999999930e-02
-6.875000000000000000e+01 -1.366492146596859136e+01 1.103699999999999994e-02
-6.875000000000000000e+01 -1.272251308900523981e+01 1.278029999999999999e-01
-6.875000000000000000e+01 -1.178010471204188825e+01 3.045089999999999741e-01
-6.875000000000000000e+01 -1.083769633507853669e+01 5.062309999999999865e-01
-6.875000000000000000e+01 -9.895287958115185134e+00 8.141299999999999926e-02
-6.875000000000000000e+01 -8.952879581151833577e+00 3.772090000000000165e-01
-6.875000000000000000e+01 -8.010471204188482020e+00 3.200000000000000262e-04
-6.875000000000000000e+01 -7.068062827225130462e+00 2.047999999999999907e-03
-6.875000000000000000e+01 -6.125654450261779793e+00 1.129999999999999928e-03
-6.875000000000000000e+01 -5.183246073298429124e+00 4.840000000000000010e-04
-6.875000000000000000e+01 -4.240837696335078455e+00 4.423999999999999981e-03
-6.875000000000000000e+01 -3.298429319371727786e+00 7.030999999999999923e-03
-6.875000000000000000e+01 -2.356020942408377117e+00 4.423999999999999981e-03
-6.875000000000000000e+01 -1.413612565445026226e+00 4.192000000000000413e-03
-6.875000000000000000e+01 -4.712041884816753901e-01 1.129100000000000069e-02
-6.875000000000000000e+01 4.712041884816753901e-01 1.129100000000000069e-02
-6.875000000000000000e+01 1.413612565445026226e+00 1.297599999999999969e-02
-6.875000000000000000e+01 2.356020942408377117e+00 6.295000000000000248e-03
-6.750000000000000000e+01 -1.649214659685864603e+01 2.579790000000000139e-01
-6.750000000000000000e+01 -1.554973821989529448e+01 2.579790000000000139e-01
-6.750000000000000000e+01 -1.460732984293194114e+01 1.077909999999999979e-01
-6.750000000000000000e+01 -1.366492146596859136e+01 8.592299999999999938e-02
-6.750000000000000000e+01 -1.272251308900523981e+01 8.649000000000000438e-03
-6.750000000000000000e+01 -1.178010471204188825e+01 1.390699999999999922e-02
-6.750000000000000000e+01 -1.083769633507853669e+01 2.951449999999999907e-01
-6.750000000000000000e+01 -9.895287958115185134e+00 7.709369999999999834e-01
-6.750000000000000000e+01 -8.952879581151833577e+00 1.848930000000000018e-01
-6.750000000000000000e+01 -8.010471204188482020e+00 9.590000000000000000e-04
-6.750000000000000000e+01 -7.068062827225130462e+00 8.919999999999999978e-04
-6.750000000000000000e+01 -6.125654450261779793e+00 5.134999999999999808e-03
-6.750000000000000000e+01 -5.183246073298429124e+00 1.128000000000000096e-03
-6.750000000000000000e+01 -4.240837696335078455e+00 8.059999999999999673e-04
-6.750000000000000000e+01 -3.298429319371727786e+00 1.389100000000000057e-02
-6.750000000000000000e+01 -2.356020942408377117e+00 3.310000000000000225e-04
-6.750000000000000000e+01 -1.413612565445026226e+00 8.000000000000000654e-05
-6.750000000000000000e+01 -4.712041884816753901e-01 8.989999999999999511e-04
-6.750000000000000000e+01 4.712041884816753901e-01 8.989999999999999511e-04
-6.750000000000000000e+01 1.413612565445026226e+00 6.081999999999999733e-03
-6.750000000000000000e+01 2.356020942408377117e+00 1.043000000000000090e-03
-6.625000000000000000e+01 -1.837696335078534560e+01 8.382100000000000661e-02
-6.625000000000000000e+01 -1.743455497382199582e+01 2.187500000000000000e-01
-6.625000000000000000e+01 -1.649214659685864603e+01 4.467999999999999750e-03
-6.625000000000000000e+01 -1.554973821989529448e+01 4.467999999999999750e-03
-6.625000000000000000e+01 -1.460732984293194114e+01 8.274999999999999370e-03
-6.625000000000000000e+01 -1.366492146596859136e+01 1.134000000000000025e-03
-6.625000000000000000e+01 -1.272251308900523981e+01 0.000000000000000000e+00
-6.625000000000000000e+01 -1.178010471204188825e+01 7.030999999999999923e-03
-6.625000000000000000e+01 -1.083769633507853669e+01 1.137119999999999936e-01
-6.625000000000000000e+01 -9.895287958115185134e+00 2.514989999999999726e-01
-6.625000000000000000e+01 -8.952879581151833577e+00 1.084510000000000057e-01
-6.625000000000000000e+01 -8.010471204188482020e+00 2.295000000000000165e-03
-6.625000000000000000e+01 -7.068062827225130462e+00 8.109999999999999805e-04
-6.625000000000000000e+01 -6.125654450261779793e+00 1.610000000000000103e-04
-6.625000000000000000e+01 -5.183246073298429124e+00 3.260000000000000094e-04
-6.625000000000000000e+01 -4.240837696335078455e+00 3.536000000000000081e-03
-6.625000000000000000e+01 -3.298429319371727786e+00 1.376199999999999993e-02
-6.625000000000000000e+01 -2.356020942408377117e+00 6.198000000000000384e-03
-6.625000000000000000e+01 -1.413612565445026226e+00 0.000000000000000000e+00
-6.625000000000000000e+01 -4.712041884816753901e-01 2.425000000000000072e-03
-6.625000000000000000e+01 4.712041884816753901e-01 2.425000000000000072e-03
-6.625000000000000000e+01 1.413612565445026226e+00 7.827299999999999536e-02
-6.625000000000000000e+01 2.356020942408377117e+00 6.765400000000000580e-02
-6.500000000000000000e+01 -1.837696335078534560e+01 2.648299999999999960e-02
-6.500000000000000000e+01 -1.743455497382199582e+01 4.516339999999999799e-01
-6.500000000000000000e+01 -1.649214659685864603e+01 2.000299999999999995e-02
-6.500000000000000000e+01 -1.554973821989529448e+01 2.000299999999999995e-02
-6.500000000000000000e+01 -1.460732984293194114e+01 6.109999999999999980e-03
-6.500000000000000000e+01 -1.366492146596859136e+01 3.818999999999999912e-03
-6.500000000000000000e+01 -1.272251308900523981e+01 1.744000000000000107e-03
-6.500000000000000000e+01 -1.178010471204188825e+01 1.127900000000000083e-02
-6.500000000000000000e+01 -1.083769633507853669e+01 1.998340000000000116e-01
-6.500000000000000000e+01 -9.895287958115185134e+00 5.359009999999999607e-01
-6.500000000000000000e+01 -8.952879581151833577e+00 1.931200000000000139e-01
-6.500000000000000000e+01 -8.010471204188482020e+00 8.189999999999999364e-03
-6.500000000000000000e+01 -7.068062827225130462e+00 5.440299999999999997e-02
-6.500000000000000000e+01 -6.125654450261779793e+00 1.147999999999999932e-03
-6.500000000000000000e+01 -5.183246073298429124e+00 6.046000000000000159e-03
-6.500000000000000000e+01 -4.240837696335078455e+00 1.218699999999999992e-02
-6.500000000000000000e+01 -3.298429319371727786e+00 5.247099999999999681e-02
-6.500000000000000000e+01 -2.356020942408377117e+00 4.329999999999999648e-03
-6.500000000000000000e+01 -1.413612565445026226e+00 1.791999999999999973e-03
-6.500000000000000000e+01 -4.712041884816753901e-01 7.742999999999999883e-03
-6.500000000000000000e+01 4.712041884816753901e-01 7.742999999999999883e-03
-6.500000000000000000e+01 1.413612565445026226e+00 2.658999999999999905e-03
-6.375000000000000000e+01 -2.026178010471204516e+01 0.000000000000000000e+00
-6.375000000000000000e+01 -1.931937172774869538e+01 2.009509999999999907e-01
-6.375000000000000000e+01 -1.837696335078534560e+01 1.504290000000000072e-01
-6.375000000000000000e+01 -1.743455497382199582e+01 5.281590000000000451e-01
-6.375000000000000000e+01 -1.649214659685864603e+01 6.252099999999999325e-02
-6.375000000000000000e+01 -1.554973821989529448e+01 6.252099999999999325e-02
-6.375000000000000000e+01 -1.460732984293194114e+01 2.545299999999999993e-02
-6.375000000000000000e+01 -1.366492146596859136e+01 3.386000000000000121e-03
-6.375000000000000000e+01 -1.272251308900523981e+01 3.929000000000000201e-03
-6.375000000000000000e+01 -1.178010471204188825e+01 4.945100000000000051e-01
-6.375000000000000000e+01 -1.083769633507853669e+01 6.009099999999999858e-02
-6.375000000000000000e+01 -9.895287958115185134e+00 4.901329999999999854e-01
-6.375000000000000000e+01 -8.952879581151833577e+00 7.729500000000000259e-01
-6.375000000000000000e+01 -8.010471204188482020e+00 3.380279999999999951e-01
-6.375000000000000000e+01 -7.068062827225130462e+00 5.714999999999999941e-02
-6.375000000000000000e+01 -6.125654450261779793e+00 4.970999999999999724e-03
-6.375000000000000000e+01 -5.183246073298429124e+00 1.516799999999999919e-02
-6.375000000000000000e+01 -4.240837696335078455e+00 5.989300000000000179e-02
-6.375000000000000000e+01 -3.298429319371727786e+00 1.724000000000000055e-03
-6.375000000000000000e+01 -2.356020942408377117e+00 3.249999999999999851e-04
-6.375000000000000000e+01 -1.413612565445026226e+00 3.240000000000000150e-04
-6.375000000000000000e+01 -4.712041884816753901e-01 1.828999999999999897e-03
-6.375000000000000000e+01 4.712041884816753901e-01 1.828999999999999897e-03
-6.375000000000000000e+01 1.413612565445026226e+00 0.000000000000000000e+00
-6.375000000000000000e+01 3.298429319371727786e+00 1.368800000000000051e-02
-6.250000000000000000e+01 -1.931937172774869538e+01 3.840009999999999812e-01
-6.250000000000000000e+01 -1.837696335078534560e+01 7.123840000000000172e-01
-6.250000000000000000e+01 -1.743455497382199582e+01 7.984649999999999803e-01
-6.250000000000000000e+01 -1.649214659685864603e+01 1.057939999999999992e-01
-6.250000000000000000e+01 -1.554973821989529448e+01 1.057939999999999992e-01
-6.250000000000000000e+01 -1.460732984293194114e+01 7.910999999999999630e-03
-6.250000000000000000e+01 -1.366492146596859136e+01 2.263999999999999953e-03
-6.250000000000000000e+01 -1.272251308900523981e+01 1.324000000000000003e-02
-6.250000000000000000e+01 -1.178010471204188825e+01 5.419119999999999493e-01
-6.250000000000000000e+01 -1.083769633507853669e+01 4.334109999999999907e-01
-6.250000000000000000e+01 -9.895287958115185134e+00 9.652809999999999446e-01
-6.250000000000000000e+01 -8.952879581151833577e+00 4.557849999999999957e-01
-6.250000000000000000e+01 -8.010471204188482020e+00 2.442370000000000096e-01
-6.250000000000000000e+01 -7.068062827225130462e+00 4.323629999999999973e-01
-6.250000000000000000e+01 -6.125654450261779793e+00 6.325400000000000467e-02
-6.250000000000000000e+01 -5.183246073298429124e+00 2.396000000000000126e-03
-6.250000000000000000e+01 -4.240837696335078455e+00 1.100939999999999974e-01
-6.250000000000000000e+01 -3.298429319371727786e+00 1.131700000000000067e-02
-6.250000000000000000e+01 -2.356020942408377117e+00 1.056999999999999997e-03
-6.250000000000000000e+01 -1.413612565445026226e+00 2.659299999999999858e-02
-6.250000000000000000e+01 -4.712041884816753901e-01 6.509999999999999945e-04
-6.250000000000000000e+01 4.712041884816753901e-01 6.509999999999999945e-04
-6.250000000000000000e+01 1.413612565445026226e+00 1.595000000000000064e-03
-6.250000000000000000e+01 2.356020942408377117e+00 1.536999999999999955e-03
-6.250000000000000000e+01 3.298429319371727786e+00 0.000000000000000000e+00
-6.125000000000000000e+01 -1.837696335078534560e+01 1.847350000000000103e-01
-6.125000000000000000e+01 -1.743455497382199582e+01 1.921229999999999882e-01
-6.125000000000000000e+01 -1.649214659685864603e+01 2.235659999999999870e-01
-6.125000000000000000e+01 -1.554973821989529448e+01 2.235659999999999870e-01
-6.125000000000000000e+01 -1.460732984293194114e+01 3.701600000000000029e-02
-6.125000000000000000e+01 -1.366492146596859136e+01 5.655600000000000210e-02
-6.125000000000000000e+01 -1.272251308900523981e+01 6.698490000000000277e-01
-6.125000000000000000e+01 -1.178010471204188825e+01 7.924409999999999510e-01
-6.125000000000000000e+01 -1.083769633507853669e+01 4.822299999999999920e-01
-6.125000000000000000e+01 -9.895287958115185134e+00 4.197870000000000212e-01
-6.125000000000000000e+01 -8.952879581151833577e+00 1.188209999999999961e-01
-6.125000000000000000e+01 -8.010471204188482020e+00 8.173500000000000210e-02
-6.125000000000000000e+01 -7.068062827225130462e+00 2.746900000000000036e-02
-6.125000000000000000e+01 -6.125654450261779793e+00 9.473199999999999676e-02
-6.125000000000000000e+01 -5.183246073298429124e+00 5.698999999999999899e-02
-6.125000000000000000e+01 -4.240837696335078455e+00 1.853559999999999930e-01
-6.125000000000000000e+01 -3.298429319371727786e+00 2.845309999999999784e-01
-6.125000000000000000e+01 -2.356020942408377117e+00 3.213000000000000144e-03
-6.125000000000000000e+01 -1.413612565445026226e+00 1.746500000000000136e-02
-6.125000000000000000e+01 -4.712041884816753901e-01 1.502829999999999999e-01
-6.125000000000000000e+01 4.712041884816753901e-01 1.502829999999999999e-01
-6.125000000000000000e+01 1.413612565445026226e+00 1.786010000000000097e-01
-6.125000000000000000e+01 2.356020942408377117e+00 6.342860000000000165e-01
-6.125000000000000000e+01 3.298429319371727786e+00 2.460209999999999897e-01
-6.125000000000000000e+01 4.240837696335078455e+00 6.175699999999999940e-02
-6.000000000000000000e+01 -1.554973821989529448e+01 1.238400000000000056e-01
-6.000000000000000000e+01 -1.460732984293194114e+01 4.103820000000000245e-01
-6.000000000000000000e+01 -1.366492146596859136e+01 5.155159999999999743e-01
-6.000000000000000000e+01 -1.272251308900523981e+01 4.281369999999999898e-01
-6.000000000000000000e+01 -1.178010471204188825e+01 1.476999999999999980e-01
-6.000000000000000000e+01 -1.083769633507853669e+01 2.337799999999999948e-02
-6.000000000000000000e+01 -9.895287958115185134e+00 2.535529999999999728e-01
-6.000000000000000000e+01 -8.952879581151833577e+00 8.153799999999999937e-02
-6.000000000000000000e+01 -8.010471204188482020e+00 1.059999999999999961e-03
-6.000000000000000000e+01 -7.068062827225130462e+00 2.461859999999999882e-01
-6.000000000000000000e+01 -6.125654450261779793e+00 6.273099999999999510e-02
-6.000000000000000000e+01 -5.183246073298429124e+00 8.339000000000000579e-02
-6.000000000000000000e+01 -4.240837696335078455e+00 3.636829999999999785e-01
-6.000000000000000000e+01 -3.298429319371727786e+00 7.397709999999999564e-01
-6.000000000000000000e+01 -2.356020942408377117e+00 6.659469999999999557e-01
-6.000000000000000000e+01 -1.413612565445026226e+00 1.721969999999999890e-01
-6.000000000000000000e+01 -4.712041884816753901e-01 4.514399999999999663e-02
-6.000000000000000000e+01 4.712041884816753901e-01 4.514399999999999663e-02
-6.000000000000000000e+01 1.413612565445026226e+00 6.315960000000000463e-01
-6.000000000000000000e+01 2.356020942408377117e+00 2.116319999999999868e-01
-6.000000000000000000e+01 3.298429319371727786e+00 1.118610000000000021e-01
-6.000000000000000000e+01 4.240837696335078455e+00 1.232199999999999962e-02
-6.000000000000000000e+01 5.183246073298429124e+00 1.283199999999999966e-02
-5.875000000000000000e+01 -1.366492146596859136e+01 4.551399999999999890e-02
-5.875000000000000000e+01 -1.272251308900523981e+01 3.065000000000000016e-03
-5.875000000000000000e+01 -1.178010471204188825e+01 2.183380000000000043e-01
-5.875000000000000000e+01 -1.083769633507853669e+01 6.335579999999999545e-01
-5.875000000000000000e+01 -9.895287958115185134e+00 6.184889999999999555e-01
-5.875000000000000000e+01 -8.952879581151833577e+00 1.276299999999999935e-01
-5.875000000000000000e+01 -8.010471204188482020e+00 2.400000000000000061e-04
-5.875000000000000000e+01 -7.068062827225130462e+00 6.820900000000000574e-02
-5.875000000000000000e+01 -6.125654450261779793e+00 2.824999999999999820e-03
-5.875000000000000000e+01 -5.183246073298429124e+00 2.458999999999999814e-03
-5.875000000000000000e+01 -4.240837696335078455e+00 2.227860000000000118e-01
-5.875000000000000000e+01 -3.298429319371727786e+00 6.796100000000000474e-01
-5.875000000000000000e+01 -2.356020942408377117e+00 1.055210000000000037e-01
-5.875000000000000000e+01 -1.413612565445026226e+00 4.076999999999999895e-03
-5.875000000000000000e+01 -4.712041884816753901e-01 0.000000000000000000e+00
-5.875000000000000000e+01 4.712041884816753901e-01 0.000000000000000000e+00
-5.750000000000000000e+01 -1.366492146596859136e+01 5.509300000000000308e-02
-5.750000000000000000e+01 -1.272251308900523981e+01 7.117999999999999328e-02
-5.750000000000000000e+01 -1.178010471204188825e+01 5.649800000000000377e-01
-5.750000000000000000e+01 -1.083769633507853669e+01 4.927070000000000061e-01
-5.750000000000000000e+01 -9.895287958115185134e+00 5.615499999999999936e-01
-5.750000000000000000e+01 -8.952879581151833577e+00 9.137800000000000089e-02
-5.750000000000000000e+01 -8.010471204188482020e+00 4.785500000000000170e-02
-5.750000000000000000e+01 -7.068062827225130462e+00 5.546999999999999847e-03
-5.750000000000000000e+01 -6.125654450261779793e+00 8.016399999999999915e-02
-5.750000000000000000e+01 -5.183246073298429124e+00 1.631999999999999987e-03
-5.750000000000000000e+01 -4.240837696335078455e+00 6.534700000000000231e-02
-5.750000000000000000e+01 -3.298429319371727786e+00 4.013109999999999733e-01
-5.750000000000000000e+01 -2.356020942408377117e+00 6.115500000000000103e-02
-5.750000000000000000e+01 -1.413612565445026226e+00 1.098799999999999950e-02
-5.750000000000000000e+01 -4.712041884816753901e-01 8.099999999999999561e-04
-5.750000000000000000e+01 4.712041884816753901e-01 8.099999999999999561e-04
-5.750000000000000000e+01 1.413612565445026226e+00 9.280000000000000054e-03
-5.625000000000000000e+01 -1.366492146596859136e+01 3.671150000000000246e-01
-5.625000000000000000e+01 -1.272251308900523981e+01 3.499599999999999933e-01
-5.625000000000000000e+01 -1.178010471204188825e+01 7.692679999999999518e-01
-5.625000000000000000e+01 -1.083769633507853669e+01 5.666719999999999535e-01
-5.625000000000000000e+01 -9.895287958115185134e+00 9.578100000000000502e-01
-5.625000000000000000e+01 -8.952879581151833577e+00 1.042919999999999958e-01
-5.625000000000000000e+01 -8.010471204188482020e+00 3.077200000000000074e-02
-5.625000000000000000e+01 -7.068062827225130462e+00 1.656660000000000077e-01
-5.625000000000000000e+01 -6.125654450261779793e+00 2.002420000000000033e-01
-5.625000000000000000e+01 -5.183246073298429124e+00 3.361210000000000031e-01
-5.625000000000000000e+01 -4.240837696335078455e+00 4.351679999999999993e-01
-5.625000000000000000e+01 -3.298429319371727786e+00 8.110100000000000642e-02
-5.625000000000000000e+01 -2.356020942408377117e+00 3.978360000000000229e-01
-5.625000000000000000e+01 -1.413612565445026226e+00 3.736099999999999838e-02
-5.625000000000000000e+01 -4.712041884816753901e-01 8.000000000000000654e-05
-5.625000000000000000e+01 4.712041884816753901e-01 8.000000000000000654e-05
-5.625000000000000000e+01 1.413612565445026226e+00 0.000000000000000000e+00
-5.500000000000000000e+01 -1.460732984293194114e+01 1.834469999999999990e-01
-5.500000000000000000e+01 -1.366492146596859136e+01 5.105200000000000016e-02
-5.500000000000000000e+01 -1.272251308900523981e+01 5.401280000000000525e-01
-5.500000000000000000e+01 -1.178010471204188825e+01 8.077170000000000183e-01
-5.500000000000000000e+01 -1.083769633507853669e+01 8.765859999999999763e-01
-5.500000000000000000e+01 -9.895287958115185134e+00 8.709109999999999907e-01
-5.500000000000000000e+01 -8.952879581151833577e+00 2.331610000000000071e-01
-5.500000000000000000e+01 -8.010471204188482020e+00 4.159240000000000159e-01
-5.500000000000000000e+01 -7.068062827225130462e+00 2.983460000000000001e-01
-5.500000000000000000e+01 -6.125654450261779793e+00 6.261500000000000399e-02
-5.500000000000000000e+01 -5.183246073298429124e+00 2.274500000000000133e-02
-5.500000000000000000e+01 -4.240837696335078455e+00 4.648109999999999742e-01
-5.500000000000000000e+01 -3.298429319371727786e+00 5.934040000000000425e-01
-5.500000000000000000e+01 -2.356020942408377117e+00 6.188249999999999584e-01
-5.500000000000000000e+01 -1.413612565445026226e+00 3.226099999999999801e-02
-5.500000000000000000e+01 -4.712041884816753901e-01 2.420000000000000005e-04
-5.500000000000000000e+01 4.712041884816753901e-01 2.420000000000000005e-04
-5.500000000000000000e+01 1.413612565445026226e+00 2.420000000000000005e-04
-5.500000000000000000e+01 2.356020942408377117e+00 5.760000000000000146e-04
-5.375000000000000000e+01 -1.460732984293194114e+01 4.079999999999999968e-04
-5.375000000000000000e+01 -1.366492146596859136e+01 4.689100000000000212e-02
-5.375000000000000000e+01 -1.272251308900523981e+01 3.537710000000000021e-01
-5.375000000000000000e+01 -1.178010471204188825e+01 2.575770000000000004e-01
-5.375000000000000000e+01 -1.083769633507853669e+01 4.781569999999999987e-01
-5.375000000000000000e+01 -9.895287958115185134e+00 4.892580000000000262e-01
-5.375000000000000000e+01 -8.952879581151833577e+00 3.069600000000000106e-02
-5.375000000000000000e+01 -8.010471204188482020e+00 8.000000000000000654e-05
-5.375000000000000000e+01 -7.068062827225130462e+00 1.236199999999999972e-02
-5.375000000000000000e+01 -6.125654450261779793e+00 6.990000000000000380e-02
-5.375000000000000000e+01 -5.183246073298429124e+00 7.646699999999999331e-02
-5.375000000000000000e+01 -4.240837696335078455e+00 4.688309999999999977e-01
-5.375000000000000000e+01 -3.298429319371727786e+00 5.526419999999999666e-01
-5.375000000000000000e+01 -2.356020942408377117e+00 5.125389999999999668e-01
-5.375000000000000000e+01 -1.413612565445026226e+00 1.442319999999999991e-01
-5.375000000000000000e+01 -4.712041884816753901e-01 4.938999999999999814e-03
-5.375000000000000000e+01 4.712041884816753901e-01 4.938999999999999814e-03
-5.375000000000000000e+01 1.413612565445026226e+00 1.469389999999999863e-01
-5.375000000000000000e+01 2.356020942408377117e+00 1.296999999999999976e-03
-5.250000000000000000e+01 -1.366492146596859136e+01 1.320999999999999952e-02
-5.250000000000000000e+01 -1.272251308900523981e+01 2.997489999999999877e-01
-5.250000000000000000e+01 -1.178010471204188825e+01 1.449680000000000135e-01
-5.250000000000000000e+01 -1.083769633507853669e+01 3.223710000000000186e-01
-5.250000000000000000e+01 -9.895287958115185134e+00 1.433480000000000032e-01
-5.250000000000000000e+01 -8.952879581151833577e+00 5.699999999999999772e-04
-5.250000000000000000e+01 -8.010471204188482020e+00 9.454999999999999863e-03
-5.250000000000000000e+01 -7.068062827225130462e+00 3.030789999999999873e-01
-5.250000000000000000e+01 -6.125654450261779793e+00 3.934719999999999884e-01
-5.250000000000000000e+01 -5.183246073298429124e+00 1.169700000000000080e-02
-5.250000000000000000e+01 -4.240837696335078455e+00 1.784610000000000085e-01
-5.250000000000000000e+01 -3.298429319371727786e+00 4.587049999999999739e-01
-5.250000000000000000e+01 -2.356020942408377117e+00 9.654000000000000081e-02
-5.250000000000000000e+01 -1.413612565445026226e+00 6.334889999999999688e-01
-5.250000000000000000e+01 -4.712041884816753901e-01 1.109760000000000052e-01
-5.250000000000000000e+01 4.712041884816753901e-01 1.109760000000000052e-01
-5.125000000000000000e+01 -8.952879581151833577e+00 7.226430000000000353e-01
-5.125000000000000000e+01 -8.010471204188482020e+00 4.880749999999999811e-01
-5.125000000000000000e+01 -7.068062827225130462e+00 6.230719999999999592e-01
-5.125000000000000000e+01 -5.183246073298429124e+00 3.561070000000000069e-01
-5.125000000000000000e+01 -4.240837696335078455e+00 5.599490000000000300e-01
-5.125000000000000000e+01 -3.298429319371727786e+00 7.675720000000000320e-01
-5.125000000000000000e+01 -2.356020942408377117e+00 4.259229999999999960e-01
-5.000000000000000000e+01 -3.298429319371727786e+00 8.056900000000000173e-01
