-7.875000000000000000e+01 -6.125654450261779793e+00 4.987559999999999771e-01
-7.875000000000000000e+01 -5.183246073298429124e+00 1.985480000000000023e-01
-7.875000000000000000e+01 -4.240837696335078455e+00 2.625680000000000236e-01
-7.875000000000000000e+01 -3.298429319371727786e+00 3.780789999999999984e-01
-7.875000000000000000e+01 -2.356020942408377117e+00 0.000000000000000000e+00
-7.875000000000000000e+01 -1.413612565445026226e+00 0.000000000000000000e+00
-7.750000000000000000e+01 -8.952879581151833577e+00 1.897490000000000010e-01
-7.750000000000000000e+01 -8.010471204188482020e+00 1.435049999999999937e-01
-7.750000000000000000e+01 -7.068062827225130462e+00 2.832040000000000113e-01
-7.750000000000000000e+01 -6.125654450261779793e+00 5.094739999999999824e-01
-7.750000000000000000e+01 -5.183246073298429124e+00 1.250000000000000000e-01
-7.750000000000000000e+01 -4.240837696335078455e+00 4.338100000000000289e-02
-7.750000000000000000e+01 -3.298429319371727786e+00 2.297089999999999965e-01
-7.750000000000000000e+01 -2.356020942408377117e+00 1.787729999999999875e-01
-7.750000000000000000e+01 -1.413612565445026226e+00 2.853060000000000040e-01
-7.750000000000000000e+01 -4.712041884816753901e-01 1.912200000000000011e-01
-7.750000000000000000e+01 4.712041884816753901e-01 1.912200000000000011e-01
-7.625000000000000000e+01 -1.083769633507853669e+01 6.166800000000000059e-02
-7.625000000000000000e+01 -9.895287958115185134e+00 1.300679999999999892e-01
-7.625000000000000000e+01 -8.952879581151833577e+00 3.498740000000000183e-01
-7.625000000000000000e+01 -8.010471204188482020e+00 9.835900000000000198e-02
-7.625000000000000000e+01 -7.068062827225130462e+00 2.095460000000000100e-01
-7.625000000000000000e+01 -6.125654450261779793e+00 2.811540000000000150e-01
-7.625000000000000000e+01 -5.183246073298429124e+00 4.002700000000000008e-02
-7.625000000000000000e+01 -4.240837696335078455e+00 1.472000000000000001e-03
-7.625000000000000000e+01 -3.298429319371727786e+00 3.983000000000000429e-03
-7.625000000000000000e+01 -2.356020942408377117e+00 2.553000000000000148e-03
-7.625000000000000000e+01 -1.413612565445026226e+00 2.611000000000000040e-03
-7.625000000000000000e+01 -4.712041884816753901e-01 3.966599999999999987e-02
-7.625000000000000000e+01 4.712041884816753901e-01 3.966599999999999987e-02
-7.625000000000000000e+01 1.413612565445026226e+00 6.407749999999999835e-01
-7.500000000000000000e+01 -1.366492146596859136e+01 7.814200000000000312e-02
-7.500000000000000000e+01 -1.272251308900523981e+01 1.417779999999999874e-01
-7.500000000000000000e+01 -1.178010471204188825e+01 1.239989999999999981e-01
-7.500000000000000000e+01 -1.083769633507853669e+01 3.276020000000000043e-01
-7.500000000000000000e+01 -9.895287958115185134e+00 1.452489999999999892e-01
-7.500000000000000000e+01 -8.952879581151833577e+00 3.967530000000000223e-01
-7.500000000000000000e+01 -8.010471204188482020e+00 2.097580000000000000e-01
-7.500000000000000000e+01 -7.068062827225130462e+00 3.560399999999999676e-02
-7.500000000000000000e+01 -6.125654450261779793e+00 6.070300000000000001e-02
-7.500000000000000000e+01 -5.183246073298429124e+00 4.566900000000000126e-02
-7.500000000000000000e+01 -4.240837696335078455e+00 2.003299999999999872e-02
-7.500000000000000000e+01 -3.298429319371727786e+00 2.305999999999999890e-03
-7.500000000000000000e+01 -2.356020942408377117e+00 6.376999999999999856e-03
-7.500000000000000000e+01 -1.413612565445026226e+00 5.597000000000000412e-03
-7.500000000000000000e+01 -4.712041884816753901e-01 2.222800000000000123e-02
-7.500000000000000000e+01 4.712041884816753901e-01 2.222800000000000123e-02
-7.500000000000000000e+01 1.413612565445026226e+00 4.566810000000000036e-01
-7.500000000000000000e+01 2.356020942408377117e+00 7.703759999999999497e-01
-7.375000000000000000e+01 -1.460732984293194114e+01 0.000000000000000000e+00
-7.375000000000000000e+01 -1.366492146596859136e+01 1.302490000000000037e-01
-7.375000000000000000e+01 -1.272251308900523981e+01 8.280200000000000060e-02
-7.375000000000000000e+01 -1.178010471204188825e+01 9.390400000000000136e-02
-7.375000000000000000e+01 -1.083769633507853669e+01 8.279200000000000448e-02
-7.375000000000000000e+01 -9.895287958115185134e+00 5.654499999999999804e-02
-7.375000000000000000e+01 -8.952879581151833577e+00 7.581599999999999451e-02
-7.375000000000000000e+01 -8.010471204188482020e+00 7.135400000000000076e-02
-7.375000000000000000e+01 -7.068062827225130462e+00 1.189100000000000053e-02
-7.375000000000000000e+01 -6.125654450261779793e+00 2.464699999999999877e-02
-7.375000000000000000e+01 -5.183246073298429124e+00 7.177999999999999658e-02
-7.375000000000000000e+01 -4.240837696335078455e+00 2.272499999999999867e-02
-7.375000000000000000e+01 -3.298429319371727786e+00 7.262000000000000226e-03
-7.375000000000000000e+01 -2.356020942408377117e+00 5.409999999999999878e-03
-7.375000000000000000e+01 -1.413612565445026226e+00 6.624700000000000033e-02
-7.375000000000000000e+01 -4.712041884816753901e-01 2.467000000000000009e-03
-7.375000000000000000e+01 4.712041884816753901e-01 2.467000000000000009e-03
-7.375000000000000000e+01 1.413612565445026226e+00 3.635300000000000337e-02
-7.250000000000000000e+01 -1.460732984293194114e+01 5.432000000000000196e-03
-7.250000000000000000e+01 -1.366492146596859136e+01 1.374849999999999961e-01
-7.250000000000000000e+01 -1.272251308900523981e+01 1.686390000000000111e-01
-7.250000000000000000e+01 -1.178010471204188825e+01 4.293199999999999794e-02
-7.250000000000000000e+01 -1.083769633507853669e+01 6.879999999999999831e-03
-7.250000000000000000e+01 -9.895287958115185134e+00 0.000000000000000000e+00
-7.250000000000000000e+01 -8.952879581151833577e+00 9.388999999999999777e-03
-7.250000000000000000e+01 -8.010471204188482020e+00 2.987690000000000068e-01
-7.250000000000000000e+01 -7.068062827225130462e+00 8.521700000000000108e-02
-7.250000000000000000e+01 -6.125654450261779793e+00 9.730000000000000151e-04
-7.250000000000000000e+01 -5.183246073298429124e+00 9.737000000000000863e-03
-7.250000000000000000e+01 -4.240837696335078455e+00 1.123389999999999944e-01
-7.250000000000000000e+01 -3.298429319371727786e+00 2.123999999999999846e-02
-7.250000000000000000e+01 -2.356020942408377117e+00 3.531299999999999717e-02
-7.250000000000000000e+01 -1.413612565445026226e+00 1.093700000000000054e-02
-7.250000000000000000e+01 -4.712041884816753901e-01 6.908000000000000078e-03
-7.250000000000000000e+01 4.712041884816753901e-01 6.908000000000000078e-03
-7.250000000000000000e+01 1.413612565445026226e+00 1.020399999999999953e-02
-7.125000000000000000e+01 -1.460732984293194114e+01 9.079900000000000471e-02
-7.125000000000000000e+01 -1.366492146596859136e+01 2.439500000000000002e-02
-7.125000000000000000e+01 -1.272251308900523981e+01 9.465300000000000102e-02
-7.125000000000000000e+01 -1.178010471204188825e+01 0.000000000000000000e+00
-7.125000000000000000e+01 -1.083769633507853669e+01 0.000000000000000000e+00
-7.125000000000000000e+01 -9.895287958115185134e+00 6.791000000000000161e-03
-7.125000000000000000e+01 -8.952879581151833577e+00 4.022699999999999887e-02
-7.125000000000000000e+01 -8.010471204188482020e+00 3.214290000000000203e-01
-7.125000000000000000e+01 -7.068062827225130462e+00 5.342999999999999659e-03
-7.125000000000000000e+01 -6.125654450261779793e+00 4.655000000000000283e-03
-7.125000000000000000e+01 -5.183246073298429124e+00 2.429999999999999977e-04
-7.125000000000000000e+01 -4.240837696335078455e+00 2.534499999999999947e-02
-7.125000000000000000e+01 -3.298429319371727786e+00 2.390000000000000089e-04
-7.125000000000000000e+01 -2.356020942408377117e+00 2.956800000000000053e-02
-7.125000000000000000e+01 -1.413612565445026226e+00 3.592000000000000141e-03
-7.125000000000000000e+01 -4.712041884816753901e-01 0.000000000000000000e+00
-7.125000000000000000e+01 4.712041884816753901e-01 0.000000000000000000e+00
-7.125000000000000000e+01 1.413612565445026226e+00 6.283700000000000396e-02
-7.000000000000000000e+01 -1.366492146596859136e+01 8.580000000000000820e-03
-7.000000000000000000e+01 -1.272251308900523981e+01 2.162550000000000028e-01
-7.000000000000000000e+01 -1.178010471204188825e+01 4.396999999999999867e-03
-7.000000000000000000e+01 -1.083769633507853669e+01 2.224309999999999898e-01
-7.000000000000000000e+01 -9.895287958115185134e+00 6.086000000000000264e-03
-7.000000000000000000e+01 -8.952879581151833577e+00 8.488500000000000212e-02
-7.000000000000000000e+01 -8.010471204188482020e+00 1.860729999999999884e-01
-7.000000000000000000e+01 -7.068062827225130462e+00 3.049500000000000127e-02
-7.000000000000000000e+01 -6.125654450261779793e+00 1.861000000000000024e-03
-7.000000000000000000e+01 -5.183246073298429124e+00 8.040000000000000271e-04
-7.000000000000000000e+01 -4.240837696335078455e+00 1.011299999999999977e-01
-7.000000000000000000e+01 -3.298429319371727786e+00 4.282799999999999802e-02
-7.000000000000000000e+01 -2.356020942408377117e+00 1.208399999999999926e-02
-7.000000000000000000e+01 -1.413612565445026226e+00 2.474499999999999963e-02
-7.000000000000000000e+01 -4.712041884816753901e-01 1.220300000000000031e-02
-7.000000000000000000e+01 4.712041884816753901e-01 1.220300000000000031e-02
-7.000000000000000000e+01 1.413612565445026226e+00 6.252999999999999878e-03
-6.875000000000000000e+01 -1.554973821989529448e+01 6.769999999999999759e-04
-6.875000000000000000e+01 -1.460732984293194114e+01 2.906299999999999856e-02
-6.875000000000000000e+01 -1.366492146596859136e+01 4.787999999999999722e-03
-6.875000000000000000e+01 -1.272251308900523981e+01 1.038189999999999946e-01
-6.875000000000000000e+01 -1.178010471204188825e+01 2.528690000000000104e-01
-6.875000000000000000e+01 -1.083769633507853669e+01 4.881130000000000191e-01
-6.875000000000000000e+01 -9.895287958115185134e+00 5.360199999999999687e-02
-6.875000000000000000e+01 -8.952879581151833577e+00 2.681609999999999827e-01
-6.875000000000000000e+01 -8.010471204188482020e+00 3.200000000000000262e-04
-6.875000000000000000e+01 -7.068062827225130462e+00 2.047999999999999907e-03
-6.875000000000000000e+01 -6.125654450261779793e+00 1.129999999999999928e-03
-6.875000000000000000e+01 -5.183246073298429124e+00 4.840000000000000010e-04
-6.875000000000000000e+01 -4.240837696335078455e+00 4.423999999999999981e-03
-6.875000000000000000e+01 -3.298429319371727786e+00 7.030999999999999923e-03
-6.875000000000000000e+01 -2.356020942408377117e+00 4.261000000000000031e-03
-6.875000000000000000e+01 -1.413612565445026226e+00 7.415999999999999849e-03
-6.875000000000000000e+01 -4.712041884816753901e-01 1.129100000000000069e-02
-6.875000000000000000e+01 4.712041884816753901e-01 1.129100000000000069e-02
-6.875000000000000000e+01 1.413612565445026226e+00 1.420100000000000008e-02
-6.875000000000000000e+01 2.356020942408377117e+00 6.131000000000000165e-03
-6.750000000000000000e+01 -1.649214659685864603e+01 2.415309999999999957e-01
-6.750000000000000000e+01 -1.554973821989529448e+01 2.415309999999999957e-01
-6.750000000000000000e+01 -1.460732984293194114e+01 9.070699999999999597e-02
-6.750000000000000000e+01 -1.366492146596859136e+01 7.570000000000000340e-02
-6.750000000000000000e+01 -1.272251308900523981e+01 8.810000000000000123e-03
-6.750000000000000000e+01 -1.178010471204188825e+01 1.472500000000000024e-02
-6.750000000000000000e+01 -1.083769633507853669e+01 2.919849999999999945e-01
-6.750000000000000000e+01 -9.895287958115185134e+00 7.330029999999999601e-01
-6.750000000000000000e+01 -8.952879581151833577e+00 1.379789999999999905e-01
-6.750000000000000000e+01 -8.010471204188482020e+00 9.590000000000000000e-04
-6.750000000000000000e+01 -7.068062827225130462e+00 8.919999999999999978e-04
-6.750000000000000000e+01 -6.125654450261779793e+00 5.134999999999999808e-03
-6.750000000000000000e+01 -5.183246073298429124e+00 1.128000000000000096e-03
-6.750000000000000000e+01 -4.240837696335078455e+00 8.059999999999999673e-04
-6.750000000000000000e+01 -3.298429319371727786e+00 1.458600000000000001e-02
-6.750000000000000000e+01 -2.356020942408377117e+00 3.310000000000000225e-04
-6.750000000000000000e+01 -1.413612565445026226e+00 8.000000000000000654e-05
-6.750000000000000000e+01 -4.712041884816753901e-01 8.989999999999999511e-04
-6.750000000000000000e+01 4.712041884816753901e-01 8.989999999999999511e-04
-6.750000000000000000e+01 1.413612565445026226e+00 6.081999999999999733e-03
-6.750000000000000000e+01 2.356020942408377117e+00 7.219999999999999855e-04
-6.625000000000000000e+01 -1.837696335078534560e+01 8.382100000000000661e-02
-6.625000000000000000e+01 -1.743455497382199582e+01 2.028820000000000068e-01
-6.625000000000000000e+01 -1.649214659685864603e+01 1.786999999999999960e-03
-6.625000000000000000e+01 -1.554973821989529448e+01 1.786999999999999960e-03
-6.625000000000000000e+01 -1.460732984293194114e+01 8.517999999999999530e-03
-6.625000000000000000e+01 -1.366492146596859136e+01 1.134000000000000025e-03
-6.625000000000000000e+01 -1.272251308900523981e+01 0.000000000000000000e+00
-6.625000000000000000e+01 -1.178010471204188825e+01 9.294000000000000178e-03
-6.625000000000000000e+01 -1.083769633507853669e+01 1.239249999999999935e-01
-6.625000000000000000e+01 -9.895287958115185134e+00 1.939539999999999875e-01
-6.625000000000000000e+01 -8.952879581151833577e+00 1.023860000000000048e-01
-6.625000000000000000e+01 -8.010471204188482020e+00 2.295000000000000165e-03
-6.625000000000000000e+01 -7.068062827225130462e+00 8.109999999999999805e-04
-6.625000000000000000e+01 -6.125654450261779793e+00 1.610000000000000103e-04
-6.625000000000000000e+01 -5.183246073298429124e+00 3.260000000000000094e-04
-6.625000000000000000e+01 -4.240837696335078455e+00 3.536000000000000081e-03
-6.625000000000000000e+01 -3.298429319371727786e+00 1.435299999999999944e-02
-6.625000000000000000e+01 -2.356020942408377117e+00 6.283999999999999655e-03
-6.625000000000000000e+01 -1.413612565445026226e+00 0.000000000000000000e+00
-6.625000000000000000e+01 -4.712041884816753901e-01 2.425000000000000072e-03
-6.625000000000000000e+01 4.712041884816753901e-01 2.425000000000000072e-03
-6.625000000000000000e+01 1.413612565445026226e+00 8.732900000000000384e-02
-6.625000000000000000e+01 2.356020942408377117e+00 8.532099999999999407e-02
-6.500000000000000000e+01 -1.837696335078534560e+01 2.403800000000000034e-02
-6.500000000000000000e+01 -1.743455497382199582e+01 4.098809999999999953e-01
-6.500000000000000000e+01 -1.649214659685864603e+01 3.427899999999999697e-02
-6.500000000000000000e+01 -1.554973821989529448e+01 3.427899999999999697e-02
-6.500000000000000000e+01 -1.460732984293194114e+01 7.616999999999999639e-03
-6.500000000000000000e+01 -1.366492146596859136e+01 4.922000000000000160e-03
-6.500000000000000000e+01 -1.272251308900523981e+01 2.324999999999999810e-03
-6.500000000000000000e+01 -1.178010471204188825e+01 7.238999999999999775e-03
-6.500000000000000000e+01 -1.083769633507853669e+01 1.815309999999999979e-01
-6.500000000000000000e+01 -9.895287958115185134e+00 5.289439999999999698e-01
-6.500000000000000000e+01 -8.952879581151833577e+00 1.005479999999999985e-01
-6.500000000000000000e+01 -8.010471204188482020e+00 5.190000000000000169e-03
-6.500000000000000000e+01 -7.068062827225130462e+00 4.001699999999999702e-02
-6.500000000000000000e+01 -6.125654450261779793e+00 1.147999999999999932e-03
-6.500000000000000000e+01 -5.183246073298429124e+00 3.268000000000000071e-03
-6.500000000000000000e+01 -4.240837696335078455e+00 1.449300000000000067e-02
-6.500000000000000000e+01 -3.298429319371727786e+00 3.458100000000000063e-02
-6.500000000000000000e+01 -2.356020942408377117e+00 4.329999999999999648e-03
-6.500000000000000000e+01 -1.413612565445026226e+00 1.791999999999999973e-03
-6.500000000000000000e+01 -4.712041884816753901e-01 7.742999999999999883e-03
-6.500000000000000000e+01 4.712041884816753901e-01 7.742999999999999883e-03
-6.500000000000000000e+01 1.413612565445026226e+00 2.658999999999999905e-03
-6.375000000000000000e+01 -2.026178010471204516e+01 6.666670000000000096e-01
-6.375000000000000000e+01 -1.931937172774869538e+01 1.886359999999999981e-01
-6.375000000000000000e+01 -1.837696335078534560e+01 1.326779999999999904e-01
-6.375000000000000000e+01 -1.743455497382199582e+01 5.019820000000000393e-01
-6.375000000000000000e+01 -1.649214659685864603e+01 5.941599999999999659e-02
-6.375000000000000000e+01 -1.554973821989529448e+01 5.941599999999999659e-02
-6.375000000000000000e+01 -1.460732984293194114e+01 2.808899999999999939e-02
-6.375000000000000000e+01 -1.366492146596859136e+01 3.220999999999999905e-03
-6.375000000000000000e+01 -1.272251308900523981e+01 2.174000000000000151e-03
-6.375000000000000000e+01 -1.178010471204188825e+01 2.278759999999999952e-01
-6.375000000000000000e+01 -1.083769633507853669e+01 5.555600000000000122e-02
-6.375000000000000000e+01 -9.895287958115185134e+00 4.606919999999999904e-01
-6.375000000000000000e+01 -8.952879581151833577e+00 7.532609999999999584e-01
-6.375000000000000000e+01 -8.010471204188482020e+00 2.691520000000000024e-01
-6.375000000000000000e+01 -7.068062827225130462e+00 6.466700000000000226e-02
-6.375000000000000000e+01 -6.125654450261779793e+00 4.970999999999999724e-03
-6.375000000000000000e+01 -5.183246073298429124e+00 1.174299999999999997e-02
-6.375000000000000000e+01 -4.240837696335078455e+00 6.665500000000000591e-02
-6.375000000000000000e+01 -3.298429319371727786e+00 2.216999999999999787e-03
-6.375000000000000000e+01 -2.356020942408377117e+00 3.249999999999999851e-04
-6.375000000000000000e+01 -1.413612565445026226e+00 3.240000000000000150e-04
-6.375000000000000000e+01 -4.712041884816753901e-01 1.828999999999999897e-03
-6.375000000000000000e+01 4.712041884816753901e-01 1.828999999999999897e-03
-6.375000000000000000e+01 1.413612565445026226e+00 0.000000000000000000e+00
-6.375000000000000000e+01 3.298429319371727786e+00 1.870899999999999994e-02
-6.250000000000000000e+01 -1.931937172774869538e+01 3.761249999999999871e-01
-6.250000000000000000e+01 -1.837696335078534560e+01 7.160590000000000011e-01
-6.250000000000000000e+01 -1.743455497382199582e+01 7.872409999999999686e-01
-6.250000000000000000e+01 -1.649214659685864603e+01 8.506099999999999772e-02
-6.250000000000000000e+01 -1.554973821989529448e+01 8.506099999999999772e-02
-6.250000000000000000e+01 -1.460732984293194114e+01 7.910999999999999630e-03
-6.250000000000000000e+01 -1.366492146596859136e+01 2.263999999999999953e-03
-6.250000000000000000e+01 -1.272251308900523981e+01 1.157999999999999958e-03
-6.250000000000000000e+01 -1.178010471204188825e+01 3.397209999999999952e-01
-6.250000000000000000e+01 -1.083769633507853669e+01 3.383079999999999976e-01
-6.250000000000000000e+01 -9.895287958115185134e+00 9.514740000000000419e-01
-6.250000000000000000e+01 -8.952879581151833577e+00 3.676900000000000168e-01
-6.250000000000000000e+01 -8.010471204188482020e+00 1.932260000000000089e-01
-6.250000000000000000e+01 -7.068062827225130462e+00 3.285100000000000242e-01
-6.250000000000000000e+01 -6.125654450261779793e+00 4.980400000000000105e-02
-6.250000000000000000e+01 -5.183246073298429124e+00 2.396000000000000126e-03
-6.250000000000000000e+01 -4.240837696335078455e+00 7.711400000000000199e-02
-6.250000000000000000e+01 -3.298429319371727786e+00 9.556999999999999523e-03
-6.250000000000000000e+01 -2.356020942408377117e+00 1.056999999999999997e-03
-6.250000000000000000e+01 -1.413612565445026226e+00 1.071000000000000077e-02
-6.250000000000000000e+01 -4.712041884816753901e-01 6.509999999999999945e-04
-6.250000000000000000e+01 4.712041884816753901e-01 6.509999999999999945e-04
-6.250000000000000000e+01 1.413612565445026226e+00 1.435000000000000078e-03
-6.250000000000000000e+01 2.356020942408377117e+00 7.036999999999999852e-03
-6.250000000000000000e+01 3.298429319371727786e+00 0.000000000000000000e+00
-6.125000000000000000e+01 -1.837696335078534560e+01 1.830600000000000005e-01
-6.125000000000000000e+01 -1.743455497382199582e+01 1.990210000000000035e-01
-6.125000000000000000e+01 -1.649214659685864603e+01 2.096889999999999865e-01
-6.125000000000000000e+01 -1.554973821989529448e+01 2.096889999999999865e-01
-6.125000000000000000e+01 -1.460732984293194114e+01 3.847400000000000125e-02
-6.125000000000000000e+01 -1.366492146596859136e+01 3.854599999999999693e-02
-6.125000000000000000e+01 -1.272251308900523981e+01 6.112769999999999593e-01
-6.125000000000000000e+01 -1.178010471204188825e+01 7.612950000000000550e-01
-6.125000000000000000e+01 -1.083769633507853669e+01 4.155639999999999890e-01
-6.125000000000000000e+01 -9.895287958115185134e+00 2.373669999999999947e-01
-6.125000000000000000e+01 -8.952879581151833577e+00 4.680600000000000038e-02
-6.125000000000000000e+01 -8.010471204188482020e+00 7.442300000000000304e-02
-6.125000000000000000e+01 -7.068062827225130462e+00 2.408599999999999977e-02
-6.125000000000000000e+01 -6.125654450261779793e+00 5.057199999999999890e-02
-6.125000000000000000e+01 -5.183246073298429124e+00 5.913399999999999906e-02
-6.125000000000000000e+01 -4.240837696335078455e+00 2.188970000000000082e-01
-6.125000000000000000e+01 -3.298429319371727786e+00 2.760589999999999988e-01
-6.125000000000000000e+01 -2.356020942408377117e+00 3.299999999999999982e-03
-6.125000000000000000e+01 -1.413612565445026226e+00 1.069100000000000085e-02
-6.125000000000000000e+01 -4.712041884816753901e-01 1.549149999999999971e-01
-6.125000000000000000e+01 4.712041884816753901e-01 1.549149999999999971e-01
-6.125000000000000000e+01 1.413612565445026226e+00 1.723999999999999977e-01
-6.125000000000000000e+01 2.356020942408377117e+00 5.340319999999999512e-01
-6.125000000000000000e+01 3.298429319371727786e+00 2.338749999999999996e-01
-6.125000000000000000e+01 4.240837696335078455e+00 2.680499999999999897e-02
-6.000000000000000000e+01 -1.554973821989529448e+01 9.199300000000000532e-02
-6.000000000000000000e+01 -1.460732984293194114e+01 3.829580000000000206e-01
-6.000000000000000000e+01 -1.366492146596859136e+01 4.090980000000000172e-01
-6.000000000000000000e+01 -1.272251308900523981e+01 3.540300000000000114e-01
-6.000000000000000000e+01 -1.178010471204188825e+01 1.152539999999999953e-01
-6.000000000000000000e+01 -1.083769633507853669e+01 1.132999999999999893e-03
-6.000000000000000000e+01 -9.895287958115185134e+00 5.412700000000000150e-02
-6.000000000000000000e+01 -8.952879581151833577e+00 5.904000000000000394e-03
-6.000000000000000000e+01 -8.010471204188482020e+00 3.670000000000000085e-03
-6.000000000000000000e+01 -7.068062827225130462e+00 2.620899999999999896e-01
-6.000000000000000000e+01 -6.125654450261779793e+00 4.143700000000000161e-02
-6.000000000000000000e+01 -5.183246073298429124e+00 5.011899999999999689e-02
-6.000000000000000000e+01 -4.240837696335078455e+00 3.729990000000000250e-01
-6.000000000000000000e+01 -3.298429319371727786e+00 7.004240000000000466e-01
-6.000000000000000000e+01 -2.356020942408377117e+00 5.950819999999999999e-01
-6.000000000000000000e+01 -1.413612565445026226e+00 1.638300000000000034e-01
-6.000000000000000000e+01 -4.712041884816753901e-01 6.091599999999999793e-02
-6.000000000000000000e+01 4.712041884816753901e-01 6.091599999999999793e-02
-6.000000000000000000e+01 1.413612565445026226e+00 6.366789999999999949e-01
-6.000000000000000000e+01 2.356020942408377117e+00 1.192409999999999998e-01
-6.000000000000000000e+01 3.298429319371727786e+00 1.051160000000000011e-01
-6.000000000000000000e+01 4.240837696335078455e+00 1.108199999999999984e-02
-6.000000000000000000e+01 5.183246073298429124e+00 1.274999999999999918e-02
-5.875000000000000000e+01 -1.366492146596859136e+01 4.575800000000000006e-02
-5.875000000000000000e+01 -1.272251308900523981e+01 4.193999999999999811e-03
-5.875000000000000000e+01 -1.178010471204188825e+01 1.954970000000000041e-01
-5.875000000000000000e+01 -1.083769633507853669e+01 4.049340000000000162e-01
-5.875000000000000000e+01 -9.895287958115185134e+00 1.969430000000000069e-01
-5.875000000000000000e+01 -8.952879581151833577e+00 3.985899999999999860e-02
-5.875000000000000000e+01 -8.010471204188482020e+00 2.400000000000000061e-04
-5.875000000000000000e+01 -7.068062827225130462e+00 7.077100000000000057e-02
-5.875000000000000000e+01 -6.125654450261779793e+00 2.178999999999999947e-03
-5.875000000000000000e+01 -5.183246073298429124e+00 1.229000000000000058e-03
-5.875000000000000000e+01 -4.240837696335078455e+00 2.361370000000000136e-01
-5.875000000000000000e+01 -3.298429319371727786e+00 6.938360000000000083e-01
-5.875000000000000000e+01 -2.356020942408377117e+00 1.263839999999999963e-01
-5.875000000000000000e+01 -1.413612565445026226e+00 8.149999999999999693e-04
-5.875000000000000000e+01 -4.712041884816753901e-01 0.000000000000000000e+00
-5.875000000000000000e+01 4.712041884816753901e-01 0.000000000000000000e+00
-5.750000000000000000e+01 -1.366492146596859136e+01 5.129700000000000232e-02
-5.750000000000000000e+01 -1.272251308900523981e+01 6.251500000000000112e-02
-5.750000000000000000e+01 -1.178010471204188825e+01 4.871019999999999794e-01
-5.750000000000000000e+01 -1.083769633507853669e+01 3.767809999999999770e-01
-5.750000000000000000e+01 -9.895287958115185134e+00 2.582149999999999723e-01
-5.750000000000000000e+01 -8.952879581151833577e+00 1.875100000000000031e-02
-5.750000000000000000e+01 -8.010471204188482020e+00 1.814999999999999990e-03
-5.750000000000000000e+01 -7.068062827225130462e+00 5.878000000000000412e-03
-5.750000000000000000e+01 -6.125654450261779793e+00 1.150110000000000021e-01
-5.750000000000000000e+01 -5.183246073298429124e+00 1.631999999999999987e-03
-5.750000000000000000e+01 -4.240837696335078455e+00 1.021090000000000053e-01
-5.750000000000000000e+01 -3.298429319371727786e+00 4.194149999999999823e-01
-5.750000000000000000e+01 -2.356020942408377117e+00 5.866199999999999887e-02
-5.750000000000000000e+01 -1.413612565445026226e+00 9.116000000000000839e-03
-5.750000000000000000e+01 -4.712041884816753901e-01 0.000000000000000000e+00
-5.750000000000000000e+01 4.712041884816753901e-01 0.000000000000000000e+00
-5.750000000000000000e+01 1.413612565445026226e+00 4.879999999999999898e-04
-5.625000000000000000e+01 -1.366492146596859136e+01 3.290089999999999959e-01
-5.625000000000000000e+01 -1.272251308900523981e+01 3.316379999999999884e-01
-5.625000000000000000e+01 -1.178010471204188825e+01 7.138339999999999685e-01
-5.625000000000000000e+01 -1.083769633507853669e+01 4.935350000000000015e-01
-5.625000000000000000e+01 -9.895287958115185134e+00 8.071899999999999631e-01
-5.625000000000000000e+01 -8.952879581151833577e+00 4.019799999999999762e-02
-5.625000000000000000e+01 -8.010471204188482020e+00 4.224999999999999589e-03
-5.625000000000000000e+01 -7.068062827225130462e+00 7.811099999999999988e-02
-5.625000000000000000e+01 -6.125654450261779793e+00 2.016159999999999897e-01
-5.625000000000000000e+01 -5.183246073298429124e+00 3.380070000000000019e-01
-5.625000000000000000e+01 -4.240837696335078455e+00 4.184370000000000034e-01
-5.625000000000000000e+01 -3.298429319371727786e+00 5.079999999999999793e-02
-5.625000000000000000e+01 -2.356020942408377117e+00 3.992009999999999725e-01
-5.625000000000000000e+01 -1.413612565445026226e+00 2.534300000000000094e-02
-5.625000000000000000e+01 -4.712041884816753901e-01 8.000000000000000654e-05
-5.625000000000000000e+01 4.712041884816753901e-01 8.000000000000000654e-05
-5.625000000000000000e+01 1.413612565445026226e+00 0.000000000000000000e+00
-5.500000000000000000e+01 -1.460732984293194114e+01 1.821500000000000064e-01
-5.500000000000000000e+01 -1.366492146596859136e+01 4.329899999999999721e-02
-5.500000000000000000e+01 -1.272251308900523981e+01 4.297750000000000181e-01
-5.500000000000000000e+01 -1.178010471204188825e+01 7.175540000000000251e-01
-5.500000000000000000e+01 -1.083769633507853669e+01 8.021519999999999762e-01
-5.500000000000000000e+01 -9.895287958115185134e+00 7.581780000000000186e-01
-5.500000000000000000e+01 -8.952879581151833577e+00 8.633499999999999508e-02
-5.500000000000000000e+01 -8.010471204188482020e+00 2.654299999999999993e-01
-5.500000000000000000e+01 -7.068062827225130462e+00 2.742240000000000233e-01
-5.500000000000000000e+01 -6.125654450261779793e+00 3.535599999999999854e-02
-5.500000000000000000e+01 -5.183246073298429124e+00 6.727999999999999606e-03
-5.500000000000000000e+01 -4.240837696335078455e+00 4.402349999999999874e-01
-5.500000000000000000e+01 -3.298429319371727786e+00 5.361040000000000250e-01
-5.500000000000000000e+01 -2.356020942408377117e+00 5.928750000000000409e-01
-5.500000000000000000e+01 -1.413612565445026226e+00 2.247000000000000039e-02
-5.500000000000000000e+01 -4.712041884816753901e-01 2.420000000000000005e-04
-5.500000000000000000e+01 4.712041884816753901e-01 2.420000000000000005e-04
-5.500000000000000000e+01 1.413612565445026226e+00 2.420000000000000005e-04
-5.500000000000000000e+01 2.356020942408377117e+00 5.760000000000000146e-04
-5.375000000000000000e+01 -1.460732984293194114e+01 4.079999999999999968e-04
-5.375000000000000000e+01 -1.366492146596859136e+01 4.080999999999999905e-02
-5.375000000000000000e+01 -1.272251308900523981e+01 2.073800000000000088e-01
-5.375000000000000000e+01 -1.178010471204188825e+01 1.720970000000000000e-01
-5.375000000000000000e+01 -1.083769633507853669e+01 2.652260000000000173e-01
-5.375000000000000000e+01 -9.895287958115185134e+00 3.445480000000000209e-01
-5.375000000000000000e+01 -8.952879581151833577e+00 1.273000000000000000e-02
-5.375000000000000000e+01 -8.010471204188482020e+00 8.000000000000000654e-05
-5.375000000000000000e+01 -7.068062827225130462e+00 2.101000000000000003e-03
-5.375000000000000000e+01 -6.125654450261779793e+00 6.347000000000000211e-03
-5.375000000000000000e+01 -5.183246073298429124e+00 3.246999999999999886e-03
-5.375000000000000000e+01 -4.240837696335078455e+00 4.360350000000000059e-01
-5.375000000000000000e+01 -3.298429319371727786e+00 4.238080000000000180e-01
-5.375000000000000000e+01 -2.356020942408377117e+00 4.782109999999999972e-01
-5.375000000000000000e+01 -1.413612565445026226e+00 8.348200000000000065e-02
-5.375000000000000000e+01 -4.712041884816753901e-01 9.719999999999999907e-04
-5.375000000000000000e+01 4.712041884816753901e-01 9.719999999999999907e-04
-5.375000000000000000e+01 1.413612565445026226e+00 1.217999999999999899e-03
-5.375000000000000000e+01 2.356020942408377117e+00 1.054000000000000032e-03
-5.250000000000000000e+01 -1.366492146596859136e+01 1.288800000000000015e-02
-5.250000000000000000e+01 -1.272251308900523981e+01 2.151129999999999987e-01
-5.250000000000000000e+01 -1.178010471204188825e+01 1.246749999999999942e-01
-5.250000000000000000e+01 -1.083769633507853669e+01 2.920869999999999855e-01
-5.250000000000000000e+01 -9.895287958115185134e+00 9.660299999999999443e-02
-5.250000000000000000e+01 -8.952879581151833577e+00 5.699999999999999772e-04
-5.250000000000000000e+01 -8.010471204188482020e+00 1.825000000000000016e-03
-5.250000000000000000e+01 -7.068062827225130462e+00 1.878099999999999908e-02
-5.250000000000000000e+01 -6.125654450261779793e+00 4.149599999999999816e-02
-5.250000000000000000e+01 -5.183246073298429124e+00 1.755000000000000050e-03
-5.250000000000000000e+01 -4.240837696335078455e+00 1.384400000000000075e-01
-5.250000000000000000e+01 -3.298429319371727786e+00 3.713330000000000242e-01
-5.250000000000000000e+01 -2.356020942408377117e+00 3.756799999999999723e-02
-5.250000000000000000e+01 -1.413612565445026226e+00 4.480669999999999931e-01
-5.250000000000000000e+01 -4.712041884816753901e-01 5.039199999999999929e-02
-5.250000000000000000e+01 4.712041884816753901e-01 5.039199999999999929e-02
-5.125000000000000000e+01 -8.952879581151833577e+00 5.794519999999999671e-01
-5.125000000000000000e+01 -8.010471204188482020e+00 4.165249999999999786e-01
-5.125000000000000000e+01 -7.068062827225130462e+00 4.633680000000000021e-01
-5.125000000000000000e+01 -5.183246073298429124e+00 1.896519999999999873e-01
-5.125000000000000000e+01 -4.240837696335078455e+00 3.501480000000000148e-01
-5.125000000000000000e+01 -3.298429319371727786e+00 4.842989999999999795e-01
-5.125000000000000000e+01 -2.356020942408377117e+00 1.345159999999999967e-01
-5.000000000000000000e+01 -3.298429319371727786e+00 6.328070000000000084e-01
