-7.875000000000000000e+01 -6.125654450261779793e+00 4.875619999999999954e-01
-7.875000000000000000e+01 -5.183246073298429124e+00 1.688129999999999908e-01
-7.875000000000000000e+01 -4.240837696335078455e+00 1.949869999999999937e-01
-7.875000000000000000e+01 -3.298429319371727786e+00 2.959660000000000069e-01
-7.875000000000000000e+01 -2.356020942408377117e+00 0.000000000000000000e+00
-7.875000000000000000e+01 -1.413612565445026226e+00 0.000000000000000000e+00
-7.750000000000000000e+01 -8.952879581151833577e+00 1.875680000000000125e-01
-7.750000000000000000e+01 -8.010471204188482020e+00 1.435049999999999937e-01
-7.750000000000000000e+01 -7.068062827225130462e+00 2.802339999999999831e-01
-7.750000000000000000e+01 -6.125654450261779793e+00 4.175920000000000187e-01
-7.750000000000000000e+01 -5.183246073298429124e+00 6.101800000000000279e-02
-7.750000000000000000e+01 -4.240837696335078455e+00 2.123600000000000140e-02
-7.750000000000000000e+01 -3.298429319371727786e+00 1.692549999999999888e-01
-7.750000000000000000e+01 -2.356020942408377117e+00 1.159870000000000068e-01
-7.750000000000000000e+01 -1.413612565445026226e+00 2.170900000000000052e-01
-7.750000000000000000e+01 -4.712041884816753901e-01 1.849719999999999975e-01
-7.750000000000000000e+01 4.712041884816753901e-01 1.849719999999999975e-01
-7.625000000000000000e+01 -1.083769633507853669e+01 5.749300000000000244e-02
-7.625000000000000000e+01 -9.895287958115185134e+00 1.219589999999999980e-01
-7.625000000000000000e+01 -8.952879581151833577e+00 2.878060000000000063e-01
-7.625000000000000000e+01 -8.010471204188482020e+00 7.618600000000000372e-02
-7.625000000000000000e+01 -7.068062827225130462e+00 1.771490000000000009e-01
-7.625000000000000000e+01 -6.125654450261779793e+00 1.981590000000000018e-01
-7.625000000000000000e+01 -5.183246073298429124e+00 4.002700000000000008e-02
-7.625000000000000000e+01 -4.240837696335078455e+00 1.472000000000000001e-03
-7.625000000000000000e+01 -3.298429319371727786e+00 3.983000000000000429e-03
-7.625000000000000000e+01 -2.356020942408377117e+00 2.553000000000000148e-03
-7.625000000000000000e+01 -1.413612565445026226e+00 2.611000000000000040e-03
-7.625000000000000000e+01 -4.712041884816753901e-01 2.989599999999999896e-02
-7.625000000000000000e+01 4.712041884816753901e-01 2.989599999999999896e-02
-7.625000000000000000e+01 1.413612565445026226e+00 4.953899999999999970e-01
-7.500000000000000000e+01 -1.366492146596859136e+01 7.814200000000000312e-02
-7.500000000000000000e+01 -1.272251308900523981e+01 1.417779999999999874e-01
-7.500000000000000000e+01 -1.178010471204188825e+01 1.237540000000000029e-01
-7.500000000000000000e+01 -1.083769633507853669e+01 2.731899999999999884e-01
-7.500000000000000000e+01 -9.895287958115185134e+00 1.262780000000000014e-01
-7.500000000000000000e+01 -8.952879581151833577e+00 2.871079999999999743e-01
-7.500000000000000000e+01 -8.010471204188482020e+00 1.740619999999999945e-01
-7.500000000000000000e+01 -7.068062827225130462e+00 3.468899999999999761e-02
-7.500000000000000000e+01 -6.125654450261779793e+00 6.070300000000000001e-02
-7.500000000000000000e+01 -5.183246073298429124e+00 4.566900000000000126e-02
-7.500000000000000000e+01 -4.240837696335078455e+00 2.003299999999999872e-02
-7.500000000000000000e+01 -3.298429319371727786e+00 2.305999999999999890e-03
-7.500000000000000000e+01 -2.356020942408377117e+00 6.376999999999999856e-03
-7.500000000000000000e+01 -1.413612565445026226e+00 5.597000000000000412e-03
-7.500000000000000000e+01 -4.712041884816753901e-01 2.222800000000000123e-02
-7.500000000000000000e+01 4.712041884816753901e-01 2.222800000000000123e-02
-7.500000000000000000e+01 1.413612565445026226e+00 3.862160000000000037e-01
-7.500000000000000000e+01 2.356020942408377117e+00 6.857729999999999659e-01
-7.375000000000000000e+01 -1.460732984293194114e+01 0.000000000000000000e+00
-7.375000000000000000e+01 -1.366492146596859136e+01 1.302490000000000037e-01
-7.375000000000000000e+01 -1.272251308900523981e+01 7.821999999999999786e-02
-7.375000000000000000e+01 -1.178010471204188825e+01 9.382200000000000262e-02
-7.375000000000000000e+01 -1.083769633507853669e+01 7.621899999999999509e-02
-7.375000000000000000e+01 -9.895287958115185134e+00 5.654499999999999804e-02
-7.375000000000000000e+01 -8.952879581151833577e+00 7.004199999999999315e-02
-7.375000000000000000e+01 -8.010471204188482020e+00 5.528299999999999881e-02
-7.375000000000000000e+01 -7.068062827225130462e+00 1.172800000000000058e-02
-7.375000000000000000e+01 -6.125654450261779793e+00 2.464699999999999877e-02
-7.375000000000000000e+01 -5.183246073298429124e+00 7.177999999999999658e-02
-7.375000000000000000e+01 -4.240837696335078455e+00 2.272499999999999867e-02
-7.375000000000000000e+01 -3.298429319371727786e+00 7.262000000000000226e-03
-7.375000000000000000e+01 -2.356020942408377117e+00 5.327000000000000138e-03
-7.375000000000000000e+01 -1.413612565445026226e+00 2.257299999999999932e-02
-7.375000000000000000e+01 -4.712041884816753901e-01 2.467000000000000009e-03
-7.375000000000000000e+01 4.712041884816753901e-01 2.467000000000000009e-03
-7.375000000000000000e+01 1.413612565445026226e+00 3.635300000000000337e-02
-7.250000000000000000e+01 -1.460732984293194114e+01 5.432000000000000196e-03
-7.250000000000000000e+01 -1.366492146596859136e+01 1.374849999999999961e-01
-7.250000000000000000e+01 -1.272251308900523981e+01 1.588749999999999885e-01
-7.250000000000000000e+01 -1.178010471204188825e+01 4.293199999999999794e-02
-7.250000000000000000e+01 -1.083769633507853669e+01 6.879999999999999831e-03
-7.250000000000000000e+01 -9.895287958115185134e+00 0.000000000000000000e+00
-7.250000000000000000e+01 -8.952879581151833577e+00 9.388999999999999777e-03
-7.250000000000000000e+01 -8.010471204188482020e+00 1.692319999999999935e-01
-7.250000000000000000e+01 -7.068062827225130462e+00 6.204899999999999999e-02
-7.250000000000000000e+01 -6.125654450261779793e+00 9.730000000000000151e-04
-7.250000000000000000e+01 -5.183246073298429124e+00 9.737000000000000863e-03
-7.250000000000000000e+01 -4.240837696335078455e+00 1.123389999999999944e-01
-7.250000000000000000e+01 -3.298429319371727786e+00 2.123999999999999846e-02
-7.250000000000000000e+01 -2.356020942408377117e+00 9.593000000000000832e-03
-7.250000000000000000e+01 -1.413612565445026226e+00 2.713999999999999833e-03
-7.250000000000000000e+01 -4.712041884816753901e-01 6.908000000000000078e-03
-7.250000000000000000e+01 4.712041884816753901e-01 6.908000000000000078e-03
-7.250000000000000000e+01 1.413612565445026226e+00 1.020399999999999953e-02
-7.125000000000000000e+01 -1.460732984293194114e+01 9.079900000000000471e-02
-7.125000000000000000e+01 -1.366492146596859136e+01 2.439500000000000002e-02
-7.125000000000000000e+01 -1.272251308900523981e+01 4.953699999999999770e-02
-7.125000000000000000e+01 -1.178010471204188825e+01 0.000000000000000000e+00
-7.125000000000000000e+01 -1.083769633507853669e+01 0.000000000000000000e+00
-7.125000000000000000e+01 -9.895287958115185134e+00 6.791000000000000161e-03
-7.125000000000000000e+01 -8.952879581151833577e+00 2.457399999999999862e-02
-7.125000000000000000e+01 -8.010471204188482020e+00 1.343270000000000020e-01
-7.125000000000000000e+01 -7.068062827225130462e+00 3.642999999999999971e-03
-7.125000000000000000e+01 -6.125654450261779793e+00 4.655000000000000283e-03
-7.125000000000000000e+01 -5.183246073298429124e+00 2.429999999999999977e-04
-7.125000000000000000e+01 -4.240837696335078455e+00 1.975100000000000119e-02
-7.125000000000000000e+01 -3.298429319371727786e+00 1.589999999999999888e-04
-7.125000000000000000e+01 -2.356020942408377117e+00 1.584599999999999898e-02
-7.125000000000000000e+01 -1.413612565445026226e+00 3.510000000000000099e-03
-7.125000000000000000e+01 -4.712041884816753901e-01 0.000000000000000000e+00
-7.125000000000000000e+01 4.712041884816753901e-01 0.000000000000000000e+00
-7.125000000000000000e+01 1.413612565445026226e+00 2.187000000000000055e-02
-7.000000000000000000e+01 -1.366492146596859136e+01 8.580000000000000820e-03
-7.000000000000000000e+01 -1.272251308900523981e+01 6.376199999999999923e-02
-7.000000000000000000e+01 -1.178010471204188825e+01 0.000000000000000000e+00
-7.000000000000000000e+01 -1.083769633507853669e+01 9.142100000000000226e-02
-7.000000000000000000e+01 -9.895287958115185134e+00 3.200000000000000262e-04
-7.000000000000000000e+01 -8.952879581151833577e+00 2.423000000000000154e-02
-7.000000000000000000e+01 -8.010471204188482020e+00 8.104999999999999705e-02
-7.000000000000000000e+01 -7.068062827225130462e+00 2.868199999999999916e-02
-7.000000000000000000e+01 -6.125654450261779793e+00 1.861000000000000024e-03
-7.000000000000000000e+01 -5.183246073298429124e+00 8.040000000000000271e-04
-7.000000000000000000e+01 -4.240837696335078455e+00 6.408700000000000507e-02
-7.000000000000000000e+01 -3.298429319371727786e+00 1.601999999999999952e-02
-7.000000000000000000e+01 -2.356020942408377117e+00 4.882000000000000055e-03
-7.000000000000000000e+01 -1.413612565445026226e+00 9.383000000000000715e-03
-7.000000000000000000e+01 -4.712041884816753901e-01 1.220300000000000031e-02
-7.000000000000000000e+01 4.712041884816753901e-01 1.220300000000000031e-02
-7.000000000000000000e+01 1.413612565445026226e+00 3.654000000000000130e-03
-6.875000000000000000e+01 -1.554973821989529448e+01 6.769999999999999759e-04
-6.875000000000000000e+01 -1.460732984293194114e+01 2.141500000000000001e-02
-6.875000000000000000e+01 -1.366492146596859136e+01 4.545000000000000429e-03
-6.875000000000000000e+01 -1.272251308900523981e+01 8.418899999999999995e-02
-6.875000000000000000e+01 -1.178010471204188825e+01 1.572649999999999881e-01
-6.875000000000000000e+01 -1.083769633507853669e+01 3.513689999999999869e-01
-6.875000000000000000e+01 -9.895287958115185134e+00 2.991299999999999862e-02
-6.875000000000000000e+01 -8.952879581151833577e+00 1.398890000000000133e-01
-6.875000000000000000e+01 -8.010471204188482020e+00 3.200000000000000262e-04
-6.875000000000000000e+01 -7.068062827225130462e+00 2.047999999999999907e-03
-6.875000000000000000e+01 -6.125654450261779793e+00 1.129999999999999928e-03
-6.875000000000000000e+01 -5.183246073298429124e+00 4.840000000000000010e-04
-6.875000000000000000e+01 -4.240837696335078455e+00 4.423999999999999981e-03
-6.875000000000000000e+01 -3.298429319371727786e+00 7.030999999999999923e-03
-6.875000000000000000e+01 -2.356020942408377117e+00 1.965999999999999866e-03
-6.875000000000000000e+01 -1.413612565445026226e+00 1.209000000000000005e-03
-6.875000000000000000e+01 -4.712041884816753901e-01 1.129100000000000069e-02
-6.875000000000000000e+01 4.712041884816753901e-01 1.129100000000000069e-02
-6.875000000000000000e+01 1.413612565445026226e+00 1.167100000000000082e-02
-6.875000000000000000e+01 2.356020942408377117e+00 6.295000000000000248e-03
-6.750000000000000000e+01 -1.649214659685864603e+01 1.599770000000000081e-01
-6.750000000000000000e+01 -1.554973821989529448e+01 1.599770000000000081e-01
-6.750000000000000000e+01 -1.460732984293194114e+01 5.529900000000000093e-02
-6.750000000000000000e+01 -1.366492146596859136e+01 4.275899999999999840e-02
-6.750000000000000000e+01 -1.272251308900523981e+01 5.739000000000000178e-03
-6.750000000000000000e+01 -1.178010471204188825e+01 1.366200000000000053e-02
-6.750000000000000000e+01 -1.083769633507853669e+01 1.955439999999999956e-01
-6.750000000000000000e+01 -9.895287958115185134e+00 6.070179999999999465e-01
-6.750000000000000000e+01 -8.952879581151833577e+00 6.951799999999999646e-02
-6.750000000000000000e+01 -8.010471204188482020e+00 9.590000000000000000e-04
-6.750000000000000000e+01 -7.068062827225130462e+00 8.919999999999999978e-04
-6.750000000000000000e+01 -6.125654450261779793e+00 5.134999999999999808e-03
-6.750000000000000000e+01 -5.183246073298429124e+00 1.128000000000000096e-03
-6.750000000000000000e+01 -4.240837696335078455e+00 8.059999999999999673e-04
-6.750000000000000000e+01 -3.298429319371727786e+00 1.389100000000000057e-02
-6.750000000000000000e+01 -2.356020942408377117e+00 3.310000000000000225e-04
-6.750000000000000000e+01 -1.413612565445026226e+00 8.000000000000000654e-05
-6.750000000000000000e+01 -4.712041884816753901e-01 8.989999999999999511e-04
-6.750000000000000000e+01 4.712041884816753901e-01 8.989999999999999511e-04
-6.750000000000000000e+01 1.413612565445026226e+00 6.081999999999999733e-03
-6.750000000000000000e+01 2.356020942408377117e+00 7.219999999999999855e-04
-6.625000000000000000e+01 -1.837696335078534560e+01 8.382100000000000661e-02
-6.625000000000000000e+01 -1.743455497382199582e+01 1.423250000000000071e-01
-6.625000000000000000e+01 -1.649214659685864603e+01 2.112000000000000162e-03
-6.625000000000000000e+01 -1.554973821989529448e+01 2.112000000000000162e-03
-6.625000000000000000e+01 -1.460732984293194114e+01 7.058000000000000038e-03
-6.625000000000000000e+01 -1.366492146596859136e+01 1.134000000000000025e-03
-6.625000000000000000e+01 -1.272251308900523981e+01 0.000000000000000000e+00
-6.625000000000000000e+01 -1.178010471204188825e+01 6.708000000000000421e-03
-6.625000000000000000e+01 -1.083769633507853669e+01 6.596299999999999386e-02
-6.625000000000000000e+01 -9.895287958115185134e+00 1.529419999999999946e-01
-6.625000000000000000e+01 -8.952879581151833577e+00 2.046100000000000002e-02
-6.625000000000000000e+01 -8.010471204188482020e+00 2.295000000000000165e-03
-6.625000000000000000e+01 -7.068062827225130462e+00 8.109999999999999805e-04
-6.625000000000000000e+01 -6.125654450261779793e+00 1.610000000000000103e-04
-6.625000000000000000e+01 -5.183246073298429124e+00 3.260000000000000094e-04
-6.625000000000000000e+01 -4.240837696335078455e+00 3.536000000000000081e-03
-6.625000000000000000e+01 -3.298429319371727786e+00 1.376199999999999993e-02
-6.625000000000000000e+01 -2.356020942408377117e+00 6.198000000000000384e-03
-6.625000000000000000e+01 -1.413612565445026226e+00 0.000000000000000000e+00
-6.625000000000000000e+01 -4.712041884816753901e-01 2.425000000000000072e-03
-6.625000000000000000e+01 4.712041884816753901e-01 2.425000000000000072e-03
-6.625000000000000000e+01 1.413612565445026226e+00 7.140000000000000513e-02
-6.625000000000000000e+01 2.356020942408377117e+00 6.618899999999999784e-02
-6.500000000000000000e+01 -1.837696335078534560e+01 2.403800000000000034e-02
-6.500000000000000000e+01 -1.743455497382199582e+01 3.193880000000000052e-01
-6.500000000000000000e+01 -1.649214659685864603e+01 9.402999999999999900e-03
-6.500000000000000000e+01 -1.554973821989529448e+01 9.402999999999999900e-03
-6.500000000000000000e+01 -1.460732984293194114e+01 4.687000000000000194e-03
-6.500000000000000000e+01 -1.366492146596859136e+01 2.969999999999999984e-03
-6.500000000000000000e+01 -1.272251308900523981e+01 1.412000000000000061e-03
-6.500000000000000000e+01 -1.178010471204188825e+01 7.407000000000000389e-03
-6.500000000000000000e+01 -1.083769633507853669e+01 1.430120000000000002e-01
-6.500000000000000000e+01 -9.895287958115185134e+00 2.955690000000000262e-01
-6.500000000000000000e+01 -8.952879581151833577e+00 6.558200000000000141e-02
-6.500000000000000000e+01 -8.010471204188482020e+00 2.351999999999999924e-03
-6.500000000000000000e+01 -7.068062827225130462e+00 2.157900000000000096e-02
-6.500000000000000000e+01 -6.125654450261779793e+00 1.147999999999999932e-03
-6.500000000000000000e+01 -5.183246073298429124e+00 1.630000000000000047e-04
-6.500000000000000000e+01 -4.240837696335078455e+00 4.610999999999999648e-03
-6.500000000000000000e+01 -3.298429319371727786e+00 1.198800000000000039e-02
-6.500000000000000000e+01 -2.356020942408377117e+00 4.329999999999999648e-03
-6.500000000000000000e+01 -1.413612565445026226e+00 1.791999999999999973e-03
-6.500000000000000000e+01 -4.712041884816753901e-01 7.742999999999999883e-03
-6.500000000000000000e+01 4.712041884816753901e-01 7.742999999999999883e-03
-6.500000000000000000e+01 1.413612565445026226e+00 2.658999999999999905e-03
-6.375000000000000000e+01 -2.026178010471204516e+01 0.000000000000000000e+00
-6.375000000000000000e+01 -1.931937172774869538e+01 9.138799999999999701e-02
-6.375000000000000000e+01 -1.837696335078534560e+01 1.206239999999999951e-01
-6.375000000000000000e+01 -1.743455497382199582e+01 4.399669999999999970e-01
-6.375000000000000000e+01 -1.649214659685864603e+01 5.161099999999999716e-02
-6.375000000000000000e+01 -1.554973821989529448e+01 5.161099999999999716e-02
-6.375000000000000000e+01 -1.460732984293194114e+01 2.331099999999999839e-02
-6.375000000000000000e+01 -1.366492146596859136e+01 2.972999999999999948e-03
-6.375000000000000000e+01 -1.272251308900523981e+01 1.588000000000000002e-03
-6.375000000000000000e+01 -1.178010471204188825e+01 3.353820000000000134e-01
-6.375000000000000000e+01 -1.083769633507853669e+01 4.397500000000000020e-02
-6.375000000000000000e+01 -9.895287958115185134e+00 3.453570000000000251e-01
-6.375000000000000000e+01 -8.952879581151833577e+00 5.351829999999999643e-01
-6.375000000000000000e+01 -8.010471204188482020e+00 1.174790000000000001e-01
-6.375000000000000000e+01 -7.068062827225130462e+00 1.075100000000000014e-02
-6.375000000000000000e+01 -6.125654450261779793e+00 4.970999999999999724e-03
-6.375000000000000000e+01 -5.183246073298429124e+00 2.119999999999999923e-03
-6.375000000000000000e+01 -4.240837696335078455e+00 3.196600000000000136e-02
-6.375000000000000000e+01 -3.298429319371727786e+00 1.724000000000000055e-03
-6.375000000000000000e+01 -2.356020942408377117e+00 3.249999999999999851e-04
-6.375000000000000000e+01 -1.413612565445026226e+00 3.240000000000000150e-04
-6.375000000000000000e+01 -4.712041884816753901e-01 1.828999999999999897e-03
-6.375000000000000000e+01 4.712041884816753901e-01 1.828999999999999897e-03
-6.375000000000000000e+01 1.413612565445026226e+00 0.000000000000000000e+00
-6.375000000000000000e+01 3.298429319371727786e+00 1.109599999999999996e-02
-6.250000000000000000e+01 -1.931937172774869538e+01 3.270700000000000274e-01
-6.250000000000000000e+01 -1.837696335078534560e+01 6.641070000000000029e-01
-6.250000000000000000e+01 -1.743455497382199582e+01 7.101589999999999847e-01
-6.250000000000000000e+01 -1.649214659685864603e+01 6.916300000000000225e-02
-6.250000000000000000e+01 -1.554973821989529448e+01 6.916300000000000225e-02
-6.250000000000000000e+01 -1.460732984293194114e+01 7.910999999999999630e-03
-6.250000000000000000e+01 -1.366492146596859136e+01 2.263999999999999953e-03
-6.250000000000000000e+01 -1.272251308900523981e+01 4.551000000000000358e-03
-6.250000000000000000e+01 -1.178010471204188825e+01 4.195180000000000020e-01
-6.250000000000000000e+01 -1.083769633507853669e+01 3.726709999999999745e-01
-6.250000000000000000e+01 -9.895287958115185134e+00 8.775939999999999852e-01
-6.250000000000000000e+01 -8.952879581151833577e+00 3.089600000000000124e-01
-6.250000000000000000e+01 -8.010471204188482020e+00 9.911000000000000365e-02
-6.250000000000000000e+01 -7.068062827225130462e+00 7.970900000000000207e-02
-6.250000000000000000e+01 -6.125654450261779793e+00 1.328700000000000020e-02
-6.250000000000000000e+01 -5.183246073298429124e+00 2.396000000000000126e-03
-6.250000000000000000e+01 -4.240837696335078455e+00 3.183699999999999725e-02
-6.250000000000000000e+01 -3.298429319371727786e+00 5.281000000000000104e-03
-6.250000000000000000e+01 -2.356020942408377117e+00 1.056999999999999997e-03
-6.250000000000000000e+01 -1.413612565445026226e+00 5.989999999999999665e-03
-6.250000000000000000e+01 -4.712041884816753901e-01 6.509999999999999945e-04
-6.250000000000000000e+01 4.712041884816753901e-01 6.509999999999999945e-04
-6.250000000000000000e+01 1.413612565445026226e+00 1.435000000000000078e-03
-6.250000000000000000e+01 2.356020942408377117e+00 8.090000000000000403e-04
-6.250000000000000000e+01 3.298429319371727786e+00 0.000000000000000000e+00
-6.125000000000000000e+01 -1.837696335078534560e+01 1.500970000000000082e-01
-6.125000000000000000e+01 -1.743455497382199582e+01 8.069999999999999396e-02
-6.125000000000000000e+01 -1.649214659685864603e+01 1.174229999999999996e-01
-6.125000000000000000e+01 -1.554973821989529448e+01 1.174229999999999996e-01
-6.125000000000000000e+01 -1.460732984293194114e+01 2.105900000000000133e-02
-6.125000000000000000e+01 -1.366492146596859136e+01 3.984999999999999654e-02
-6.125000000000000000e+01 -1.272251308900523981e+01 6.022980000000000000e-01
-6.125000000000000000e+01 -1.178010471204188825e+01 6.911350000000000549e-01
-6.125000000000000000e+01 -1.083769633507853669e+01 4.003209999999999824e-01
-6.125000000000000000e+01 -9.895287958115185134e+00 1.699100000000000055e-01
-6.125000000000000000e+01 -8.952879581151833577e+00 3.621300000000000213e-02
-6.125000000000000000e+01 -8.010471204188482020e+00 2.616200000000000123e-02
-6.125000000000000000e+01 -7.068062827225130462e+00 3.946999999999999988e-03
-6.125000000000000000e+01 -6.125654450261779793e+00 4.383499999999999897e-02
-6.125000000000000000e+01 -5.183246073298429124e+00 1.426799999999999943e-02
-6.125000000000000000e+01 -4.240837696335078455e+00 4.774699999999999778e-02
-6.125000000000000000e+01 -3.298429319371727786e+00 7.596400000000000374e-02
-6.125000000000000000e+01 -2.356020942408377117e+00 1.476000000000000098e-03
-6.125000000000000000e+01 -1.413612565445026226e+00 1.631999999999999987e-03
-6.125000000000000000e+01 -4.712041884816753901e-01 4.711300000000000210e-02
-6.125000000000000000e+01 4.712041884816753901e-01 4.711300000000000210e-02
-6.125000000000000000e+01 1.413612565445026226e+00 5.829299999999999760e-02
-6.125000000000000000e+01 2.356020942408377117e+00 3.633390000000000231e-01
-6.125000000000000000e+01 3.298429319371727786e+00 1.786729999999999985e-01
-6.125000000000000000e+01 4.240837696335078455e+00 1.653900000000000162e-02
-6.000000000000000000e+01 -1.554973821989529448e+01 8.989999999999999380e-02
-6.000000000000000000e+01 -1.460732984293194114e+01 3.661440000000000250e-01
-6.000000000000000000e+01 -1.366492146596859136e+01 3.923639999999999906e-01
-6.000000000000000000e+01 -1.272251308900523981e+01 3.307959999999999789e-01
-6.000000000000000000e+01 -1.178010471204188825e+01 9.079900000000000471e-02
-6.000000000000000000e+01 -1.083769633507853669e+01 6.067000000000000344e-03
-6.000000000000000000e+01 -9.895287958115185134e+00 1.050610000000000016e-01
-6.000000000000000000e+01 -8.952879581151833577e+00 2.489200000000000093e-02
-6.000000000000000000e+01 -8.010471204188482020e+00 0.000000000000000000e+00
-6.000000000000000000e+01 -7.068062827225130462e+00 1.118139999999999967e-01
-6.000000000000000000e+01 -6.125654450261779793e+00 8.633000000000000049e-03
-6.000000000000000000e+01 -5.183246073298429124e+00 2.573699999999999946e-02
-6.000000000000000000e+01 -4.240837696335078455e+00 1.858219999999999872e-01
-6.000000000000000000e+01 -3.298429319371727786e+00 4.610210000000000141e-01
-6.000000000000000000e+01 -2.356020942408377117e+00 2.737939999999999818e-01
-6.000000000000000000e+01 -1.413612565445026226e+00 4.297800000000000231e-02
-6.000000000000000000e+01 -4.712041884816753901e-01 1.536999999999999998e-02
-6.000000000000000000e+01 4.712041884816753901e-01 1.536999999999999998e-02
-6.000000000000000000e+01 1.413612565445026226e+00 3.584800000000000209e-01
-6.000000000000000000e+01 2.356020942408377117e+00 6.108000000000000235e-02
-6.000000000000000000e+01 3.298429319371727786e+00 6.892600000000000116e-02
-6.000000000000000000e+01 4.240837696335078455e+00 1.141299999999999953e-02
-6.000000000000000000e+01 5.183246073298429124e+00 1.274999999999999918e-02
-5.875000000000000000e+01 -1.366492146596859136e+01 2.499600000000000086e-02
-5.875000000000000000e+01 -1.272251308900523981e+01 1.048000000000000103e-03
-5.875000000000000000e+01 -1.178010471204188825e+01 1.550149999999999861e-01
-5.875000000000000000e+01 -1.083769633507853669e+01 5.016880000000000228e-01
-5.875000000000000000e+01 -9.895287958115185134e+00 3.439019999999999855e-01
-5.875000000000000000e+01 -8.952879581151833577e+00 5.974700000000000150e-02
-5.875000000000000000e+01 -8.010471204188482020e+00 2.400000000000000061e-04
-5.875000000000000000e+01 -7.068062827225130462e+00 1.456999999999999962e-02
-5.875000000000000000e+01 -6.125654450261779793e+00 5.649999999999999641e-04
-5.875000000000000000e+01 -5.183246073298429124e+00 1.229000000000000058e-03
-5.875000000000000000e+01 -4.240837696335078455e+00 1.179349999999999982e-01
-5.875000000000000000e+01 -3.298429319371727786e+00 3.952760000000000162e-01
-5.875000000000000000e+01 -2.356020942408377117e+00 2.086400000000000060e-02
-5.875000000000000000e+01 -1.413612565445026226e+00 0.000000000000000000e+00
-5.875000000000000000e+01 -4.712041884816753901e-01 0.000000000000000000e+00
-5.875000000000000000e+01 4.712041884816753901e-01 0.000000000000000000e+00
-5.750000000000000000e+01 -1.366492146596859136e+01 4.830799999999999678e-02
-5.750000000000000000e+01 -1.272251308900523981e+01 5.466000000000000025e-02
-5.750000000000000000e+01 -1.178010471204188825e+01 4.142859999999999876e-01
-5.750000000000000000e+01 -1.083769633507853669e+01 3.736800000000000122e-01
-5.750000000000000000e+01 -9.895287958115185134e+00 2.812649999999999872e-01
-5.750000000000000000e+01 -8.952879581151833577e+00 3.348899999999999794e-02
-5.750000000000000000e+01 -8.010471204188482020e+00 4.290000000000000410e-03
-5.750000000000000000e+01 -7.068062827225130462e+00 2.400999999999999922e-03
-5.750000000000000000e+01 -6.125654450261779793e+00 1.692099999999999854e-02
-5.750000000000000000e+01 -5.183246073298429124e+00 1.631999999999999987e-03
-5.750000000000000000e+01 -4.240837696335078455e+00 4.580300000000000343e-02
-5.750000000000000000e+01 -3.298429319371727786e+00 2.423919999999999964e-01
-5.750000000000000000e+01 -2.356020942408377117e+00 2.908200000000000021e-02
-5.750000000000000000e+01 -1.413612565445026226e+00 6.674000000000000245e-03
-5.750000000000000000e+01 -4.712041884816753901e-01 0.000000000000000000e+00
-5.750000000000000000e+01 4.712041884816753901e-01 0.000000000000000000e+00
-5.750000000000000000e+01 1.413612565445026226e+00 8.100000000000000375e-05
-5.625000000000000000e+01 -1.366492146596859136e+01 2.807830000000000048e-01
-5.625000000000000000e+01 -1.272251308900523981e+01 2.939470000000000138e-01
-5.625000000000000000e+01 -1.178010471204188825e+01 6.250099999999999545e-01
-5.625000000000000000e+01 -1.083769633507853669e+01 4.290450000000000097e-01
-5.625000000000000000e+01 -9.895287958115185134e+00 8.256590000000000318e-01
-5.625000000000000000e+01 -8.952879581151833577e+00 6.105700000000000016e-02
-5.625000000000000000e+01 -8.010471204188482020e+00 9.804999999999999480e-03
-5.625000000000000000e+01 -7.068062827225130462e+00 5.170099999999999696e-02
-5.625000000000000000e+01 -6.125654450261779793e+00 6.367699999999999749e-02
-5.625000000000000000e+01 -5.183246073298429124e+00 1.612139999999999962e-01
-5.625000000000000000e+01 -4.240837696335078455e+00 3.572859999999999925e-01
-5.625000000000000000e+01 -3.298429319371727786e+00 2.703399999999999900e-02
-5.625000000000000000e+01 -2.356020942408377117e+00 3.295960000000000001e-01
-5.625000000000000000e+01 -1.413612565445026226e+00 2.542499999999999968e-02
-5.625000000000000000e+01 -4.712041884816753901e-01 8.000000000000000654e-05
-5.625000000000000000e+01 4.712041884816753901e-01 8.000000000000000654e-05
-5.625000000000000000e+01 1.413612565445026226e+00 0.000000000000000000e+00
-5.500000000000000000e+01 -1.460732984293194114e+01 1.785019999999999940e-01
-5.500000000000000000e+01 -1.366492146596859136e+01 4.296900000000000025e-02
-5.500000000000000000e+01 -1.272251308900523981e+01 3.709470000000000267e-01
-5.500000000000000000e+01 -1.178010471204188825e+01 5.927139999999999631e-01
-5.500000000000000000e+01 -1.083769633507853669e+01 7.326160000000000450e-01
-5.500000000000000000e+01 -9.895287958115185134e+00 7.522739999999999982e-01
-5.500000000000000000e+01 -8.952879581151833577e+00 7.018299999999999539e-02
-5.500000000000000000e+01 -8.010471204188482020e+00 1.350449999999999984e-01
-5.500000000000000000e+01 -7.068062827225130462e+00 1.206910000000000066e-01
-5.500000000000000000e+01 -6.125654450261779793e+00 3.527999999999999886e-03
-5.500000000000000000e+01 -5.183246073298429124e+00 4.809999999999999823e-04
-5.500000000000000000e+01 -4.240837696335078455e+00 2.781680000000000264e-01
-5.500000000000000000e+01 -3.298429319371727786e+00 4.478710000000000191e-01
-5.500000000000000000e+01 -2.356020942408377117e+00 5.509899999999999798e-01
-5.500000000000000000e+01 -1.413612565445026226e+00 1.291999999999999919e-02
-5.500000000000000000e+01 -4.712041884816753901e-01 2.420000000000000005e-04
-5.500000000000000000e+01 4.712041884816753901e-01 2.420000000000000005e-04
-5.500000000000000000e+01 1.413612565445026226e+00 2.420000000000000005e-04
-5.500000000000000000e+01 2.356020942408377117e+00 5.760000000000000146e-04
-5.375000000000000000e+01 -1.460732984293194114e+01 4.079999999999999968e-04
-5.375000000000000000e+01 -1.366492146596859136e+01 4.112999999999999989e-02
-5.375000000000000000e+01 -1.272251308900523981e+01 2.450849999999999973e-01
-5.375000000000000000e+01 -1.178010471204188825e+01 1.392700000000000049e-01
-5.375000000000000000e+01 -1.083769633507853669e+01 2.789380000000000193e-01
-5.375000000000000000e+01 -9.895287958115185134e+00 2.975269999999999859e-01
-5.375000000000000000e+01 -8.952879581151833577e+00 3.787000000000000002e-03
-5.375000000000000000e+01 -8.010471204188482020e+00 8.000000000000000654e-05
-5.375000000000000000e+01 -7.068062827225130462e+00 2.343000000000000031e-03
-5.375000000000000000e+01 -6.125654450261779793e+00 9.601999999999999424e-03
-5.375000000000000000e+01 -5.183246073298429124e+00 3.733999999999999906e-03
-5.375000000000000000e+01 -4.240837696335078455e+00 2.700199999999999823e-01
-5.375000000000000000e+01 -3.298429319371727786e+00 2.382460000000000133e-01
-5.375000000000000000e+01 -2.356020942408377117e+00 4.573280000000000123e-01
-5.375000000000000000e+01 -1.413612565445026226e+00 6.851599999999999357e-02
-5.375000000000000000e+01 -4.712041884816753901e-01 9.719999999999999907e-04
-5.375000000000000000e+01 4.712041884816753901e-01 9.719999999999999907e-04
-5.375000000000000000e+01 1.413612565445026226e+00 2.111000000000000029e-03
-5.375000000000000000e+01 2.356020942408377117e+00 1.054000000000000032e-03
-5.250000000000000000e+01 -1.366492146596859136e+01 1.248499999999999957e-02
-5.250000000000000000e+01 -1.272251308900523981e+01 2.467810000000000004e-01
-5.250000000000000000e+01 -1.178010471204188825e+01 1.058439999999999936e-01
-5.250000000000000000e+01 -1.083769633507853669e+01 2.797129999999999894e-01
-5.250000000000000000e+01 -9.895287958115185134e+00 9.250899999999999401e-02
-5.250000000000000000e+01 -8.952879581151833577e+00 5.699999999999999772e-04
-5.250000000000000000e+01 -8.010471204188482020e+00 2.239000000000000105e-03
-5.250000000000000000e+01 -7.068062827225130462e+00 7.842999999999999972e-02
-5.250000000000000000e+01 -6.125654450261779793e+00 1.320320000000000105e-01
-5.250000000000000000e+01 -5.183246073298429124e+00 1.755000000000000050e-03
-5.250000000000000000e+01 -4.240837696335078455e+00 8.201600000000000557e-02
-5.250000000000000000e+01 -3.298429319371727786e+00 2.115750000000000131e-01
-5.250000000000000000e+01 -2.356020942408377117e+00 3.625699999999999756e-02
-5.250000000000000000e+01 -1.413612565445026226e+00 2.342889999999999973e-01
-5.250000000000000000e+01 -4.712041884816753901e-01 1.941000000000000017e-03
-5.250000000000000000e+01 4.712041884816753901e-01 1.941000000000000017e-03
-5.125000000000000000e+01 -8.952879581151833577e+00 5.602740000000000498e-01
-5.125000000000000000e+01 -8.010471204188482020e+00 4.130489999999999995e-01
-5.125000000000000000e+01 -7.068062827225130462e+00 5.246629999999999905e-01
-5.125000000000000000e+01 -5.183246073298429124e+00 2.068720000000000003e-01
-5.125000000000000000e+01 -4.240837696335078455e+00 3.412459999999999938e-01
-5.125000000000000000e+01 -3.298429319371727786e+00 2.257570000000000132e-01
-5.125000000000000000e+01 -2.356020942408377117e+00 1.081300000000000039e-01
-5.000000000000000000e+01 -3.298429319371727786e+00 4.029320000000000124e-01
