-7.875000000000000000e+01 -6.125654450261779793e+00 5.079069999999999974e-01
-7.875000000000000000e+01 -5.183246073298429124e+00 2.766879999999999895e-01
-7.875000000000000000e+01 -4.240837696335078455e+00 3.950980000000000047e-01
-7.875000000000000000e+01 -3.298429319371727786e+00 5.258840000000000181e-01
-7.875000000000000000e+01 -2.356020942408377117e+00 0.000000000000000000e+00
-7.875000000000000000e+01 -1.413612565445026226e+00 0.000000000000000000e+00
-7.750000000000000000e+01 -8.952879581151833577e+00 1.875680000000000125e-01
-7.750000000000000000e+01 -8.010471204188482020e+00 1.435049999999999937e-01
-7.750000000000000000e+01 -7.068062827225130462e+00 2.870809999999999751e-01
-7.750000000000000000e+01 -6.125654450261779793e+00 5.503099999999999659e-01
-7.750000000000000000e+01 -5.183246073298429124e+00 2.086629999999999874e-01
-7.750000000000000000e+01 -4.240837696335078455e+00 5.594099999999999767e-02
-7.750000000000000000e+01 -3.298429319371727786e+00 4.780389999999999917e-01
-7.750000000000000000e+01 -2.356020942408377117e+00 2.951190000000000202e-01
-7.750000000000000000e+01 -1.413612565445026226e+00 4.202099999999999724e-01
-7.750000000000000000e+01 -4.712041884816753901e-01 2.366000000000000048e-01
-7.750000000000000000e+01 4.712041884816753901e-01 2.366000000000000048e-01
-7.625000000000000000e+01 -1.083769633507853669e+01 7.541100000000000581e-02
-7.625000000000000000e+01 -9.895287958115185134e+00 1.534929999999999906e-01
-7.625000000000000000e+01 -8.952879581151833577e+00 5.054100000000000259e-01
-7.625000000000000000e+01 -8.010471204188482020e+00 2.095519999999999883e-01
-7.625000000000000000e+01 -7.068062827225130462e+00 2.846429999999999794e-01
-7.625000000000000000e+01 -6.125654450261779793e+00 5.196920000000000428e-01
-7.625000000000000000e+01 -5.183246073298429124e+00 4.129399999999999737e-02
-7.625000000000000000e+01 -4.240837696335078455e+00 1.472000000000000001e-03
-7.625000000000000000e+01 -3.298429319371727786e+00 3.983000000000000429e-03
-7.625000000000000000e+01 -2.356020942408377117e+00 2.553000000000000148e-03
-7.625000000000000000e+01 -1.413612565445026226e+00 8.321999999999999537e-03
-7.625000000000000000e+01 -4.712041884816753901e-01 2.467640000000000111e-01
-7.625000000000000000e+01 4.712041884816753901e-01 2.467640000000000111e-01
-7.625000000000000000e+01 1.413612565445026226e+00 8.866540000000000532e-01
-7.500000000000000000e+01 -1.366492146596859136e+01 7.814200000000000312e-02
-7.500000000000000000e+01 -1.272251308900523981e+01 1.417779999999999874e-01
-7.500000000000000000e+01 -1.178010471204188825e+01 1.238360000000000016e-01
-7.500000000000000000e+01 -1.083769633507853669e+01 3.990469999999999851e-01
-7.500000000000000000e+01 -9.895287958115185134e+00 2.292970000000000008e-01
-7.500000000000000000e+01 -8.952879581151833577e+00 5.633099999999999774e-01
-7.500000000000000000e+01 -8.010471204188482020e+00 2.621350000000000069e-01
-7.500000000000000000e+01 -7.068062827225130462e+00 4.217599999999999821e-02
-7.500000000000000000e+01 -6.125654450261779793e+00 6.070300000000000001e-02
-7.500000000000000000e+01 -5.183246073298429124e+00 4.566900000000000126e-02
-7.500000000000000000e+01 -4.240837696335078455e+00 2.003299999999999872e-02
-7.500000000000000000e+01 -3.298429319371727786e+00 2.305999999999999890e-03
-7.500000000000000000e+01 -2.356020942408377117e+00 6.376999999999999856e-03
-7.500000000000000000e+01 -1.413612565445026226e+00 5.597000000000000412e-03
-7.500000000000000000e+01 -4.712041884816753901e-01 5.258399999999999880e-02
-7.500000000000000000e+01 4.712041884816753901e-01 5.258399999999999880e-02
-7.500000000000000000e+01 1.413612565445026226e+00 6.332090000000000218e-01
-7.500000000000000000e+01 2.356020942408377117e+00 9.308030000000000470e-01
-7.375000000000000000e+01 -1.460732984293194114e+01 0.000000000000000000e+00
-7.375000000000000000e+01 -1.366492146596859136e+01 1.302490000000000037e-01
-7.375000000000000000e+01 -1.272251308900523981e+01 8.492900000000000449e-02
-7.375000000000000000e+01 -1.178010471204188825e+01 1.043099999999999999e-01
-7.375000000000000000e+01 -1.083769633507853669e+01 1.047600000000000059e-01
-7.375000000000000000e+01 -9.895287958115185134e+00 5.942999999999999672e-02
-7.375000000000000000e+01 -8.952879581151833577e+00 1.146439999999999959e-01
-7.375000000000000000e+01 -8.010471204188482020e+00 2.147050000000000070e-01
-7.375000000000000000e+01 -7.068062827225130462e+00 1.320250000000000035e-01
-7.375000000000000000e+01 -6.125654450261779793e+00 2.464699999999999877e-02
-7.375000000000000000e+01 -5.183246073298429124e+00 7.177999999999999658e-02
-7.375000000000000000e+01 -4.240837696335078455e+00 2.272499999999999867e-02
-7.375000000000000000e+01 -3.298429319371727786e+00 7.262000000000000226e-03
-7.375000000000000000e+01 -2.356020942408377117e+00 5.409999999999999878e-03
-7.375000000000000000e+01 -1.413612565445026226e+00 1.229250000000000065e-01
-7.375000000000000000e+01 -4.712041884816753901e-01 2.467000000000000009e-03
-7.375000000000000000e+01 4.712041884816753901e-01 2.467000000000000009e-03
-7.375000000000000000e+01 1.413612565445026226e+00 6.282200000000000284e-02
-7.250000000000000000e+01 -1.460732984293194114e+01 5.432000000000000196e-03
-7.250000000000000000e+01 -1.366492146596859136e+01 1.374849999999999961e-01
-7.250000000000000000e+01 -1.272251308900523981e+01 1.817960000000000131e-01
-7.250000000000000000e+01 -1.178010471204188825e+01 4.293199999999999794e-02
-7.250000000000000000e+01 -1.083769633507853669e+01 6.879999999999999831e-03
-7.250000000000000000e+01 -9.895287958115185134e+00 0.000000000000000000e+00
-7.250000000000000000e+01 -8.952879581151833577e+00 4.882000000000000228e-02
-7.250000000000000000e+01 -8.010471204188482020e+00 5.963220000000000187e-01
-7.250000000000000000e+01 -7.068062827225130462e+00 3.795870000000000077e-01
-7.250000000000000000e+01 -6.125654450261779793e+00 9.730000000000000151e-04
-7.250000000000000000e+01 -5.183246073298429124e+00 9.737000000000000863e-03
-7.250000000000000000e+01 -4.240837696335078455e+00 1.123389999999999944e-01
-7.250000000000000000e+01 -3.298429319371727786e+00 2.123999999999999846e-02
-7.250000000000000000e+01 -2.356020942408377117e+00 5.913000000000000200e-02
-7.250000000000000000e+01 -1.413612565445026226e+00 1.447200000000000049e-02
-7.250000000000000000e+01 -4.712041884816753901e-01 6.908000000000000078e-03
-7.250000000000000000e+01 4.712041884816753901e-01 6.908000000000000078e-03
-7.250000000000000000e+01 1.413612565445026226e+00 1.454300000000000037e-02
-7.125000000000000000e+01 -1.460732984293194114e+01 9.079900000000000471e-02
-7.125000000000000000e+01 -1.366492146596859136e+01 2.551600000000000049e-02
-7.125000000000000000e+01 -1.272251308900523981e+01 2.874809999999999865e-01
-7.125000000000000000e+01 -1.178010471204188825e+01 1.320999999999999952e-02
-7.125000000000000000e+01 -1.083769633507853669e+01 3.608000000000000096e-03
-7.125000000000000000e+01 -9.895287958115185134e+00 6.955000000000000245e-03
-7.125000000000000000e+01 -8.952879581151833577e+00 1.974049999999999971e-01
-7.125000000000000000e+01 -8.010471204188482020e+00 7.585300000000000376e-01
-7.125000000000000000e+01 -7.068062827225130462e+00 2.049870000000000025e-01
-7.125000000000000000e+01 -6.125654450261779793e+00 1.027199999999999988e-02
-7.125000000000000000e+01 -5.183246073298429124e+00 2.429999999999999977e-04
-7.125000000000000000e+01 -4.240837696335078455e+00 3.670400000000000051e-02
-7.125000000000000000e+01 -3.298429319371727786e+00 1.589999999999999888e-04
-7.125000000000000000e+01 -2.356020942408377117e+00 5.284699999999999814e-02
-7.125000000000000000e+01 -1.413612565445026226e+00 3.592000000000000141e-03
-7.125000000000000000e+01 -4.712041884816753901e-01 0.000000000000000000e+00
-7.125000000000000000e+01 4.712041884816753901e-01 0.000000000000000000e+00
-7.125000000000000000e+01 1.413612565445026226e+00 1.093520000000000048e-01
-7.000000000000000000e+01 -1.366492146596859136e+01 1.137699999999999996e-02
-7.000000000000000000e+01 -1.272251308900523981e+01 4.055300000000000016e-01
-7.000000000000000000e+01 -1.178010471204188825e+01 1.745790000000000119e-01
-7.000000000000000000e+01 -1.083769633507853669e+01 4.535139999999999727e-01
-7.000000000000000000e+01 -9.895287958115185134e+00 7.999699999999999867e-02
-7.000000000000000000e+01 -8.952879581151833577e+00 4.355640000000000067e-01
-7.000000000000000000e+01 -8.010471204188482020e+00 5.681669999999999776e-01
-7.000000000000000000e+01 -7.068062827225130462e+00 1.376410000000000133e-01
-7.000000000000000000e+01 -6.125654450261779793e+00 1.861000000000000024e-03
-7.000000000000000000e+01 -5.183246073298429124e+00 8.040000000000000271e-04
-7.000000000000000000e+01 -4.240837696335078455e+00 1.440869999999999929e-01
-7.000000000000000000e+01 -3.298429319371727786e+00 5.704900000000000249e-02
-7.000000000000000000e+01 -2.356020942408377117e+00 2.144700000000000079e-02
-7.000000000000000000e+01 -1.413612565445026226e+00 3.495800000000000296e-02
-7.000000000000000000e+01 -4.712041884816753901e-01 1.220300000000000031e-02
-7.000000000000000000e+01 4.712041884816753901e-01 1.220300000000000031e-02
-7.000000000000000000e+01 1.413612565445026226e+00 7.957999999999999796e-03
-6.875000000000000000e+01 -1.554973821989529448e+01 1.353999999999999952e-03
-6.875000000000000000e+01 -1.460732984293194114e+01 4.321200000000000041e-02
-6.875000000000000000e+01 -1.366492146596859136e+01 2.191200000000000092e-02
-6.875000000000000000e+01 -1.272251308900523981e+01 1.866120000000000001e-01
-6.875000000000000000e+01 -1.178010471204188825e+01 5.483270000000000088e-01
-6.875000000000000000e+01 -1.083769633507853669e+01 7.647159999999999513e-01
-6.875000000000000000e+01 -9.895287958115185134e+00 3.533830000000000027e-01
-6.875000000000000000e+01 -8.952879581151833577e+00 8.505399999999999627e-01
-6.875000000000000000e+01 -8.010471204188482020e+00 1.043489999999999973e-01
-6.875000000000000000e+01 -7.068062827225130462e+00 2.047999999999999907e-03
-6.875000000000000000e+01 -6.125654450261779793e+00 1.129999999999999928e-03
-6.875000000000000000e+01 -5.183246073298429124e+00 4.840000000000000010e-04
-6.875000000000000000e+01 -4.240837696335078455e+00 4.423999999999999981e-03
-6.875000000000000000e+01 -3.298429319371727786e+00 7.030999999999999923e-03
-6.875000000000000000e+01 -2.356020942408377117e+00 4.997999999999999839e-03
-6.875000000000000000e+01 -1.413612565445026226e+00 1.200999999999999984e-02
-6.875000000000000000e+01 -4.712041884816753901e-01 1.129100000000000069e-02
-6.875000000000000000e+01 4.712041884816753901e-01 1.129100000000000069e-02
-6.875000000000000000e+01 1.413612565445026226e+00 1.526199999999999952e-02
-6.875000000000000000e+01 2.356020942408377117e+00 1.103699999999999994e-02
-6.750000000000000000e+01 -1.649214659685864603e+01 4.332289999999999752e-01
-6.750000000000000000e+01 -1.554973821989529448e+01 4.332289999999999752e-01
-6.750000000000000000e+01 -1.460732984293194114e+01 2.102179999999999882e-01
-6.750000000000000000e+01 -1.366492146596859136e+01 1.676269999999999982e-01
-6.750000000000000000e+01 -1.272251308900523981e+01 3.233099999999999863e-02
-6.750000000000000000e+01 -1.178010471204188825e+01 6.642699999999999994e-02
-6.750000000000000000e+01 -1.083769633507853669e+01 5.143830000000000346e-01
-6.750000000000000000e+01 -9.895287958115185134e+00 9.316870000000000429e-01
-6.750000000000000000e+01 -8.952879581151833577e+00 5.291489999999999805e-01
-6.750000000000000000e+01 -8.010471204188482020e+00 9.029000000000000567e-03
-6.750000000000000000e+01 -7.068062827225130462e+00 6.292100000000000470e-02
-6.750000000000000000e+01 -6.125654450261779793e+00 7.742999999999999883e-03
-6.750000000000000000e+01 -5.183246073298429124e+00 1.128000000000000096e-03
-6.750000000000000000e+01 -4.240837696335078455e+00 8.059999999999999673e-04
-6.750000000000000000e+01 -3.298429319371727786e+00 2.014200000000000018e-02
-6.750000000000000000e+01 -2.356020942408377117e+00 3.310000000000000225e-04
-6.750000000000000000e+01 -1.413612565445026226e+00 8.000000000000000654e-05
-6.750000000000000000e+01 -4.712041884816753901e-01 8.989999999999999511e-04
-6.750000000000000000e+01 4.712041884816753901e-01 8.989999999999999511e-04
-6.750000000000000000e+01 1.413612565445026226e+00 1.897499999999999881e-02
-6.750000000000000000e+01 2.356020942408377117e+00 1.155759999999999982e-01
-6.625000000000000000e+01 -1.837696335078534560e+01 8.390400000000000635e-02
-6.625000000000000000e+01 -1.743455497382199582e+01 3.741090000000000249e-01
-6.625000000000000000e+01 -1.649214659685864603e+01 3.558399999999999758e-02
-6.625000000000000000e+01 -1.554973821989529448e+01 3.558399999999999758e-02
-6.625000000000000000e+01 -1.460732984293194114e+01 2.303900000000000045e-02
-6.625000000000000000e+01 -1.366492146596859136e+01 1.134000000000000025e-03
-6.625000000000000000e+01 -1.272251308900523981e+01 0.000000000000000000e+00
-6.625000000000000000e+01 -1.178010471204188825e+01 1.438599999999999948e-02
-6.625000000000000000e+01 -1.083769633507853669e+01 1.891220000000000123e-01
-6.625000000000000000e+01 -9.895287958115185134e+00 3.504619999999999957e-01
-6.625000000000000000e+01 -8.952879581151833577e+00 3.786490000000000133e-01
-6.625000000000000000e+01 -8.010471204188482020e+00 6.228500000000000009e-02
-6.625000000000000000e+01 -7.068062827225130462e+00 2.069299999999999959e-02
-6.625000000000000000e+01 -6.125654450261779793e+00 1.610000000000000103e-04
-6.625000000000000000e+01 -5.183246073298429124e+00 3.260000000000000094e-04
-6.625000000000000000e+01 -4.240837696335078455e+00 3.536000000000000081e-03
-6.625000000000000000e+01 -3.298429319371727786e+00 2.009499999999999828e-02
-6.625000000000000000e+01 -2.356020942408377117e+00 6.455999999999999933e-03
-6.625000000000000000e+01 -1.413612565445026226e+00 0.000000000000000000e+00
-6.625000000000000000e+01 -4.712041884816753901e-01 2.165900000000000117e-02
-6.625000000000000000e+01 4.712041884816753901e-01 2.165900000000000117e-02
-6.625000000000000000e+01 1.413612565445026226e+00 8.579299999999999427e-02
-6.625000000000000000e+01 2.356020942408377117e+00 8.011100000000000165e-02
-6.500000000000000000e+01 -1.837696335078534560e+01 3.178000000000000269e-02
-6.500000000000000000e+01 -1.743455497382199582e+01 5.900360000000000049e-01
-6.500000000000000000e+01 -1.649214659685864603e+01 7.770599999999999730e-02
-6.500000000000000000e+01 -1.554973821989529448e+01 7.770599999999999730e-02
-6.500000000000000000e+01 -1.460732984293194114e+01 1.372699999999999962e-02
-6.500000000000000000e+01 -1.366492146596859136e+01 6.194999999999999986e-03
-6.500000000000000000e+01 -1.272251308900523981e+01 2.242000000000000069e-03
-6.500000000000000000e+01 -1.178010471204188825e+01 1.108589999999999992e-01
-6.500000000000000000e+01 -1.083769633507853669e+01 4.156409999999999827e-01
-6.500000000000000000e+01 -9.895287958115185134e+00 8.125879999999999770e-01
-6.500000000000000000e+01 -8.952879581151833577e+00 5.526100000000000456e-01
-6.500000000000000000e+01 -8.010471204188482020e+00 2.171589999999999909e-01
-6.500000000000000000e+01 -7.068062827225130462e+00 2.207520000000000038e-01
-6.500000000000000000e+01 -6.125654450261779793e+00 2.131000000000000082e-03
-6.500000000000000000e+01 -5.183246073298429124e+00 1.862900000000000111e-01
-6.500000000000000000e+01 -4.240837696335078455e+00 2.218380000000000074e-01
-6.500000000000000000e+01 -3.298429319371727786e+00 1.579679999999999973e-01
-6.500000000000000000e+01 -2.356020942408377117e+00 4.329999999999999648e-03
-6.500000000000000000e+01 -1.413612565445026226e+00 1.791999999999999973e-03
-6.500000000000000000e+01 -4.712041884816753901e-01 1.072099999999999963e-02
-6.500000000000000000e+01 4.712041884816753901e-01 1.072099999999999963e-02
-6.500000000000000000e+01 1.413612565445026226e+00 2.658999999999999905e-03
-6.375000000000000000e+01 -2.026178010471204516e+01 8.333329999999999904e-01
-6.375000000000000000e+01 -1.931937172774869538e+01 3.780359999999999832e-01
-6.375000000000000000e+01 -1.837696335078534560e+01 2.477709999999999912e-01
-6.375000000000000000e+01 -1.743455497382199582e+01 7.243600000000000039e-01
-6.375000000000000000e+01 -1.649214659685864603e+01 8.224199999999999566e-02
-6.375000000000000000e+01 -1.554973821989529448e+01 8.224199999999999566e-02
-6.375000000000000000e+01 -1.460732984293194114e+01 5.551899999999999891e-02
-6.375000000000000000e+01 -1.366492146596859136e+01 3.468999999999999861e-03
-6.375000000000000000e+01 -1.272251308900523981e+01 7.692000000000000053e-03
-6.375000000000000000e+01 -1.178010471204188825e+01 6.589639999999999942e-01
-6.375000000000000000e+01 -1.083769633507853669e+01 1.917719999999999980e-01
-6.375000000000000000e+01 -9.895287958115185134e+00 7.834839999999999582e-01
-6.375000000000000000e+01 -8.952879581151833577e+00 9.357809999999999739e-01
-6.375000000000000000e+01 -8.010471204188482020e+00 7.167630000000000390e-01
-6.375000000000000000e+01 -7.068062827225130462e+00 4.011799999999999811e-01
-6.375000000000000000e+01 -6.125654450261779793e+00 7.622000000000000303e-03
-6.375000000000000000e+01 -5.183246073298429124e+00 5.145600000000000174e-02
-6.375000000000000000e+01 -4.240837696335078455e+00 3.564590000000000258e-01
-6.375000000000000000e+01 -3.298429319371727786e+00 1.807000000000000012e-03
-6.375000000000000000e+01 -2.356020942408377117e+00 3.249999999999999851e-04
-6.375000000000000000e+01 -1.413612565445026226e+00 3.240000000000000150e-04
-6.375000000000000000e+01 -4.712041884816753901e-01 1.828999999999999897e-03
-6.375000000000000000e+01 4.712041884816753901e-01 1.828999999999999897e-03
-6.375000000000000000e+01 1.413612565445026226e+00 6.153999999999999748e-02
-6.375000000000000000e+01 3.298429319371727786e+00 3.377299999999999747e-02
-6.250000000000000000e+01 -1.931937172774869538e+01 4.083030000000000270e-01
-6.250000000000000000e+01 -1.837696335078534560e+01 7.261069999999999469e-01
-6.250000000000000000e+01 -1.743455497382199582e+01 8.569780000000000175e-01
-6.250000000000000000e+01 -1.649214659685864603e+01 2.348600000000000132e-01
-6.250000000000000000e+01 -1.554973821989529448e+01 2.348600000000000132e-01
-6.250000000000000000e+01 -1.460732984293194114e+01 1.678999999999999937e-02
-6.250000000000000000e+01 -1.366492146596859136e+01 7.440000000000000432e-03
-6.250000000000000000e+01 -1.272251308900523981e+01 2.441000000000000114e-02
-6.250000000000000000e+01 -1.178010471204188825e+01 6.014169999999999794e-01
-6.250000000000000000e+01 -1.083769633507853669e+01 4.742279999999999829e-01
-6.250000000000000000e+01 -9.895287958115185134e+00 9.869999999999999885e-01
-6.250000000000000000e+01 -8.952879581151833577e+00 7.439970000000000194e-01
-6.250000000000000000e+01 -8.010471204188482020e+00 6.553219999999999601e-01
-6.250000000000000000e+01 -7.068062827225130462e+00 8.715070000000000316e-01
-6.250000000000000000e+01 -6.125654450261779793e+00 4.323440000000000061e-01
-6.250000000000000000e+01 -5.183246073298429124e+00 3.139999999999999996e-03
-6.250000000000000000e+01 -4.240837696335078455e+00 4.068249999999999922e-01
-6.250000000000000000e+01 -3.298429319371727786e+00 3.001099999999999948e-02
-6.250000000000000000e+01 -2.356020942408377117e+00 2.593300000000000119e-02
-6.250000000000000000e+01 -1.413612565445026226e+00 2.235429999999999917e-01
-6.250000000000000000e+01 -4.712041884816753901e-01 1.041899999999999944e-02
-6.250000000000000000e+01 4.712041884816753901e-01 1.041899999999999944e-02
-6.250000000000000000e+01 1.413612565445026226e+00 8.388500000000000123e-02
-6.250000000000000000e+01 2.356020942408377117e+00 3.615600000000000064e-02
-6.250000000000000000e+01 3.298429319371727786e+00 8.970000000000000109e-04
-6.125000000000000000e+01 -1.837696335078534560e+01 2.170809999999999962e-01
-6.125000000000000000e+01 -1.743455497382199582e+01 4.540350000000000219e-01
-6.125000000000000000e+01 -1.649214659685864603e+01 4.359330000000000149e-01
-6.125000000000000000e+01 -1.554973821989529448e+01 4.359330000000000149e-01
-6.125000000000000000e+01 -1.460732984293194114e+01 1.062690000000000023e-01
-6.125000000000000000e+01 -1.366492146596859136e+01 8.214499999999999580e-02
-6.125000000000000000e+01 -1.272251308900523981e+01 7.598899999999999544e-01
-6.125000000000000000e+01 -1.178010471204188825e+01 8.198560000000000292e-01
-6.125000000000000000e+01 -1.083769633507853669e+01 5.400719999999999965e-01
-6.125000000000000000e+01 -9.895287958115185134e+00 6.937860000000000138e-01
-6.125000000000000000e+01 -8.952879581151833577e+00 5.737400000000000277e-01
-6.125000000000000000e+01 -8.010471204188482020e+00 5.667860000000000120e-01
-6.125000000000000000e+01 -7.068062827225130462e+00 2.028359999999999885e-01
-6.125000000000000000e+01 -6.125654450261779793e+00 3.143110000000000070e-01
-6.125000000000000000e+01 -5.183246073298429124e+00 2.794229999999999769e-01
-6.125000000000000000e+01 -4.240837696335078455e+00 6.738399999999999945e-01
-6.125000000000000000e+01 -3.298429319371727786e+00 5.760110000000000507e-01
-6.125000000000000000e+01 -2.356020942408377117e+00 2.457900000000000015e-02
-6.125000000000000000e+01 -1.413612565445026226e+00 1.604510000000000103e-01
-6.125000000000000000e+01 -4.712041884816753901e-01 3.099899999999999878e-01
-6.125000000000000000e+01 4.712041884816753901e-01 3.099899999999999878e-01
-6.125000000000000000e+01 1.413612565445026226e+00 4.966929999999999956e-01
-6.125000000000000000e+01 2.356020942408377117e+00 8.916370000000000129e-01
-6.125000000000000000e+01 3.298429319371727786e+00 3.018930000000000224e-01
-6.125000000000000000e+01 4.240837696335078455e+00 1.551250000000000129e-01
-6.000000000000000000e+01 -1.554973821989529448e+01 1.826210000000000055e-01
-6.000000000000000000e+01 -1.460732984293194114e+01 4.840030000000000165e-01
-6.000000000000000000e+01 -1.366492146596859136e+01 6.646630000000000038e-01
-6.000000000000000000e+01 -1.272251308900523981e+01 5.507929999999999771e-01
-6.000000000000000000e+01 -1.178010471204188825e+01 2.019370000000000054e-01
-6.000000000000000000e+01 -1.083769633507853669e+01 5.371299999999999686e-02
-6.000000000000000000e+01 -9.895287958115185134e+00 5.371230000000000171e-01
-6.000000000000000000e+01 -8.952879581151833577e+00 5.085370000000000168e-01
-6.000000000000000000e+01 -8.010471204188482020e+00 2.881259999999999932e-01
-6.000000000000000000e+01 -7.068062827225130462e+00 7.814830000000000387e-01
-6.000000000000000000e+01 -6.125654450261779793e+00 4.086989999999999790e-01
-6.000000000000000000e+01 -5.183246073298429124e+00 3.702170000000000183e-01
-6.000000000000000000e+01 -4.240837696335078455e+00 7.869059999999999944e-01
-6.000000000000000000e+01 -3.298429319371727786e+00 8.992809999999999970e-01
-6.000000000000000000e+01 -2.356020942408377117e+00 9.572929999999999495e-01
-6.000000000000000000e+01 -1.413612565445026226e+00 5.224870000000000347e-01
-6.000000000000000000e+01 -4.712041884816753901e-01 1.326950000000000074e-01
-6.000000000000000000e+01 4.712041884816753901e-01 1.326950000000000074e-01
-6.000000000000000000e+01 1.413612565445026226e+00 8.445219999999999949e-01
-6.000000000000000000e+01 2.356020942408377117e+00 4.965120000000000089e-01
-6.000000000000000000e+01 3.298429319371727786e+00 1.434449999999999892e-01
-6.000000000000000000e+01 4.240837696335078455e+00 2.654600000000000015e-02
-6.000000000000000000e+01 5.183246073298429124e+00 2.813200000000000076e-02
-5.875000000000000000e+01 -1.366492146596859136e+01 6.896299999999999653e-02
-5.875000000000000000e+01 -1.272251308900523981e+01 1.709700000000000109e-02
-5.875000000000000000e+01 -1.178010471204188825e+01 3.209230000000000138e-01
-5.875000000000000000e+01 -1.083769633507853669e+01 8.054480000000000528e-01
-5.875000000000000000e+01 -9.895287958115185134e+00 9.018119999999999470e-01
-5.875000000000000000e+01 -8.952879581151833577e+00 5.857170000000000432e-01
-5.875000000000000000e+01 -8.010471204188482020e+00 8.815099999999999325e-02
-5.875000000000000000e+01 -7.068062827225130462e+00 6.573529999999999651e-01
-5.875000000000000000e+01 -6.125654450261779793e+00 1.207519999999999982e-01
-5.875000000000000000e+01 -5.183246073298429124e+00 7.131000000000000186e-03
-5.875000000000000000e+01 -4.240837696335078455e+00 4.840229999999999810e-01
-5.875000000000000000e+01 -3.298429319371727786e+00 8.859259999999999913e-01
-5.875000000000000000e+01 -2.356020942408377117e+00 4.517900000000000249e-01
-5.875000000000000000e+01 -1.413612565445026226e+00 6.033399999999999874e-02
-5.875000000000000000e+01 -4.712041884816753901e-01 1.523900000000000081e-02
-5.875000000000000000e+01 4.712041884816753901e-01 1.523900000000000081e-02
-5.750000000000000000e+01 -1.366492146596859136e+01 6.511000000000000121e-02
-5.750000000000000000e+01 -1.272251308900523981e+01 1.182279999999999998e-01
-5.750000000000000000e+01 -1.178010471204188825e+01 7.264490000000000114e-01
-5.750000000000000000e+01 -1.083769633507853669e+01 7.062030000000000252e-01
-5.750000000000000000e+01 -9.895287958115185134e+00 9.573319999999999608e-01
-5.750000000000000000e+01 -8.952879581151833577e+00 5.067549999999999555e-01
-5.750000000000000000e+01 -8.010471204188482020e+00 4.286300000000000110e-01
-5.750000000000000000e+01 -7.068062827225130462e+00 7.558600000000000041e-02
-5.750000000000000000e+01 -6.125654450261779793e+00 6.235549999999999704e-01
-5.750000000000000000e+01 -5.183246073298429124e+00 1.735760000000000081e-01
-5.750000000000000000e+01 -4.240837696335078455e+00 3.257860000000000200e-01
-5.750000000000000000e+01 -3.298429319371727786e+00 5.350819999999999466e-01
-5.750000000000000000e+01 -2.356020942408377117e+00 2.353139999999999954e-01
-5.750000000000000000e+01 -1.413612565445026226e+00 2.897599999999999829e-02
-5.750000000000000000e+01 -4.712041884816753901e-01 2.487240000000000006e-01
-5.750000000000000000e+01 4.712041884816753901e-01 2.487240000000000006e-01
-5.750000000000000000e+01 1.413612565445026226e+00 3.372680000000000122e-01
-5.625000000000000000e+01 -1.366492146596859136e+01 4.610360000000000014e-01
-5.625000000000000000e+01 -1.272251308900523981e+01 4.020980000000000110e-01
-5.625000000000000000e+01 -1.178010471204188825e+01 8.703300000000000480e-01
-5.625000000000000000e+01 -1.083769633507853669e+01 6.891059999999999963e-01
-5.625000000000000000e+01 -9.895287958115185134e+00 9.926949999999999941e-01
-5.625000000000000000e+01 -8.952879581151833577e+00 2.187330000000000108e-01
-5.625000000000000000e+01 -8.010471204188482020e+00 2.735969999999999791e-01
-5.625000000000000000e+01 -7.068062827225130462e+00 5.336530000000000440e-01
-5.625000000000000000e+01 -6.125654450261779793e+00 6.160809999999999897e-01
-5.625000000000000000e+01 -5.183246073298429124e+00 6.958590000000000053e-01
-5.625000000000000000e+01 -4.240837696335078455e+00 5.811439999999999939e-01
-5.625000000000000000e+01 -3.298429319371727786e+00 4.980399999999999827e-01
-5.625000000000000000e+01 -2.356020942408377117e+00 5.274910000000000432e-01
-5.625000000000000000e+01 -1.413612565445026226e+00 2.198330000000000006e-01
-5.625000000000000000e+01 -4.712041884816753901e-01 5.924200000000000299e-02
-5.625000000000000000e+01 4.712041884816753901e-01 5.924200000000000299e-02
-5.625000000000000000e+01 1.413612565445026226e+00 1.482799999999999917e-02
-5.500000000000000000e+01 -1.460732984293194114e+01 1.911480000000000123e-01
-5.500000000000000000e+01 -1.366492146596859136e+01 7.233000000000000540e-02
-5.500000000000000000e+01 -1.272251308900523981e+01 6.924559999999999604e-01
-5.500000000000000000e+01 -1.178010471204188825e+01 9.598210000000000353e-01
-5.500000000000000000e+01 -1.083769633507853669e+01 9.612979999999999858e-01
-5.500000000000000000e+01 -9.895287958115185134e+00 9.301899999999999613e-01
-5.500000000000000000e+01 -8.952879581151833577e+00 3.667420000000000124e-01
-5.500000000000000000e+01 -8.010471204188482020e+00 8.195050000000000390e-01
-5.500000000000000000e+01 -7.068062827225130462e+00 7.028769999999999740e-01
-5.500000000000000000e+01 -6.125654450261779793e+00 5.147119999999999473e-01
-5.500000000000000000e+01 -5.183246073298429124e+00 4.896679999999999922e-01
-5.500000000000000000e+01 -4.240837696335078455e+00 8.297679999999999501e-01
-5.500000000000000000e+01 -3.298429319371727786e+00 8.314540000000000264e-01
-5.500000000000000000e+01 -2.356020942408377117e+00 7.389029999999999765e-01
-5.500000000000000000e+01 -1.413612565445026226e+00 4.657729999999999926e-01
-5.500000000000000000e+01 -4.712041884816753901e-01 1.900299999999999906e-02
-5.500000000000000000e+01 4.712041884816753901e-01 1.900299999999999906e-02
-5.500000000000000000e+01 1.413612565445026226e+00 3.225000000000000002e-03
-5.500000000000000000e+01 2.356020942408377117e+00 6.152799999999999936e-02
-5.375000000000000000e+01 -1.460732984293194114e+01 6.037999999999999964e-03
-5.375000000000000000e+01 -1.366492146596859136e+01 6.809600000000000375e-02
-5.375000000000000000e+01 -1.272251308900523981e+01 5.665489999999999693e-01
-5.375000000000000000e+01 -1.178010471204188825e+01 4.060289999999999733e-01
-5.375000000000000000e+01 -1.083769633507853669e+01 7.104589999999999517e-01
-5.375000000000000000e+01 -9.895287958115185134e+00 7.321440000000000170e-01
-5.375000000000000000e+01 -8.952879581151833577e+00 1.646789999999999921e-01
-5.375000000000000000e+01 -8.010471204188482020e+00 2.966099999999999987e-02
-5.375000000000000000e+01 -7.068062827225130462e+00 4.720050000000000079e-01
-5.375000000000000000e+01 -6.125654450261779793e+00 6.636020000000000252e-01
-5.375000000000000000e+01 -5.183246073298429124e+00 8.217389999999999972e-01
-5.375000000000000000e+01 -4.240837696335078455e+00 7.429200000000000248e-01
-5.375000000000000000e+01 -3.298429319371727786e+00 9.602650000000000352e-01
-5.375000000000000000e+01 -2.356020942408377117e+00 6.324969999999999759e-01
-5.375000000000000000e+01 -1.413612565445026226e+00 6.684999999999999831e-01
-5.375000000000000000e+01 -4.712041884816753901e-01 2.983810000000000073e-01
-5.375000000000000000e+01 4.712041884816753901e-01 2.983810000000000073e-01
-5.375000000000000000e+01 1.413612565445026226e+00 5.268709999999999782e-01
-5.375000000000000000e+01 2.356020942408377117e+00 2.997730000000000117e-01
-5.250000000000000000e+01 -1.366492146596859136e+01 1.554600000000000079e-02
-5.250000000000000000e+01 -1.272251308900523981e+01 4.187250000000000139e-01
-5.250000000000000000e+01 -1.178010471204188825e+01 2.569810000000000150e-01
-5.250000000000000000e+01 -1.083769633507853669e+01 4.111850000000000227e-01
-5.250000000000000000e+01 -9.895287958115185134e+00 3.079819999999999780e-01
-5.250000000000000000e+01 -8.952879581151833577e+00 6.408800000000000607e-02
-5.250000000000000000e+01 -8.010471204188482020e+00 1.808079999999999965e-01
-5.250000000000000000e+01 -7.068062827225130462e+00 7.505239999999999689e-01
-5.250000000000000000e+01 -6.125654450261779793e+00 8.495979999999999643e-01
-5.250000000000000000e+01 -5.183246073298429124e+00 3.635220000000000118e-01
-5.250000000000000000e+01 -4.240837696335078455e+00 5.314320000000000155e-01
-5.250000000000000000e+01 -3.298429319371727786e+00 9.064090000000000202e-01
-5.250000000000000000e+01 -2.356020942408377117e+00 3.854620000000000268e-01
-5.250000000000000000e+01 -1.413612565445026226e+00 8.703109999999999458e-01
-5.250000000000000000e+01 -4.712041884816753901e-01 4.844289999999999985e-01
-5.250000000000000000e+01 4.712041884816753901e-01 4.844289999999999985e-01
-5.125000000000000000e+01 -8.952879581151833577e+00 8.680900000000000283e-01
-5.125000000000000000e+01 -8.010471204188482020e+00 5.728029999999999511e-01
-5.125000000000000000e+01 -7.068062827225130462e+00 7.037280000000000202e-01
-5.125000000000000000e+01 -5.183246073298429124e+00 5.110010000000000385e-01
-5.125000000000000000e+01 -4.240837696335078455e+00 7.502609999999999557e-01
-5.125000000000000000e+01 -3.298429319371727786e+00 9.860069999999999668e-01
-5.125000000000000000e+01 -2.356020942408377117e+00 8.247459999999999791e-01
-5.000000000000000000e+01 -3.298429319371727786e+00 9.460439999999999960e-01
