-7.875000000000000000e+01 -6.125654450261779793e+00 5.097730000000000317e-01
-7.875000000000000000e+01 -5.183246073298429124e+00 2.437549999999999994e-01
-7.875000000000000000e+01 -4.240837696335078455e+00 3.711400000000000254e-01
-7.875000000000000000e+01 -3.298429319371727786e+00 4.723310000000000008e-01
-7.875000000000000000e+01 -2.356020942408377117e+00 0.000000000000000000e+00
-7.875000000000000000e+01 -1.413612565445026226e+00 0.000000000000000000e+00
-7.750000000000000000e+01 -8.952879581151833577e+00 1.897490000000000010e-01
-7.750000000000000000e+01 -8.010471204188482020e+00 1.435049999999999937e-01
-7.750000000000000000e+01 -7.068062827225130462e+00 2.930209999999999759e-01
-7.750000000000000000e+01 -6.125654450261779793e+00 5.727700000000000014e-01
-7.750000000000000000e+01 -5.183246073298429124e+00 1.739130000000000120e-01
-7.750000000000000000e+01 -4.240837696335078455e+00 6.288199999999999346e-02
-7.750000000000000000e+01 -3.298429319371727786e+00 3.780899999999999817e-01
-7.750000000000000000e+01 -2.356020942408377117e+00 2.750560000000000227e-01
-7.750000000000000000e+01 -1.413612565445026226e+00 3.508720000000000172e-01
-7.750000000000000000e+01 -4.712041884816753901e-01 2.078260000000000107e-01
-7.750000000000000000e+01 4.712041884816753901e-01 2.078260000000000107e-01
-7.625000000000000000e+01 -1.083769633507853669e+01 6.732200000000000684e-02
-7.625000000000000000e+01 -9.895287958115185134e+00 1.372760000000000091e-01
-7.625000000000000000e+01 -8.952879581151833577e+00 4.399250000000000105e-01
-7.625000000000000000e+01 -8.010471204188482020e+00 1.571639999999999981e-01
-7.625000000000000000e+01 -7.068062827225130462e+00 3.018710000000000004e-01
-7.625000000000000000e+01 -6.125654450261779793e+00 4.313080000000000247e-01
-7.625000000000000000e+01 -5.183246073298429124e+00 4.222299999999999665e-02
-7.625000000000000000e+01 -4.240837696335078455e+00 1.472000000000000001e-03
-7.625000000000000000e+01 -3.298429319371727786e+00 3.983000000000000429e-03
-7.625000000000000000e+01 -2.356020942408377117e+00 2.553000000000000148e-03
-7.625000000000000000e+01 -1.413612565445026226e+00 2.611000000000000040e-03
-7.625000000000000000e+01 -4.712041884816753901e-01 7.056400000000000172e-02
-7.625000000000000000e+01 4.712041884816753901e-01 7.056400000000000172e-02
-7.625000000000000000e+01 1.413612565445026226e+00 8.467909999999999604e-01
-7.500000000000000000e+01 -1.366492146596859136e+01 7.814200000000000312e-02
-7.500000000000000000e+01 -1.272251308900523981e+01 1.417779999999999874e-01
-7.500000000000000000e+01 -1.178010471204188825e+01 1.241629999999999956e-01
-7.500000000000000000e+01 -1.083769633507853669e+01 3.806410000000000071e-01
-7.500000000000000000e+01 -9.895287958115185134e+00 1.842630000000000101e-01
-7.500000000000000000e+01 -8.952879581151833577e+00 4.938489999999999824e-01
-7.500000000000000000e+01 -8.010471204188482020e+00 2.525439999999999907e-01
-7.500000000000000000e+01 -7.068062827225130462e+00 3.560399999999999676e-02
-7.500000000000000000e+01 -6.125654450261779793e+00 6.070300000000000001e-02
-7.500000000000000000e+01 -5.183246073298429124e+00 4.566900000000000126e-02
-7.500000000000000000e+01 -4.240837696335078455e+00 2.003299999999999872e-02
-7.500000000000000000e+01 -3.298429319371727786e+00 2.305999999999999890e-03
-7.500000000000000000e+01 -2.356020942408377117e+00 6.376999999999999856e-03
-7.500000000000000000e+01 -1.413612565445026226e+00 5.597000000000000412e-03
-7.500000000000000000e+01 -4.712041884816753901e-01 2.778500000000000067e-02
-7.500000000000000000e+01 4.712041884816753901e-01 2.778500000000000067e-02
-7.500000000000000000e+01 1.413612565445026226e+00 5.807870000000000532e-01
-7.500000000000000000e+01 2.356020942408377117e+00 9.086840000000000472e-01
-7.375000000000000000e+01 -1.460732984293194114e+01 0.000000000000000000e+00
-7.375000000000000000e+01 -1.366492146596859136e+01 1.302490000000000037e-01
-7.375000000000000000e+01 -1.272251308900523981e+01 8.803800000000000514e-02
-7.375000000000000000e+01 -1.178010471204188825e+01 9.742699999999999971e-02
-7.375000000000000000e+01 -1.083769633507853669e+01 1.004329999999999945e-01
-7.375000000000000000e+01 -9.895287958115185134e+00 5.654499999999999804e-02
-7.375000000000000000e+01 -8.952879581151833577e+00 9.196699999999999320e-02
-7.375000000000000000e+01 -8.010471204188482020e+00 1.399759999999999893e-01
-7.375000000000000000e+01 -7.068062827225130462e+00 3.771000000000000046e-02
-7.375000000000000000e+01 -6.125654450261779793e+00 2.464699999999999877e-02
-7.375000000000000000e+01 -5.183246073298429124e+00 7.177999999999999658e-02
-7.375000000000000000e+01 -4.240837696335078455e+00 2.272499999999999867e-02
-7.375000000000000000e+01 -3.298429319371727786e+00 7.262000000000000226e-03
-7.375000000000000000e+01 -2.356020942408377117e+00 5.409999999999999878e-03
-7.375000000000000000e+01 -1.413612565445026226e+00 1.258690000000000087e-01
-7.375000000000000000e+01 -4.712041884816753901e-01 2.467000000000000009e-03
-7.375000000000000000e+01 4.712041884816753901e-01 2.467000000000000009e-03
-7.375000000000000000e+01 1.413612565445026226e+00 3.774199999999999777e-02
-7.250000000000000000e+01 -1.460732984293194114e+01 5.432000000000000196e-03
-7.250000000000000000e+01 -1.366492146596859136e+01 1.374849999999999961e-01
-7.250000000000000000e+01 -1.272251308900523981e+01 1.757549999999999946e-01
-7.250000000000000000e+01 -1.178010471204188825e+01 4.374800000000000216e-02
-7.250000000000000000e+01 -1.083769633507853669e+01 6.879999999999999831e-03
-7.250000000000000000e+01 -9.895287958115185134e+00 0.000000000000000000e+00
-7.250000000000000000e+01 -8.952879581151833577e+00 1.077600000000000086e-02
-7.250000000000000000e+01 -8.010471204188482020e+00 4.470999999999999974e-01
-7.250000000000000000e+01 -7.068062827225130462e+00 1.540700000000000125e-01
-7.250000000000000000e+01 -6.125654450261779793e+00 9.730000000000000151e-04
-7.250000000000000000e+01 -5.183246073298429124e+00 9.737000000000000863e-03
-7.250000000000000000e+01 -4.240837696335078455e+00 1.123389999999999944e-01
-7.250000000000000000e+01 -3.298429319371727786e+00 2.123999999999999846e-02
-7.250000000000000000e+01 -2.356020942408377117e+00 6.781299999999999828e-02
-7.250000000000000000e+01 -1.413612565445026226e+00 2.121500000000000122e-02
-7.250000000000000000e+01 -4.712041884816753901e-01 6.908000000000000078e-03
-7.250000000000000000e+01 4.712041884816753901e-01 6.908000000000000078e-03
-7.250000000000000000e+01 1.413612565445026226e+00 1.020399999999999953e-02
-7.125000000000000000e+01 -1.460732984293194114e+01 9.079900000000000471e-02
-7.125000000000000000e+01 -1.366492146596859136e+01 2.439500000000000002e-02
-7.125000000000000000e+01 -1.272251308900523981e+01 2.017519999999999869e-01
-7.125000000000000000e+01 -1.178010471204188825e+01 0.000000000000000000e+00
-7.125000000000000000e+01 -1.083769633507853669e+01 0.000000000000000000e+00
-7.125000000000000000e+01 -9.895287958115185134e+00 6.791000000000000161e-03
-7.125000000000000000e+01 -8.952879581151833577e+00 8.929399999999999837e-02
-7.125000000000000000e+01 -8.010471204188482020e+00 5.646520000000000428e-01
-7.125000000000000000e+01 -7.068062827225130462e+00 2.274899999999999839e-02
-7.125000000000000000e+01 -6.125654450261779793e+00 4.655000000000000283e-03
-7.125000000000000000e+01 -5.183246073298429124e+00 2.429999999999999977e-04
-7.125000000000000000e+01 -4.240837696335078455e+00 3.695899999999999880e-02
-7.125000000000000000e+01 -3.298429319371727786e+00 3.190000000000000019e-04
-7.125000000000000000e+01 -2.356020942408377117e+00 4.737399999999999944e-02
-7.125000000000000000e+01 -1.413612565445026226e+00 3.592000000000000141e-03
-7.125000000000000000e+01 -4.712041884816753901e-01 0.000000000000000000e+00
-7.125000000000000000e+01 4.712041884816753901e-01 0.000000000000000000e+00
-7.125000000000000000e+01 1.413612565445026226e+00 1.084539999999999949e-01
-7.000000000000000000e+01 -1.366492146596859136e+01 8.580000000000000820e-03
-7.000000000000000000e+01 -1.272251308900523981e+01 3.794719999999999760e-01
-7.000000000000000000e+01 -1.178010471204188825e+01 5.235700000000000076e-02
-7.000000000000000000e+01 -1.083769633507853669e+01 3.436449999999999783e-01
-7.000000000000000000e+01 -9.895287958115185134e+00 3.010900000000000035e-02
-7.000000000000000000e+01 -8.952879581151833577e+00 2.475809999999999955e-01
-7.000000000000000000e+01 -8.010471204188482020e+00 3.661119999999999930e-01
-7.000000000000000000e+01 -7.068062827225130462e+00 4.327000000000000290e-02
-7.000000000000000000e+01 -6.125654450261779793e+00 1.861000000000000024e-03
-7.000000000000000000e+01 -5.183246073298429124e+00 8.040000000000000271e-04
-7.000000000000000000e+01 -4.240837696335078455e+00 1.323479999999999934e-01
-7.000000000000000000e+01 -3.298429319371727786e+00 7.625700000000000534e-02
-7.000000000000000000e+01 -2.356020942408377117e+00 2.712900000000000034e-02
-7.000000000000000000e+01 -1.413612565445026226e+00 3.919299999999999867e-02
-7.000000000000000000e+01 -4.712041884816753901e-01 1.220300000000000031e-02
-7.000000000000000000e+01 4.712041884816753901e-01 1.220300000000000031e-02
-7.000000000000000000e+01 1.413612565445026226e+00 8.120999999999999747e-03
-6.875000000000000000e+01 -1.554973821989529448e+01 6.769999999999999759e-04
-6.875000000000000000e+01 -1.460732984293194114e+01 3.709400000000000197e-02
-6.875000000000000000e+01 -1.366492146596859136e+01 1.460799999999999946e-02
-6.875000000000000000e+01 -1.272251308900523981e+01 1.285419999999999896e-01
-6.875000000000000000e+01 -1.178010471204188825e+01 3.774040000000000172e-01
-6.875000000000000000e+01 -1.083769633507853669e+01 6.260860000000000314e-01
-6.875000000000000000e+01 -9.895287958115185134e+00 1.184410000000000046e-01
-6.875000000000000000e+01 -8.952879581151833577e+00 4.730039999999999800e-01
-6.875000000000000000e+01 -8.010471204188482020e+00 1.089099999999999964e-02
-6.875000000000000000e+01 -7.068062827225130462e+00 2.047999999999999907e-03
-6.875000000000000000e+01 -6.125654450261779793e+00 1.129999999999999928e-03
-6.875000000000000000e+01 -5.183246073298429124e+00 4.840000000000000010e-04
-6.875000000000000000e+01 -4.240837696335078455e+00 4.423999999999999981e-03
-6.875000000000000000e+01 -3.298429319371727786e+00 7.030999999999999923e-03
-6.875000000000000000e+01 -2.356020942408377117e+00 5.653000000000000039e-03
-6.875000000000000000e+01 -1.413612565445026226e+00 1.168800000000000047e-02
-6.875000000000000000e+01 -4.712041884816753901e-01 1.129100000000000069e-02
-6.875000000000000000e+01 4.712041884816753901e-01 1.129100000000000069e-02
-6.875000000000000000e+01 1.413612565445026226e+00 1.673099999999999934e-02
-6.875000000000000000e+01 2.356020942408377117e+00 6.131000000000000165e-03
-6.750000000000000000e+01 -1.649214659685864603e+01 2.919519999999999893e-01
-6.750000000000000000e+01 -1.554973821989529448e+01 2.919519999999999893e-01
-6.750000000000000000e+01 -1.460732984293194114e+01 1.540940000000000087e-01
-6.750000000000000000e+01 -1.366492146596859136e+01 1.188639999999999974e-01
-6.750000000000000000e+01 -1.272251308900523981e+01 1.729699999999999988e-02
-6.750000000000000000e+01 -1.178010471204188825e+01 1.963399999999999868e-02
-6.750000000000000000e+01 -1.083769633507853669e+01 4.103760000000000185e-01
-6.750000000000000000e+01 -9.895287958115185134e+00 8.159370000000000234e-01
-6.750000000000000000e+01 -8.952879581151833577e+00 2.444099999999999884e-01
-6.750000000000000000e+01 -8.010471204188482020e+00 2.236999999999999839e-03
-6.750000000000000000e+01 -7.068062827225130462e+00 8.919999999999999978e-04
-6.750000000000000000e+01 -6.125654450261779793e+00 5.950000000000000427e-03
-6.750000000000000000e+01 -5.183246073298429124e+00 1.128000000000000096e-03
-6.750000000000000000e+01 -4.240837696335078455e+00 8.059999999999999673e-04
-6.750000000000000000e+01 -3.298429319371727786e+00 1.632199999999999970e-02
-6.750000000000000000e+01 -2.356020942408377117e+00 3.310000000000000225e-04
-6.750000000000000000e+01 -1.413612565445026226e+00 8.000000000000000654e-05
-6.750000000000000000e+01 -4.712041884816753901e-01 8.989999999999999511e-04
-6.750000000000000000e+01 4.712041884816753901e-01 8.989999999999999511e-04
-6.750000000000000000e+01 1.413612565445026226e+00 6.081999999999999733e-03
-6.750000000000000000e+01 2.356020942408377117e+00 7.219999999999999855e-04
-6.625000000000000000e+01 -1.837696335078534560e+01 8.382100000000000661e-02
-6.625000000000000000e+01 -1.743455497382199582e+01 2.670009999999999883e-01
-6.625000000000000000e+01 -1.649214659685864603e+01 1.786999999999999960e-03
-6.625000000000000000e+01 -1.554973821989529448e+01 1.786999999999999960e-03
-6.625000000000000000e+01 -1.460732984293194114e+01 1.565700000000000078e-02
-6.625000000000000000e+01 -1.366492146596859136e+01 1.134000000000000025e-03
-6.625000000000000000e+01 -1.272251308900523981e+01 0.000000000000000000e+00
-6.625000000000000000e+01 -1.178010471204188825e+01 1.333499999999999963e-02
-6.625000000000000000e+01 -1.083769633507853669e+01 1.914210000000000078e-01
-6.625000000000000000e+01 -9.895287958115185134e+00 2.463120000000000032e-01
-6.625000000000000000e+01 -8.952879581151833577e+00 1.932879999999999876e-01
-6.625000000000000000e+01 -8.010471204188482020e+00 2.295000000000000165e-03
-6.625000000000000000e+01 -7.068062827225130462e+00 8.109999999999999805e-04
-6.625000000000000000e+01 -6.125654450261779793e+00 1.610000000000000103e-04
-6.625000000000000000e+01 -5.183246073298429124e+00 3.260000000000000094e-04
-6.625000000000000000e+01 -4.240837696335078455e+00 3.615999999999999857e-03
-6.625000000000000000e+01 -3.298429319371727786e+00 1.739299999999999874e-02
-6.625000000000000000e+01 -2.356020942408377117e+00 6.369999999999999794e-03
-6.625000000000000000e+01 -1.413612565445026226e+00 0.000000000000000000e+00
-6.625000000000000000e+01 -4.712041884816753901e-01 2.425000000000000072e-03
-6.625000000000000000e+01 4.712041884816753901e-01 2.425000000000000072e-03
-6.625000000000000000e+01 1.413612565445026226e+00 9.509199999999999597e-02
-6.625000000000000000e+01 2.356020942408377117e+00 1.230969999999999981e-01
-6.500000000000000000e+01 -1.837696335078534560e+01 2.526099999999999873e-02
-6.500000000000000000e+01 -1.743455497382199582e+01 4.934709999999999930e-01
-6.500000000000000000e+01 -1.649214659685864603e+01 6.770400000000000029e-02
-6.500000000000000000e+01 -1.554973821989529448e+01 6.770400000000000029e-02
-6.500000000000000000e+01 -1.460732984293194114e+01 1.397800000000000084e-02
-6.500000000000000000e+01 -1.366492146596859136e+01 9.081000000000000530e-03
-6.500000000000000000e+01 -1.272251308900523981e+01 2.658000000000000206e-03
-6.500000000000000000e+01 -1.178010471204188825e+01 8.753999999999999629e-03
-6.500000000000000000e+01 -1.083769633507853669e+01 2.122300000000000020e-01
-6.500000000000000000e+01 -9.895287958115185134e+00 6.760249999999999870e-01
-6.500000000000000000e+01 -8.952879581151833577e+00 1.706409999999999871e-01
-6.500000000000000000e+01 -8.010471204188482020e+00 8.189999999999999364e-03
-6.500000000000000000e+01 -7.068062827225130462e+00 6.424100000000000643e-02
-6.500000000000000000e+01 -6.125654450261779793e+00 1.147999999999999932e-03
-6.500000000000000000e+01 -5.183246073298429124e+00 9.175600000000000422e-02
-6.500000000000000000e+01 -4.240837696335078455e+00 3.112600000000000089e-02
-6.500000000000000000e+01 -3.298429319371727786e+00 6.556599999999999928e-02
-6.500000000000000000e+01 -2.356020942408377117e+00 4.329999999999999648e-03
-6.500000000000000000e+01 -1.413612565445026226e+00 1.791999999999999973e-03
-6.500000000000000000e+01 -4.712041884816753901e-01 7.742999999999999883e-03
-6.500000000000000000e+01 4.712041884816753901e-01 7.742999999999999883e-03
-6.500000000000000000e+01 1.413612565445026226e+00 2.658999999999999905e-03
-6.375000000000000000e+01 -2.026178010471204516e+01 8.333329999999999904e-01
-6.375000000000000000e+01 -1.931937172774869538e+01 3.259719999999999840e-01
-6.375000000000000000e+01 -1.837696335078534560e+01 1.525759999999999894e-01
-6.375000000000000000e+01 -1.743455497382199582e+01 5.843930000000000513e-01
-6.375000000000000000e+01 -1.649214659685864603e+01 6.831199999999999772e-02
-6.375000000000000000e+01 -1.554973821989529448e+01 6.831199999999999772e-02
-6.375000000000000000e+01 -1.460732984293194114e+01 4.382199999999999984e-02
-6.375000000000000000e+01 -1.366492146596859136e+01 3.882000000000000034e-03
-6.375000000000000000e+01 -1.272251308900523981e+01 3.177000000000000136e-03
-6.375000000000000000e+01 -1.178010471204188825e+01 2.304980000000000084e-01
-6.375000000000000000e+01 -1.083769633507853669e+01 6.332999999999999741e-02
-6.375000000000000000e+01 -9.895287958115185134e+00 5.416530000000000511e-01
-6.375000000000000000e+01 -8.952879581151833577e+00 8.317689999999999806e-01
-6.375000000000000000e+01 -8.010471204188482020e+00 4.736630000000000007e-01
-6.375000000000000000e+01 -7.068062827225130462e+00 1.753290000000000126e-01
-6.375000000000000000e+01 -6.125654450261779793e+00 4.970999999999999724e-03
-6.375000000000000000e+01 -5.183246073298429124e+00 4.003899999999999820e-02
-6.375000000000000000e+01 -4.240837696335078455e+00 1.715990000000000015e-01
-6.375000000000000000e+01 -3.298429319371727786e+00 3.810100000000000292e-02
-6.375000000000000000e+01 -2.356020942408377117e+00 3.249999999999999851e-04
-6.375000000000000000e+01 -1.413612565445026226e+00 3.240000000000000150e-04
-6.375000000000000000e+01 -4.712041884816753901e-01 6.095999999999999856e-03
-6.375000000000000000e+01 4.712041884816753901e-01 6.095999999999999856e-03
-6.375000000000000000e+01 1.413612565445026226e+00 4.285900000000000126e-02
-6.375000000000000000e+01 3.298429319371727786e+00 2.567399999999999891e-02
-6.250000000000000000e+01 -1.931937172774869538e+01 4.059409999999999963e-01
-6.250000000000000000e+01 -1.837696335078534560e+01 7.265970000000000484e-01
-6.250000000000000000e+01 -1.743455497382199582e+01 8.331269999999999509e-01
-6.250000000000000000e+01 -1.649214659685864603e+01 1.194790000000000019e-01
-6.250000000000000000e+01 -1.554973821989529448e+01 1.194790000000000019e-01
-6.250000000000000000e+01 -1.460732984293194114e+01 7.910999999999999630e-03
-6.250000000000000000e+01 -1.366492146596859136e+01 2.263999999999999953e-03
-6.250000000000000000e+01 -1.272251308900523981e+01 1.157999999999999958e-03
-6.250000000000000000e+01 -1.178010471204188825e+01 3.397209999999999952e-01
-6.250000000000000000e+01 -1.083769633507853669e+01 3.390340000000000020e-01
-6.250000000000000000e+01 -9.895287958115185134e+00 9.769879999999999676e-01
-6.250000000000000000e+01 -8.952879581151833577e+00 4.358739999999999837e-01
-6.250000000000000000e+01 -8.010471204188482020e+00 2.883419999999999872e-01
-6.250000000000000000e+01 -7.068062827225130462e+00 5.404330000000000522e-01
-6.250000000000000000e+01 -6.125654450261779793e+00 1.975059999999999871e-01
-6.250000000000000000e+01 -5.183246073298429124e+00 2.396000000000000126e-03
-6.250000000000000000e+01 -4.240837696335078455e+00 1.678580000000000072e-01
-6.250000000000000000e+01 -3.298429319371727786e+00 2.397499999999999978e-02
-6.250000000000000000e+01 -2.356020942408377117e+00 2.275999999999999811e-03
-6.250000000000000000e+01 -1.413612565445026226e+00 9.103300000000000280e-02
-6.250000000000000000e+01 -4.712041884816753901e-01 6.509999999999999945e-04
-6.250000000000000000e+01 4.712041884816753901e-01 6.509999999999999945e-04
-6.250000000000000000e+01 1.413612565445026226e+00 1.435000000000000078e-03
-6.250000000000000000e+01 2.356020942408377117e+00 1.253699999999999953e-02
-6.250000000000000000e+01 3.298429319371727786e+00 0.000000000000000000e+00
-6.125000000000000000e+01 -1.837696335078534560e+01 2.100299999999999945e-01
-6.125000000000000000e+01 -1.743455497382199582e+01 3.856089999999999796e-01
-6.125000000000000000e+01 -1.649214659685864603e+01 3.400150000000000117e-01
-6.125000000000000000e+01 -1.554973821989529448e+01 3.400150000000000117e-01
-6.125000000000000000e+01 -1.460732984293194114e+01 8.148400000000000087e-02
-6.125000000000000000e+01 -1.366492146596859136e+01 3.887199999999999683e-02
-6.125000000000000000e+01 -1.272251308900523981e+01 6.153220000000000356e-01
-6.125000000000000000e+01 -1.178010471204188825e+01 7.726499999999999480e-01
-6.125000000000000000e+01 -1.083769633507853669e+01 4.174889999999999990e-01
-6.125000000000000000e+01 -9.895287958115185134e+00 2.392479999999999885e-01
-6.125000000000000000e+01 -8.952879581151833577e+00 1.213660000000000017e-01
-6.125000000000000000e+01 -8.010471204188482020e+00 2.488630000000000009e-01
-6.125000000000000000e+01 -7.068062827225130462e+00 8.723999999999999810e-02
-6.125000000000000000e+01 -6.125654450261779793e+00 9.302699999999999858e-02
-6.125000000000000000e+01 -5.183246073298429124e+00 1.851549999999999863e-01
-6.125000000000000000e+01 -4.240837696335078455e+00 5.386680000000000357e-01
-6.125000000000000000e+01 -3.298429319371727786e+00 4.764399999999999746e-01
-6.125000000000000000e+01 -2.356020942408377117e+00 1.059599999999999952e-02
-6.125000000000000000e+01 -1.413612565445026226e+00 3.362400000000000111e-02
-6.125000000000000000e+01 -4.712041884816753901e-01 2.463470000000000104e-01
-6.125000000000000000e+01 4.712041884816753901e-01 2.463470000000000104e-01
-6.125000000000000000e+01 1.413612565445026226e+00 2.532659999999999911e-01
-6.125000000000000000e+01 2.356020942408377117e+00 6.158569999999999878e-01
-6.125000000000000000e+01 3.298429319371727786e+00 2.574969999999999759e-01
-6.125000000000000000e+01 4.240837696335078455e+00 3.568500000000000144e-02
-6.000000000000000000e+01 -1.554973821989529448e+01 9.736100000000000310e-02
-6.000000000000000000e+01 -1.460732984293194114e+01 3.985469999999999846e-01
-6.000000000000000000e+01 -1.366492146596859136e+01 4.272139999999999826e-01
-6.000000000000000000e+01 -1.272251308900523981e+01 3.625220000000000109e-01
-6.000000000000000000e+01 -1.178010471204188825e+01 1.192899999999999933e-01
-6.000000000000000000e+01 -1.083769633507853669e+01 1.132999999999999893e-03
-6.000000000000000000e+01 -9.895287958115185134e+00 5.444700000000000234e-02
-6.000000000000000000e+01 -8.952879581151833577e+00 5.904000000000000394e-03
-6.000000000000000000e+01 -8.010471204188482020e+00 5.056299999999999684e-02
-6.000000000000000000e+01 -7.068062827225130462e+00 6.137620000000000298e-01
-6.000000000000000000e+01 -6.125654450261779793e+00 1.074569999999999970e-01
-6.000000000000000000e+01 -5.183246073298429124e+00 1.154759999999999953e-01
-6.000000000000000000e+01 -4.240837696335078455e+00 6.187009999999999454e-01
-6.000000000000000000e+01 -3.298429319371727786e+00 7.910059999999999869e-01
-6.000000000000000000e+01 -2.356020942408377117e+00 7.723860000000000170e-01
-6.000000000000000000e+01 -1.413612565445026226e+00 3.419229999999999769e-01
-6.000000000000000000e+01 -4.712041884816753901e-01 1.223950000000000038e-01
-6.000000000000000000e+01 4.712041884816753901e-01 1.223950000000000038e-01
-6.000000000000000000e+01 1.413612565445026226e+00 7.354370000000000074e-01
-6.000000000000000000e+01 2.356020942408377117e+00 1.689650000000000041e-01
-6.000000000000000000e+01 3.298429319371727786e+00 1.310250000000000026e-01
-6.000000000000000000e+01 4.240837696335078455e+00 1.802799999999999889e-02
-6.000000000000000000e+01 5.183246073298429124e+00 1.299699999999999987e-02
-5.875000000000000000e+01 -1.366492146596859136e+01 5.121300000000000158e-02
-5.875000000000000000e+01 -1.272251308900523981e+01 4.676999999999999734e-03
-5.875000000000000000e+01 -1.178010471204188825e+01 2.011060000000000070e-01
-5.875000000000000000e+01 -1.083769633507853669e+01 4.084699999999999998e-01
-5.875000000000000000e+01 -9.895287958115185134e+00 3.305560000000000165e-01
-5.875000000000000000e+01 -8.952879581151833577e+00 6.747200000000000419e-02
-5.875000000000000000e+01 -8.010471204188482020e+00 5.349999999999999721e-03
-5.875000000000000000e+01 -7.068062827225130462e+00 4.263870000000000160e-01
-5.875000000000000000e+01 -6.125654450261779793e+00 4.915699999999999931e-02
-5.875000000000000000e+01 -5.183246073298429124e+00 2.049000000000000040e-03
-5.875000000000000000e+01 -4.240837696335078455e+00 3.785490000000000244e-01
-5.875000000000000000e+01 -3.298429319371727786e+00 8.470069999999999544e-01
-5.875000000000000000e+01 -2.356020942408377117e+00 3.392290000000000028e-01
-5.875000000000000000e+01 -1.413612565445026226e+00 9.620999999999999344e-03
-5.875000000000000000e+01 -4.712041884816753901e-01 1.773999999999999969e-03
-5.875000000000000000e+01 4.712041884816753901e-01 1.773999999999999969e-03
-5.750000000000000000e+01 -1.366492146596859136e+01 5.404300000000000076e-02
-5.750000000000000000e+01 -1.272251308900523981e+01 6.454000000000000015e-02
-5.750000000000000000e+01 -1.178010471204188825e+01 5.126530000000000253e-01
-5.750000000000000000e+01 -1.083769633507853669e+01 3.870080000000000187e-01
-5.750000000000000000e+01 -9.895287958115185134e+00 5.781429999999999625e-01
-5.750000000000000000e+01 -8.952879581151833577e+00 2.931299999999999878e-02
-5.750000000000000000e+01 -8.010471204188482020e+00 3.135000000000000200e-03
-5.750000000000000000e+01 -7.068062827225130462e+00 2.036599999999999869e-02
-5.750000000000000000e+01 -6.125654450261779793e+00 3.690740000000000132e-01
-5.750000000000000000e+01 -5.183246073298429124e+00 3.402999999999999775e-02
-5.750000000000000000e+01 -4.240837696335078455e+00 2.023250000000000048e-01
-5.750000000000000000e+01 -3.298429319371727786e+00 5.211860000000000381e-01
-5.750000000000000000e+01 -2.356020942408377117e+00 1.163269999999999998e-01
-5.750000000000000000e+01 -1.413612565445026226e+00 1.578999999999999848e-02
-5.750000000000000000e+01 -4.712041884816753901e-01 6.084400000000000225e-02
-5.750000000000000000e+01 4.712041884816753901e-01 6.084400000000000225e-02
-5.750000000000000000e+01 1.413612565445026226e+00 1.996090000000000086e-01
-5.625000000000000000e+01 -1.366492146596859136e+01 3.698080000000000256e-01
-5.625000000000000000e+01 -1.272251308900523981e+01 3.466509999999999869e-01
-5.625000000000000000e+01 -1.178010471204188825e+01 7.524920000000000497e-01
-5.625000000000000000e+01 -1.083769633507853669e+01 5.169709999999999583e-01
-5.625000000000000000e+01 -9.895287958115185134e+00 8.099809999999999510e-01
-5.625000000000000000e+01 -8.952879581151833577e+00 4.507300000000000195e-02
-5.625000000000000000e+01 -8.010471204188482020e+00 1.219699999999999951e-02
-5.625000000000000000e+01 -7.068062827225130462e+00 1.603839999999999988e-01
-5.625000000000000000e+01 -6.125654450261779793e+00 3.688080000000000247e-01
-5.625000000000000000e+01 -5.183246073298429124e+00 4.875769999999999826e-01
-5.625000000000000000e+01 -4.240837696335078455e+00 4.831019999999999759e-01
-5.625000000000000000e+01 -3.298429319371727786e+00 1.231619999999999937e-01
-5.625000000000000000e+01 -2.356020942408377117e+00 4.661730000000000040e-01
-5.625000000000000000e+01 -1.413612565445026226e+00 4.112199999999999883e-02
-5.625000000000000000e+01 -4.712041884816753901e-01 5.276999999999999573e-03
-5.625000000000000000e+01 4.712041884816753901e-01 5.276999999999999573e-03
-5.625000000000000000e+01 1.413612565445026226e+00 0.000000000000000000e+00
-5.500000000000000000e+01 -1.460732984293194114e+01 1.837709999999999899e-01
-5.500000000000000000e+01 -1.366492146596859136e+01 4.329899999999999721e-02
-5.500000000000000000e+01 -1.272251308900523981e+01 4.591489999999999738e-01
-5.500000000000000000e+01 -1.178010471204188825e+01 7.686539999999999484e-01
-5.500000000000000000e+01 -1.083769633507853669e+01 8.411760000000000348e-01
-5.500000000000000000e+01 -9.895287958115185134e+00 7.659960000000000102e-01
-5.500000000000000000e+01 -8.952879581151833577e+00 9.570299999999999641e-02
-5.500000000000000000e+01 -8.010471204188482020e+00 3.333610000000000184e-01
-5.500000000000000000e+01 -7.068062827225130462e+00 3.326540000000000052e-01
-5.500000000000000000e+01 -6.125654450261779793e+00 8.554499999999999604e-02
-5.500000000000000000e+01 -5.183246073298429124e+00 4.188700000000000062e-02
-5.500000000000000000e+01 -4.240837696335078455e+00 5.805029999999999912e-01
-5.500000000000000000e+01 -3.298429319371727786e+00 5.847390000000000088e-01
-5.500000000000000000e+01 -2.356020942408377117e+00 6.354429999999999801e-01
-5.500000000000000000e+01 -1.413612565445026226e+00 4.084700000000000136e-02
-5.500000000000000000e+01 -4.712041884816753901e-01 2.420000000000000005e-04
-5.500000000000000000e+01 4.712041884816753901e-01 2.420000000000000005e-04
-5.500000000000000000e+01 1.413612565445026226e+00 2.420000000000000005e-04
-5.500000000000000000e+01 2.356020942408377117e+00 5.760000000000000146e-04
-5.375000000000000000e+01 -1.460732984293194114e+01 4.079999999999999968e-04
-5.375000000000000000e+01 -1.366492146596859136e+01 4.145000000000000073e-02
-5.375000000000000000e+01 -1.272251308900523981e+01 2.130199999999999871e-01
-5.375000000000000000e+01 -1.178010471204188825e+01 2.047619999999999996e-01
-5.375000000000000000e+01 -1.083769633507853669e+01 2.832430000000000225e-01
-5.375000000000000000e+01 -9.895287958115185134e+00 3.524930000000000008e-01
-5.375000000000000000e+01 -8.952879581151833577e+00 1.337400000000000047e-02
-5.375000000000000000e+01 -8.010471204188482020e+00 8.000000000000000654e-05
-5.375000000000000000e+01 -7.068062827225130462e+00 2.101000000000000003e-03
-5.375000000000000000e+01 -6.125654450261779793e+00 6.347000000000000211e-03
-5.375000000000000000e+01 -5.183246073298429124e+00 3.327999999999999795e-03
-5.375000000000000000e+01 -4.240837696335078455e+00 5.549319999999999808e-01
-5.375000000000000000e+01 -3.298429319371727786e+00 6.255560000000000009e-01
-5.375000000000000000e+01 -2.356020942408377117e+00 4.957570000000000032e-01
-5.375000000000000000e+01 -1.413612565445026226e+00 1.097719999999999946e-01
-5.375000000000000000e+01 -4.712041884816753901e-01 9.719999999999999907e-04
-5.375000000000000000e+01 4.712041884816753901e-01 9.719999999999999907e-04
-5.375000000000000000e+01 1.413612565445026226e+00 1.217999999999999899e-03
-5.375000000000000000e+01 2.356020942408377117e+00 1.054000000000000032e-03
-5.250000000000000000e+01 -1.366492146596859136e+01 1.288800000000000015e-02
-5.250000000000000000e+01 -1.272251308900523981e+01 2.161659999999999970e-01
-5.250000000000000000e+01 -1.178010471204188825e+01 1.383119999999999905e-01
-5.250000000000000000e+01 -1.083769633507853669e+01 3.110550000000000259e-01
-5.250000000000000000e+01 -9.895287958115185134e+00 9.971299999999999608e-02
-5.250000000000000000e+01 -8.952879581151833577e+00 5.699999999999999772e-04
-5.250000000000000000e+01 -8.010471204188482020e+00 1.825000000000000016e-03
-5.250000000000000000e+01 -7.068062827225130462e+00 1.878099999999999908e-02
-5.250000000000000000e+01 -6.125654450261779793e+00 4.149599999999999816e-02
-5.250000000000000000e+01 -5.183246073298429124e+00 1.755000000000000050e-03
-5.250000000000000000e+01 -4.240837696335078455e+00 1.606839999999999935e-01
-5.250000000000000000e+01 -3.298429319371727786e+00 4.014670000000000183e-01
-5.250000000000000000e+01 -2.356020942408377117e+00 4.569299999999999751e-02
-5.250000000000000000e+01 -1.413612565445026226e+00 5.060879999999999823e-01
-5.250000000000000000e+01 -4.712041884816753901e-01 7.263600000000000612e-02
-5.250000000000000000e+01 4.712041884816753901e-01 7.263600000000000612e-02
-5.125000000000000000e+01 -8.952879581151833577e+00 5.958900000000000308e-01
-5.125000000000000000e+01 -8.010471204188482020e+00 4.195169999999999733e-01
-5.125000000000000000e+01 -7.068062827225130462e+00 4.634480000000000266e-01
-5.125000000000000000e+01 -5.183246073298429124e+00 1.905290000000000039e-01
-5.125000000000000000e+01 -4.240837696335078455e+00 3.560030000000000139e-01
-5.125000000000000000e+01 -3.298429319371727786e+00 5.440120000000000511e-01
-5.125000000000000000e+01 -2.356020942408377117e+00 1.453019999999999867e-01
-5.000000000000000000e+01 -3.298429319371727786e+00 6.835529999999999662e-01
