-7.875000000000000000e+01 -6.125654450261779793e+00 4.864069999999999783e-01
-7.875000000000000000e+01 -5.183246073298429124e+00 1.661340000000000039e-01
-7.875000000000000000e+01 -4.240837696335078455e+00 1.816919999999999924e-01
-7.875000000000000000e+01 -3.298429319371727786e+00 2.823990000000000111e-01
-7.875000000000000000e+01 -2.356020942408377117e+00 0.000000000000000000e+00
-7.875000000000000000e+01 -1.413612565445026226e+00 0.000000000000000000e+00
-7.750000000000000000e+01 -8.952879581151833577e+00 1.875680000000000125e-01
-7.750000000000000000e+01 -8.010471204188482020e+00 1.435049999999999937e-01
-7.750000000000000000e+01 -7.068062827225130462e+00 2.797390000000000154e-01
-7.750000000000000000e+01 -6.125654450261779793e+00 3.980730000000000102e-01
-7.750000000000000000e+01 -5.183246073298429124e+00 5.014799999999999813e-02
-7.750000000000000000e+01 -4.240837696335078455e+00 2.090600000000000097e-02
-7.750000000000000000e+01 -3.298429319371727786e+00 1.465430000000000066e-01
-7.750000000000000000e+01 -2.356020942408377117e+00 1.069409999999999944e-01
-7.750000000000000000e+01 -1.413612565445026226e+00 1.992450000000000054e-01
-7.750000000000000000e+01 -4.712041884816753901e-01 1.844790000000000041e-01
-7.750000000000000000e+01 4.712041884816753901e-01 1.844790000000000041e-01
-7.625000000000000000e+01 -1.083769633507853669e+01 5.557999999999999746e-02
-7.625000000000000000e+01 -9.895287958115185134e+00 1.211399999999999977e-01
-7.625000000000000000e+01 -8.952879581151833577e+00 2.743840000000000168e-01
-7.625000000000000000e+01 -8.010471204188482020e+00 7.293700000000000183e-02
-7.625000000000000000e+01 -7.068062827225130462e+00 1.744290000000000007e-01
-7.625000000000000000e+01 -6.125654450261779793e+00 1.849760000000000015e-01
-7.625000000000000000e+01 -5.183246073298429124e+00 4.002700000000000008e-02
-7.625000000000000000e+01 -4.240837696335078455e+00 1.472000000000000001e-03
-7.625000000000000000e+01 -3.298429319371727786e+00 3.983000000000000429e-03
-7.625000000000000000e+01 -2.356020942408377117e+00 2.553000000000000148e-03
-7.625000000000000000e+01 -1.413612565445026226e+00 2.611000000000000040e-03
-7.625000000000000000e+01 -4.712041884816753901e-01 2.722300000000000067e-02
-7.625000000000000000e+01 4.712041884816753901e-01 2.722300000000000067e-02
-7.625000000000000000e+01 1.413612565445026226e+00 4.678220000000000156e-01
-7.500000000000000000e+01 -1.366492146596859136e+01 7.814200000000000312e-02
-7.500000000000000000e+01 -1.272251308900523981e+01 1.417779999999999874e-01
-7.500000000000000000e+01 -1.178010471204188825e+01 1.237540000000000029e-01
-7.500000000000000000e+01 -1.083769633507853669e+01 2.635020000000000140e-01
-7.500000000000000000e+01 -9.895287958115185134e+00 1.235570000000000002e-01
-7.500000000000000000e+01 -8.952879581151833577e+00 2.658679999999999932e-01
-7.500000000000000000e+01 -8.010471204188482020e+00 1.668060000000000098e-01
-7.500000000000000000e+01 -7.068062827225130462e+00 3.468899999999999761e-02
-7.500000000000000000e+01 -6.125654450261779793e+00 6.070300000000000001e-02
-7.500000000000000000e+01 -5.183246073298429124e+00 4.566900000000000126e-02
-7.500000000000000000e+01 -4.240837696335078455e+00 2.003299999999999872e-02
-7.500000000000000000e+01 -3.298429319371727786e+00 2.305999999999999890e-03
-7.500000000000000000e+01 -2.356020942408377117e+00 6.376999999999999856e-03
-7.500000000000000000e+01 -1.413612565445026226e+00 5.597000000000000412e-03
-7.500000000000000000e+01 -4.712041884816753901e-01 2.222800000000000123e-02
-7.500000000000000000e+01 4.712041884816753901e-01 2.222800000000000123e-02
-7.500000000000000000e+01 1.413612565445026226e+00 3.830459999999999976e-01
-7.500000000000000000e+01 2.356020942408377117e+00 6.459249999999999714e-01
-7.375000000000000000e+01 -1.460732984293194114e+01 0.000000000000000000e+00
-7.375000000000000000e+01 -1.366492146596859136e+01 1.302490000000000037e-01
-7.375000000000000000e+01 -1.272251308900523981e+01 7.756499999999999506e-02
-7.375000000000000000e+01 -1.178010471204188825e+01 9.316599999999999882e-02
-7.375000000000000000e+01 -1.083769633507853669e+01 7.430499999999999605e-02
-7.375000000000000000e+01 -9.895287958115185134e+00 5.654499999999999804e-02
-7.375000000000000000e+01 -8.952879581151833577e+00 6.912100000000000188e-02
-7.375000000000000000e+01 -8.010471204188482020e+00 4.957799999999999707e-02
-7.375000000000000000e+01 -7.068062827225130462e+00 9.936000000000000387e-03
-7.375000000000000000e+01 -6.125654450261779793e+00 2.464699999999999877e-02
-7.375000000000000000e+01 -5.183246073298429124e+00 7.177999999999999658e-02
-7.375000000000000000e+01 -4.240837696335078455e+00 2.272499999999999867e-02
-7.375000000000000000e+01 -3.298429319371727786e+00 7.262000000000000226e-03
-7.375000000000000000e+01 -2.356020942408377117e+00 5.327000000000000138e-03
-7.375000000000000000e+01 -1.413612565445026226e+00 1.472200000000000071e-02
-7.375000000000000000e+01 -4.712041884816753901e-01 2.467000000000000009e-03
-7.375000000000000000e+01 4.712041884816753901e-01 2.467000000000000009e-03
-7.375000000000000000e+01 1.413612565445026226e+00 3.635300000000000337e-02
-7.250000000000000000e+01 -1.460732984293194114e+01 5.432000000000000196e-03
-7.250000000000000000e+01 -1.366492146596859136e+01 1.374849999999999961e-01
-7.250000000000000000e+01 -1.272251308900523981e+01 1.582129999999999925e-01
-7.250000000000000000e+01 -1.178010471204188825e+01 4.293199999999999794e-02
-7.250000000000000000e+01 -1.083769633507853669e+01 6.879999999999999831e-03
-7.250000000000000000e+01 -9.895287958115185134e+00 0.000000000000000000e+00
-7.250000000000000000e+01 -8.952879581151833577e+00 9.388999999999999777e-03
-7.250000000000000000e+01 -8.010471204188482020e+00 1.507620000000000071e-01
-7.250000000000000000e+01 -7.068062827225130462e+00 5.208600000000000035e-02
-7.250000000000000000e+01 -6.125654450261779793e+00 9.730000000000000151e-04
-7.250000000000000000e+01 -5.183246073298429124e+00 9.737000000000000863e-03
-7.250000000000000000e+01 -4.240837696335078455e+00 1.123389999999999944e-01
-7.250000000000000000e+01 -3.298429319371727786e+00 2.123999999999999846e-02
-7.250000000000000000e+01 -2.356020942408377117e+00 7.277999999999999747e-03
-7.250000000000000000e+01 -1.413612565445026226e+00 2.220000000000000185e-03
-7.250000000000000000e+01 -4.712041884816753901e-01 6.908000000000000078e-03
-7.250000000000000000e+01 4.712041884816753901e-01 6.908000000000000078e-03
-7.250000000000000000e+01 1.413612565445026226e+00 1.020399999999999953e-02
-7.125000000000000000e+01 -1.460732984293194114e+01 9.079900000000000471e-02
-7.125000000000000000e+01 -1.366492146596859136e+01 2.439500000000000002e-02
-7.125000000000000000e+01 -1.272251308900523981e+01 4.298699999999999743e-02
-7.125000000000000000e+01 -1.178010471204188825e+01 0.000000000000000000e+00
-7.125000000000000000e+01 -1.083769633507853669e+01 0.000000000000000000e+00
-7.125000000000000000e+01 -9.895287958115185134e+00 6.791000000000000161e-03
-7.125000000000000000e+01 -8.952879581151833577e+00 2.319500000000000034e-02
-7.125000000000000000e+01 -8.010471204188482020e+00 1.159120000000000011e-01
-7.125000000000000000e+01 -7.068062827225130462e+00 3.642999999999999971e-03
-7.125000000000000000e+01 -6.125654450261779793e+00 4.655000000000000283e-03
-7.125000000000000000e+01 -5.183246073298429124e+00 2.429999999999999977e-04
-7.125000000000000000e+01 -4.240837696335078455e+00 1.873400000000000065e-02
-7.125000000000000000e+01 -3.298429319371727786e+00 1.589999999999999888e-04
-7.125000000000000000e+01 -2.356020942408377117e+00 1.241500000000000069e-02
-7.125000000000000000e+01 -1.413612565445026226e+00 3.510000000000000099e-03
-7.125000000000000000e+01 -4.712041884816753901e-01 0.000000000000000000e+00
-7.125000000000000000e+01 4.712041884816753901e-01 0.000000000000000000e+00
-7.125000000000000000e+01 1.413612565445026226e+00 1.534199999999999973e-02
-7.000000000000000000e+01 -1.366492146596859136e+01 8.580000000000000820e-03
-7.000000000000000000e+01 -1.272251308900523981e+01 4.415600000000000080e-02
-7.000000000000000000e+01 -1.178010471204188825e+01 0.000000000000000000e+00
-7.000000000000000000e+01 -1.083769633507853669e+01 7.542200000000000293e-02
-7.000000000000000000e+01 -9.895287958115185134e+00 3.200000000000000262e-04
-7.000000000000000000e+01 -8.952879581151833577e+00 1.300899999999999973e-02
-7.000000000000000000e+01 -8.010471204188482020e+00 6.971600000000000019e-02
-7.000000000000000000e+01 -7.068062827225130462e+00 2.868199999999999916e-02
-7.000000000000000000e+01 -6.125654450261779793e+00 1.861000000000000024e-03
-7.000000000000000000e+01 -5.183246073298429124e+00 8.040000000000000271e-04
-7.000000000000000000e+01 -4.240837696335078455e+00 5.652200000000000280e-02
-7.000000000000000000e+01 -3.298429319371727786e+00 1.324099999999999930e-02
-7.000000000000000000e+01 -2.356020942408377117e+00 4.480999999999999740e-03
-7.000000000000000000e+01 -1.413612565445026226e+00 8.470000000000000098e-03
-7.000000000000000000e+01 -4.712041884816753901e-01 1.220300000000000031e-02
-7.000000000000000000e+01 4.712041884816753901e-01 1.220300000000000031e-02
-7.000000000000000000e+01 1.413612565445026226e+00 3.248000000000000019e-03
-6.875000000000000000e+01 -1.554973821989529448e+01 6.769999999999999759e-04
-6.875000000000000000e+01 -1.460732984293194114e+01 1.975800000000000126e-02
-6.875000000000000000e+01 -1.366492146596859136e+01 3.976999999999999633e-03
-6.875000000000000000e+01 -1.272251308900523981e+01 7.499000000000000110e-02
-6.875000000000000000e+01 -1.178010471204188825e+01 1.261519999999999864e-01
-6.875000000000000000e+01 -1.083769633507853669e+01 3.220199999999999729e-01
-6.875000000000000000e+01 -9.895287958115185134e+00 2.473900000000000057e-02
-6.875000000000000000e+01 -8.952879581151833577e+00 1.112569999999999948e-01
-6.875000000000000000e+01 -8.010471204188482020e+00 3.200000000000000262e-04
-6.875000000000000000e+01 -7.068062827225130462e+00 2.047999999999999907e-03
-6.875000000000000000e+01 -6.125654450261779793e+00 1.129999999999999928e-03
-6.875000000000000000e+01 -5.183246073298429124e+00 4.840000000000000010e-04
-6.875000000000000000e+01 -4.240837696335078455e+00 4.423999999999999981e-03
-6.875000000000000000e+01 -3.298429319371727786e+00 7.030999999999999923e-03
-6.875000000000000000e+01 -2.356020942408377117e+00 1.721000000000000090e-03
-6.875000000000000000e+01 -1.413612565445026226e+00 9.669999999999999776e-04
-6.875000000000000000e+01 -4.712041884816753901e-01 1.129100000000000069e-02
-6.875000000000000000e+01 4.712041884816753901e-01 1.129100000000000069e-02
-6.875000000000000000e+01 1.413612565445026226e+00 1.109899999999999949e-02
-6.875000000000000000e+01 2.356020942408377117e+00 6.131000000000000165e-03
-6.750000000000000000e+01 -1.649214659685864603e+01 1.414719999999999867e-01
-6.750000000000000000e+01 -1.554973821989529448e+01 1.414719999999999867e-01
-6.750000000000000000e+01 -1.460732984293194114e+01 4.522899999999999837e-02
-6.750000000000000000e+01 -1.366492146596859136e+01 3.732300000000000201e-02
-6.750000000000000000e+01 -1.272251308900523981e+01 5.739000000000000178e-03
-6.750000000000000000e+01 -1.178010471204188825e+01 1.366200000000000053e-02
-6.750000000000000000e+01 -1.083769633507853669e+01 1.750909999999999966e-01
-6.750000000000000000e+01 -9.895287958115185134e+00 5.667290000000000383e-01
-6.750000000000000000e+01 -8.952879581151833577e+00 5.764699999999999686e-02
-6.750000000000000000e+01 -8.010471204188482020e+00 9.590000000000000000e-04
-6.750000000000000000e+01 -7.068062827225130462e+00 8.919999999999999978e-04
-6.750000000000000000e+01 -6.125654450261779793e+00 5.134999999999999808e-03
-6.750000000000000000e+01 -5.183246073298429124e+00 1.128000000000000096e-03
-6.750000000000000000e+01 -4.240837696335078455e+00 8.059999999999999673e-04
-6.750000000000000000e+01 -3.298429319371727786e+00 1.389100000000000057e-02
-6.750000000000000000e+01 -2.356020942408377117e+00 3.310000000000000225e-04
-6.750000000000000000e+01 -1.413612565445026226e+00 8.000000000000000654e-05
-6.750000000000000000e+01 -4.712041884816753901e-01 8.989999999999999511e-04
-6.750000000000000000e+01 4.712041884816753901e-01 8.989999999999999511e-04
-6.750000000000000000e+01 1.413612565445026226e+00 6.081999999999999733e-03
-6.750000000000000000e+01 2.356020942408377117e+00 7.219999999999999855e-04
-6.625000000000000000e+01 -1.837696335078534560e+01 8.382100000000000661e-02
-6.625000000000000000e+01 -1.743455497382199582e+01 1.224900000000000017e-01
-6.625000000000000000e+01 -1.649214659685864603e+01 2.112000000000000162e-03
-6.625000000000000000e+01 -1.554973821989529448e+01 2.112000000000000162e-03
-6.625000000000000000e+01 -1.460732984293194114e+01 6.651999999999999927e-03
-6.625000000000000000e+01 -1.366492146596859136e+01 1.134000000000000025e-03
-6.625000000000000000e+01 -1.272251308900523981e+01 0.000000000000000000e+00
-6.625000000000000000e+01 -1.178010471204188825e+01 6.223000000000000233e-03
-6.625000000000000000e+01 -1.083769633507853669e+01 5.830300000000000066e-02
-6.625000000000000000e+01 -9.895287958115185134e+00 1.325979999999999936e-01
-6.625000000000000000e+01 -8.952879581151833577e+00 1.447599999999999928e-02
-6.625000000000000000e+01 -8.010471204188482020e+00 2.295000000000000165e-03
-6.625000000000000000e+01 -7.068062827225130462e+00 8.109999999999999805e-04
-6.625000000000000000e+01 -6.125654450261779793e+00 1.610000000000000103e-04
-6.625000000000000000e+01 -5.183246073298429124e+00 3.260000000000000094e-04
-6.625000000000000000e+01 -4.240837696335078455e+00 3.536000000000000081e-03
-6.625000000000000000e+01 -3.298429319371727786e+00 1.376199999999999993e-02
-6.625000000000000000e+01 -2.356020942408377117e+00 6.198000000000000384e-03
-6.625000000000000000e+01 -1.413612565445026226e+00 0.000000000000000000e+00
-6.625000000000000000e+01 -4.712041884816753901e-01 2.425000000000000072e-03
-6.625000000000000000e+01 4.712041884816753901e-01 2.425000000000000072e-03
-6.625000000000000000e+01 1.413612565445026226e+00 7.107600000000000029e-02
-6.625000000000000000e+01 2.356020942408377117e+00 6.618899999999999784e-02
-6.500000000000000000e+01 -1.837696335078534560e+01 2.216399999999999967e-02
-6.500000000000000000e+01 -1.743455497382199582e+01 2.810449999999999893e-01
-6.500000000000000000e+01 -1.649214659685864603e+01 9.317999999999999894e-03
-6.500000000000000000e+01 -1.554973821989529448e+01 9.317999999999999894e-03
-6.500000000000000000e+01 -1.460732984293194114e+01 4.687000000000000194e-03
-6.500000000000000000e+01 -1.366492146596859136e+01 2.969999999999999984e-03
-6.500000000000000000e+01 -1.272251308900523981e+01 1.412000000000000061e-03
-6.500000000000000000e+01 -1.178010471204188825e+01 7.238999999999999775e-03
-6.500000000000000000e+01 -1.083769633507853669e+01 1.310320000000000096e-01
-6.500000000000000000e+01 -9.895287958115185134e+00 2.603730000000000211e-01
-6.500000000000000000e+01 -8.952879581151833577e+00 5.236899999999999888e-02
-6.500000000000000000e+01 -8.010471204188482020e+00 2.351999999999999924e-03
-6.500000000000000000e+01 -7.068062827225130462e+00 1.951200000000000156e-02
-6.500000000000000000e+01 -6.125654450261779793e+00 1.147999999999999932e-03
-6.500000000000000000e+01 -5.183246073298429124e+00 1.630000000000000047e-04
-6.500000000000000000e+01 -4.240837696335078455e+00 3.540999999999999877e-03
-6.500000000000000000e+01 -3.298429319371727786e+00 1.051299999999999978e-02
-6.500000000000000000e+01 -2.356020942408377117e+00 4.329999999999999648e-03
-6.500000000000000000e+01 -1.413612565445026226e+00 1.791999999999999973e-03
-6.500000000000000000e+01 -4.712041884816753901e-01 7.742999999999999883e-03
-6.500000000000000000e+01 4.712041884816753901e-01 7.742999999999999883e-03
-6.500000000000000000e+01 1.413612565445026226e+00 2.658999999999999905e-03
-6.375000000000000000e+01 -2.026178010471204516e+01 0.000000000000000000e+00
-6.375000000000000000e+01 -1.931937172774869538e+01 7.355200000000000626e-02
-6.375000000000000000e+01 -1.837696335078534560e+01 1.096430000000000043e-01
-6.375000000000000000e+01 -1.743455497382199582e+01 4.141210000000000169e-01
-6.375000000000000000e+01 -1.649214659685864603e+01 4.917799999999999949e-02
-6.375000000000000000e+01 -1.554973821989529448e+01 4.917799999999999949e-02
-6.375000000000000000e+01 -1.460732984293194114e+01 2.306400000000000117e-02
-6.375000000000000000e+01 -1.366492146596859136e+01 2.972999999999999948e-03
-6.375000000000000000e+01 -1.272251308900523981e+01 1.505000000000000044e-03
-6.375000000000000000e+01 -1.178010471204188825e+01 2.934280000000000221e-01
-6.375000000000000000e+01 -1.083769633507853669e+01 4.203099999999999892e-02
-6.375000000000000000e+01 -9.895287958115185134e+00 3.191519999999999913e-01
-6.375000000000000000e+01 -8.952879581151833577e+00 4.657310000000000061e-01
-6.375000000000000000e+01 -8.010471204188482020e+00 9.175300000000000122e-02
-6.375000000000000000e+01 -7.068062827225130462e+00 6.871000000000000371e-03
-6.375000000000000000e+01 -6.125654450261779793e+00 4.970999999999999724e-03
-6.375000000000000000e+01 -5.183246073298429124e+00 1.794000000000000022e-03
-6.375000000000000000e+01 -4.240837696335078455e+00 3.029799999999999854e-02
-6.375000000000000000e+01 -3.298429319371727786e+00 1.724000000000000055e-03
-6.375000000000000000e+01 -2.356020942408377117e+00 3.249999999999999851e-04
-6.375000000000000000e+01 -1.413612565445026226e+00 3.240000000000000150e-04
-6.375000000000000000e+01 -4.712041884816753901e-01 1.828999999999999897e-03
-6.375000000000000000e+01 4.712041884816753901e-01 1.828999999999999897e-03
-6.375000000000000000e+01 1.413612565445026226e+00 0.000000000000000000e+00
-6.375000000000000000e+01 3.298429319371727786e+00 1.093399999999999928e-02
-6.250000000000000000e+01 -1.931937172774869538e+01 3.116559999999999886e-01
-6.250000000000000000e+01 -1.837696335078534560e+01 6.444210000000000216e-01
-6.250000000000000000e+01 -1.743455497382199582e+01 6.826769999999999783e-01
-6.250000000000000000e+01 -1.649214659685864603e+01 6.801599999999999313e-02
-6.250000000000000000e+01 -1.554973821989529448e+01 6.801599999999999313e-02
-6.250000000000000000e+01 -1.460732984293194114e+01 7.910999999999999630e-03
-6.250000000000000000e+01 -1.366492146596859136e+01 2.263999999999999953e-03
-6.250000000000000000e+01 -1.272251308900523981e+01 2.896000000000000137e-03
-6.250000000000000000e+01 -1.178010471204188825e+01 3.857800000000000118e-01
-6.250000000000000000e+01 -1.083769633507853669e+01 3.537950000000000261e-01
-6.250000000000000000e+01 -9.895287958115185134e+00 8.398870000000000502e-01
-6.250000000000000000e+01 -8.952879581151833577e+00 2.808499999999999885e-01
-6.250000000000000000e+01 -8.010471204188482020e+00 7.813900000000000012e-02
-6.250000000000000000e+01 -7.068062827225130462e+00 5.324999999999999872e-02
-6.250000000000000000e+01 -6.125654450261779793e+00 9.291999999999999912e-03
-6.250000000000000000e+01 -5.183246073298429124e+00 2.396000000000000126e-03
-6.250000000000000000e+01 -4.240837696335078455e+00 2.926300000000000082e-02
-6.250000000000000000e+01 -3.298429319371727786e+00 5.029999999999999749e-03
-6.250000000000000000e+01 -2.356020942408377117e+00 1.056999999999999997e-03
-6.250000000000000000e+01 -1.413612565445026226e+00 3.902999999999999785e-03
-6.250000000000000000e+01 -4.712041884816753901e-01 6.509999999999999945e-04
-6.250000000000000000e+01 4.712041884816753901e-01 6.509999999999999945e-04
-6.250000000000000000e+01 1.413612565445026226e+00 1.435000000000000078e-03
-6.250000000000000000e+01 2.356020942408377117e+00 8.090000000000000403e-04
-6.250000000000000000e+01 3.298429319371727786e+00 0.000000000000000000e+00
-6.125000000000000000e+01 -1.837696335078534560e+01 1.393439999999999956e-01
-6.125000000000000000e+01 -1.743455497382199582e+01 6.882699999999999929e-02
-6.125000000000000000e+01 -1.649214659685864603e+01 1.024100000000000010e-01
-6.125000000000000000e+01 -1.554973821989529448e+01 1.024100000000000010e-01
-6.125000000000000000e+01 -1.460732984293194114e+01 1.636200000000000154e-02
-6.125000000000000000e+01 -1.366492146596859136e+01 3.724199999999999733e-02
-6.125000000000000000e+01 -1.272251308900523981e+01 5.901629999999999932e-01
-6.125000000000000000e+01 -1.178010471204188825e+01 6.509850000000000358e-01
-6.125000000000000000e+01 -1.083769633507853669e+01 3.830729999999999968e-01
-6.125000000000000000e+01 -9.895287958115185134e+00 1.349960000000000049e-01
-6.125000000000000000e+01 -8.952879581151833577e+00 3.005400000000000085e-02
-6.125000000000000000e+01 -8.010471204188482020e+00 1.974300000000000013e-02
-6.125000000000000000e+01 -7.068062827225130462e+00 2.335999999999999969e-03
-6.125000000000000000e+01 -6.125654450261779793e+00 4.058799999999999908e-02
-6.125000000000000000e+01 -5.183246073298429124e+00 1.270100000000000048e-02
-6.125000000000000000e+01 -4.240837696335078455e+00 3.917299999999999949e-02
-6.125000000000000000e+01 -3.298429319371727786e+00 4.911900000000000294e-02
-6.125000000000000000e+01 -2.356020942408377117e+00 1.302999999999999905e-03
-6.125000000000000000e+01 -1.413612565445026226e+00 8.159999999999999936e-04
-6.125000000000000000e+01 -4.712041884816753901e-01 3.705200000000000160e-02
-6.125000000000000000e+01 4.712041884816753901e-01 3.705200000000000160e-02
-6.125000000000000000e+01 1.413612565445026226e+00 4.423699999999999855e-02
-6.125000000000000000e+01 2.356020942408377117e+00 3.089520000000000044e-01
-6.125000000000000000e+01 3.298429319371727786e+00 1.590719999999999912e-01
-6.125000000000000000e+01 4.240837696335078455e+00 1.213900000000000048e-02
-6.000000000000000000e+01 -1.554973821989529448e+01 8.762499999999999456e-02
-6.000000000000000000e+01 -1.460732984293194114e+01 3.557790000000000119e-01
-6.000000000000000000e+01 -1.366492146596859136e+01 3.684810000000000030e-01
-6.000000000000000000e+01 -1.272251308900523981e+01 3.086039999999999894e-01
-6.000000000000000000e+01 -1.178010471204188825e+01 7.740099999999999758e-02
-6.000000000000000000e+01 -1.083769633507853669e+01 5.095999999999999835e-03
-6.000000000000000000e+01 -9.895287958115185134e+00 8.390499999999999348e-02
-6.000000000000000000e+01 -8.952879581151833577e+00 1.866900000000000157e-02
-6.000000000000000000e+01 -8.010471204188482020e+00 0.000000000000000000e+00
-6.000000000000000000e+01 -7.068062827225130462e+00 9.761400000000000632e-02
-6.000000000000000000e+01 -6.125654450261779793e+00 7.071000000000000028e-03
-6.000000000000000000e+01 -5.183246073298429124e+00 1.989499999999999949e-02
-6.000000000000000000e+01 -4.240837696335078455e+00 1.514359999999999873e-01
-6.000000000000000000e+01 -3.298429319371727786e+00 3.798380000000000090e-01
-6.000000000000000000e+01 -2.356020942408377117e+00 2.074340000000000073e-01
-6.000000000000000000e+01 -1.413612565445026226e+00 3.346999999999999975e-02
-6.000000000000000000e+01 -4.712041884816753901e-01 1.102400000000000081e-02
-6.000000000000000000e+01 4.712041884816753901e-01 1.102400000000000081e-02
-6.000000000000000000e+01 1.413612565445026226e+00 3.064390000000000169e-01
-6.000000000000000000e+01 2.356020942408377117e+00 4.769600000000000228e-02
-6.000000000000000000e+01 3.298429319371727786e+00 5.765800000000000092e-02
-6.000000000000000000e+01 4.240837696335078455e+00 1.099900000000000010e-02
-6.000000000000000000e+01 5.183246073298429124e+00 1.274999999999999918e-02
-5.875000000000000000e+01 -1.366492146596859136e+01 1.913400000000000170e-02
-5.875000000000000000e+01 -1.272251308900523981e+01 8.869999999999999846e-04
-5.875000000000000000e+01 -1.178010471204188825e+01 1.426600000000000090e-01
-5.875000000000000000e+01 -1.083769633507853669e+01 4.709900000000000198e-01
-5.875000000000000000e+01 -9.895287958115185134e+00 2.913299999999999779e-01
-5.875000000000000000e+01 -8.952879581151833577e+00 5.111799999999999677e-02
-5.875000000000000000e+01 -8.010471204188482020e+00 2.400000000000000061e-04
-5.875000000000000000e+01 -7.068062827225130462e+00 1.040699999999999958e-02
-5.875000000000000000e+01 -6.125654450261779793e+00 5.649999999999999641e-04
-5.875000000000000000e+01 -5.183246073298429124e+00 1.229000000000000058e-03
-5.875000000000000000e+01 -4.240837696335078455e+00 1.065419999999999978e-01
-5.875000000000000000e+01 -3.298429319371727786e+00 3.212849999999999873e-01
-5.875000000000000000e+01 -2.356020942408377117e+00 1.571200000000000027e-02
-5.875000000000000000e+01 -1.413612565445026226e+00 0.000000000000000000e+00
-5.875000000000000000e+01 -4.712041884816753901e-01 0.000000000000000000e+00
-5.875000000000000000e+01 4.712041884816753901e-01 0.000000000000000000e+00
-5.750000000000000000e+01 -1.366492146596859136e+01 4.564200000000000201e-02
-5.750000000000000000e+01 -1.272251308900523981e+01 5.223099999999999965e-02
-5.750000000000000000e+01 -1.178010471204188825e+01 3.872650000000000259e-01
-5.750000000000000000e+01 -1.083769633507853669e+01 3.525570000000000093e-01
-5.750000000000000000e+01 -9.895287958115185134e+00 2.539640000000000231e-01
-5.750000000000000000e+01 -8.952879581151833577e+00 2.710200000000000109e-02
-5.750000000000000000e+01 -8.010471204188482020e+00 2.309999999999999987e-03
-5.750000000000000000e+01 -7.068062827225130462e+00 1.904000000000000093e-03
-5.750000000000000000e+01 -6.125654450261779793e+00 1.206199999999999981e-02
-5.750000000000000000e+01 -5.183246073298429124e+00 1.631999999999999987e-03
-5.750000000000000000e+01 -4.240837696335078455e+00 4.451100000000000195e-02
-5.750000000000000000e+01 -3.298429319371727786e+00 2.190040000000000042e-01
-5.750000000000000000e+01 -2.356020942408377117e+00 2.600699999999999887e-02
-5.750000000000000000e+01 -1.413612565445026226e+00 6.592999999999999902e-03
-5.750000000000000000e+01 -4.712041884816753901e-01 0.000000000000000000e+00
-5.750000000000000000e+01 4.712041884816753901e-01 0.000000000000000000e+00
-5.750000000000000000e+01 1.413612565445026226e+00 8.100000000000000375e-05
-5.625000000000000000e+01 -1.366492146596859136e+01 2.596490000000000187e-01
-5.625000000000000000e+01 -1.272251308900523981e+01 2.782080000000000108e-01
-5.625000000000000000e+01 -1.178010471204188825e+01 5.836780000000000301e-01
-5.625000000000000000e+01 -1.083769633507853669e+01 3.963149999999999729e-01
-5.625000000000000000e+01 -9.895287958115185134e+00 7.845360000000000111e-01
-5.625000000000000000e+01 -8.952879581151833577e+00 5.434300000000000241e-02
-5.625000000000000000e+01 -8.010471204188482020e+00 8.848999999999999228e-03
-5.625000000000000000e+01 -7.068062827225130462e+00 4.241700000000000331e-02
-5.625000000000000000e+01 -6.125654450261779793e+00 4.670699999999999852e-02
-5.625000000000000000e+01 -5.183246073298429124e+00 1.343989999999999907e-01
-5.625000000000000000e+01 -4.240837696335078455e+00 3.411410000000000275e-01
-5.625000000000000000e+01 -3.298429319371727786e+00 2.278700000000000170e-02
-5.625000000000000000e+01 -2.356020942408377117e+00 3.231620000000000048e-01
-5.625000000000000000e+01 -1.413612565445026226e+00 2.534300000000000094e-02
-5.625000000000000000e+01 -4.712041884816753901e-01 8.000000000000000654e-05
-5.625000000000000000e+01 4.712041884816753901e-01 8.000000000000000654e-05
-5.625000000000000000e+01 1.413612565445026226e+00 0.000000000000000000e+00
-5.500000000000000000e+01 -1.460732984293194114e+01 1.773669999999999969e-01
-5.500000000000000000e+01 -1.366492146596859136e+01 4.197900000000000242e-02
-5.500000000000000000e+01 -1.272251308900523981e+01 3.287320000000000242e-01
-5.500000000000000000e+01 -1.178010471204188825e+01 5.361129999999999507e-01
-5.500000000000000000e+01 -1.083769633507853669e+01 6.841180000000000039e-01
-5.500000000000000000e+01 -9.895287958115185134e+00 7.211579999999999657e-01
-5.500000000000000000e+01 -8.952879581151833577e+00 5.249600000000000100e-02
-5.500000000000000000e+01 -8.010471204188482020e+00 1.091310000000000058e-01
-5.500000000000000000e+01 -7.068062827225130462e+00 9.803599999999999814e-02
-5.500000000000000000e+01 -6.125654450261779793e+00 1.523000000000000048e-03
-5.500000000000000000e+01 -5.183246073298429124e+00 4.809999999999999823e-04
-5.500000000000000000e+01 -4.240837696335078455e+00 2.545720000000000205e-01
-5.500000000000000000e+01 -3.298429319371727786e+00 4.125590000000000090e-01
-5.500000000000000000e+01 -2.356020942408377117e+00 5.416570000000000551e-01
-5.500000000000000000e+01 -1.413612565445026226e+00 1.219800000000000051e-02
-5.500000000000000000e+01 -4.712041884816753901e-01 2.420000000000000005e-04
-5.500000000000000000e+01 4.712041884816753901e-01 2.420000000000000005e-04
-5.500000000000000000e+01 1.413612565445026226e+00 2.420000000000000005e-04
-5.500000000000000000e+01 2.356020942408377117e+00 5.760000000000000146e-04
-5.375000000000000000e+01 -1.460732984293194114e+01 4.079999999999999968e-04
-5.375000000000000000e+01 -1.366492146596859136e+01 4.016999999999999738e-02
-5.375000000000000000e+01 -1.272251308900523981e+01 2.269579999999999931e-01
-5.375000000000000000e+01 -1.178010471204188825e+01 1.179820000000000035e-01
-5.375000000000000000e+01 -1.083769633507853669e+01 2.417890000000000039e-01
-5.375000000000000000e+01 -9.895287958115185134e+00 2.612889999999999935e-01
-5.375000000000000000e+01 -8.952879581151833577e+00 2.416999999999999878e-03
-5.375000000000000000e+01 -8.010471204188482020e+00 8.000000000000000654e-05
-5.375000000000000000e+01 -7.068062827225130462e+00 2.343000000000000031e-03
-5.375000000000000000e+01 -6.125654450261779793e+00 7.485999999999999599e-03
-5.375000000000000000e+01 -5.183246073298429124e+00 3.246999999999999886e-03
-5.375000000000000000e+01 -4.240837696335078455e+00 2.486170000000000047e-01
-5.375000000000000000e+01 -3.298429319371727786e+00 1.902570000000000094e-01
-5.375000000000000000e+01 -2.356020942408377117e+00 4.466479999999999895e-01
-5.375000000000000000e+01 -1.413612565445026226e+00 6.730300000000000171e-02
-5.375000000000000000e+01 -4.712041884816753901e-01 9.719999999999999907e-04
-5.375000000000000000e+01 4.712041884816753901e-01 9.719999999999999907e-04
-5.375000000000000000e+01 1.413612565445026226e+00 1.217999999999999899e-03
-5.375000000000000000e+01 2.356020942408377117e+00 1.054000000000000032e-03
-5.250000000000000000e+01 -1.366492146596859136e+01 1.248499999999999957e-02
-5.250000000000000000e+01 -1.272251308900523981e+01 2.364950000000000108e-01
-5.250000000000000000e+01 -1.178010471204188825e+01 1.008119999999999988e-01
-5.250000000000000000e+01 -1.083769633507853669e+01 2.729570000000000052e-01
-5.250000000000000000e+01 -9.895287958115185134e+00 8.800700000000000189e-02
-5.250000000000000000e+01 -8.952879581151833577e+00 5.699999999999999772e-04
-5.250000000000000000e+01 -8.010471204188482020e+00 1.825000000000000016e-03
-5.250000000000000000e+01 -7.068062827225130462e+00 5.392600000000000171e-02
-5.250000000000000000e+01 -6.125654450261779793e+00 9.922899999999999776e-02
-5.250000000000000000e+01 -5.183246073298429124e+00 1.755000000000000050e-03
-5.250000000000000000e+01 -4.240837696335078455e+00 7.652000000000000468e-02
-5.250000000000000000e+01 -3.298429319371727786e+00 1.969869999999999954e-01
-5.250000000000000000e+01 -2.356020942408377117e+00 3.354900000000000243e-02
-5.250000000000000000e+01 -1.413612565445026226e+00 1.926940000000000042e-01
-5.250000000000000000e+01 -4.712041884816753901e-01 1.051999999999999984e-03
-5.250000000000000000e+01 4.712041884816753901e-01 1.051999999999999984e-03
-5.125000000000000000e+01 -8.952879581151833577e+00 5.252219999999999667e-01
-5.125000000000000000e+01 -8.010471204188482020e+00 3.981729999999999992e-01
-5.125000000000000000e+01 -7.068062827225130462e+00 5.000799999999999690e-01
-5.125000000000000000e+01 -5.183246073298429124e+00 1.713969999999999938e-01
-5.125000000000000000e+01 -4.240837696335078455e+00 2.992219999999999880e-01
-5.125000000000000000e+01 -3.298429319371727786e+00 1.610800000000000010e-01
-5.125000000000000000e+01 -2.356020942408377117e+00 8.031699999999999950e-02
-5.000000000000000000e+01 -3.298429319371727786e+00 3.335359999999999991e-01
