-7.875000000000000000e+01 -6.125654450261779793e+00 4.834749999999999881e-01
-7.875000000000000000e+01 -5.183246073298429124e+00 1.583539999999999948e-01
-7.875000000000000000e+01 -4.240837696335078455e+00 1.523329999999999962e-01
-7.875000000000000000e+01 -3.298429319371727786e+00 2.317029999999999923e-01
-7.875000000000000000e+01 -2.356020942408377117e+00 0.000000000000000000e+00
-7.875000000000000000e+01 -1.413612565445026226e+00 0.000000000000000000e+00
-7.750000000000000000e+01 -8.952879581151833577e+00 1.875680000000000125e-01
-7.750000000000000000e+01 -8.010471204188482020e+00 1.435049999999999937e-01
-7.750000000000000000e+01 -7.068062827225130462e+00 2.786669999999999980e-01
-7.750000000000000000e+01 -6.125654450261779793e+00 3.415549999999999975e-01
-7.750000000000000000e+01 -5.183246073298429124e+00 2.758599999999999941e-02
-7.750000000000000000e+01 -4.240837696335078455e+00 2.065799999999999928e-02
-7.750000000000000000e+01 -3.298429319371727786e+00 1.073810000000000042e-01
-7.750000000000000000e+01 -2.356020942408377117e+00 8.759500000000000619e-02
-7.750000000000000000e+01 -1.413612565445026226e+00 1.585600000000000065e-01
-7.750000000000000000e+01 -4.712041884816753901e-01 1.843140000000000056e-01
-7.750000000000000000e+01 4.712041884816753901e-01 1.843140000000000056e-01
-7.625000000000000000e+01 -1.083769633507853669e+01 5.288299999999999945e-02
-7.625000000000000000e+01 -9.895287958115185134e+00 1.169629999999999975e-01
-7.625000000000000000e+01 -8.952879581151833577e+00 2.480269999999999975e-01
-7.625000000000000000e+01 -8.010471204188482020e+00 6.757599999999999718e-02
-7.625000000000000000e+01 -7.068062827225130462e+00 1.675049999999999872e-01
-7.625000000000000000e+01 -6.125654450261779793e+00 1.509000000000000064e-01
-7.625000000000000000e+01 -5.183246073298429124e+00 4.002700000000000008e-02
-7.625000000000000000e+01 -4.240837696335078455e+00 1.472000000000000001e-03
-7.625000000000000000e+01 -3.298429319371727786e+00 3.983000000000000429e-03
-7.625000000000000000e+01 -2.356020942408377117e+00 2.553000000000000148e-03
-7.625000000000000000e+01 -1.413612565445026226e+00 2.611000000000000040e-03
-7.625000000000000000e+01 -4.712041884816753901e-01 2.271400000000000155e-02
-7.625000000000000000e+01 4.712041884816753901e-01 2.271400000000000155e-02
-7.625000000000000000e+01 1.413612565445026226e+00 4.059789999999999788e-01
-7.500000000000000000e+01 -1.366492146596859136e+01 7.814200000000000312e-02
-7.500000000000000000e+01 -1.272251308900523981e+01 1.417779999999999874e-01
-7.500000000000000000e+01 -1.178010471204188825e+01 1.235910000000000064e-01
-7.500000000000000000e+01 -1.083769633507853669e+01 2.374259999999999982e-01
-7.500000000000000000e+01 -9.895287958115185134e+00 1.139059999999999934e-01
-7.500000000000000000e+01 -8.952879581151833577e+00 2.051830000000000043e-01
-7.500000000000000000e+01 -8.010471204188482020e+00 1.502920000000000089e-01
-7.500000000000000000e+01 -7.068062827225130462e+00 3.468899999999999761e-02
-7.500000000000000000e+01 -6.125654450261779793e+00 6.070300000000000001e-02
-7.500000000000000000e+01 -5.183246073298429124e+00 4.566900000000000126e-02
-7.500000000000000000e+01 -4.240837696335078455e+00 2.003299999999999872e-02
-7.500000000000000000e+01 -3.298429319371727786e+00 2.305999999999999890e-03
-7.500000000000000000e+01 -2.356020942408377117e+00 6.376999999999999856e-03
-7.500000000000000000e+01 -1.413612565445026226e+00 5.597000000000000412e-03
-7.500000000000000000e+01 -4.712041884816753901e-01 2.222800000000000123e-02
-7.500000000000000000e+01 4.712041884816753901e-01 2.222800000000000123e-02
-7.500000000000000000e+01 1.413612565445026226e+00 3.709359999999999880e-01
-7.500000000000000000e+01 2.356020942408377117e+00 5.585679999999999534e-01
-7.375000000000000000e+01 -1.460732984293194114e+01 0.000000000000000000e+00
-7.375000000000000000e+01 -1.366492146596859136e+01 1.302490000000000037e-01
-7.375000000000000000e+01 -1.272251308900523981e+01 7.674699999999999578e-02
-7.375000000000000000e+01 -1.178010471204188825e+01 9.292000000000000259e-02
-7.375000000000000000e+01 -1.083769633507853669e+01 6.931299999999999961e-02
-7.375000000000000000e+01 -9.895287958115185134e+00 5.654499999999999804e-02
-7.375000000000000000e+01 -8.952879581151833577e+00 6.577399999999999913e-02
-7.375000000000000000e+01 -8.010471204188482020e+00 4.041800000000000254e-02
-7.375000000000000000e+01 -7.068062827225130462e+00 9.365999999999999326e-03
-7.375000000000000000e+01 -6.125654450261779793e+00 2.464699999999999877e-02
-7.375000000000000000e+01 -5.183246073298429124e+00 7.177999999999999658e-02
-7.375000000000000000e+01 -4.240837696335078455e+00 2.272499999999999867e-02
-7.375000000000000000e+01 -3.298429319371727786e+00 7.262000000000000226e-03
-7.375000000000000000e+01 -2.356020942408377117e+00 5.327000000000000138e-03
-7.375000000000000000e+01 -1.413612565445026226e+00 4.415999999999999787e-03
-7.375000000000000000e+01 -4.712041884816753901e-01 2.467000000000000009e-03
-7.375000000000000000e+01 4.712041884816753901e-01 2.467000000000000009e-03
-7.375000000000000000e+01 1.413612565445026226e+00 3.635300000000000337e-02
-7.250000000000000000e+01 -1.460732984293194114e+01 5.432000000000000196e-03
-7.250000000000000000e+01 -1.366492146596859136e+01 1.374849999999999961e-01
-7.250000000000000000e+01 -1.272251308900523981e+01 1.553170000000000106e-01
-7.250000000000000000e+01 -1.178010471204188825e+01 4.293199999999999794e-02
-7.250000000000000000e+01 -1.083769633507853669e+01 6.879999999999999831e-03
-7.250000000000000000e+01 -9.895287958115185134e+00 0.000000000000000000e+00
-7.250000000000000000e+01 -8.952879581151833577e+00 9.388999999999999777e-03
-7.250000000000000000e+01 -8.010471204188482020e+00 1.092029999999999945e-01
-7.250000000000000000e+01 -7.068062827225130462e+00 3.458900000000000169e-02
-7.250000000000000000e+01 -6.125654450261779793e+00 9.730000000000000151e-04
-7.250000000000000000e+01 -5.183246073298429124e+00 9.737000000000000863e-03
-7.250000000000000000e+01 -4.240837696335078455e+00 1.123389999999999944e-01
-7.250000000000000000e+01 -3.298429319371727786e+00 2.123999999999999846e-02
-7.250000000000000000e+01 -2.356020942408377117e+00 4.797000000000000049e-03
-7.250000000000000000e+01 -1.413612565445026226e+00 1.562000000000000020e-03
-7.250000000000000000e+01 -4.712041884816753901e-01 6.908000000000000078e-03
-7.250000000000000000e+01 4.712041884816753901e-01 6.908000000000000078e-03
-7.250000000000000000e+01 1.413612565445026226e+00 1.020399999999999953e-02
-7.125000000000000000e+01 -1.460732984293194114e+01 9.079900000000000471e-02
-7.125000000000000000e+01 -1.366492146596859136e+01 2.439500000000000002e-02
-7.125000000000000000e+01 -1.272251308900523981e+01 3.610900000000000221e-02
-7.125000000000000000e+01 -1.178010471204188825e+01 0.000000000000000000e+00
-7.125000000000000000e+01 -1.083769633507853669e+01 0.000000000000000000e+00
-7.125000000000000000e+01 -9.895287958115185134e+00 6.791000000000000161e-03
-7.125000000000000000e+01 -8.952879581151833577e+00 2.287099999999999897e-02
-7.125000000000000000e+01 -8.010471204188482020e+00 8.314699999999999869e-02
-7.125000000000000000e+01 -7.068062827225130462e+00 3.642999999999999971e-03
-7.125000000000000000e+01 -6.125654450261779793e+00 4.655000000000000283e-03
-7.125000000000000000e+01 -5.183246073298429124e+00 2.429999999999999977e-04
-7.125000000000000000e+01 -4.240837696335078455e+00 1.737700000000000009e-02
-7.125000000000000000e+01 -3.298429319371727786e+00 1.589999999999999888e-04
-7.125000000000000000e+01 -2.356020942408377117e+00 5.226999999999999875e-03
-7.125000000000000000e+01 -1.413612565445026226e+00 3.510000000000000099e-03
-7.125000000000000000e+01 -4.712041884816753901e-01 0.000000000000000000e+00
-7.125000000000000000e+01 4.712041884816753901e-01 0.000000000000000000e+00
-7.125000000000000000e+01 1.413612565445026226e+00 7.507999999999999917e-03
-7.000000000000000000e+01 -1.366492146596859136e+01 8.580000000000000820e-03
-7.000000000000000000e+01 -1.272251308900523981e+01 2.605800000000000130e-02
-7.000000000000000000e+01 -1.178010471204188825e+01 0.000000000000000000e+00
-7.000000000000000000e+01 -1.083769633507853669e+01 2.505900000000000141e-02
-7.000000000000000000e+01 -9.895287958115185134e+00 3.200000000000000262e-04
-7.000000000000000000e+01 -8.952879581151833577e+00 9.350000000000000672e-03
-7.000000000000000000e+01 -8.010471204188482020e+00 5.136999999999999900e-02
-7.000000000000000000e+01 -7.068062827225130462e+00 2.868199999999999916e-02
-7.000000000000000000e+01 -6.125654450261779793e+00 1.861000000000000024e-03
-7.000000000000000000e+01 -5.183246073298429124e+00 8.040000000000000271e-04
-7.000000000000000000e+01 -4.240837696335078455e+00 3.713000000000000328e-02
-7.000000000000000000e+01 -3.298429319371727786e+00 7.438000000000000167e-03
-7.000000000000000000e+01 -2.356020942408377117e+00 2.400999999999999922e-03
-7.000000000000000000e+01 -1.413612565445026226e+00 4.235000000000000049e-03
-7.000000000000000000e+01 -4.712041884816753901e-01 1.220300000000000031e-02
-7.000000000000000000e+01 4.712041884816753901e-01 1.220300000000000031e-02
-7.000000000000000000e+01 1.413612565445026226e+00 2.517000000000000140e-03
-6.875000000000000000e+01 -1.554973821989529448e+01 6.769999999999999759e-04
-6.875000000000000000e+01 -1.460732984293194114e+01 1.835600000000000079e-02
-6.875000000000000000e+01 -1.366492146596859136e+01 3.651999999999999864e-03
-6.875000000000000000e+01 -1.272251308900523981e+01 4.632399999999999712e-02
-6.875000000000000000e+01 -1.178010471204188825e+01 5.721699999999999703e-02
-6.875000000000000000e+01 -1.083769633507853669e+01 2.279059999999999975e-01
-6.875000000000000000e+01 -9.895287958115185134e+00 1.867600000000000163e-02
-6.875000000000000000e+01 -8.952879581151833577e+00 8.254300000000000526e-02
-6.875000000000000000e+01 -8.010471204188482020e+00 3.200000000000000262e-04
-6.875000000000000000e+01 -7.068062827225130462e+00 2.047999999999999907e-03
-6.875000000000000000e+01 -6.125654450261779793e+00 1.129999999999999928e-03
-6.875000000000000000e+01 -5.183246073298429124e+00 4.840000000000000010e-04
-6.875000000000000000e+01 -4.240837696335078455e+00 4.423999999999999981e-03
-6.875000000000000000e+01 -3.298429319371727786e+00 7.030999999999999923e-03
-6.875000000000000000e+01 -2.356020942408377117e+00 9.009999999999999997e-04
-6.875000000000000000e+01 -1.413612565445026226e+00 8.059999999999999673e-04
-6.875000000000000000e+01 -4.712041884816753901e-01 1.129100000000000069e-02
-6.875000000000000000e+01 4.712041884816753901e-01 1.129100000000000069e-02
-6.875000000000000000e+01 1.413612565445026226e+00 1.060999999999999964e-02
-6.875000000000000000e+01 2.356020942408377117e+00 6.131000000000000165e-03
-6.750000000000000000e+01 -1.649214659685864603e+01 8.958299999999999597e-02
-6.750000000000000000e+01 -1.554973821989529448e+01 8.958299999999999597e-02
-6.750000000000000000e+01 -1.460732984293194114e+01 2.294500000000000012e-02
-6.750000000000000000e+01 -1.366492146596859136e+01 2.685600000000000140e-02
-6.750000000000000000e+01 -1.272251308900523981e+01 5.739000000000000178e-03
-6.750000000000000000e+01 -1.178010471204188825e+01 1.366200000000000053e-02
-6.750000000000000000e+01 -1.083769633507853669e+01 1.337710000000000010e-01
-6.750000000000000000e+01 -9.895287958115185134e+00 4.555279999999999885e-01
-6.750000000000000000e+01 -8.952879581151833577e+00 3.374300000000000216e-02
-6.750000000000000000e+01 -8.010471204188482020e+00 9.590000000000000000e-04
-6.750000000000000000e+01 -7.068062827225130462e+00 8.919999999999999978e-04
-6.750000000000000000e+01 -6.125654450261779793e+00 5.134999999999999808e-03
-6.750000000000000000e+01 -5.183246073298429124e+00 1.128000000000000096e-03
-6.750000000000000000e+01 -4.240837696335078455e+00 8.059999999999999673e-04
-6.750000000000000000e+01 -3.298429319371727786e+00 1.389100000000000057e-02
-6.750000000000000000e+01 -2.356020942408377117e+00 3.310000000000000225e-04
-6.750000000000000000e+01 -1.413612565445026226e+00 8.000000000000000654e-05
-6.750000000000000000e+01 -4.712041884816753901e-01 8.989999999999999511e-04
-6.750000000000000000e+01 4.712041884816753901e-01 8.989999999999999511e-04
-6.750000000000000000e+01 1.413612565445026226e+00 6.081999999999999733e-03
-6.750000000000000000e+01 2.356020942408377117e+00 7.219999999999999855e-04
-6.625000000000000000e+01 -1.837696335078534560e+01 8.382100000000000661e-02
-6.625000000000000000e+01 -1.743455497382199582e+01 7.059600000000000597e-02
-6.625000000000000000e+01 -1.649214659685864603e+01 1.786999999999999960e-03
-6.625000000000000000e+01 -1.554973821989529448e+01 1.786999999999999960e-03
-6.625000000000000000e+01 -1.460732984293194114e+01 6.328000000000000291e-03
-6.625000000000000000e+01 -1.366492146596859136e+01 1.134000000000000025e-03
-6.625000000000000000e+01 -1.272251308900523981e+01 0.000000000000000000e+00
-6.625000000000000000e+01 -1.178010471204188825e+01 5.414999999999999675e-03
-6.625000000000000000e+01 -1.083769633507853669e+01 3.642900000000000305e-02
-6.625000000000000000e+01 -9.895287958115185134e+00 9.045200000000000462e-02
-6.625000000000000000e+01 -8.952879581151833577e+00 9.705000000000000085e-03
-6.625000000000000000e+01 -8.010471204188482020e+00 2.295000000000000165e-03
-6.625000000000000000e+01 -7.068062827225130462e+00 8.109999999999999805e-04
-6.625000000000000000e+01 -6.125654450261779793e+00 1.610000000000000103e-04
-6.625000000000000000e+01 -5.183246073298429124e+00 3.260000000000000094e-04
-6.625000000000000000e+01 -4.240837696335078455e+00 3.536000000000000081e-03
-6.625000000000000000e+01 -3.298429319371727786e+00 1.376199999999999993e-02
-6.625000000000000000e+01 -2.356020942408377117e+00 6.198000000000000384e-03
-6.625000000000000000e+01 -1.413612565445026226e+00 0.000000000000000000e+00
-6.625000000000000000e+01 -4.712041884816753901e-01 2.425000000000000072e-03
-6.625000000000000000e+01 4.712041884816753901e-01 2.425000000000000072e-03
-6.625000000000000000e+01 1.413612565445026226e+00 6.913600000000000301e-02
-6.625000000000000000e+01 2.356020942408377117e+00 6.586300000000000487e-02
-6.500000000000000000e+01 -1.837696335078534560e+01 1.972000000000000142e-02
-6.500000000000000000e+01 -1.743455497382199582e+01 1.828160000000000063e-01
-6.500000000000000000e+01 -1.649214659685864603e+01 9.317999999999999894e-03
-6.500000000000000000e+01 -1.554973821989529448e+01 9.317999999999999894e-03
-6.500000000000000000e+01 -1.460732984293194114e+01 4.687000000000000194e-03
-6.500000000000000000e+01 -1.366492146596859136e+01 2.969999999999999984e-03
-6.500000000000000000e+01 -1.272251308900523981e+01 1.412000000000000061e-03
-6.500000000000000000e+01 -1.178010471204188825e+01 7.238999999999999775e-03
-6.500000000000000000e+01 -1.083769633507853669e+01 1.084029999999999994e-01
-6.500000000000000000e+01 -9.895287958115185134e+00 1.763149999999999995e-01
-6.500000000000000000e+01 -8.952879581151833577e+00 3.488600000000000034e-02
-6.500000000000000000e+01 -8.010471204188482020e+00 2.351999999999999924e-03
-6.500000000000000000e+01 -7.068062827225130462e+00 1.521300000000000083e-02
-6.500000000000000000e+01 -6.125654450261779793e+00 1.147999999999999932e-03
-6.500000000000000000e+01 -5.183246073298429124e+00 1.630000000000000047e-04
-6.500000000000000000e+01 -4.240837696335078455e+00 3.540999999999999877e-03
-6.500000000000000000e+01 -3.298429319371727786e+00 9.221999999999999295e-03
-6.500000000000000000e+01 -2.356020942408377117e+00 4.329999999999999648e-03
-6.500000000000000000e+01 -1.413612565445026226e+00 1.791999999999999973e-03
-6.500000000000000000e+01 -4.712041884816753901e-01 7.742999999999999883e-03
-6.500000000000000000e+01 4.712041884816753901e-01 7.742999999999999883e-03
-6.500000000000000000e+01 1.413612565445026226e+00 2.658999999999999905e-03
-6.375000000000000000e+01 -2.026178010471204516e+01 0.000000000000000000e+00
-6.375000000000000000e+01 -1.931937172774869538e+01 3.652099999999999791e-02
-6.375000000000000000e+01 -1.837696335078534560e+01 8.025100000000000289e-02
-6.375000000000000000e+01 -1.743455497382199582e+01 3.479769999999999808e-01
-6.375000000000000000e+01 -1.649214659685864603e+01 4.582100000000000062e-02
-6.375000000000000000e+01 -1.554973821989529448e+01 4.582100000000000062e-02
-6.375000000000000000e+01 -1.460732984293194114e+01 2.306400000000000117e-02
-6.375000000000000000e+01 -1.366492146596859136e+01 2.972999999999999948e-03
-6.375000000000000000e+01 -1.272251308900523981e+01 1.505000000000000044e-03
-6.375000000000000000e+01 -1.178010471204188825e+01 1.837100000000000122e-01
-6.375000000000000000e+01 -1.083769633507853669e+01 3.522800000000000237e-02
-6.375000000000000000e+01 -9.895287958115185134e+00 2.712709999999999844e-01
-6.375000000000000000e+01 -8.952879581151833577e+00 3.156100000000000017e-01
-6.375000000000000000e+01 -8.010471204188482020e+00 3.614799999999999958e-02
-6.375000000000000000e+01 -7.068062827225130462e+00 3.314000000000000105e-03
-6.375000000000000000e+01 -6.125654450261779793e+00 4.970999999999999724e-03
-6.375000000000000000e+01 -5.183246073298429124e+00 1.794000000000000022e-03
-6.375000000000000000e+01 -4.240837696335078455e+00 2.801400000000000071e-02
-6.375000000000000000e+01 -3.298429319371727786e+00 1.724000000000000055e-03
-6.375000000000000000e+01 -2.356020942408377117e+00 3.249999999999999851e-04
-6.375000000000000000e+01 -1.413612565445026226e+00 3.240000000000000150e-04
-6.375000000000000000e+01 -4.712041884816753901e-01 1.828999999999999897e-03
-6.375000000000000000e+01 4.712041884816753901e-01 1.828999999999999897e-03
-6.375000000000000000e+01 1.413612565445026226e+00 0.000000000000000000e+00
-6.375000000000000000e+01 3.298429319371727786e+00 1.093399999999999928e-02
-6.250000000000000000e+01 -1.931937172774869538e+01 2.567510000000000070e-01
-6.250000000000000000e+01 -1.837696335078534560e+01 5.627349999999999852e-01
-6.250000000000000000e+01 -1.743455497382199582e+01 6.059259999999999646e-01
-6.250000000000000000e+01 -1.649214659685864603e+01 6.736000000000000321e-02
-6.250000000000000000e+01 -1.554973821989529448e+01 6.736000000000000321e-02
-6.250000000000000000e+01 -1.460732984293194114e+01 7.910999999999999630e-03
-6.250000000000000000e+01 -1.366492146596859136e+01 2.263999999999999953e-03
-6.250000000000000000e+01 -1.272251308900523981e+01 1.157999999999999958e-03
-6.250000000000000000e+01 -1.178010471204188825e+01 2.787660000000000138e-01
-6.250000000000000000e+01 -1.083769633507853669e+01 3.102360000000000118e-01
-6.250000000000000000e+01 -9.895287958115185134e+00 7.179649999999999643e-01
-6.250000000000000000e+01 -8.952879581151833577e+00 2.090690000000000048e-01
-6.250000000000000000e+01 -8.010471204188482020e+00 4.218999999999999834e-02
-6.250000000000000000e+01 -7.068062827225130462e+00 2.232500000000000109e-02
-6.250000000000000000e+01 -6.125654450261779793e+00 6.357999999999999936e-03
-6.250000000000000000e+01 -5.183246073298429124e+00 2.396000000000000126e-03
-6.250000000000000000e+01 -4.240837696335078455e+00 2.383000000000000049e-02
-6.250000000000000000e+01 -3.298429319371727786e+00 5.029999999999999749e-03
-6.250000000000000000e+01 -2.356020942408377117e+00 1.056999999999999997e-03
-6.250000000000000000e+01 -1.413612565445026226e+00 2.269000000000000183e-03
-6.250000000000000000e+01 -4.712041884816753901e-01 6.509999999999999945e-04
-6.250000000000000000e+01 4.712041884816753901e-01 6.509999999999999945e-04
-6.250000000000000000e+01 1.413612565445026226e+00 1.435000000000000078e-03
-6.250000000000000000e+01 2.356020942408377117e+00 8.090000000000000403e-04
-6.250000000000000000e+01 3.298429319371727786e+00 0.000000000000000000e+00
-6.125000000000000000e+01 -1.837696335078534560e+01 1.130789999999999990e-01
-6.125000000000000000e+01 -1.743455497382199582e+01 4.829100000000000059e-02
-6.125000000000000000e+01 -1.649214659685864603e+01 7.230399999999999328e-02
-6.125000000000000000e+01 -1.554973821989529448e+01 7.230399999999999328e-02
-6.125000000000000000e+01 -1.460732984293194114e+01 9.638999999999999999e-03
-6.125000000000000000e+01 -1.366492146596859136e+01 3.373799999999999716e-02
-6.125000000000000000e+01 -1.272251308900523981e+01 5.599870000000000125e-01
-6.125000000000000000e+01 -1.178010471204188825e+01 5.101790000000000491e-01
-6.125000000000000000e+01 -1.083769633507853669e+01 3.298030000000000128e-01
-6.125000000000000000e+01 -9.895287958115185134e+00 9.051499999999999824e-02
-6.125000000000000000e+01 -8.952879581151833577e+00 1.708000000000000143e-02
-6.125000000000000000e+01 -8.010471204188482020e+00 1.413700000000000026e-02
-6.125000000000000000e+01 -7.068062827225130462e+00 1.208000000000000089e-03
-6.125000000000000000e+01 -6.125654450261779793e+00 3.466199999999999837e-02
-6.125000000000000000e+01 -5.183246073298429124e+00 9.731999999999999332e-03
-6.125000000000000000e+01 -4.240837696335078455e+00 2.395800000000000013e-02
-6.125000000000000000e+01 -3.298429319371727786e+00 2.370299999999999838e-02
-6.125000000000000000e+01 -2.356020942408377117e+00 1.302999999999999905e-03
-6.125000000000000000e+01 -1.413612565445026226e+00 4.899999999999999842e-04
-6.125000000000000000e+01 -4.712041884816753901e-01 1.636999999999999914e-02
-6.125000000000000000e+01 4.712041884816753901e-01 1.636999999999999914e-02
-6.125000000000000000e+01 1.413612565445026226e+00 2.025800000000000170e-02
-6.125000000000000000e+01 2.356020942408377117e+00 1.894500000000000073e-01
-6.125000000000000000e+01 3.298429319371727786e+00 1.059640000000000026e-01
-6.125000000000000000e+01 4.240837696335078455e+00 8.555000000000000104e-03
-6.000000000000000000e+01 -1.554973821989529448e+01 8.325799999999999867e-02
-6.000000000000000000e+01 -1.460732984293194114e+01 3.265589999999999882e-01
-6.000000000000000000e+01 -1.366492146596859136e+01 3.086110000000000242e-01
-6.000000000000000000e+01 -1.272251308900523981e+01 2.448329999999999951e-01
-6.000000000000000000e+01 -1.178010471204188825e+01 4.237300000000000094e-02
-6.000000000000000000e+01 -1.083769633507853669e+01 1.132999999999999893e-03
-6.000000000000000000e+01 -9.895287958115185134e+00 4.502599999999999658e-02
-6.000000000000000000e+01 -8.952879581151833577e+00 8.057999999999999191e-03
-6.000000000000000000e+01 -8.010471204188482020e+00 0.000000000000000000e+00
-6.000000000000000000e+01 -7.068062827225130462e+00 8.219700000000000617e-02
-6.000000000000000000e+01 -6.125654450261779793e+00 5.673000000000000091e-03
-6.000000000000000000e+01 -5.183246073298429124e+00 1.413799999999999953e-02
-6.000000000000000000e+01 -4.240837696335078455e+00 7.156800000000000661e-02
-6.000000000000000000e+01 -3.298429319371727786e+00 1.888130000000000086e-01
-6.000000000000000000e+01 -2.356020942408377117e+00 8.691599999999999326e-02
-6.000000000000000000e+01 -1.413612565445026226e+00 1.739999999999999880e-02
-6.000000000000000000e+01 -4.712041884816753901e-01 4.667000000000000141e-03
-6.000000000000000000e+01 4.712041884816753901e-01 4.667000000000000141e-03
-6.000000000000000000e+01 1.413612565445026226e+00 1.867030000000000078e-01
-6.000000000000000000e+01 2.356020942408377117e+00 2.863399999999999973e-02
-6.000000000000000000e+01 3.298429319371727786e+00 3.668400000000000133e-02
-6.000000000000000000e+01 4.240837696335078455e+00 1.091600000000000036e-02
-6.000000000000000000e+01 5.183246073298429124e+00 1.274999999999999918e-02
-5.875000000000000000e+01 -1.366492146596859136e+01 1.107299999999999951e-02
-5.875000000000000000e+01 -1.272251308900523981e+01 4.840000000000000010e-04
-5.875000000000000000e+01 -1.178010471204188825e+01 1.100629999999999942e-01
-5.875000000000000000e+01 -1.083769633507853669e+01 3.854069999999999996e-01
-5.875000000000000000e+01 -9.895287958115185134e+00 1.857810000000000017e-01
-5.875000000000000000e+01 -8.952879581151833577e+00 3.698200000000000098e-02
-5.875000000000000000e+01 -8.010471204188482020e+00 2.400000000000000061e-04
-5.875000000000000000e+01 -7.068062827225130462e+00 7.204999999999999599e-03
-5.875000000000000000e+01 -6.125654450261779793e+00 5.649999999999999641e-04
-5.875000000000000000e+01 -5.183246073298429124e+00 1.229000000000000058e-03
-5.875000000000000000e+01 -4.240837696335078455e+00 8.313299999999999856e-02
-5.875000000000000000e+01 -3.298429319371727786e+00 1.726759999999999962e-01
-5.875000000000000000e+01 -2.356020942408377117e+00 5.667000000000000162e-03
-5.875000000000000000e+01 -1.413612565445026226e+00 0.000000000000000000e+00
-5.875000000000000000e+01 -4.712041884816753901e-01 0.000000000000000000e+00
-5.875000000000000000e+01 4.712041884816753901e-01 0.000000000000000000e+00
-5.750000000000000000e+01 -1.366492146596859136e+01 3.796800000000000175e-02
-5.750000000000000000e+01 -1.272251308900523981e+01 4.486199999999999910e-02
-5.750000000000000000e+01 -1.178010471204188825e+01 3.121630000000000238e-01
-5.750000000000000000e+01 -1.083769633507853669e+01 3.158420000000000116e-01
-5.750000000000000000e+01 -9.895287958115185134e+00 2.023050000000000126e-01
-5.750000000000000000e+01 -8.952879581151833577e+00 1.932400000000000090e-02
-5.750000000000000000e+01 -8.010471204188482020e+00 1.814999999999999990e-03
-5.750000000000000000e+01 -7.068062827225130462e+00 1.490000000000000005e-03
-5.750000000000000000e+01 -6.125654450261779793e+00 6.366000000000000131e-03
-5.750000000000000000e+01 -5.183246073298429124e+00 1.631999999999999987e-03
-5.750000000000000000e+01 -4.240837696335078455e+00 4.322000000000000147e-02
-5.750000000000000000e+01 -3.298429319371727786e+00 1.820140000000000091e-01
-5.750000000000000000e+01 -2.356020942408377117e+00 2.260099999999999956e-02
-5.750000000000000000e+01 -1.413612565445026226e+00 6.511000000000000294e-03
-5.750000000000000000e+01 -4.712041884816753901e-01 0.000000000000000000e+00
-5.750000000000000000e+01 4.712041884816753901e-01 0.000000000000000000e+00
-5.750000000000000000e+01 1.413612565445026226e+00 8.100000000000000375e-05
-5.625000000000000000e+01 -1.366492146596859136e+01 1.948590000000000044e-01
-5.625000000000000000e+01 -1.272251308900523981e+01 2.327680000000000027e-01
-5.625000000000000000e+01 -1.178010471204188825e+01 4.589509999999999978e-01
-5.625000000000000000e+01 -1.083769633507853669e+01 3.169549999999999867e-01
-5.625000000000000000e+01 -9.895287958115185134e+00 6.695400000000000240e-01
-5.625000000000000000e+01 -8.952879581151833577e+00 3.548300000000000065e-02
-5.625000000000000000e+01 -8.010471204188482020e+00 3.667000000000000121e-03
-5.625000000000000000e+01 -7.068062827225130462e+00 2.937199999999999880e-02
-5.625000000000000000e+01 -6.125654450261779793e+00 3.030300000000000007e-02
-5.625000000000000000e+01 -5.183246073298429124e+00 8.929900000000000337e-02
-5.625000000000000000e+01 -4.240837696335078455e+00 2.858459999999999890e-01
-5.625000000000000000e+01 -3.298429319371727786e+00 1.886600000000000082e-02
-5.625000000000000000e+01 -2.356020942408377117e+00 3.116590000000000193e-01
-5.625000000000000000e+01 -1.413612565445026226e+00 2.534300000000000094e-02
-5.625000000000000000e+01 -4.712041884816753901e-01 8.000000000000000654e-05
-5.625000000000000000e+01 4.712041884816753901e-01 8.000000000000000654e-05
-5.625000000000000000e+01 1.413612565445026226e+00 0.000000000000000000e+00
-5.500000000000000000e+01 -1.460732984293194114e+01 1.737190000000000123e-01
-5.500000000000000000e+01 -1.366492146596859136e+01 4.090699999999999892e-02
-5.500000000000000000e+01 -1.272251308900523981e+01 2.149280000000000079e-01
-5.500000000000000000e+01 -1.178010471204188825e+01 3.613680000000000225e-01
-5.500000000000000000e+01 -1.083769633507853669e+01 5.427170000000000050e-01
-5.500000000000000000e+01 -9.895287958115185134e+00 6.188770000000000104e-01
-5.500000000000000000e+01 -8.952879581151833577e+00 4.151200000000000029e-02
-5.500000000000000000e+01 -8.010471204188482020e+00 8.256399999999999850e-02
-5.500000000000000000e+01 -7.068062827225130462e+00 7.285500000000000309e-02
-5.500000000000000000e+01 -6.125654450261779793e+00 4.809999999999999823e-04
-5.500000000000000000e+01 -5.183246073298429124e+00 4.809999999999999823e-04
-5.500000000000000000e+01 -4.240837696335078455e+00 2.000329999999999886e-01
-5.500000000000000000e+01 -3.298429319371727786e+00 3.060649999999999760e-01
-5.500000000000000000e+01 -2.356020942408377117e+00 5.235600000000000254e-01
-5.500000000000000000e+01 -1.413612565445026226e+00 1.059299999999999999e-02
-5.500000000000000000e+01 -4.712041884816753901e-01 2.420000000000000005e-04
-5.500000000000000000e+01 4.712041884816753901e-01 2.420000000000000005e-04
-5.500000000000000000e+01 1.413612565445026226e+00 2.420000000000000005e-04
-5.500000000000000000e+01 2.356020942408377117e+00 5.760000000000000146e-04
-5.375000000000000000e+01 -1.460732984293194114e+01 4.079999999999999968e-04
-5.375000000000000000e+01 -1.366492146596859136e+01 3.832900000000000196e-02
-5.375000000000000000e+01 -1.272251308900523981e+01 1.941670000000000063e-01
-5.375000000000000000e+01 -1.178010471204188825e+01 7.345400000000000540e-02
-5.375000000000000000e+01 -1.083769633507853669e+01 1.718750000000000000e-01
-5.375000000000000000e+01 -9.895287958115185134e+00 1.909200000000000064e-01
-5.375000000000000000e+01 -8.952879581151833577e+00 1.933999999999999955e-03
-5.375000000000000000e+01 -8.010471204188482020e+00 8.000000000000000654e-05
-5.375000000000000000e+01 -7.068062827225130462e+00 2.101000000000000003e-03
-5.375000000000000000e+01 -6.125654450261779793e+00 6.347000000000000211e-03
-5.375000000000000000e+01 -5.183246073298429124e+00 2.922000000000000118e-03
-5.375000000000000000e+01 -4.240837696335078455e+00 2.006840000000000013e-01
-5.375000000000000000e+01 -3.298429319371727786e+00 1.027760000000000062e-01
-5.375000000000000000e+01 -2.356020942408377117e+00 4.286260000000000070e-01
-5.375000000000000000e+01 -1.413612565445026226e+00 6.641299999999999981e-02
-5.375000000000000000e+01 -4.712041884816753901e-01 9.719999999999999907e-04
-5.375000000000000000e+01 4.712041884816753901e-01 9.719999999999999907e-04
-5.375000000000000000e+01 1.413612565445026226e+00 1.217999999999999899e-03
-5.375000000000000000e+01 2.356020942408377117e+00 1.054000000000000032e-03
-5.250000000000000000e+01 -1.366492146596859136e+01 1.200200000000000052e-02
-5.250000000000000000e+01 -1.272251308900523981e+01 2.183529999999999915e-01
-5.250000000000000000e+01 -1.178010471204188825e+01 9.228899999999999604e-02
-5.250000000000000000e+01 -1.083769633507853669e+01 2.447090000000000098e-01
-5.250000000000000000e+01 -9.895287958115185134e+00 7.670899999999999941e-02
-5.250000000000000000e+01 -8.952879581151833577e+00 5.699999999999999772e-04
-5.250000000000000000e+01 -8.010471204188482020e+00 7.460000000000000268e-04
-5.250000000000000000e+01 -7.068062827225130462e+00 1.966800000000000145e-02
-5.250000000000000000e+01 -6.125654450261779793e+00 4.576000000000000206e-02
-5.250000000000000000e+01 -5.183246073298429124e+00 1.755000000000000050e-03
-5.250000000000000000e+01 -4.240837696335078455e+00 6.982099999999999418e-02
-5.250000000000000000e+01 -3.298429319371727786e+00 1.662949999999999984e-01
-5.250000000000000000e+01 -2.356020942408377117e+00 3.066599999999999882e-02
-5.250000000000000000e+01 -1.413612565445026226e+00 1.275640000000000107e-01
-5.250000000000000000e+01 -4.712041884816753901e-01 1.051999999999999984e-03
-5.250000000000000000e+01 4.712041884816753901e-01 1.051999999999999984e-03
-5.125000000000000000e+01 -8.952879581151833577e+00 4.266719999999999957e-01
-5.125000000000000000e+01 -8.010471204188482020e+00 3.573450000000000237e-01
-5.125000000000000000e+01 -7.068062827225130462e+00 4.354109999999999925e-01
-5.125000000000000000e+01 -5.183246073298429124e+00 1.014830000000000038e-01
-5.125000000000000000e+01 -4.240837696335078455e+00 2.199859999999999871e-01
-5.125000000000000000e+01 -3.298429319371727786e+00 8.330600000000000505e-02
-5.125000000000000000e+01 -2.356020942408377117e+00 5.642699999999999799e-02
-5.000000000000000000e+01 -3.298429319371727786e+00 2.132199999999999929e-01
