-7.875000000000000000e+01 -6.125654450261779793e+00 4.960910000000000042e-01
-7.875000000000000000e+01 -5.183246073298429124e+00 1.830749999999999877e-01
-7.875000000000000000e+01 -4.240837696335078455e+00 2.440110000000000057e-01
-7.875000000000000000e+01 -3.298429319371727786e+00 3.737949999999999884e-01
-7.875000000000000000e+01 -2.356020942408377117e+00 0.000000000000000000e+00
-7.875000000000000000e+01 -1.413612565445026226e+00 0.000000000000000000e+00
-7.750000000000000000e+01 -8.952879581151833577e+00 1.875680000000000125e-01
-7.750000000000000000e+01 -8.010471204188482020e+00 1.435049999999999937e-01
-7.750000000000000000e+01 -7.068062827225130462e+00 2.833689999999999820e-01
-7.750000000000000000e+01 -6.125654450261779793e+00 4.853810000000000069e-01
-7.750000000000000000e+01 -5.183246073298429124e+00 1.191529999999999950e-01
-7.750000000000000000e+01 -4.240837696335078455e+00 2.949900000000000092e-02
-7.750000000000000000e+01 -3.298429319371727786e+00 2.810619999999999785e-01
-7.750000000000000000e+01 -2.356020942408377117e+00 1.617550000000000099e-01
-7.750000000000000000e+01 -1.413612565445026226e+00 2.837770000000000015e-01
-7.750000000000000000e+01 -4.712041884816753901e-01 1.880960000000000132e-01
-7.750000000000000000e+01 4.712041884816753901e-01 1.880960000000000132e-01
-7.625000000000000000e+01 -1.083769633507853669e+01 6.227699999999999902e-02
-7.625000000000000000e+01 -9.895287958115185134e+00 1.258910000000000029e-01
-7.625000000000000000e+01 -8.952879581151833577e+00 3.533720000000000194e-01
-7.625000000000000000e+01 -8.010471204188482020e+00 8.958699999999999997e-02
-7.625000000000000000e+01 -7.068062827225130462e+00 1.960270000000000068e-01
-7.625000000000000000e+01 -6.125654450261779793e+00 2.715359999999999996e-01
-7.625000000000000000e+01 -5.183246073298429124e+00 4.002700000000000008e-02
-7.625000000000000000e+01 -4.240837696335078455e+00 1.472000000000000001e-03
-7.625000000000000000e+01 -3.298429319371727786e+00 3.983000000000000429e-03
-7.625000000000000000e+01 -2.356020942408377117e+00 2.553000000000000148e-03
-7.625000000000000000e+01 -1.413612565445026226e+00 2.856000000000000032e-03
-7.625000000000000000e+01 -4.712041884816753901e-01 7.766199999999999493e-02
-7.625000000000000000e+01 4.712041884816753901e-01 7.766199999999999493e-02
-7.625000000000000000e+01 1.413612565445026226e+00 6.468289999999999873e-01
-7.500000000000000000e+01 -1.366492146596859136e+01 7.814200000000000312e-02
-7.500000000000000000e+01 -1.272251308900523981e+01 1.417779999999999874e-01
-7.500000000000000000e+01 -1.178010471204188825e+01 1.237540000000000029e-01
-7.500000000000000000e+01 -1.083769633507853669e+01 3.108099999999999752e-01
-7.500000000000000000e+01 -9.895287958115185134e+00 1.446719999999999950e-01
-7.500000000000000000e+01 -8.952879581151833577e+00 3.883880000000000110e-01
-7.500000000000000000e+01 -8.010471204188482020e+00 2.025019999999999876e-01
-7.500000000000000000e+01 -7.068062827225130462e+00 3.468899999999999761e-02
-7.500000000000000000e+01 -6.125654450261779793e+00 6.070300000000000001e-02
-7.500000000000000000e+01 -5.183246073298429124e+00 4.566900000000000126e-02
-7.500000000000000000e+01 -4.240837696335078455e+00 2.003299999999999872e-02
-7.500000000000000000e+01 -3.298429319371727786e+00 2.305999999999999890e-03
-7.500000000000000000e+01 -2.356020942408377117e+00 6.376999999999999856e-03
-7.500000000000000000e+01 -1.413612565445026226e+00 5.597000000000000412e-03
-7.500000000000000000e+01 -4.712041884816753901e-01 2.222800000000000123e-02
-7.500000000000000000e+01 4.712041884816753901e-01 2.222800000000000123e-02
-7.500000000000000000e+01 1.413612565445026226e+00 4.039340000000000153e-01
-7.500000000000000000e+01 2.356020942408377117e+00 8.064379999999999882e-01
-7.375000000000000000e+01 -1.460732984293194114e+01 0.000000000000000000e+00
-7.375000000000000000e+01 -1.366492146596859136e+01 1.302490000000000037e-01
-7.375000000000000000e+01 -1.272251308900523981e+01 7.920099999999999363e-02
-7.375000000000000000e+01 -1.178010471204188825e+01 9.578799999999999815e-02
-7.375000000000000000e+01 -1.083769633507853669e+01 8.429000000000000381e-02
-7.375000000000000000e+01 -9.895287958115185134e+00 5.687400000000000094e-02
-7.375000000000000000e+01 -8.952879581151833577e+00 8.292900000000000271e-02
-7.375000000000000000e+01 -8.010471204188482020e+00 7.472900000000000376e-02
-7.375000000000000000e+01 -7.068062827225130462e+00 2.598100000000000062e-02
-7.375000000000000000e+01 -6.125654450261779793e+00 2.464699999999999877e-02
-7.375000000000000000e+01 -5.183246073298429124e+00 7.177999999999999658e-02
-7.375000000000000000e+01 -4.240837696335078455e+00 2.272499999999999867e-02
-7.375000000000000000e+01 -3.298429319371727786e+00 7.262000000000000226e-03
-7.375000000000000000e+01 -2.356020942408377117e+00 5.409999999999999878e-03
-7.375000000000000000e+01 -1.413612565445026226e+00 5.267000000000000154e-02
-7.375000000000000000e+01 -4.712041884816753901e-01 2.467000000000000009e-03
-7.375000000000000000e+01 4.712041884816753901e-01 2.467000000000000009e-03
-7.375000000000000000e+01 1.413612565445026226e+00 3.635300000000000337e-02
-7.250000000000000000e+01 -1.460732984293194114e+01 5.432000000000000196e-03
-7.250000000000000000e+01 -1.366492146596859136e+01 1.374849999999999961e-01
-7.250000000000000000e+01 -1.272251308900523981e+01 1.647500000000000075e-01
-7.250000000000000000e+01 -1.178010471204188825e+01 4.293199999999999794e-02
-7.250000000000000000e+01 -1.083769633507853669e+01 6.879999999999999831e-03
-7.250000000000000000e+01 -9.895287958115185134e+00 0.000000000000000000e+00
-7.250000000000000000e+01 -8.952879581151833577e+00 9.388999999999999777e-03
-7.250000000000000000e+01 -8.010471204188482020e+00 2.793260000000000187e-01
-7.250000000000000000e+01 -7.068062827225130462e+00 1.104089999999999933e-01
-7.250000000000000000e+01 -6.125654450261779793e+00 9.730000000000000151e-04
-7.250000000000000000e+01 -5.183246073298429124e+00 9.737000000000000863e-03
-7.250000000000000000e+01 -4.240837696335078455e+00 1.123389999999999944e-01
-7.250000000000000000e+01 -3.298429319371727786e+00 2.123999999999999846e-02
-7.250000000000000000e+01 -2.356020942408377117e+00 2.423099999999999907e-02
-7.250000000000000000e+01 -1.413612565445026226e+00 5.674000000000000224e-03
-7.250000000000000000e+01 -4.712041884816753901e-01 6.908000000000000078e-03
-7.250000000000000000e+01 4.712041884816753901e-01 6.908000000000000078e-03
-7.250000000000000000e+01 1.413612565445026226e+00 1.020399999999999953e-02
-7.125000000000000000e+01 -1.460732984293194114e+01 9.079900000000000471e-02
-7.125000000000000000e+01 -1.366492146596859136e+01 2.439500000000000002e-02
-7.125000000000000000e+01 -1.272251308900523981e+01 1.107839999999999936e-01
-7.125000000000000000e+01 -1.178010471204188825e+01 8.200000000000000095e-05
-7.125000000000000000e+01 -1.083769633507853669e+01 0.000000000000000000e+00
-7.125000000000000000e+01 -9.895287958115185134e+00 6.791000000000000161e-03
-7.125000000000000000e+01 -8.952879581151833577e+00 5.004100000000000215e-02
-7.125000000000000000e+01 -8.010471204188482020e+00 3.128190000000000137e-01
-7.125000000000000000e+01 -7.068062827225130462e+00 3.967000000000000040e-03
-7.125000000000000000e+01 -6.125654450261779793e+00 4.655000000000000283e-03
-7.125000000000000000e+01 -5.183246073298429124e+00 2.429999999999999977e-04
-7.125000000000000000e+01 -4.240837696335078455e+00 2.543000000000000121e-02
-7.125000000000000000e+01 -3.298429319371727786e+00 1.589999999999999888e-04
-7.125000000000000000e+01 -2.356020942408377117e+00 2.932299999999999837e-02
-7.125000000000000000e+01 -1.413612565445026226e+00 3.592000000000000141e-03
-7.125000000000000000e+01 -4.712041884816753901e-01 0.000000000000000000e+00
-7.125000000000000000e+01 4.712041884816753901e-01 0.000000000000000000e+00
-7.125000000000000000e+01 1.413612565445026226e+00 5.989900000000000085e-02
-7.000000000000000000e+01 -1.366492146596859136e+01 8.580000000000000820e-03
-7.000000000000000000e+01 -1.272251308900523981e+01 1.701719999999999899e-01
-7.000000000000000000e+01 -1.178010471204188825e+01 7.572999999999999871e-03
-7.000000000000000000e+01 -1.083769633507853669e+01 1.932899999999999896e-01
-7.000000000000000000e+01 -9.895287958115185134e+00 3.200000000000000262e-04
-7.000000000000000000e+01 -8.952879581151833577e+00 1.120420000000000027e-01
-7.000000000000000000e+01 -8.010471204188482020e+00 1.725379999999999969e-01
-7.000000000000000000e+01 -7.068062827225130462e+00 2.917700000000000154e-02
-7.000000000000000000e+01 -6.125654450261779793e+00 1.861000000000000024e-03
-7.000000000000000000e+01 -5.183246073298429124e+00 8.040000000000000271e-04
-7.000000000000000000e+01 -4.240837696335078455e+00 9.408700000000000396e-02
-7.000000000000000000e+01 -3.298429319371727786e+00 2.680799999999999850e-02
-7.000000000000000000e+01 -2.356020942408377117e+00 8.722999999999999851e-03
-7.000000000000000000e+01 -1.413612565445026226e+00 1.976299999999999932e-02
-7.000000000000000000e+01 -4.712041884816753901e-01 1.220300000000000031e-02
-7.000000000000000000e+01 4.712041884816753901e-01 1.220300000000000031e-02
-7.000000000000000000e+01 1.413612565445026226e+00 4.385000000000000009e-03
-6.875000000000000000e+01 -1.554973821989529448e+01 6.769999999999999759e-04
-6.875000000000000000e+01 -1.460732984293194114e+01 2.511199999999999891e-02
-6.875000000000000000e+01 -1.366492146596859136e+01 9.575999999999999443e-03
-6.875000000000000000e+01 -1.272251308900523981e+01 1.236140000000000017e-01
-6.875000000000000000e+01 -1.178010471204188825e+01 2.898819999999999730e-01
-6.875000000000000000e+01 -1.083769633507853669e+01 4.909000000000000030e-01
-6.875000000000000000e+01 -9.895287958115185134e+00 7.381400000000000461e-02
-6.875000000000000000e+01 -8.952879581151833577e+00 3.479220000000000090e-01
-6.875000000000000000e+01 -8.010471204188482020e+00 3.200000000000000262e-04
-6.875000000000000000e+01 -7.068062827225130462e+00 2.047999999999999907e-03
-6.875000000000000000e+01 -6.125654450261779793e+00 1.129999999999999928e-03
-6.875000000000000000e+01 -5.183246073298429124e+00 4.840000000000000010e-04
-6.875000000000000000e+01 -4.240837696335078455e+00 4.423999999999999981e-03
-6.875000000000000000e+01 -3.298429319371727786e+00 7.030999999999999923e-03
-6.875000000000000000e+01 -2.356020942408377117e+00 4.342000000000000373e-03
-6.875000000000000000e+01 -1.413612565445026226e+00 3.950000000000000386e-03
-6.875000000000000000e+01 -4.712041884816753901e-01 1.129100000000000069e-02
-6.875000000000000000e+01 4.712041884816753901e-01 1.129100000000000069e-02
-6.875000000000000000e+01 1.413612565445026226e+00 1.297599999999999969e-02
-6.875000000000000000e+01 2.356020942408377117e+00 6.295000000000000248e-03
-6.750000000000000000e+01 -1.649214659685864603e+01 2.496569999999999900e-01
-6.750000000000000000e+01 -1.554973821989529448e+01 2.496569999999999900e-01
-6.750000000000000000e+01 -1.460732984293194114e+01 1.011060000000000014e-01
-6.750000000000000000e+01 -1.366492146596859136e+01 7.983800000000000618e-02
-6.750000000000000000e+01 -1.272251308900523981e+01 7.920999999999999222e-03
-6.750000000000000000e+01 -1.178010471204188825e+01 1.366200000000000053e-02
-6.750000000000000000e+01 -1.083769633507853669e+01 2.835050000000000070e-01
-6.750000000000000000e+01 -9.895287958115185134e+00 7.567220000000000057e-01
-6.750000000000000000e+01 -8.952879581151833577e+00 1.687939999999999996e-01
-6.750000000000000000e+01 -8.010471204188482020e+00 9.590000000000000000e-04
-6.750000000000000000e+01 -7.068062827225130462e+00 8.919999999999999978e-04
-6.750000000000000000e+01 -6.125654450261779793e+00 5.134999999999999808e-03
-6.750000000000000000e+01 -5.183246073298429124e+00 1.128000000000000096e-03
-6.750000000000000000e+01 -4.240837696335078455e+00 8.059999999999999673e-04
-6.750000000000000000e+01 -3.298429319371727786e+00 1.389100000000000057e-02
-6.750000000000000000e+01 -2.356020942408377117e+00 3.310000000000000225e-04
-6.750000000000000000e+01 -1.413612565445026226e+00 8.000000000000000654e-05
-6.750000000000000000e+01 -4.712041884816753901e-01 8.989999999999999511e-04
-6.750000000000000000e+01 4.712041884816753901e-01 8.989999999999999511e-04
-6.750000000000000000e+01 1.413612565445026226e+00 6.081999999999999733e-03
-6.750000000000000000e+01 2.356020942408377117e+00 7.219999999999999855e-04
-6.625000000000000000e+01 -1.837696335078534560e+01 8.382100000000000661e-02
-6.625000000000000000e+01 -1.743455497382199582e+01 2.125970000000000082e-01
-6.625000000000000000e+01 -1.649214659685864603e+01 4.224999999999999589e-03
-6.625000000000000000e+01 -1.554973821989529448e+01 4.224999999999999589e-03
-6.625000000000000000e+01 -1.460732984293194114e+01 8.274999999999999370e-03
-6.625000000000000000e+01 -1.366492146596859136e+01 1.134000000000000025e-03
-6.625000000000000000e+01 -1.272251308900523981e+01 0.000000000000000000e+00
-6.625000000000000000e+01 -1.178010471204188825e+01 7.030999999999999923e-03
-6.625000000000000000e+01 -1.083769633507853669e+01 1.103920000000000040e-01
-6.625000000000000000e+01 -9.895287958115185134e+00 2.428269999999999873e-01
-6.625000000000000000e+01 -8.952879581151833577e+00 9.583500000000000352e-02
-6.625000000000000000e+01 -8.010471204188482020e+00 2.295000000000000165e-03
-6.625000000000000000e+01 -7.068062827225130462e+00 8.109999999999999805e-04
-6.625000000000000000e+01 -6.125654450261779793e+00 1.610000000000000103e-04
-6.625000000000000000e+01 -5.183246073298429124e+00 3.260000000000000094e-04
-6.625000000000000000e+01 -4.240837696335078455e+00 3.536000000000000081e-03
-6.625000000000000000e+01 -3.298429319371727786e+00 1.376199999999999993e-02
-6.625000000000000000e+01 -2.356020942408377117e+00 6.198000000000000384e-03
-6.625000000000000000e+01 -1.413612565445026226e+00 0.000000000000000000e+00
-6.625000000000000000e+01 -4.712041884816753901e-01 2.425000000000000072e-03
-6.625000000000000000e+01 4.712041884816753901e-01 2.425000000000000072e-03
-6.625000000000000000e+01 1.413612565445026226e+00 7.754500000000000282e-02
-6.625000000000000000e+01 2.356020942408377117e+00 6.765400000000000580e-02
-6.500000000000000000e+01 -1.837696335078534560e+01 2.640199999999999839e-02
-6.500000000000000000e+01 -1.743455497382199582e+01 4.437329999999999885e-01
-6.500000000000000000e+01 -1.649214659685864603e+01 1.624199999999999949e-02
-6.500000000000000000e+01 -1.554973821989529448e+01 1.624199999999999949e-02
-6.500000000000000000e+01 -1.460732984293194114e+01 5.524000000000000264e-03
-6.500000000000000000e+01 -1.366492146596859136e+01 3.310000000000000008e-03
-6.500000000000000000e+01 -1.272251308900523981e+01 1.744000000000000107e-03
-6.500000000000000000e+01 -1.178010471204188825e+01 9.343000000000000610e-03
-6.500000000000000000e+01 -1.083769633507853669e+01 1.920129999999999892e-01
-6.500000000000000000e+01 -9.895287958115185134e+00 5.093999999999999639e-01
-6.500000000000000000e+01 -8.952879581151833577e+00 1.746699999999999919e-01
-6.500000000000000000e+01 -8.010471204188482020e+00 4.784000000000000058e-03
-6.500000000000000000e+01 -7.068062827225130462e+00 5.076499999999999763e-02
-6.500000000000000000e+01 -6.125654450261779793e+00 1.147999999999999932e-03
-6.500000000000000000e+01 -5.183246073298429124e+00 4.902000000000000107e-03
-6.500000000000000000e+01 -4.240837696335078455e+00 8.975999999999999604e-03
-6.500000000000000000e+01 -3.298429319371727786e+00 4.620099999999999901e-02
-6.500000000000000000e+01 -2.356020942408377117e+00 4.329999999999999648e-03
-6.500000000000000000e+01 -1.413612565445026226e+00 1.791999999999999973e-03
-6.500000000000000000e+01 -4.712041884816753901e-01 7.742999999999999883e-03
-6.500000000000000000e+01 4.712041884816753901e-01 7.742999999999999883e-03
-6.500000000000000000e+01 1.413612565445026226e+00 2.658999999999999905e-03
-6.375000000000000000e+01 -2.026178010471204516e+01 0.000000000000000000e+00
-6.375000000000000000e+01 -1.931937172774869538e+01 1.929680000000000006e-01
-6.375000000000000000e+01 -1.837696335078534560e+01 1.474570000000000047e-01
-6.375000000000000000e+01 -1.743455497382199582e+01 5.178359999999999630e-01
-6.375000000000000000e+01 -1.649214659685864603e+01 6.151399999999999924e-02
-6.375000000000000000e+01 -1.554973821989529448e+01 6.151399999999999924e-02
-6.375000000000000000e+01 -1.460732984293194114e+01 2.512400000000000050e-02
-6.375000000000000000e+01 -1.366492146596859136e+01 3.138999999999999863e-03
-6.375000000000000000e+01 -1.272251308900523981e+01 3.010000000000000089e-03
-6.375000000000000000e+01 -1.178010471204188825e+01 4.827930000000000277e-01
-6.375000000000000000e+01 -1.083769633507853669e+01 5.774200000000000166e-02
-6.375000000000000000e+01 -9.895287958115185134e+00 4.754120000000000013e-01
-6.375000000000000000e+01 -8.952879581151833577e+00 7.584950000000000303e-01
-6.375000000000000000e+01 -8.010471204188482020e+00 3.153139999999999832e-01
-6.375000000000000000e+01 -7.068062827225130462e+00 4.930899999999999866e-02
-6.375000000000000000e+01 -6.125654450261779793e+00 4.970999999999999724e-03
-6.375000000000000000e+01 -5.183246073298429124e+00 1.361799999999999990e-02
-6.375000000000000000e+01 -4.240837696335078455e+00 5.471199999999999675e-02
-6.375000000000000000e+01 -3.298429319371727786e+00 1.724000000000000055e-03
-6.375000000000000000e+01 -2.356020942408377117e+00 3.249999999999999851e-04
-6.375000000000000000e+01 -1.413612565445026226e+00 3.240000000000000150e-04
-6.375000000000000000e+01 -4.712041884816753901e-01 1.828999999999999897e-03
-6.375000000000000000e+01 4.712041884816753901e-01 1.828999999999999897e-03
-6.375000000000000000e+01 1.413612565445026226e+00 0.000000000000000000e+00
-6.375000000000000000e+01 3.298429319371727786e+00 1.303999999999999951e-02
-6.250000000000000000e+01 -1.931937172774869538e+01 3.798380000000000090e-01
-6.250000000000000000e+01 -1.837696335078534560e+01 7.114030000000000076e-01
-6.250000000000000000e+01 -1.743455497382199582e+01 7.910369999999999902e-01
-6.250000000000000000e+01 -1.649214659685864603e+01 1.001390000000000058e-01
-6.250000000000000000e+01 -1.554973821989529448e+01 1.001390000000000058e-01
-6.250000000000000000e+01 -1.460732984293194114e+01 7.910999999999999630e-03
-6.250000000000000000e+01 -1.366492146596859136e+01 2.263999999999999953e-03
-6.250000000000000000e+01 -1.272251308900523981e+01 1.232899999999999968e-02
-6.250000000000000000e+01 -1.178010471204188825e+01 5.339399999999999702e-01
-6.250000000000000000e+01 -1.083769633507853669e+01 4.287329999999999752e-01
-6.250000000000000000e+01 -9.895287958115185134e+00 9.611629999999999896e-01
-6.250000000000000000e+01 -8.952879581151833577e+00 4.412280000000000091e-01
-6.250000000000000000e+01 -8.010471204188482020e+00 2.280099999999999905e-01
-6.250000000000000000e+01 -7.068062827225130462e+00 3.816769999999999885e-01
-6.250000000000000000e+01 -6.125654450261779793e+00 4.825600000000000028e-02
-6.250000000000000000e+01 -5.183246073298429124e+00 2.396000000000000126e-03
-6.250000000000000000e+01 -4.240837696335078455e+00 9.789299999999999391e-02
-6.250000000000000000e+01 -3.298429319371727786e+00 1.005999999999999950e-02
-6.250000000000000000e+01 -2.356020942408377117e+00 1.056999999999999997e-03
-6.250000000000000000e+01 -1.413612565445026226e+00 2.486800000000000122e-02
-6.250000000000000000e+01 -4.712041884816753901e-01 6.509999999999999945e-04
-6.250000000000000000e+01 4.712041884816753901e-01 6.509999999999999945e-04
-6.250000000000000000e+01 1.413612565445026226e+00 1.595000000000000064e-03
-6.250000000000000000e+01 2.356020942408377117e+00 1.536999999999999955e-03
-6.250000000000000000e+01 3.298429319371727786e+00 0.000000000000000000e+00
-6.125000000000000000e+01 -1.837696335078534560e+01 1.827959999999999863e-01
-6.125000000000000000e+01 -1.743455497382199582e+01 1.787259999999999960e-01
-6.125000000000000000e+01 -1.649214659685864603e+01 2.141520000000000090e-01
-6.125000000000000000e+01 -1.554973821989529448e+01 2.141520000000000090e-01
-6.125000000000000000e+01 -1.460732984293194114e+01 3.636799999999999755e-02
-6.125000000000000000e+01 -1.366492146596859136e+01 5.557800000000000240e-02
-6.125000000000000000e+01 -1.272251308900523981e+01 6.630530000000000035e-01
-6.125000000000000000e+01 -1.178010471204188825e+01 7.896020000000000261e-01
-6.125000000000000000e+01 -1.083769633507853669e+01 4.722819999999999796e-01
-6.125000000000000000e+01 -9.895287958115185134e+00 3.940310000000000201e-01
-6.125000000000000000e+01 -8.952879581151833577e+00 1.070780000000000065e-01
-6.125000000000000000e+01 -8.010471204188482020e+00 7.539800000000000668e-02
-6.125000000000000000e+01 -7.068062827225130462e+00 2.223299999999999929e-02
-6.125000000000000000e+01 -6.125654450261779793e+00 8.669499999999999429e-02
-6.125000000000000000e+01 -5.183246073298429124e+00 4.610299999999999815e-02
-6.125000000000000000e+01 -4.240837696335078455e+00 1.639210000000000111e-01
-6.125000000000000000e+01 -3.298429319371727786e+00 2.612090000000000245e-01
-6.125000000000000000e+01 -2.356020942408377117e+00 3.127000000000000005e-03
-6.125000000000000000e+01 -1.413612565445026226e+00 1.460900000000000046e-02
-6.125000000000000000e+01 -4.712041884816753901e-01 1.394229999999999914e-01
-6.125000000000000000e+01 4.712041884816753901e-01 1.394229999999999914e-01
-6.125000000000000000e+01 1.413612565445026226e+00 1.645439999999999958e-01
-6.125000000000000000e+01 2.356020942408377117e+00 6.099599999999999467e-01
-6.125000000000000000e+01 3.298429319371727786e+00 2.409949999999999870e-01
-6.125000000000000000e+01 4.240837696335078455e+00 5.507599999999999996e-02
-6.000000000000000000e+01 -1.554973821989529448e+01 1.202000000000000013e-01
-6.000000000000000000e+01 -1.460732984293194114e+01 4.066270000000000162e-01
-6.000000000000000000e+01 -1.366492146596859136e+01 5.012999999999999678e-01
-6.000000000000000000e+01 -1.272251308900523981e+01 4.210860000000000158e-01
-6.000000000000000000e+01 -1.178010471204188825e+01 1.429380000000000095e-01
-6.000000000000000000e+01 -1.083769633507853669e+01 2.078999999999999945e-02
-6.000000000000000000e+01 -9.895287958115185134e+00 2.352710000000000079e-01
-6.000000000000000000e+01 -8.952879581151833577e+00 7.348000000000000365e-02
-6.000000000000000000e+01 -8.010471204188482020e+00 8.159999999999999936e-04
-6.000000000000000000e+01 -7.068062827225130462e+00 2.285780000000000034e-01
-6.000000000000000000e+01 -6.125654450261779793e+00 5.048099999999999810e-02
-6.000000000000000000e+01 -5.183246073298429124e+00 7.373899999999999899e-02
-6.000000000000000000e+01 -4.240837696335078455e+00 3.442870000000000097e-01
-6.000000000000000000e+01 -3.298429319371727786e+00 7.196829999999999616e-01
-6.000000000000000000e+01 -2.356020942408377117e+00 6.297169999999999712e-01
-6.000000000000000000e+01 -1.413612565445026226e+00 1.585050000000000070e-01
-6.000000000000000000e+01 -4.712041884816753901e-01 4.111999999999999683e-02
-6.000000000000000000e+01 4.712041884816753901e-01 4.111999999999999683e-02
-6.000000000000000000e+01 1.413612565445026226e+00 6.063420000000000476e-01
-6.000000000000000000e+01 2.356020942408377117e+00 1.920830000000000037e-01
-6.000000000000000000e+01 3.298429319371727786e+00 1.085699999999999998e-01
-6.000000000000000000e+01 4.240837696335078455e+00 1.232199999999999962e-02
-6.000000000000000000e+01 5.183246073298429124e+00 1.274999999999999918e-02
-5.875000000000000000e+01 -1.366492146596859136e+01 4.396699999999999914e-02
-5.875000000000000000e+01 -1.272251308900523981e+01 2.903000000000000198e-03
-5.875000000000000000e+01 -1.178010471204188825e+01 2.128110000000000002e-01
-5.875000000000000000e+01 -1.083769633507853669e+01 6.231919999999999682e-01
-5.875000000000000000e+01 -9.895287958115185134e+00 5.953570000000000251e-01
-5.875000000000000000e+01 -8.952879581151833577e+00 1.203980000000000050e-01
-5.875000000000000000e+01 -8.010471204188482020e+00 2.400000000000000061e-04
-5.875000000000000000e+01 -7.068062827225130462e+00 6.084400000000000225e-02
-5.875000000000000000e+01 -6.125654450261779793e+00 2.501999999999999884e-03
-5.875000000000000000e+01 -5.183246073298429124e+00 2.295000000000000165e-03
-5.875000000000000000e+01 -4.240837696335078455e+00 2.111260000000000081e-01
-5.875000000000000000e+01 -3.298429319371727786e+00 6.564370000000000482e-01
-5.875000000000000000e+01 -2.356020942408377117e+00 8.757600000000000107e-02
-5.875000000000000000e+01 -1.413612565445026226e+00 3.180000000000000101e-03
-5.875000000000000000e+01 -4.712041884816753901e-01 0.000000000000000000e+00
-5.875000000000000000e+01 4.712041884816753901e-01 0.000000000000000000e+00
-5.750000000000000000e+01 -1.366492146596859136e+01 5.460899999999999782e-02
-5.750000000000000000e+01 -1.272251308900523981e+01 7.004599999999999715e-02
-5.750000000000000000e+01 -1.178010471204188825e+01 5.483270000000000088e-01
-5.750000000000000000e+01 -1.083769633507853669e+01 4.795470000000000010e-01
-5.750000000000000000e+01 -9.895287958115185134e+00 5.318779999999999619e-01
-5.750000000000000000e+01 -8.952879581151833577e+00 8.474600000000000188e-02
-5.750000000000000000e+01 -8.010471204188482020e+00 3.580900000000000055e-02
-5.750000000000000000e+01 -7.068062827225130462e+00 4.967000000000000061e-03
-5.750000000000000000e+01 -6.125654450261779793e+00 7.086599999999999844e-02
-5.750000000000000000e+01 -5.183246073298429124e+00 1.631999999999999987e-03
-5.750000000000000000e+01 -4.240837696335078455e+00 6.216100000000000098e-02
-5.750000000000000000e+01 -3.298429319371727786e+00 3.877090000000000258e-01
-5.750000000000000000e+01 -2.356020942408377117e+00 5.725000000000000228e-02
-5.750000000000000000e+01 -1.413612565445026226e+00 1.050000000000000065e-02
-5.750000000000000000e+01 -4.712041884816753901e-01 2.429999999999999977e-04
-5.750000000000000000e+01 4.712041884816753901e-01 2.429999999999999977e-04
-5.750000000000000000e+01 1.413612565445026226e+00 7.896000000000000241e-03
-5.625000000000000000e+01 -1.366492146596859136e+01 3.591190000000000215e-01
-5.625000000000000000e+01 -1.272251308900523981e+01 3.458430000000000115e-01
-5.625000000000000000e+01 -1.178010471204188825e+01 7.599479999999999569e-01
-5.625000000000000000e+01 -1.083769633507853669e+01 5.572979999999999601e-01
-5.625000000000000000e+01 -9.895287958115185134e+00 9.518180000000000529e-01
-5.625000000000000000e+01 -8.952879581151833577e+00 9.837799999999999323e-02
-5.625000000000000000e+01 -8.010471204188482020e+00 2.742299999999999946e-02
-5.625000000000000000e+01 -7.068062827225130462e+00 1.501399999999999957e-01
-5.625000000000000000e+01 -6.125654450261779793e+00 1.816570000000000129e-01
-5.625000000000000000e+01 -5.183246073298429124e+00 3.182450000000000001e-01
-5.625000000000000000e+01 -4.240837696335078455e+00 4.264680000000000137e-01
-5.625000000000000000e+01 -3.298429319371727786e+00 7.154499999999999749e-02
-5.625000000000000000e+01 -2.356020942408377117e+00 3.894520000000000204e-01
-5.625000000000000000e+01 -1.413612565445026226e+00 3.343700000000000144e-02
-5.625000000000000000e+01 -4.712041884816753901e-01 8.000000000000000654e-05
-5.625000000000000000e+01 4.712041884816753901e-01 8.000000000000000654e-05
-5.625000000000000000e+01 1.413612565445026226e+00 0.000000000000000000e+00
-5.500000000000000000e+01 -1.460732984293194114e+01 1.830420000000000103e-01
-5.500000000000000000e+01 -1.366492146596859136e+01 4.989699999999999691e-02
-5.500000000000000000e+01 -1.272251308900523981e+01 5.268859999999999655e-01
-5.500000000000000000e+01 -1.178010471204188825e+01 7.890620000000000411e-01
-5.500000000000000000e+01 -1.083769633507853669e+01 8.698409999999999753e-01
-5.500000000000000000e+01 -9.895287958115185134e+00 8.640499999999999847e-01
-5.500000000000000000e+01 -8.952879581151833577e+00 2.163619999999999988e-01
-5.500000000000000000e+01 -8.010471204188482020e+00 3.817539999999999822e-01
-5.500000000000000000e+01 -7.068062827225130462e+00 2.766689999999999983e-01
-5.500000000000000000e+01 -6.125654450261779793e+00 4.946699999999999708e-02
-5.500000000000000000e+01 -5.183246073298429124e+00 1.649799999999999878e-02
-5.500000000000000000e+01 -4.240837696335078455e+00 4.416229999999999878e-01
-5.500000000000000000e+01 -3.298429319371727786e+00 5.797069999999999723e-01
-5.500000000000000000e+01 -2.356020942408377117e+00 6.098339999999999872e-01
-5.500000000000000000e+01 -1.413612565445026226e+00 2.760599999999999860e-02
-5.500000000000000000e+01 -4.712041884816753901e-01 2.420000000000000005e-04
-5.500000000000000000e+01 4.712041884816753901e-01 2.420000000000000005e-04
-5.500000000000000000e+01 1.413612565445026226e+00 2.420000000000000005e-04
-5.500000000000000000e+01 2.356020942408377117e+00 5.760000000000000146e-04
-5.375000000000000000e+01 -1.460732984293194114e+01 4.079999999999999968e-04
-5.375000000000000000e+01 -1.366492146596859136e+01 4.561099999999999877e-02
-5.375000000000000000e+01 -1.272251308900523981e+01 3.391069999999999918e-01
-5.375000000000000000e+01 -1.178010471204188825e+01 2.471760000000000068e-01
-5.375000000000000000e+01 -1.083769633507853669e+01 4.606190000000000007e-01
-5.375000000000000000e+01 -9.895287958115185134e+00 4.687470000000000248e-01
-5.375000000000000000e+01 -8.952879581151833577e+00 2.618399999999999894e-02
-5.375000000000000000e+01 -8.010471204188482020e+00 8.000000000000000654e-05
-5.375000000000000000e+01 -7.068062827225130462e+00 7.028999999999999658e-03
-5.375000000000000000e+01 -6.125654450261779793e+00 5.891400000000000109e-02
-5.375000000000000000e+01 -5.183246073298429124e+00 4.951699999999999852e-02
-5.375000000000000000e+01 -4.240837696335078455e+00 4.483240000000000003e-01
-5.375000000000000000e+01 -3.298429319371727786e+00 5.131499999999999950e-01
-5.375000000000000000e+01 -2.356020942408377117e+00 5.059599999999999653e-01
-5.375000000000000000e+01 -1.413612565445026226e+00 1.265169999999999906e-01
-5.375000000000000000e+01 -4.712041884816753901e-01 1.376999999999999969e-03
-5.375000000000000000e+01 4.712041884816753901e-01 1.376999999999999969e-03
-5.375000000000000000e+01 1.413612565445026226e+00 1.169020000000000059e-01
-5.375000000000000000e+01 2.356020942408377117e+00 1.054000000000000032e-03
-5.250000000000000000e+01 -1.366492146596859136e+01 1.296800000000000036e-02
-5.250000000000000000e+01 -1.272251308900523981e+01 2.932699999999999751e-01
-5.250000000000000000e+01 -1.178010471204188825e+01 1.405839999999999868e-01
-5.250000000000000000e+01 -1.083769633507853669e+01 3.169980000000000020e-01
-5.250000000000000000e+01 -9.895287958115185134e+00 1.371259999999999979e-01
-5.250000000000000000e+01 -8.952879581151833577e+00 5.699999999999999772e-04
-5.250000000000000000e+01 -8.010471204188482020e+00 7.962000000000000327e-03
-5.250000000000000000e+01 -7.068062827225130462e+00 2.697080000000000033e-01
-5.250000000000000000e+01 -6.125654450261779793e+00 3.646059999999999857e-01
-5.250000000000000000e+01 -5.183246073298429124e+00 1.002600000000000019e-02
-5.250000000000000000e+01 -4.240837696335078455e+00 1.661799999999999944e-01
-5.250000000000000000e+01 -3.298429319371727786e+00 4.241869999999999807e-01
-5.250000000000000000e+01 -2.356020942408377117e+00 8.064000000000000334e-02
-5.250000000000000000e+01 -1.413612565445026226e+00 5.925470000000000459e-01
-5.250000000000000000e+01 -4.712041884816753901e-01 8.711499999999999799e-02
-5.250000000000000000e+01 4.712041884816753901e-01 8.711499999999999799e-02
-5.125000000000000000e+01 -8.952879581151833577e+00 7.109590000000000076e-01
-5.125000000000000000e+01 -8.010471204188482020e+00 4.782120000000000259e-01
-5.125000000000000000e+01 -7.068062827225130462e+00 6.130299999999999638e-01
-5.125000000000000000e+01 -5.183246073298429124e+00 3.430329999999999768e-01
-5.125000000000000000e+01 -4.240837696335078455e+00 5.417440000000000033e-01
-5.125000000000000000e+01 -3.298429319371727786e+00 7.176209999999999534e-01
-5.125000000000000000e+01 -2.356020942408377117e+00 3.905330000000000190e-01
-5.000000000000000000e+01 -3.298429319371727786e+00 7.703849999999999865e-01
