-7.875000000000000000e+01 -6.125654450261779793e+00 5.005330000000000057e-01
-7.875000000000000000e+01 -5.183246073298429124e+00 1.952629999999999921e-01
-7.875000000000000000e+01 -4.240837696335078455e+00 2.841710000000000069e-01
-7.875000000000000000e+01 -3.298429319371727786e+00 4.184220000000000161e-01
-7.875000000000000000e+01 -2.356020942408377117e+00 0.000000000000000000e+00
-7.875000000000000000e+01 -1.413612565445026226e+00 0.000000000000000000e+00
-7.750000000000000000e+01 -8.952879581151833577e+00 1.875680000000000125e-01
-7.750000000000000000e+01 -8.010471204188482020e+00 1.435049999999999937e-01
-7.750000000000000000e+01 -7.068062827225130462e+00 2.849360000000000226e-01
-7.750000000000000000e+01 -6.125654450261779793e+00 5.000820000000000265e-01
-7.750000000000000000e+01 -5.183246073298429124e+00 1.492920000000000080e-01
-7.750000000000000000e+01 -4.240837696335078455e+00 3.445700000000000152e-02
-7.750000000000000000e+01 -3.298429319371727786e+00 3.474450000000000038e-01
-7.750000000000000000e+01 -2.356020942408377117e+00 1.937300000000000133e-01
-7.750000000000000000e+01 -1.413612565445026226e+00 3.247680000000000011e-01
-7.750000000000000000e+01 -4.712041884816753901e-01 1.950020000000000087e-01
-7.750000000000000000e+01 4.712041884816753901e-01 1.950020000000000087e-01
-7.625000000000000000e+01 -1.083769633507853669e+01 6.471300000000000663e-02
-7.625000000000000000e+01 -9.895287958115185134e+00 1.309690000000000021e-01
-7.625000000000000000e+01 -8.952879581151833577e+00 4.029119999999999924e-01
-7.625000000000000000e+01 -8.010471204188482020e+00 1.199640000000000012e-01
-7.625000000000000000e+01 -7.068062827225130462e+00 2.236420000000000075e-01
-7.625000000000000000e+01 -6.125654450261779793e+00 3.377829999999999999e-01
-7.625000000000000000e+01 -5.183246073298429124e+00 4.002700000000000008e-02
-7.625000000000000000e+01 -4.240837696335078455e+00 1.472000000000000001e-03
-7.625000000000000000e+01 -3.298429319371727786e+00 3.983000000000000429e-03
-7.625000000000000000e+01 -2.356020942408377117e+00 2.553000000000000148e-03
-7.625000000000000000e+01 -1.413612565445026226e+00 3.916000000000000210e-03
-7.625000000000000000e+01 -4.712041884816753901e-01 1.230900000000000050e-01
-7.625000000000000000e+01 4.712041884816753901e-01 1.230900000000000050e-01
-7.625000000000000000e+01 1.413612565445026226e+00 7.451799999999999535e-01
-7.500000000000000000e+01 -1.366492146596859136e+01 7.814200000000000312e-02
-7.500000000000000000e+01 -1.272251308900523981e+01 1.417779999999999874e-01
-7.500000000000000000e+01 -1.178010471204188825e+01 1.237540000000000029e-01
-7.500000000000000000e+01 -1.083769633507853669e+01 3.302660000000000040e-01
-7.500000000000000000e+01 -9.895287958115185134e+00 1.649619999999999975e-01
-7.500000000000000000e+01 -8.952879581151833577e+00 4.532559999999999922e-01
-7.500000000000000000e+01 -8.010471204188482020e+00 2.200169999999999904e-01
-7.500000000000000000e+01 -7.068062827225130462e+00 3.468899999999999761e-02
-7.500000000000000000e+01 -6.125654450261779793e+00 6.070300000000000001e-02
-7.500000000000000000e+01 -5.183246073298429124e+00 4.566900000000000126e-02
-7.500000000000000000e+01 -4.240837696335078455e+00 2.003299999999999872e-02
-7.500000000000000000e+01 -3.298429319371727786e+00 2.305999999999999890e-03
-7.500000000000000000e+01 -2.356020942408377117e+00 6.376999999999999856e-03
-7.500000000000000000e+01 -1.413612565445026226e+00 5.597000000000000412e-03
-7.500000000000000000e+01 -4.712041884816753901e-01 2.405200000000000046e-02
-7.500000000000000000e+01 4.712041884816753901e-01 2.405200000000000046e-02
-7.500000000000000000e+01 1.413612565445026226e+00 4.431080000000000019e-01
-7.500000000000000000e+01 2.356020942408377117e+00 8.600569999999999604e-01
-7.375000000000000000e+01 -1.460732984293194114e+01 0.000000000000000000e+00
-7.375000000000000000e+01 -1.366492146596859136e+01 1.302490000000000037e-01
-7.375000000000000000e+01 -1.272251308900523981e+01 8.100100000000000355e-02
-7.375000000000000000e+01 -1.178010471204188825e+01 9.734500000000000097e-02
-7.375000000000000000e+01 -1.083769633507853669e+01 8.944900000000000073e-02
-7.375000000000000000e+01 -9.895287958115185134e+00 5.835800000000000015e-02
-7.375000000000000000e+01 -8.952879581151833577e+00 8.861900000000000333e-02
-7.375000000000000000e+01 -8.010471204188482020e+00 1.073520000000000030e-01
-7.375000000000000000e+01 -7.068062827225130462e+00 4.438799999999999690e-02
-7.375000000000000000e+01 -6.125654450261779793e+00 2.464699999999999877e-02
-7.375000000000000000e+01 -5.183246073298429124e+00 7.177999999999999658e-02
-7.375000000000000000e+01 -4.240837696335078455e+00 2.272499999999999867e-02
-7.375000000000000000e+01 -3.298429319371727786e+00 7.262000000000000226e-03
-7.375000000000000000e+01 -2.356020942408377117e+00 5.409999999999999878e-03
-7.375000000000000000e+01 -1.413612565445026226e+00 7.638799999999999757e-02
-7.375000000000000000e+01 -4.712041884816753901e-01 2.467000000000000009e-03
-7.375000000000000000e+01 4.712041884816753901e-01 2.467000000000000009e-03
-7.375000000000000000e+01 1.413612565445026226e+00 3.684300000000000075e-02
-7.250000000000000000e+01 -1.460732984293194114e+01 5.432000000000000196e-03
-7.250000000000000000e+01 -1.366492146596859136e+01 1.374849999999999961e-01
-7.250000000000000000e+01 -1.272251308900523981e+01 1.694660000000000055e-01
-7.250000000000000000e+01 -1.178010471204188825e+01 4.293199999999999794e-02
-7.250000000000000000e+01 -1.083769633507853669e+01 6.879999999999999831e-03
-7.250000000000000000e+01 -9.895287958115185134e+00 0.000000000000000000e+00
-7.250000000000000000e+01 -8.952879581151833577e+00 9.960000000000000103e-03
-7.250000000000000000e+01 -8.010471204188482020e+00 3.883670000000000178e-01
-7.250000000000000000e+01 -7.068062827225130462e+00 1.666259999999999963e-01
-7.250000000000000000e+01 -6.125654450261779793e+00 9.730000000000000151e-04
-7.250000000000000000e+01 -5.183246073298429124e+00 9.737000000000000863e-03
-7.250000000000000000e+01 -4.240837696335078455e+00 1.123389999999999944e-01
-7.250000000000000000e+01 -3.298429319371727786e+00 2.123999999999999846e-02
-7.250000000000000000e+01 -2.356020942408377117e+00 3.671800000000000064e-02
-7.250000000000000000e+01 -1.413612565445026226e+00 8.141000000000000666e-03
-7.250000000000000000e+01 -4.712041884816753901e-01 6.908000000000000078e-03
-7.250000000000000000e+01 4.712041884816753901e-01 6.908000000000000078e-03
-7.250000000000000000e+01 1.413612565445026226e+00 1.020399999999999953e-02
-7.125000000000000000e+01 -1.460732984293194114e+01 9.079900000000000471e-02
-7.125000000000000000e+01 -1.366492146596859136e+01 2.439500000000000002e-02
-7.125000000000000000e+01 -1.272251308900523981e+01 1.696550000000000002e-01
-7.125000000000000000e+01 -1.178010471204188825e+01 2.461000000000000080e-03
-7.125000000000000000e+01 -1.083769633507853669e+01 0.000000000000000000e+00
-7.125000000000000000e+01 -9.895287958115185134e+00 6.791000000000000161e-03
-7.125000000000000000e+01 -8.952879581151833577e+00 7.680499999999999827e-02
-7.125000000000000000e+01 -8.010471204188482020e+00 4.716199999999999837e-01
-7.125000000000000000e+01 -7.068062827225130462e+00 2.396399999999999919e-02
-7.125000000000000000e+01 -6.125654450261779793e+00 4.655000000000000283e-03
-7.125000000000000000e+01 -5.183246073298429124e+00 2.429999999999999977e-04
-7.125000000000000000e+01 -4.240837696335078455e+00 2.856699999999999864e-02
-7.125000000000000000e+01 -3.298429319371727786e+00 1.589999999999999888e-04
-7.125000000000000000e+01 -2.356020942408377117e+00 3.773599999999999871e-02
-7.125000000000000000e+01 -1.413612565445026226e+00 3.592000000000000141e-03
-7.125000000000000000e+01 -4.712041884816753901e-01 0.000000000000000000e+00
-7.125000000000000000e+01 4.712041884816753901e-01 0.000000000000000000e+00
-7.125000000000000000e+01 1.413612565445026226e+00 7.915800000000000614e-02
-7.000000000000000000e+01 -1.366492146596859136e+01 8.580000000000000820e-03
-7.000000000000000000e+01 -1.272251308900523981e+01 2.439880000000000104e-01
-7.000000000000000000e+01 -1.178010471204188825e+01 2.621899999999999925e-02
-7.000000000000000000e+01 -1.083769633507853669e+01 2.709170000000000189e-01
-7.000000000000000000e+01 -9.895287958115185134e+00 2.481999999999999831e-03
-7.000000000000000000e+01 -8.952879581151833577e+00 2.020490000000000064e-01
-7.000000000000000000e+01 -8.010471204188482020e+00 2.754400000000000182e-01
-7.000000000000000000e+01 -7.068062827225130462e+00 3.346199999999999869e-02
-7.000000000000000000e+01 -6.125654450261779793e+00 1.861000000000000024e-03
-7.000000000000000000e+01 -5.183246073298429124e+00 8.040000000000000271e-04
-7.000000000000000000e+01 -4.240837696335078455e+00 1.053909999999999986e-01
-7.000000000000000000e+01 -3.298429319371727786e+00 3.833299999999999902e-02
-7.000000000000000000e+01 -2.356020942408377117e+00 1.232399999999999989e-02
-7.000000000000000000e+01 -1.413612565445026226e+00 2.524300000000000155e-02
-7.000000000000000000e+01 -4.712041884816753901e-01 1.220300000000000031e-02
-7.000000000000000000e+01 4.712041884816753901e-01 1.220300000000000031e-02
-7.000000000000000000e+01 1.413612565445026226e+00 6.091000000000000060e-03
-6.875000000000000000e+01 -1.554973821989529448e+01 1.353999999999999952e-03
-6.875000000000000000e+01 -1.460732984293194114e+01 2.804299999999999848e-02
-6.875000000000000000e+01 -1.366492146596859136e+01 1.485099999999999962e-02
-6.875000000000000000e+01 -1.272251308900523981e+01 1.440659999999999996e-01
-6.875000000000000000e+01 -1.178010471204188825e+01 3.829000000000000181e-01
-6.875000000000000000e+01 -1.083769633507853669e+01 5.736189999999999900e-01
-6.875000000000000000e+01 -9.895287958115185134e+00 1.311340000000000006e-01
-6.875000000000000000e+01 -8.952879581151833577e+00 5.203699999999999992e-01
-6.875000000000000000e+01 -8.010471204188482020e+00 1.521999999999999915e-03
-6.875000000000000000e+01 -7.068062827225130462e+00 2.047999999999999907e-03
-6.875000000000000000e+01 -6.125654450261779793e+00 1.129999999999999928e-03
-6.875000000000000000e+01 -5.183246073298429124e+00 4.840000000000000010e-04
-6.875000000000000000e+01 -4.240837696335078455e+00 4.423999999999999981e-03
-6.875000000000000000e+01 -3.298429319371727786e+00 7.030999999999999923e-03
-6.875000000000000000e+01 -2.356020942408377117e+00 4.669999999999999672e-03
-6.875000000000000000e+01 -1.413612565445026226e+00 5.238999999999999733e-03
-6.875000000000000000e+01 -4.712041884816753901e-01 1.129100000000000069e-02
-6.875000000000000000e+01 4.712041884816753901e-01 1.129100000000000069e-02
-6.875000000000000000e+01 1.413612565445026226e+00 1.420100000000000008e-02
-6.875000000000000000e+01 2.356020942408377117e+00 6.295000000000000248e-03
-6.750000000000000000e+01 -1.649214659685864603e+01 3.090860000000000274e-01
-6.750000000000000000e+01 -1.554973821989529448e+01 3.090860000000000274e-01
-6.750000000000000000e+01 -1.460732984293194114e+01 1.307359999999999911e-01
-6.750000000000000000e+01 -1.366492146596859136e+01 1.103449999999999986e-01
-6.750000000000000000e+01 -1.272251308900523981e+01 1.446799999999999996e-02
-6.750000000000000000e+01 -1.178010471204188825e+01 2.069700000000000012e-02
-6.750000000000000000e+01 -1.083769633507853669e+01 3.572500000000000120e-01
-6.750000000000000000e+01 -9.895287958115185134e+00 8.279590000000000005e-01
-6.750000000000000000e+01 -8.952879581151833577e+00 2.700219999999999843e-01
-6.750000000000000000e+01 -8.010471204188482020e+00 1.918000000000000000e-03
-6.750000000000000000e+01 -7.068062827225130462e+00 8.919999999999999978e-04
-6.750000000000000000e+01 -6.125654450261779793e+00 5.134999999999999808e-03
-6.750000000000000000e+01 -5.183246073298429124e+00 1.128000000000000096e-03
-6.750000000000000000e+01 -4.240837696335078455e+00 8.059999999999999673e-04
-6.750000000000000000e+01 -3.298429319371727786e+00 1.441199999999999946e-02
-6.750000000000000000e+01 -2.356020942408377117e+00 3.310000000000000225e-04
-6.750000000000000000e+01 -1.413612565445026226e+00 8.000000000000000654e-05
-6.750000000000000000e+01 -4.712041884816753901e-01 8.989999999999999511e-04
-6.750000000000000000e+01 4.712041884816753901e-01 8.989999999999999511e-04
-6.750000000000000000e+01 1.413612565445026226e+00 6.081999999999999733e-03
-6.750000000000000000e+01 2.356020942408377117e+00 4.009999999999999676e-03
-6.625000000000000000e+01 -1.837696335078534560e+01 8.382100000000000661e-02
-6.625000000000000000e+01 -1.743455497382199582e+01 2.558289999999999731e-01
-6.625000000000000000e+01 -1.649214659685864603e+01 8.123999999999999277e-03
-6.625000000000000000e+01 -1.554973821989529448e+01 8.123999999999999277e-03
-6.625000000000000000e+01 -1.460732984293194114e+01 9.086000000000000326e-03
-6.625000000000000000e+01 -1.366492146596859136e+01 1.134000000000000025e-03
-6.625000000000000000e+01 -1.272251308900523981e+01 0.000000000000000000e+00
-6.625000000000000000e+01 -1.178010471204188825e+01 8.404999999999999277e-03
-6.625000000000000000e+01 -1.083769633507853669e+01 1.355860000000000121e-01
-6.625000000000000000e+01 -9.895287958115185134e+00 2.908089999999999842e-01
-6.625000000000000000e+01 -8.952879581151833577e+00 1.627979999999999983e-01
-6.625000000000000000e+01 -8.010471204188482020e+00 2.785999999999999848e-03
-6.625000000000000000e+01 -7.068062827225130462e+00 8.109999999999999805e-04
-6.625000000000000000e+01 -6.125654450261779793e+00 1.610000000000000103e-04
-6.625000000000000000e+01 -5.183246073298429124e+00 3.260000000000000094e-04
-6.625000000000000000e+01 -4.240837696335078455e+00 3.536000000000000081e-03
-6.625000000000000000e+01 -3.298429319371727786e+00 1.418400000000000043e-02
-6.625000000000000000e+01 -2.356020942408377117e+00 6.283999999999999655e-03
-6.625000000000000000e+01 -1.413612565445026226e+00 0.000000000000000000e+00
-6.625000000000000000e+01 -4.712041884816753901e-01 2.425000000000000072e-03
-6.625000000000000000e+01 4.712041884816753901e-01 2.425000000000000072e-03
-6.625000000000000000e+01 1.413612565445026226e+00 8.118400000000000616e-02
-6.625000000000000000e+01 2.356020942408377117e+00 6.789900000000000102e-02
-6.500000000000000000e+01 -1.837696335078534560e+01 2.754200000000000051e-02
-6.500000000000000000e+01 -1.743455497382199582e+01 4.921400000000000219e-01
-6.500000000000000000e+01 -1.649214659685864603e+01 3.453599999999999726e-02
-6.500000000000000000e+01 -1.554973821989529448e+01 3.453599999999999726e-02
-6.500000000000000000e+01 -1.460732984293194114e+01 7.616999999999999639e-03
-6.500000000000000000e+01 -1.366492146596859136e+01 4.837000000000000154e-03
-6.500000000000000000e+01 -1.272251308900523981e+01 1.992999999999999980e-03
-6.500000000000000000e+01 -1.178010471204188825e+01 2.457900000000000015e-02
-6.500000000000000000e+01 -1.083769633507853669e+01 2.446760000000000046e-01
-6.500000000000000000e+01 -9.895287958115185134e+00 6.482820000000000249e-01
-6.500000000000000000e+01 -8.952879581151833577e+00 2.873829999999999996e-01
-6.500000000000000000e+01 -8.010471204188482020e+00 4.176099999999999951e-02
-6.500000000000000000e+01 -7.068062827225130462e+00 8.515899999999999859e-02
-6.500000000000000000e+01 -6.125654450261779793e+00 1.147999999999999932e-03
-6.500000000000000000e+01 -5.183246073298429124e+00 1.846599999999999978e-02
-6.500000000000000000e+01 -4.240837696335078455e+00 3.153799999999999659e-02
-6.500000000000000000e+01 -3.298429319371727786e+00 8.059800000000000297e-02
-6.500000000000000000e+01 -2.356020942408377117e+00 4.329999999999999648e-03
-6.500000000000000000e+01 -1.413612565445026226e+00 1.791999999999999973e-03
-6.500000000000000000e+01 -4.712041884816753901e-01 8.082999999999999907e-03
-6.500000000000000000e+01 4.712041884816753901e-01 8.082999999999999907e-03
-6.500000000000000000e+01 1.413612565445026226e+00 2.658999999999999905e-03
-6.375000000000000000e+01 -2.026178010471204516e+01 3.333329999999999904e-01
-6.375000000000000000e+01 -1.931937172774869538e+01 2.542889999999999873e-01
-6.375000000000000000e+01 -1.837696335078534560e+01 1.723079999999999889e-01
-6.375000000000000000e+01 -1.743455497382199582e+01 5.770440000000000014e-01
-6.375000000000000000e+01 -1.649214659685864603e+01 6.654899999999999705e-02
-6.375000000000000000e+01 -1.554973821989529448e+01 6.654899999999999705e-02
-6.375000000000000000e+01 -1.460732984293194114e+01 2.924200000000000063e-02
-6.375000000000000000e+01 -1.366492146596859136e+01 3.468999999999999861e-03
-6.375000000000000000e+01 -1.272251308900523981e+01 5.100000000000000366e-03
-6.375000000000000000e+01 -1.178010471204188825e+01 5.526060000000000416e-01
-6.375000000000000000e+01 -1.083769633507853669e+01 7.758299999999999919e-02
-6.375000000000000000e+01 -9.895287958115185134e+00 5.744899999999999451e-01
-6.375000000000000000e+01 -8.952879581151833577e+00 8.384979999999999656e-01
-6.375000000000000000e+01 -8.010471204188482020e+00 4.809089999999999754e-01
-6.375000000000000000e+01 -7.068062827225130462e+00 9.190800000000000358e-02
-6.375000000000000000e+01 -6.125654450261779793e+00 4.970999999999999724e-03
-6.375000000000000000e+01 -5.183246073298429124e+00 3.041699999999999959e-02
-6.375000000000000000e+01 -4.240837696335078455e+00 1.049439999999999956e-01
-6.375000000000000000e+01 -3.298429319371727786e+00 1.724000000000000055e-03
-6.375000000000000000e+01 -2.356020942408377117e+00 3.249999999999999851e-04
-6.375000000000000000e+01 -1.413612565445026226e+00 3.240000000000000150e-04
-6.375000000000000000e+01 -4.712041884816753901e-01 1.828999999999999897e-03
-6.375000000000000000e+01 4.712041884816753901e-01 1.828999999999999897e-03
-6.375000000000000000e+01 1.413612565445026226e+00 0.000000000000000000e+00
-6.375000000000000000e+01 3.298429319371727786e+00 1.522599999999999995e-02
-6.250000000000000000e+01 -1.931937172774869538e+01 3.962649999999999784e-01
-6.250000000000000000e+01 -1.837696335078534560e+01 7.187550000000000328e-01
-6.250000000000000000e+01 -1.743455497382199582e+01 8.246269999999999989e-01
-6.250000000000000000e+01 -1.649214659685864603e+01 1.330000000000000071e-01
-6.250000000000000000e+01 -1.554973821989529448e+01 1.330000000000000071e-01
-6.250000000000000000e+01 -1.460732984293194114e+01 8.234000000000000000e-03
-6.250000000000000000e+01 -1.366492146596859136e+01 2.263999999999999953e-03
-6.250000000000000000e+01 -1.272251308900523981e+01 1.721100000000000060e-02
-6.250000000000000000e+01 -1.178010471204188825e+01 5.760530000000000372e-01
-6.250000000000000000e+01 -1.083769633507853669e+01 4.560779999999999834e-01
-6.250000000000000000e+01 -9.895287958115185134e+00 9.783610000000000362e-01
-6.250000000000000000e+01 -8.952879581151833577e+00 5.294910000000000450e-01
-6.250000000000000000e+01 -8.010471204188482020e+00 3.591579999999999773e-01
-6.250000000000000000e+01 -7.068062827225130462e+00 6.402349999999999985e-01
-6.250000000000000000e+01 -6.125654450261779793e+00 1.668570000000000053e-01
-6.250000000000000000e+01 -5.183246073298429124e+00 2.396000000000000126e-03
-6.250000000000000000e+01 -4.240837696335078455e+00 1.836810000000000109e-01
-6.250000000000000000e+01 -3.298429319371727786e+00 1.643100000000000116e-02
-6.250000000000000000e+01 -2.356020942408377117e+00 1.056999999999999997e-03
-6.250000000000000000e+01 -1.413612565445026226e+00 6.298800000000000232e-02
-6.250000000000000000e+01 -4.712041884816753901e-01 6.509999999999999945e-04
-6.250000000000000000e+01 4.712041884816753901e-01 6.509999999999999945e-04
-6.250000000000000000e+01 1.413612565445026226e+00 1.753999999999999917e-03
-6.250000000000000000e+01 2.356020942408377117e+00 3.640000000000000006e-03
-6.250000000000000000e+01 3.298429319371727786e+00 0.000000000000000000e+00
-6.125000000000000000e+01 -1.837696335078534560e+01 1.943419999999999870e-01
-6.125000000000000000e+01 -1.743455497382199582e+01 2.590250000000000052e-01
-6.125000000000000000e+01 -1.649214659685864603e+01 2.875920000000000143e-01
-6.125000000000000000e+01 -1.554973821989529448e+01 2.875920000000000143e-01
-6.125000000000000000e+01 -1.460732984293194114e+01 4.778899999999999815e-02
-6.125000000000000000e+01 -1.366492146596859136e+01 6.592800000000000049e-02
-6.125000000000000000e+01 -1.272251308900523981e+01 7.033409999999999940e-01
-6.125000000000000000e+01 -1.178010471204188825e+01 8.087440000000000184e-01
-6.125000000000000000e+01 -1.083769633507853669e+01 5.206579999999999542e-01
-6.125000000000000000e+01 -9.895287958115185134e+00 5.464430000000000121e-01
-6.125000000000000000e+01 -8.952879581151833577e+00 1.920679999999999887e-01
-6.125000000000000000e+01 -8.010471204188482020e+00 1.273160000000000125e-01
-6.125000000000000000e+01 -7.068062827225130462e+00 4.648000000000000048e-02
-6.125000000000000000e+01 -6.125654450261779793e+00 1.524469999999999992e-01
-6.125000000000000000e+01 -5.183246073298429124e+00 1.089480000000000032e-01
-6.125000000000000000e+01 -4.240837696335078455e+00 3.322970000000000090e-01
-6.125000000000000000e+01 -3.298429319371727786e+00 3.930509999999999837e-01
-6.125000000000000000e+01 -2.356020942408377117e+00 5.124000000000000082e-03
-6.125000000000000000e+01 -1.413612565445026226e+00 3.860299999999999843e-02
-6.125000000000000000e+01 -4.712041884816753901e-01 2.088959999999999984e-01
-6.125000000000000000e+01 4.712041884816753901e-01 2.088959999999999984e-01
-6.125000000000000000e+01 1.413612565445026226e+00 2.723659999999999970e-01
-6.125000000000000000e+01 2.356020942408377117e+00 7.319189999999999863e-01
-6.125000000000000000e+01 3.298429319371727786e+00 2.691410000000000191e-01
-6.125000000000000000e+01 4.240837696335078455e+00 8.513900000000000634e-02
-6.000000000000000000e+01 -1.554973821989529448e+01 1.369430000000000092e-01
-6.000000000000000000e+01 -1.460732984293194114e+01 4.331539999999999835e-01
-6.000000000000000000e+01 -1.366492146596859136e+01 5.694559999999999622e-01
-6.000000000000000000e+01 -1.272251308900523981e+01 4.639480000000000270e-01
-6.000000000000000000e+01 -1.178010471204188825e+01 1.678769999999999984e-01
-6.000000000000000000e+01 -1.083769633507853669e+01 3.664499999999999702e-02
-6.000000000000000000e+01 -9.895287958115185134e+00 3.433660000000000045e-01
-6.000000000000000000e+01 -8.952879581151833577e+00 1.234240000000000059e-01
-6.000000000000000000e+01 -8.010471204188482020e+00 8.562999999999999431e-03
-6.000000000000000000e+01 -7.068062827225130462e+00 3.290330000000000199e-01
-6.000000000000000000e+01 -6.125654450261779793e+00 1.369730000000000114e-01
-6.000000000000000000e+01 -5.183246073298429124e+00 1.559429999999999983e-01
-6.000000000000000000e+01 -4.240837696335078455e+00 4.803930000000000144e-01
-6.000000000000000000e+01 -3.298429319371727786e+00 8.215080000000000160e-01
-6.000000000000000000e+01 -2.356020942408377117e+00 8.125590000000000312e-01
-6.000000000000000000e+01 -1.413612565445026226e+00 2.622419999999999751e-01
-6.000000000000000000e+01 -4.712041884816753901e-01 6.630700000000000482e-02
-6.000000000000000000e+01 4.712041884816753901e-01 6.630700000000000482e-02
-6.000000000000000000e+01 1.413612565445026226e+00 7.221239999999999881e-01
-6.000000000000000000e+01 2.356020942408377117e+00 3.129460000000000020e-01
-6.000000000000000000e+01 3.298429319371727786e+00 1.243630000000000013e-01
-6.000000000000000000e+01 4.240837696335078455e+00 1.348000000000000066e-02
-6.000000000000000000e+01 5.183246073298429124e+00 1.390100000000000016e-02
-5.875000000000000000e+01 -1.366492146596859136e+01 5.479599999999999749e-02
-5.875000000000000000e+01 -1.272251308900523981e+01 6.128999999999999899e-03
-5.875000000000000000e+01 -1.178010471204188825e+01 2.475209999999999910e-01
-5.875000000000000000e+01 -1.083769633507853669e+01 6.837029999999999497e-01
-5.875000000000000000e+01 -9.895287958115185134e+00 7.191039999999999655e-01
-5.875000000000000000e+01 -8.952879581151833577e+00 1.738169999999999993e-01
-5.875000000000000000e+01 -8.010471204188482020e+00 2.400000000000000061e-04
-5.875000000000000000e+01 -7.068062827225130462e+00 1.203270000000000034e-01
-5.875000000000000000e+01 -6.125654450261779793e+00 6.296000000000000381e-03
-5.875000000000000000e+01 -5.183246073298429124e+00 3.442000000000000181e-03
-5.875000000000000000e+01 -4.240837696335078455e+00 2.927460000000000062e-01
-5.875000000000000000e+01 -3.298429319371727786e+00 7.770420000000000105e-01
-5.875000000000000000e+01 -2.356020942408377117e+00 2.101830000000000087e-01
-5.875000000000000000e+01 -1.413612565445026226e+00 1.459399999999999933e-02
-5.875000000000000000e+01 -4.712041884816753901e-01 7.259999999999999743e-04
-5.875000000000000000e+01 4.712041884816753901e-01 7.259999999999999743e-04
-5.750000000000000000e+01 -1.366492146596859136e+01 5.767800000000000010e-02
-5.750000000000000000e+01 -1.272251308900523981e+01 8.251699999999999313e-02
-5.750000000000000000e+01 -1.178010471204188825e+01 6.362449999999999495e-01
-5.750000000000000000e+01 -1.083769633507853669e+01 5.448450000000000237e-01
-5.750000000000000000e+01 -9.895287958115185134e+00 6.912700000000000511e-01
-5.750000000000000000e+01 -8.952879581151833577e+00 1.550809999999999966e-01
-5.750000000000000000e+01 -8.010471204188482020e+00 1.294549999999999867e-01
-5.750000000000000000e+01 -7.068062827225130462e+00 9.934999999999999387e-03
-5.750000000000000000e+01 -6.125654450261779793e+00 1.381300000000000028e-01
-5.750000000000000000e+01 -5.183246073298429124e+00 2.448000000000000089e-03
-5.750000000000000000e+01 -4.240837696335078455e+00 8.394300000000000372e-02
-5.750000000000000000e+01 -3.298429319371727786e+00 4.647229999999999972e-01
-5.750000000000000000e+01 -2.356020942408377117e+00 9.189899999999999458e-02
-5.750000000000000000e+01 -1.413612565445026226e+00 1.709300000000000055e-02
-5.750000000000000000e+01 -4.712041884816753901e-01 1.506900000000000080e-02
-5.750000000000000000e+01 4.712041884816753901e-01 1.506900000000000080e-02
-5.750000000000000000e+01 1.413612565445026226e+00 4.526199999999999668e-02
-5.625000000000000000e+01 -1.366492146596859136e+01 4.020400000000000085e-01
-5.625000000000000000e+01 -1.272251308900523981e+01 3.694109999999999894e-01
-5.625000000000000000e+01 -1.178010471204188825e+01 8.113299999999999956e-01
-5.625000000000000000e+01 -1.083769633507853669e+01 6.166150000000000242e-01
-5.625000000000000000e+01 -9.895287958115185134e+00 9.792330000000000201e-01
-5.625000000000000000e+01 -8.952879581151833577e+00 1.282669999999999921e-01
-5.625000000000000000e+01 -8.010471204188482020e+00 7.541499999999999593e-02
-5.625000000000000000e+01 -7.068062827225130462e+00 2.634650000000000047e-01
-5.625000000000000000e+01 -6.125654450261779793e+00 3.140200000000000213e-01
-5.625000000000000000e+01 -5.183246073298429124e+00 4.526450000000000196e-01
-5.625000000000000000e+01 -4.240837696335078455e+00 4.711389999999999745e-01
-5.625000000000000000e+01 -3.298429319371727786e+00 1.602419999999999956e-01
-5.625000000000000000e+01 -2.356020942408377117e+00 4.444339999999999957e-01
-5.625000000000000000e+01 -1.413612565445026226e+00 6.295000000000000595e-02
-5.625000000000000000e+01 -4.712041884816753901e-01 8.000000000000000654e-05
-5.625000000000000000e+01 4.712041884816753901e-01 8.000000000000000654e-05
-5.625000000000000000e+01 1.413612565445026226e+00 0.000000000000000000e+00
-5.500000000000000000e+01 -1.460732984293194114e+01 1.860410000000000119e-01
-5.500000000000000000e+01 -1.366492146596859136e+01 5.715499999999999747e-02
-5.500000000000000000e+01 -1.272251308900523981e+01 5.991969999999999796e-01
-5.500000000000000000e+01 -1.178010471204188825e+01 8.749200000000000310e-01
-5.500000000000000000e+01 -1.083769633507853669e+01 9.151280000000000525e-01
-5.500000000000000000e+01 -9.895287958115185134e+00 9.058559999999999945e-01
-5.500000000000000000e+01 -8.952879581151833577e+00 2.913910000000000111e-01
-5.500000000000000000e+01 -8.010471204188482020e+00 5.708330000000000348e-01
-5.500000000000000000e+01 -7.068062827225130462e+00 3.716889999999999916e-01
-5.500000000000000000e+01 -6.125654450261779793e+00 1.532910000000000106e-01
-5.500000000000000000e+01 -5.183246073298429124e+00 8.433400000000000618e-02
-5.500000000000000000e+01 -4.240837696335078455e+00 5.840950000000000308e-01
-5.500000000000000000e+01 -3.298429319371727786e+00 6.606729999999999547e-01
-5.500000000000000000e+01 -2.356020942408377117e+00 6.591169999999999529e-01
-5.500000000000000000e+01 -1.413612565445026226e+00 7.134300000000000364e-02
-5.500000000000000000e+01 -4.712041884816753901e-01 2.420000000000000005e-04
-5.500000000000000000e+01 4.712041884816753901e-01 2.420000000000000005e-04
-5.500000000000000000e+01 1.413612565445026226e+00 2.420000000000000005e-04
-5.500000000000000000e+01 2.356020942408377117e+00 5.760000000000000146e-04
-5.375000000000000000e+01 -1.460732984293194114e+01 1.631999999999999987e-03
-5.375000000000000000e+01 -1.366492146596859136e+01 5.025199999999999806e-02
-5.375000000000000000e+01 -1.272251308900523981e+01 4.113760000000000194e-01
-5.375000000000000000e+01 -1.178010471204188825e+01 3.073049999999999948e-01
-5.375000000000000000e+01 -1.083769633507853669e+01 5.632169999999999677e-01
-5.375000000000000000e+01 -9.895287958115185134e+00 5.779490000000000460e-01
-5.375000000000000000e+01 -8.952879581151833577e+00 5.438300000000000078e-02
-5.375000000000000000e+01 -8.010471204188482020e+00 8.000000000000000654e-05
-5.375000000000000000e+01 -7.068062827225130462e+00 7.594700000000000062e-02
-5.375000000000000000e+01 -6.125654450261779793e+00 1.670599999999999863e-01
-5.375000000000000000e+01 -5.183246073298429124e+00 2.656870000000000065e-01
-5.375000000000000000e+01 -4.240837696335078455e+00 5.620929999999999538e-01
-5.375000000000000000e+01 -3.298429319371727786e+00 7.367479999999999585e-01
-5.375000000000000000e+01 -2.356020942408377117e+00 5.483930000000000193e-01
-5.375000000000000000e+01 -1.413612565445026226e+00 2.849860000000000171e-01
-5.375000000000000000e+01 -4.712041884816753901e-01 3.813799999999999829e-02
-5.375000000000000000e+01 4.712041884816753901e-01 3.813799999999999829e-02
-5.375000000000000000e+01 1.413612565445026226e+00 3.438869999999999982e-01
-5.375000000000000000e+01 2.356020942408377117e+00 4.782999999999999925e-03
-5.250000000000000000e+01 -1.366492146596859136e+01 1.385400000000000000e-02
-5.250000000000000000e+01 -1.272251308900523981e+01 3.351419999999999955e-01
-5.250000000000000000e+01 -1.178010471204188825e+01 1.759739999999999915e-01
-5.250000000000000000e+01 -1.083769633507853669e+01 3.513510000000000244e-01
-5.250000000000000000e+01 -9.895287958115185134e+00 1.769950000000000134e-01
-5.250000000000000000e+01 -8.952879581151833577e+00 2.116999999999999958e-03
-5.250000000000000000e+01 -8.010471204188482020e+00 3.176600000000000257e-02
-5.250000000000000000e+01 -7.068062827225130462e+00 4.679989999999999983e-01
-5.250000000000000000e+01 -6.125654450261779793e+00 5.635559999999999459e-01
-5.250000000000000000e+01 -5.183246073298429124e+00 3.868300000000000211e-02
-5.250000000000000000e+01 -4.240837696335078455e+00 2.379769999999999941e-01
-5.250000000000000000e+01 -3.298429319371727786e+00 6.468429999999999458e-01
-5.250000000000000000e+01 -2.356020942408377117e+00 1.824220000000000008e-01
-5.250000000000000000e+01 -1.413612565445026226e+00 7.948030000000000372e-01
-5.250000000000000000e+01 -4.712041884816753901e-01 2.496160000000000045e-01
-5.250000000000000000e+01 4.712041884816753901e-01 2.496160000000000045e-01
-5.125000000000000000e+01 -8.952879581151833577e+00 7.846899999999999986e-01
-5.125000000000000000e+01 -8.010471204188482020e+00 5.225969999999999782e-01
-5.125000000000000000e+01 -7.068062827225130462e+00 6.556880000000000486e-01
-5.125000000000000000e+01 -5.183246073298429124e+00 4.092000000000000082e-01
-5.125000000000000000e+01 -4.240837696335078455e+00 6.258719999999999839e-01
-5.125000000000000000e+01 -3.298429319371727786e+00 9.341030000000000166e-01
-5.125000000000000000e+01 -2.356020942408377117e+00 6.292569999999999553e-01
-5.000000000000000000e+01 -3.298429319371727786e+00 9.166379999999999528e-01
