-7.875000000000000000e+01 -6.125654450261779793e+00 5.035539999999999461e-01
-7.875000000000000000e+01 -5.183246073298429124e+00 2.172179999999999944e-01
-7.875000000000000000e+01 -4.240837696335078455e+00 3.100680000000000103e-01
-7.875000000000000000e+01 -3.298429319371727786e+00 4.152089999999999947e-01
-7.875000000000000000e+01 -2.356020942408377117e+00 0.000000000000000000e+00
-7.875000000000000000e+01 -1.413612565445026226e+00 0.000000000000000000e+00
-7.750000000000000000e+01 -8.952879581151833577e+00 1.897490000000000010e-01
-7.750000000000000000e+01 -8.010471204188482020e+00 1.435049999999999937e-01
-7.750000000000000000e+01 -7.068062827225130462e+00 2.865039999999999809e-01
-7.750000000000000000e+01 -6.125654450261779793e+00 5.356090000000000018e-01
-7.750000000000000000e+01 -5.183246073298429124e+00 1.424570000000000003e-01
-7.750000000000000000e+01 -4.240837696335078455e+00 5.181000000000000189e-02
-7.750000000000000000e+01 -3.298429319371727786e+00 2.937540000000000151e-01
-7.750000000000000000e+01 -2.356020942408377117e+00 2.258840000000000015e-01
-7.750000000000000000e+01 -1.413612565445026226e+00 3.189560000000000173e-01
-7.750000000000000000e+01 -4.712041884816753901e-01 1.943439999999999890e-01
-7.750000000000000000e+01 4.712041884816753901e-01 1.943439999999999890e-01
-7.625000000000000000e+01 -1.083769633507853669e+01 6.462600000000000289e-02
-7.625000000000000000e+01 -9.895287958115185134e+00 1.322790000000000077e-01
-7.625000000000000000e+01 -8.952879581151833577e+00 3.887579999999999925e-01
-7.625000000000000000e+01 -8.010471204188482020e+00 1.220760000000000040e-01
-7.625000000000000000e+01 -7.068062827225130462e+00 2.487840000000000051e-01
-7.625000000000000000e+01 -6.125654450261779793e+00 3.526239999999999930e-01
-7.625000000000000000e+01 -5.183246073298429124e+00 4.002700000000000008e-02
-7.625000000000000000e+01 -4.240837696335078455e+00 1.472000000000000001e-03
-7.625000000000000000e+01 -3.298429319371727786e+00 3.983000000000000429e-03
-7.625000000000000000e+01 -2.356020942408377117e+00 2.553000000000000148e-03
-7.625000000000000000e+01 -1.413612565445026226e+00 2.611000000000000040e-03
-7.625000000000000000e+01 -4.712041884816753901e-01 5.085599999999999843e-02
-7.625000000000000000e+01 4.712041884816753901e-01 5.085599999999999843e-02
-7.625000000000000000e+01 1.413612565445026226e+00 7.468569999999999931e-01
-7.500000000000000000e+01 -1.366492146596859136e+01 7.814200000000000312e-02
-7.500000000000000000e+01 -1.272251308900523981e+01 1.417779999999999874e-01
-7.500000000000000000e+01 -1.178010471204188825e+01 1.241629999999999956e-01
-7.500000000000000000e+01 -1.083769633507853669e+01 3.536770000000000191e-01
-7.500000000000000000e+01 -9.895287958115185134e+00 1.628179999999999905e-01
-7.500000000000000000e+01 -8.952879581151833577e+00 4.454649999999999999e-01
-7.500000000000000000e+01 -8.010471204188482020e+00 2.329440000000000122e-01
-7.500000000000000000e+01 -7.068062827225130462e+00 3.560399999999999676e-02
-7.500000000000000000e+01 -6.125654450261779793e+00 6.070300000000000001e-02
-7.500000000000000000e+01 -5.183246073298429124e+00 4.566900000000000126e-02
-7.500000000000000000e+01 -4.240837696335078455e+00 2.003299999999999872e-02
-7.500000000000000000e+01 -3.298429319371727786e+00 2.305999999999999890e-03
-7.500000000000000000e+01 -2.356020942408377117e+00 6.376999999999999856e-03
-7.500000000000000000e+01 -1.413612565445026226e+00 5.597000000000000412e-03
-7.500000000000000000e+01 -4.712041884816753901e-01 2.264199999999999893e-02
-7.500000000000000000e+01 4.712041884816753901e-01 2.264199999999999893e-02
-7.500000000000000000e+01 1.413612565445026226e+00 5.029259999999999842e-01
-7.500000000000000000e+01 2.356020942408377117e+00 8.458560000000000523e-01
-7.375000000000000000e+01 -1.460732984293194114e+01 0.000000000000000000e+00
-7.375000000000000000e+01 -1.366492146596859136e+01 1.302490000000000037e-01
-7.375000000000000000e+01 -1.272251308900523981e+01 8.435600000000000043e-02
-7.375000000000000000e+01 -1.178010471204188825e+01 9.660799999999999943e-02
-7.375000000000000000e+01 -1.083769633507853669e+01 8.944900000000000073e-02
-7.375000000000000000e+01 -9.895287958115185134e+00 5.654499999999999804e-02
-7.375000000000000000e+01 -8.952879581151833577e+00 8.259400000000000075e-02
-7.375000000000000000e+01 -8.010471204188482020e+00 9.955799999999999372e-02
-7.375000000000000000e+01 -7.068062827225130462e+00 1.743000000000000105e-02
-7.375000000000000000e+01 -6.125654450261779793e+00 2.464699999999999877e-02
-7.375000000000000000e+01 -5.183246073298429124e+00 7.177999999999999658e-02
-7.375000000000000000e+01 -4.240837696335078455e+00 2.272499999999999867e-02
-7.375000000000000000e+01 -3.298429319371727786e+00 7.262000000000000226e-03
-7.375000000000000000e+01 -2.356020942408377117e+00 5.409999999999999878e-03
-7.375000000000000000e+01 -1.413612565445026226e+00 9.119199999999999529e-02
-7.375000000000000000e+01 -4.712041884816753901e-01 2.467000000000000009e-03
-7.375000000000000000e+01 4.712041884816753901e-01 2.467000000000000009e-03
-7.375000000000000000e+01 1.413612565445026226e+00 3.635300000000000337e-02
-7.250000000000000000e+01 -1.460732984293194114e+01 5.432000000000000196e-03
-7.250000000000000000e+01 -1.366492146596859136e+01 1.374849999999999961e-01
-7.250000000000000000e+01 -1.272251308900523981e+01 1.722799999999999887e-01
-7.250000000000000000e+01 -1.178010471204188825e+01 4.301300000000000262e-02
-7.250000000000000000e+01 -1.083769633507853669e+01 6.879999999999999831e-03
-7.250000000000000000e+01 -9.895287958115185134e+00 0.000000000000000000e+00
-7.250000000000000000e+01 -8.952879581151833577e+00 9.960000000000000103e-03
-7.250000000000000000e+01 -8.010471204188482020e+00 3.828579999999999761e-01
-7.250000000000000000e+01 -7.068062827225130462e+00 1.130010000000000042e-01
-7.250000000000000000e+01 -6.125654450261779793e+00 9.730000000000000151e-04
-7.250000000000000000e+01 -5.183246073298429124e+00 9.737000000000000863e-03
-7.250000000000000000e+01 -4.240837696335078455e+00 1.123389999999999944e-01
-7.250000000000000000e+01 -3.298429319371727786e+00 2.123999999999999846e-02
-7.250000000000000000e+01 -2.356020942408377117e+00 5.102500000000000091e-02
-7.250000000000000000e+01 -1.413612565445026226e+00 1.529499999999999957e-02
-7.250000000000000000e+01 -4.712041884816753901e-01 6.908000000000000078e-03
-7.250000000000000000e+01 4.712041884816753901e-01 6.908000000000000078e-03
-7.250000000000000000e+01 1.413612565445026226e+00 1.020399999999999953e-02
-7.125000000000000000e+01 -1.460732984293194114e+01 9.079900000000000471e-02
-7.125000000000000000e+01 -1.366492146596859136e+01 2.439500000000000002e-02
-7.125000000000000000e+01 -1.272251308900523981e+01 1.364120000000000055e-01
-7.125000000000000000e+01 -1.178010471204188825e+01 0.000000000000000000e+00
-7.125000000000000000e+01 -1.083769633507853669e+01 0.000000000000000000e+00
-7.125000000000000000e+01 -9.895287958115185134e+00 6.791000000000000161e-03
-7.125000000000000000e+01 -8.952879581151833577e+00 6.155700000000000061e-02
-7.125000000000000000e+01 -8.010471204188482020e+00 4.593430000000000013e-01
-7.125000000000000000e+01 -7.068062827225130462e+00 8.014999999999999555e-03
-7.125000000000000000e+01 -6.125654450261779793e+00 4.655000000000000283e-03
-7.125000000000000000e+01 -5.183246073298429124e+00 2.429999999999999977e-04
-7.125000000000000000e+01 -4.240837696335078455e+00 2.958399999999999919e-02
-7.125000000000000000e+01 -3.298429319371727786e+00 2.390000000000000089e-04
-7.125000000000000000e+01 -2.356020942408377117e+00 3.667399999999999827e-02
-7.125000000000000000e+01 -1.413612565445026226e+00 3.592000000000000141e-03
-7.125000000000000000e+01 -4.712041884816753901e-01 0.000000000000000000e+00
-7.125000000000000000e+01 4.712041884816753901e-01 0.000000000000000000e+00
-7.125000000000000000e+01 1.413612565445026226e+00 8.511499999999999622e-02
-7.000000000000000000e+01 -1.366492146596859136e+01 8.580000000000000820e-03
-7.000000000000000000e+01 -1.272251308900523981e+01 2.981150000000000189e-01
-7.000000000000000000e+01 -1.178010471204188825e+01 1.563399999999999859e-02
-7.000000000000000000e+01 -1.083769633507853669e+01 2.862620000000000164e-01
-7.000000000000000000e+01 -9.895287958115185134e+00 1.841800000000000034e-02
-7.000000000000000000e+01 -8.952879581151833577e+00 1.496059999999999890e-01
-7.000000000000000000e+01 -8.010471204188482020e+00 2.615790000000000060e-01
-7.000000000000000000e+01 -7.068062827225130462e+00 3.494599999999999790e-02
-7.000000000000000000e+01 -6.125654450261779793e+00 1.861000000000000024e-03
-7.000000000000000000e+01 -5.183246073298429124e+00 8.040000000000000271e-04
-7.000000000000000000e+01 -4.240837696335078455e+00 1.147829999999999961e-01
-7.000000000000000000e+01 -3.298429319371727786e+00 5.802999999999999825e-02
-7.000000000000000000e+01 -2.356020942408377117e+00 1.840599999999999875e-02
-7.000000000000000000e+01 -1.413612565445026226e+00 3.213499999999999690e-02
-7.000000000000000000e+01 -4.712041884816753901e-01 1.220300000000000031e-02
-7.000000000000000000e+01 4.712041884816753901e-01 1.220300000000000031e-02
-7.000000000000000000e+01 1.413612565445026226e+00 7.389999999999999868e-03
-6.875000000000000000e+01 -1.554973821989529448e+01 6.769999999999999759e-04
-6.875000000000000000e+01 -1.460732984293194114e+01 3.263200000000000128e-02
-6.875000000000000000e+01 -1.366492146596859136e+01 7.546999999999999889e-03
-6.875000000000000000e+01 -1.272251308900523981e+01 1.170429999999999943e-01
-6.875000000000000000e+01 -1.178010471204188825e+01 3.162280000000000091e-01
-6.875000000000000000e+01 -1.083769633507853669e+01 5.506640000000000423e-01
-6.875000000000000000e+01 -9.895287958115185134e+00 8.521299999999999708e-02
-6.875000000000000000e+01 -8.952879581151833577e+00 3.844899999999999984e-01
-6.875000000000000000e+01 -8.010471204188482020e+00 2.161999999999999859e-03
-6.875000000000000000e+01 -7.068062827225130462e+00 2.047999999999999907e-03
-6.875000000000000000e+01 -6.125654450261779793e+00 1.129999999999999928e-03
-6.875000000000000000e+01 -5.183246073298429124e+00 4.840000000000000010e-04
-6.875000000000000000e+01 -4.240837696335078455e+00 4.423999999999999981e-03
-6.875000000000000000e+01 -3.298429319371727786e+00 7.030999999999999923e-03
-6.875000000000000000e+01 -2.356020942408377117e+00 5.080000000000000314e-03
-6.875000000000000000e+01 -1.413612565445026226e+00 9.511999999999999622e-03
-6.875000000000000000e+01 -4.712041884816753901e-01 1.129100000000000069e-02
-6.875000000000000000e+01 4.712041884816753901e-01 1.129100000000000069e-02
-6.875000000000000000e+01 1.413612565445026226e+00 1.485399999999999915e-02
-6.875000000000000000e+01 2.356020942408377117e+00 6.131000000000000165e-03
-6.750000000000000000e+01 -1.649214659685864603e+01 2.667910000000000004e-01
-6.750000000000000000e+01 -1.554973821989529448e+01 2.667910000000000004e-01
-6.750000000000000000e+01 -1.460732984293194114e+01 1.287550000000000083e-01
-6.750000000000000000e+01 -1.366492146596859136e+01 9.647100000000000120e-02
-6.750000000000000000e+01 -1.272251308900523981e+01 1.042700000000000050e-02
-6.750000000000000000e+01 -1.178010471204188825e+01 1.726099999999999857e-02
-6.750000000000000000e+01 -1.083769633507853669e+01 3.460260000000000002e-01
-6.750000000000000000e+01 -9.895287958115185134e+00 7.789779999999999482e-01
-6.750000000000000000e+01 -8.952879581151833577e+00 1.839169999999999972e-01
-6.750000000000000000e+01 -8.010471204188482020e+00 1.038999999999999993e-03
-6.750000000000000000e+01 -7.068062827225130462e+00 8.919999999999999978e-04
-6.750000000000000000e+01 -6.125654450261779793e+00 5.134999999999999808e-03
-6.750000000000000000e+01 -5.183246073298429124e+00 1.128000000000000096e-03
-6.750000000000000000e+01 -4.240837696335078455e+00 8.059999999999999673e-04
-6.750000000000000000e+01 -3.298429319371727786e+00 1.536700000000000045e-02
-6.750000000000000000e+01 -2.356020942408377117e+00 3.310000000000000225e-04
-6.750000000000000000e+01 -1.413612565445026226e+00 8.000000000000000654e-05
-6.750000000000000000e+01 -4.712041884816753901e-01 8.989999999999999511e-04
-6.750000000000000000e+01 4.712041884816753901e-01 8.989999999999999511e-04
-6.750000000000000000e+01 1.413612565445026226e+00 6.081999999999999733e-03
-6.750000000000000000e+01 2.356020942408377117e+00 7.219999999999999855e-04
-6.625000000000000000e+01 -1.837696335078534560e+01 8.382100000000000661e-02
-6.625000000000000000e+01 -1.743455497382199582e+01 2.321890000000000065e-01
-6.625000000000000000e+01 -1.649214659685864603e+01 1.786999999999999960e-03
-6.625000000000000000e+01 -1.554973821989529448e+01 1.786999999999999960e-03
-6.625000000000000000e+01 -1.460732984293194114e+01 1.095199999999999993e-02
-6.625000000000000000e+01 -1.366492146596859136e+01 1.134000000000000025e-03
-6.625000000000000000e+01 -1.272251308900523981e+01 0.000000000000000000e+00
-6.625000000000000000e+01 -1.178010471204188825e+01 1.131500000000000040e-02
-6.625000000000000000e+01 -1.083769633507853669e+01 1.551619999999999944e-01
-6.625000000000000000e+01 -9.895287958115185134e+00 2.233749999999999902e-01
-6.625000000000000000e+01 -8.952879581151833577e+00 1.531740000000000046e-01
-6.625000000000000000e+01 -8.010471204188482020e+00 2.295000000000000165e-03
-6.625000000000000000e+01 -7.068062827225130462e+00 8.109999999999999805e-04
-6.625000000000000000e+01 -6.125654450261779793e+00 1.610000000000000103e-04
-6.625000000000000000e+01 -5.183246073298429124e+00 3.260000000000000094e-04
-6.625000000000000000e+01 -4.240837696335078455e+00 3.536000000000000081e-03
-6.625000000000000000e+01 -3.298429319371727786e+00 1.536599999999999945e-02
-6.625000000000000000e+01 -2.356020942408377117e+00 6.369999999999999794e-03
-6.625000000000000000e+01 -1.413612565445026226e+00 0.000000000000000000e+00
-6.625000000000000000e+01 -4.712041884816753901e-01 2.425000000000000072e-03
-6.625000000000000000e+01 4.712041884816753901e-01 2.425000000000000072e-03
-6.625000000000000000e+01 1.413612565445026226e+00 9.153400000000000425e-02
-6.625000000000000000e+01 2.356020942408377117e+00 9.557899999999999729e-02
-6.500000000000000000e+01 -1.837696335078534560e+01 2.485300000000000009e-02
-6.500000000000000000e+01 -1.743455497382199582e+01 4.499710000000000099e-01
-6.500000000000000000e+01 -1.649214659685864603e+01 4.864099999999999674e-02
-6.500000000000000000e+01 -1.554973821989529448e+01 4.864099999999999674e-02
-6.500000000000000000e+01 -1.460732984293194114e+01 1.037899999999999934e-02
-6.500000000000000000e+01 -1.366492146596859136e+01 5.516000000000000070e-03
-6.500000000000000000e+01 -1.272251308900523981e+01 2.407999999999999984e-03
-6.500000000000000000e+01 -1.178010471204188825e+01 7.576000000000000269e-03
-6.500000000000000000e+01 -1.083769633507853669e+01 1.995840000000000114e-01
-6.500000000000000000e+01 -9.895287958115185134e+00 6.168940000000000534e-01
-6.500000000000000000e+01 -8.952879581151833577e+00 1.339029999999999943e-01
-6.500000000000000000e+01 -8.010471204188482020e+00 6.568000000000000053e-03
-6.500000000000000000e+01 -7.068062827225130462e+00 5.365899999999999836e-02
-6.500000000000000000e+01 -6.125654450261779793e+00 1.147999999999999932e-03
-6.500000000000000000e+01 -5.183246073298429124e+00 1.936399999999999927e-02
-6.500000000000000000e+01 -4.240837696335078455e+00 1.869200000000000028e-02
-6.500000000000000000e+01 -3.298429319371727786e+00 4.223500000000000171e-02
-6.500000000000000000e+01 -2.356020942408377117e+00 4.329999999999999648e-03
-6.500000000000000000e+01 -1.413612565445026226e+00 1.791999999999999973e-03
-6.500000000000000000e+01 -4.712041884816753901e-01 7.742999999999999883e-03
-6.500000000000000000e+01 4.712041884816753901e-01 7.742999999999999883e-03
-6.500000000000000000e+01 1.413612565445026226e+00 2.658999999999999905e-03
-6.375000000000000000e+01 -2.026178010471204516e+01 8.333329999999999904e-01
-6.375000000000000000e+01 -1.931937172774869538e+01 2.483440000000000092e-01
-6.375000000000000000e+01 -1.837696335078534560e+01 1.434110000000000107e-01
-6.375000000000000000e+01 -1.743455497382199582e+01 5.311310000000000198e-01
-6.375000000000000000e+01 -1.649214659685864603e+01 6.277299999999999547e-02
-6.375000000000000000e+01 -1.554973821989529448e+01 6.277299999999999547e-02
-6.375000000000000000e+01 -1.460732984293194114e+01 3.402000000000000163e-02
-6.375000000000000000e+01 -1.366492146596859136e+01 3.798999999999999860e-03
-6.375000000000000000e+01 -1.272251308900523981e+01 2.674999999999999861e-03
-6.375000000000000000e+01 -1.178010471204188825e+01 2.295969999999999955e-01
-6.375000000000000000e+01 -1.083769633507853669e+01 6.114399999999999696e-02
-6.375000000000000000e+01 -9.895287958115185134e+00 5.118890000000000384e-01
-6.375000000000000000e+01 -8.952879581151833577e+00 8.054329999999999545e-01
-6.375000000000000000e+01 -8.010471204188482020e+00 3.881789999999999963e-01
-6.375000000000000000e+01 -7.068062827225130462e+00 1.244849999999999984e-01
-6.375000000000000000e+01 -6.125654450261779793e+00 4.970999999999999724e-03
-6.375000000000000000e+01 -5.183246073298429124e+00 2.209900000000000059e-02
-6.375000000000000000e+01 -4.240837696335078455e+00 1.034510000000000013e-01
-6.375000000000000000e+01 -3.298429319371727786e+00 1.281000000000000021e-02
-6.375000000000000000e+01 -2.356020942408377117e+00 3.249999999999999851e-04
-6.375000000000000000e+01 -1.413612565445026226e+00 3.240000000000000150e-04
-6.375000000000000000e+01 -4.712041884816753901e-01 1.828999999999999897e-03
-6.375000000000000000e+01 4.712041884816753901e-01 1.828999999999999897e-03
-6.375000000000000000e+01 1.413612565445026226e+00 9.542000000000000134e-03
-6.375000000000000000e+01 3.298429319371727786e+00 2.259699999999999903e-02
-6.250000000000000000e+01 -1.931937172774869538e+01 3.953650000000000220e-01
-6.250000000000000000e+01 -1.837696335078534560e+01 7.234930000000000527e-01
-6.250000000000000000e+01 -1.743455497382199582e+01 8.138149999999999551e-01
-6.250000000000000000e+01 -1.649214659685864603e+01 9.800899999999999890e-02
-6.250000000000000000e+01 -1.554973821989529448e+01 9.800899999999999890e-02
-6.250000000000000000e+01 -1.460732984293194114e+01 7.910999999999999630e-03
-6.250000000000000000e+01 -1.366492146596859136e+01 2.263999999999999953e-03
-6.250000000000000000e+01 -1.272251308900523981e+01 1.157999999999999958e-03
-6.250000000000000000e+01 -1.178010471204188825e+01 3.397209999999999952e-01
-6.250000000000000000e+01 -1.083769633507853669e+01 3.385500000000000176e-01
-6.250000000000000000e+01 -9.895287958115185134e+00 9.693979999999999819e-01
-6.250000000000000000e+01 -8.952879581151833577e+00 4.031620000000000203e-01
-6.250000000000000000e+01 -8.010471204188482020e+00 2.470670000000000088e-01
-6.250000000000000000e+01 -7.068062827225130462e+00 4.638660000000000005e-01
-6.250000000000000000e+01 -6.125654450261779793e+00 1.225949999999999956e-01
-6.250000000000000000e+01 -5.183246073298429124e+00 2.396000000000000126e-03
-6.250000000000000000e+01 -4.240837696335078455e+00 1.161950000000000066e-01
-6.250000000000000000e+01 -3.298429319371727786e+00 1.626299999999999968e-02
-6.250000000000000000e+01 -2.356020942408377117e+00 1.056999999999999997e-03
-6.250000000000000000e+01 -1.413612565445026226e+00 2.795399999999999968e-02
-6.250000000000000000e+01 -4.712041884816753901e-01 6.509999999999999945e-04
-6.250000000000000000e+01 4.712041884816753901e-01 6.509999999999999945e-04
-6.250000000000000000e+01 1.413612565445026226e+00 1.435000000000000078e-03
-6.250000000000000000e+01 2.356020942408377117e+00 1.011100000000000020e-02
-6.250000000000000000e+01 3.298429319371727786e+00 0.000000000000000000e+00
-6.125000000000000000e+01 -1.837696335078534560e+01 1.953989999999999894e-01
-6.125000000000000000e+01 -1.743455497382199582e+01 2.909510000000000152e-01
-6.125000000000000000e+01 -1.649214659685864603e+01 2.721740000000000270e-01
-6.125000000000000000e+01 -1.554973821989529448e+01 2.721740000000000270e-01
-6.125000000000000000e+01 -1.460732984293194114e+01 5.807500000000000162e-02
-6.125000000000000000e+01 -1.366492146596859136e+01 3.887199999999999683e-02
-6.125000000000000000e+01 -1.272251308900523981e+01 6.146749999999999714e-01
-6.125000000000000000e+01 -1.178010471204188825e+01 7.722440000000000415e-01
-6.125000000000000000e+01 -1.083769633507853669e+01 4.174889999999999990e-01
-6.125000000000000000e+01 -9.895287958115185134e+00 2.390839999999999910e-01
-6.125000000000000000e+01 -8.952879581151833577e+00 8.515399999999999359e-02
-6.125000000000000000e+01 -8.010471204188482020e+00 1.400710000000000011e-01
-6.125000000000000000e+01 -7.068062827225130462e+00 5.058800000000000102e-02
-6.125000000000000000e+01 -6.125654450261779793e+00 6.940499999999999448e-02
-6.125000000000000000e+01 -5.183246073298429124e+00 1.172779999999999934e-01
-6.125000000000000000e+01 -4.240837696335078455e+00 3.854239999999999888e-01
-6.125000000000000000e+01 -3.298429319371727786e+00 3.844839999999999924e-01
-6.125000000000000000e+01 -2.356020942408377117e+00 5.819000000000000387e-03
-6.125000000000000000e+01 -1.413612565445026226e+00 2.203499999999999903e-02
-6.125000000000000000e+01 -4.712041884816753901e-01 2.080170000000000075e-01
-6.125000000000000000e+01 4.712041884816753901e-01 2.080170000000000075e-01
-6.125000000000000000e+01 1.413612565445026226e+00 2.205229999999999968e-01
-6.125000000000000000e+01 2.356020942408377117e+00 5.939060000000000450e-01
-6.125000000000000000e+01 3.298429319371727786e+00 2.508799999999999919e-01
-6.125000000000000000e+01 4.240837696335078455e+00 3.258899999999999991e-02
-6.000000000000000000e+01 -1.554973821989529448e+01 9.517699999999999771e-02
-6.000000000000000000e+01 -1.460732984293194114e+01 3.918539999999999801e-01
-6.000000000000000000e+01 -1.366492146596859136e+01 4.218520000000000048e-01
-6.000000000000000000e+01 -1.272251308900523981e+01 3.606790000000000274e-01
-6.000000000000000000e+01 -1.178010471204188825e+01 1.188049999999999939e-01
-6.000000000000000000e+01 -1.083769633507853669e+01 1.132999999999999893e-03
-6.000000000000000000e+01 -9.895287958115185134e+00 5.420699999999999824e-02
-6.000000000000000000e+01 -8.952879581151833577e+00 5.904000000000000394e-03
-6.000000000000000000e+01 -8.010471204188482020e+00 1.443499999999999991e-02
-6.000000000000000000e+01 -7.068062827225130462e+00 3.825060000000000127e-01
-6.000000000000000000e+01 -6.125654450261779793e+00 7.087100000000000344e-02
-6.000000000000000000e+01 -5.183246073298429124e+00 8.093500000000000694e-02
-6.000000000000000000e+01 -4.240837696335078455e+00 4.897940000000000071e-01
-6.000000000000000000e+01 -3.298429319371727786e+00 7.582929999999999948e-01
-6.000000000000000000e+01 -2.356020942408377117e+00 7.103439999999999754e-01
-6.000000000000000000e+01 -1.413612565445026226e+00 2.493110000000000048e-01
-6.000000000000000000e+01 -4.712041884816753901e-01 9.350600000000000578e-02
-6.000000000000000000e+01 4.712041884816753901e-01 9.350600000000000578e-02
-6.000000000000000000e+01 1.413612565445026226e+00 7.065519999999999579e-01
-6.000000000000000000e+01 2.356020942408377117e+00 1.477130000000000110e-01
-6.000000000000000000e+01 3.298429319371727786e+00 1.186870000000000008e-01
-6.000000000000000000e+01 4.240837696335078455e+00 1.199099999999999992e-02
-6.000000000000000000e+01 5.183246073298429124e+00 1.274999999999999918e-02
-5.875000000000000000e+01 -1.366492146596859136e+01 5.023600000000000287e-02
-5.875000000000000000e+01 -1.272251308900523981e+01 4.355000000000000364e-03
-5.875000000000000000e+01 -1.178010471204188825e+01 1.993169999999999942e-01
-5.875000000000000000e+01 -1.083769633507853669e+01 4.076659999999999728e-01
-5.875000000000000000e+01 -9.895287958115185134e+00 2.389999999999999902e-01
-5.875000000000000000e+01 -8.952879581151833577e+00 4.692600000000000243e-02
-5.875000000000000000e+01 -8.010471204188482020e+00 2.400000000000000061e-04
-5.875000000000000000e+01 -7.068062827225130462e+00 2.020649999999999946e-01
-5.875000000000000000e+01 -6.125654450261779793e+00 1.348000000000000066e-02
-5.875000000000000000e+01 -5.183246073298429124e+00 1.229000000000000058e-03
-5.875000000000000000e+01 -4.240837696335078455e+00 3.139299999999999868e-01
-5.875000000000000000e+01 -3.298429319371727786e+00 7.837520000000000042e-01
-5.875000000000000000e+01 -2.356020942408377117e+00 2.394610000000000072e-01
-5.875000000000000000e+01 -1.413612565445026226e+00 3.017000000000000150e-03
-5.875000000000000000e+01 -4.712041884816753901e-01 0.000000000000000000e+00
-5.875000000000000000e+01 4.712041884816753901e-01 0.000000000000000000e+00
-5.750000000000000000e+01 -1.366492146596859136e+01 5.363899999999999918e-02
-5.750000000000000000e+01 -1.272251308900523981e+01 6.454000000000000015e-02
-5.750000000000000000e+01 -1.178010471204188825e+01 5.047350000000000447e-01
-5.750000000000000000e+01 -1.083769633507853669e+01 3.840740000000000265e-01
-5.750000000000000000e+01 -9.895287958115185134e+00 3.706880000000000175e-01
-5.750000000000000000e+01 -8.952879581151833577e+00 2.186199999999999949e-02
-5.750000000000000000e+01 -8.010471204188482020e+00 2.475000000000000203e-03
-5.750000000000000000e+01 -7.068062827225130462e+00 1.233500000000000048e-02
-5.750000000000000000e+01 -6.125654450261779793e+00 1.996149999999999869e-01
-5.750000000000000000e+01 -5.183246073298429124e+00 4.651999999999999885e-03
-5.750000000000000000e+01 -4.240837696335078455e+00 1.406799999999999995e-01
-5.750000000000000000e+01 -3.298429319371727786e+00 4.778350000000000097e-01
-5.750000000000000000e+01 -2.356020942408377117e+00 8.259199999999999875e-02
-5.750000000000000000e+01 -1.413612565445026226e+00 1.237199999999999932e-02
-5.750000000000000000e+01 -4.712041884816753901e-01 1.231499999999999956e-02
-5.750000000000000000e+01 4.712041884816753901e-01 1.231499999999999956e-02
-5.750000000000000000e+01 1.413612565445026226e+00 5.551899999999999891e-02
-5.625000000000000000e+01 -1.366492146596859136e+01 3.533250000000000002e-01
-5.625000000000000000e+01 -1.272251308900523981e+01 3.410819999999999963e-01
-5.625000000000000000e+01 -1.178010471204188825e+01 7.381469999999999976e-01
-5.625000000000000000e+01 -1.083769633507853669e+01 5.117180000000000062e-01
-5.625000000000000000e+01 -9.895287958115185134e+00 8.094890000000000141e-01
-5.625000000000000000e+01 -8.952879581151833577e+00 4.147699999999999998e-02
-5.625000000000000000e+01 -8.010471204188482020e+00 8.130999999999999339e-03
-5.625000000000000000e+01 -7.068062827225130462e+00 1.191679999999999962e-01
-5.625000000000000000e+01 -6.125654450261779793e+00 2.951920000000000099e-01
-5.625000000000000000e+01 -5.183246073298429124e+00 4.195160000000000000e-01
-5.625000000000000000e+01 -4.240837696335078455e+00 4.551609999999999823e-01
-5.625000000000000000e+01 -3.298429319371727786e+00 8.297899999999999721e-02
-5.625000000000000000e+01 -2.356020942408377117e+00 4.285439999999999805e-01
-5.625000000000000000e+01 -1.413612565445026226e+00 2.951300000000000104e-02
-5.625000000000000000e+01 -4.712041884816753901e-01 8.000000000000000654e-05
-5.625000000000000000e+01 4.712041884816753901e-01 8.000000000000000654e-05
-5.625000000000000000e+01 1.413612565445026226e+00 0.000000000000000000e+00
-5.500000000000000000e+01 -1.460732984293194114e+01 1.827979999999999883e-01
-5.500000000000000000e+01 -1.366492146596859136e+01 4.329899999999999721e-02
-5.500000000000000000e+01 -1.272251308900523981e+01 4.504009999999999958e-01
-5.500000000000000000e+01 -1.178010471204188825e+01 7.516739999999999533e-01
-5.500000000000000000e+01 -1.083769633507853669e+01 8.293719999999999981e-01
-5.500000000000000000e+01 -9.895287958115185134e+00 7.640820000000000389e-01
-5.500000000000000000e+01 -8.952879581151833577e+00 9.336099999999999954e-02
-5.500000000000000000e+01 -8.010471204188482020e+00 3.150490000000000235e-01
-5.500000000000000000e+01 -7.068062827225130462e+00 3.176599999999999979e-01
-5.500000000000000000e+01 -6.125654450261779793e+00 6.293600000000000583e-02
-5.500000000000000000e+01 -5.183246073298429124e+00 2.402699999999999975e-02
-5.500000000000000000e+01 -4.240837696335078455e+00 5.258000000000000451e-01
-5.500000000000000000e+01 -3.298429319371727786e+00 5.660110000000000419e-01
-5.500000000000000000e+01 -2.356020942408377117e+00 6.152969999999999828e-01
-5.500000000000000000e+01 -1.413612565445026226e+00 2.913100000000000064e-02
-5.500000000000000000e+01 -4.712041884816753901e-01 2.420000000000000005e-04
-5.500000000000000000e+01 4.712041884816753901e-01 2.420000000000000005e-04
-5.500000000000000000e+01 1.413612565445026226e+00 2.420000000000000005e-04
-5.500000000000000000e+01 2.356020942408377117e+00 5.760000000000000146e-04
-5.375000000000000000e+01 -1.460732984293194114e+01 4.079999999999999968e-04
-5.375000000000000000e+01 -1.366492146596859136e+01 4.112999999999999989e-02
-5.375000000000000000e+01 -1.272251308900523981e+01 2.110049999999999981e-01
-5.375000000000000000e+01 -1.178010471204188825e+01 1.937919999999999920e-01
-5.375000000000000000e+01 -1.083769633507853669e+01 2.772640000000000104e-01
-5.375000000000000000e+01 -9.895287958115185134e+00 3.522500000000000075e-01
-5.375000000000000000e+01 -8.952879581151833577e+00 1.329400000000000026e-02
-5.375000000000000000e+01 -8.010471204188482020e+00 8.000000000000000654e-05
-5.375000000000000000e+01 -7.068062827225130462e+00 2.101000000000000003e-03
-5.375000000000000000e+01 -6.125654450261779793e+00 6.347000000000000211e-03
-5.375000000000000000e+01 -5.183246073298429124e+00 3.327999999999999795e-03
-5.375000000000000000e+01 -4.240837696335078455e+00 5.093590000000000062e-01
-5.375000000000000000e+01 -3.298429319371727786e+00 5.382369999999999655e-01
-5.375000000000000000e+01 -2.356020942408377117e+00 4.880329999999999946e-01
-5.375000000000000000e+01 -1.413612565445026226e+00 9.868999999999999995e-02
-5.375000000000000000e+01 -4.712041884816753901e-01 9.719999999999999907e-04
-5.375000000000000000e+01 4.712041884816753901e-01 9.719999999999999907e-04
-5.375000000000000000e+01 1.413612565445026226e+00 1.217999999999999899e-03
-5.375000000000000000e+01 2.356020942408377117e+00 1.054000000000000032e-03
-5.250000000000000000e+01 -1.366492146596859136e+01 1.288800000000000015e-02
-5.250000000000000000e+01 -1.272251308900523981e+01 2.155990000000000129e-01
-5.250000000000000000e+01 -1.178010471204188825e+01 1.303570000000000007e-01
-5.250000000000000000e+01 -1.083769633507853669e+01 3.009609999999999785e-01
-5.250000000000000000e+01 -9.895287958115185134e+00 9.848500000000000310e-02
-5.250000000000000000e+01 -8.952879581151833577e+00 5.699999999999999772e-04
-5.250000000000000000e+01 -8.010471204188482020e+00 1.825000000000000016e-03
-5.250000000000000000e+01 -7.068062827225130462e+00 1.878099999999999908e-02
-5.250000000000000000e+01 -6.125654450261779793e+00 4.149599999999999816e-02
-5.250000000000000000e+01 -5.183246073298429124e+00 1.755000000000000050e-03
-5.250000000000000000e+01 -4.240837696335078455e+00 1.531260000000000121e-01
-5.250000000000000000e+01 -3.298429319371727786e+00 3.982780000000000209e-01
-5.250000000000000000e+01 -2.356020942408377117e+00 4.263499999999999929e-02
-5.250000000000000000e+01 -1.413612565445026226e+00 5.021660000000000013e-01
-5.250000000000000000e+01 -4.712041884816753901e-01 7.029000000000000525e-02
-5.250000000000000000e+01 4.712041884816753901e-01 7.029000000000000525e-02
-5.125000000000000000e+01 -8.952879581151833577e+00 5.923450000000000104e-01
-5.125000000000000000e+01 -8.010471204188482020e+00 4.183850000000000069e-01
-5.125000000000000000e+01 -7.068062827225130462e+00 4.633680000000000021e-01
-5.125000000000000000e+01 -5.183246073298429124e+00 1.905290000000000039e-01
-5.125000000000000000e+01 -4.240837696335078455e+00 3.549599999999999977e-01
-5.125000000000000000e+01 -3.298429319371727786e+00 5.388060000000000072e-01
-5.125000000000000000e+01 -2.356020942408377117e+00 1.439650000000000096e-01
-5.000000000000000000e+01 -3.298429319371727786e+00 6.783479999999999510e-01
