-7.875000000000000000e+01 -6.125654450261779793e+00 4.947579999999999756e-01
-7.875000000000000000e+01 -5.183246073298429124e+00 1.822979999999999878e-01
-7.875000000000000000e+01 -4.240837696335078455e+00 2.236529999999999907e-01
-7.875000000000000000e+01 -3.298429319371727786e+00 3.402359999999999829e-01
-7.875000000000000000e+01 -2.356020942408377117e+00 0.000000000000000000e+00
-7.875000000000000000e+01 -1.413612565445026226e+00 0.000000000000000000e+00
-7.750000000000000000e+01 -8.952879581151833577e+00 1.897490000000000010e-01
-7.750000000000000000e+01 -8.010471204188482020e+00 1.435049999999999937e-01
-7.750000000000000000e+01 -7.068062827225130462e+00 2.816370000000000262e-01
-7.750000000000000000e+01 -6.125654450261779793e+00 4.731299999999999950e-01
-7.750000000000000000e+01 -5.183246073298429124e+00 9.445000000000000617e-02
-7.750000000000000000e+01 -4.240837696335078455e+00 3.387899999999999939e-02
-7.750000000000000000e+01 -3.298429319371727786e+00 1.896289999999999920e-01
-7.750000000000000000e+01 -2.356020942408377117e+00 1.344380000000000019e-01
-7.750000000000000000e+01 -1.413612565445026226e+00 2.516570000000000196e-01
-7.750000000000000000e+01 -4.712041884816753901e-01 1.859590000000000132e-01
-7.750000000000000000e+01 4.712041884816753901e-01 1.859590000000000132e-01
-7.625000000000000000e+01 -1.083769633507853669e+01 5.923300000000000093e-02
-7.625000000000000000e+01 -9.895287958115185134e+00 1.257270000000000054e-01
-7.625000000000000000e+01 -8.952879581151833577e+00 3.090379999999999794e-01
-7.625000000000000000e+01 -8.010471204188482020e+00 8.585099999999999676e-02
-7.625000000000000000e+01 -7.068062827225130462e+00 1.868769999999999876e-01
-7.625000000000000000e+01 -6.125654450261779793e+00 2.247740000000000016e-01
-7.625000000000000000e+01 -5.183246073298429124e+00 4.002700000000000008e-02
-7.625000000000000000e+01 -4.240837696335078455e+00 1.472000000000000001e-03
-7.625000000000000000e+01 -3.298429319371727786e+00 3.983000000000000429e-03
-7.625000000000000000e+01 -2.356020942408377117e+00 2.553000000000000148e-03
-7.625000000000000000e+01 -1.413612565445026226e+00 2.611000000000000040e-03
-7.625000000000000000e+01 -4.712041884816753901e-01 3.173299999999999732e-02
-7.625000000000000000e+01 4.712041884816753901e-01 3.173299999999999732e-02
-7.625000000000000000e+01 1.413612565445026226e+00 5.475459999999999772e-01
-7.500000000000000000e+01 -1.366492146596859136e+01 7.814200000000000312e-02
-7.500000000000000000e+01 -1.272251308900523981e+01 1.417779999999999874e-01
-7.500000000000000000e+01 -1.178010471204188825e+01 1.238360000000000016e-01
-7.500000000000000000e+01 -1.083769633507853669e+01 3.003959999999999964e-01
-7.500000000000000000e+01 -9.895287958115185134e+00 1.353509999999999991e-01
-7.500000000000000000e+01 -8.952879581151833577e+00 3.437760000000000260e-01
-7.500000000000000000e+01 -8.010471204188482020e+00 1.873229999999999895e-01
-7.500000000000000000e+01 -7.068062827225130462e+00 3.493899999999999784e-02
-7.500000000000000000e+01 -6.125654450261779793e+00 6.070300000000000001e-02
-7.500000000000000000e+01 -5.183246073298429124e+00 4.566900000000000126e-02
-7.500000000000000000e+01 -4.240837696335078455e+00 2.003299999999999872e-02
-7.500000000000000000e+01 -3.298429319371727786e+00 2.305999999999999890e-03
-7.500000000000000000e+01 -2.356020942408377117e+00 6.376999999999999856e-03
-7.500000000000000000e+01 -1.413612565445026226e+00 5.597000000000000412e-03
-7.500000000000000000e+01 -4.712041884816753901e-01 2.222800000000000123e-02
-7.500000000000000000e+01 4.712041884816753901e-01 2.222800000000000123e-02
-7.500000000000000000e+01 1.413612565445026226e+00 4.162060000000000204e-01
-7.500000000000000000e+01 2.356020942408377117e+00 7.081499999999999462e-01
-7.375000000000000000e+01 -1.460732984293194114e+01 0.000000000000000000e+00
-7.375000000000000000e+01 -1.366492146596859136e+01 1.302490000000000037e-01
-7.375000000000000000e+01 -1.272251308900523981e+01 8.141099999999999726e-02
-7.375000000000000000e+01 -1.178010471204188825e+01 9.316599999999999882e-02
-7.375000000000000000e+01 -1.083769633507853669e+01 7.705099999999999449e-02
-7.375000000000000000e+01 -9.895287958115185134e+00 5.654499999999999804e-02
-7.375000000000000000e+01 -8.952879581151833577e+00 7.305399999999999394e-02
-7.375000000000000000e+01 -8.010471204188482020e+00 5.632800000000000307e-02
-7.375000000000000000e+01 -7.068062827225130462e+00 9.610999999999999752e-03
-7.375000000000000000e+01 -6.125654450261779793e+00 2.464699999999999877e-02
-7.375000000000000000e+01 -5.183246073298429124e+00 7.177999999999999658e-02
-7.375000000000000000e+01 -4.240837696335078455e+00 2.272499999999999867e-02
-7.375000000000000000e+01 -3.298429319371727786e+00 7.262000000000000226e-03
-7.375000000000000000e+01 -2.356020942408377117e+00 5.409999999999999878e-03
-7.375000000000000000e+01 -1.413612565445026226e+00 4.293799999999999700e-02
-7.375000000000000000e+01 -4.712041884816753901e-01 2.467000000000000009e-03
-7.375000000000000000e+01 4.712041884816753901e-01 2.467000000000000009e-03
-7.375000000000000000e+01 1.413612565445026226e+00 3.635300000000000337e-02
-7.250000000000000000e+01 -1.460732984293194114e+01 5.432000000000000196e-03
-7.250000000000000000e+01 -1.366492146596859136e+01 1.374849999999999961e-01
-7.250000000000000000e+01 -1.272251308900523981e+01 1.650810000000000055e-01
-7.250000000000000000e+01 -1.178010471204188825e+01 4.293199999999999794e-02
-7.250000000000000000e+01 -1.083769633507853669e+01 6.879999999999999831e-03
-7.250000000000000000e+01 -9.895287958115185134e+00 0.000000000000000000e+00
-7.250000000000000000e+01 -8.952879581151833577e+00 9.388999999999999777e-03
-7.250000000000000000e+01 -8.010471204188482020e+00 2.295850000000000113e-01
-7.250000000000000000e+01 -7.068062827225130462e+00 6.051000000000000129e-02
-7.250000000000000000e+01 -6.125654450261779793e+00 9.730000000000000151e-04
-7.250000000000000000e+01 -5.183246073298429124e+00 9.737000000000000863e-03
-7.250000000000000000e+01 -4.240837696335078455e+00 1.123389999999999944e-01
-7.250000000000000000e+01 -3.298429319371727786e+00 2.123999999999999846e-02
-7.250000000000000000e+01 -2.356020942408377117e+00 2.398300000000000085e-02
-7.250000000000000000e+01 -1.413612565445026226e+00 6.085000000000000131e-03
-7.250000000000000000e+01 -4.712041884816753901e-01 6.908000000000000078e-03
-7.250000000000000000e+01 4.712041884816753901e-01 6.908000000000000078e-03
-7.250000000000000000e+01 1.413612565445026226e+00 1.020399999999999953e-02
-7.125000000000000000e+01 -1.460732984293194114e+01 9.079900000000000471e-02
-7.125000000000000000e+01 -1.366492146596859136e+01 2.439500000000000002e-02
-7.125000000000000000e+01 -1.272251308900523981e+01 6.542199999999999405e-02
-7.125000000000000000e+01 -1.178010471204188825e+01 0.000000000000000000e+00
-7.125000000000000000e+01 -1.083769633507853669e+01 0.000000000000000000e+00
-7.125000000000000000e+01 -9.895287958115185134e+00 6.791000000000000161e-03
-7.125000000000000000e+01 -8.952879581151833577e+00 3.122499999999999928e-02
-7.125000000000000000e+01 -8.010471204188482020e+00 1.993779999999999997e-01
-7.125000000000000000e+01 -7.068062827225130462e+00 3.967000000000000040e-03
-7.125000000000000000e+01 -6.125654450261779793e+00 4.655000000000000283e-03
-7.125000000000000000e+01 -5.183246073298429124e+00 2.429999999999999977e-04
-7.125000000000000000e+01 -4.240837696335078455e+00 2.025899999999999923e-02
-7.125000000000000000e+01 -3.298429319371727786e+00 1.589999999999999888e-04
-7.125000000000000000e+01 -2.356020942408377117e+00 2.246199999999999933e-02
-7.125000000000000000e+01 -1.413612565445026226e+00 3.592000000000000141e-03
-7.125000000000000000e+01 -4.712041884816753901e-01 0.000000000000000000e+00
-7.125000000000000000e+01 4.712041884816753901e-01 0.000000000000000000e+00
-7.125000000000000000e+01 1.413612565445026226e+00 4.268000000000000266e-02
-7.000000000000000000e+01 -1.366492146596859136e+01 8.580000000000000820e-03
-7.000000000000000000e+01 -1.272251308900523981e+01 1.416840000000000044e-01
-7.000000000000000000e+01 -1.178010471204188825e+01 0.000000000000000000e+00
-7.000000000000000000e+01 -1.083769633507853669e+01 1.574570000000000136e-01
-7.000000000000000000e+01 -9.895287958115185134e+00 1.361000000000000014e-03
-7.000000000000000000e+01 -8.952879581151833577e+00 4.057199999999999696e-02
-7.000000000000000000e+01 -8.010471204188482020e+00 1.257340000000000124e-01
-7.000000000000000000e+01 -7.068062827225130462e+00 2.925900000000000029e-02
-7.000000000000000000e+01 -6.125654450261779793e+00 1.861000000000000024e-03
-7.000000000000000000e+01 -5.183246073298429124e+00 8.040000000000000271e-04
-7.000000000000000000e+01 -4.240837696335078455e+00 8.312999999999999556e-02
-7.000000000000000000e+01 -3.298429319371727786e+00 3.179400000000000281e-02
-7.000000000000000000e+01 -2.356020942408377117e+00 8.642999999999999641e-03
-7.000000000000000000e+01 -1.413612565445026226e+00 1.851699999999999874e-02
-7.000000000000000000e+01 -4.712041884816753901e-01 1.220300000000000031e-02
-7.000000000000000000e+01 4.712041884816753901e-01 1.220300000000000031e-02
-7.000000000000000000e+01 1.413612565445026226e+00 5.278999999999999838e-03
-6.875000000000000000e+01 -1.554973821989529448e+01 6.769999999999999759e-04
-6.875000000000000000e+01 -1.460732984293194114e+01 2.523900000000000102e-02
-6.875000000000000000e+01 -1.366492146596859136e+01 3.651999999999999864e-03
-6.875000000000000000e+01 -1.272251308900523981e+01 8.845999999999999697e-02
-6.875000000000000000e+01 -1.178010471204188825e+01 1.873279999999999945e-01
-6.875000000000000000e+01 -1.083769633507853669e+01 4.210530000000000106e-01
-6.875000000000000000e+01 -9.895287958115185134e+00 3.266199999999999659e-02
-6.875000000000000000e+01 -8.952879581151833577e+00 1.691749999999999921e-01
-6.875000000000000000e+01 -8.010471204188482020e+00 3.200000000000000262e-04
-6.875000000000000000e+01 -7.068062827225130462e+00 2.047999999999999907e-03
-6.875000000000000000e+01 -6.125654450261779793e+00 1.129999999999999928e-03
-6.875000000000000000e+01 -5.183246073298429124e+00 4.840000000000000010e-04
-6.875000000000000000e+01 -4.240837696335078455e+00 4.423999999999999981e-03
-6.875000000000000000e+01 -3.298429319371727786e+00 7.030999999999999923e-03
-6.875000000000000000e+01 -2.356020942408377117e+00 3.441000000000000048e-03
-6.875000000000000000e+01 -1.413612565445026226e+00 4.433000000000000308e-03
-6.875000000000000000e+01 -4.712041884816753901e-01 1.129100000000000069e-02
-6.875000000000000000e+01 4.712041884816753901e-01 1.129100000000000069e-02
-6.875000000000000000e+01 1.413612565445026226e+00 1.330300000000000059e-02
-6.875000000000000000e+01 2.356020942408377117e+00 6.131000000000000165e-03
-6.750000000000000000e+01 -1.649214659685864603e+01 2.068730000000000013e-01
-6.750000000000000000e+01 -1.554973821989529448e+01 2.068730000000000013e-01
-6.750000000000000000e+01 -1.460732984293194114e+01 6.644100000000000006e-02
-6.750000000000000000e+01 -1.366492146596859136e+01 5.728199999999999958e-02
-6.750000000000000000e+01 -1.272251308900523981e+01 5.739000000000000178e-03
-6.750000000000000000e+01 -1.178010471204188825e+01 1.374300000000000001e-02
-6.750000000000000000e+01 -1.083769633507853669e+01 2.385269999999999890e-01
-6.750000000000000000e+01 -9.895287958115185134e+00 6.627410000000000245e-01
-6.750000000000000000e+01 -8.952879581151833577e+00 9.903199999999999503e-02
-6.750000000000000000e+01 -8.010471204188482020e+00 9.590000000000000000e-04
-6.750000000000000000e+01 -7.068062827225130462e+00 8.919999999999999978e-04
-6.750000000000000000e+01 -6.125654450261779793e+00 5.134999999999999808e-03
-6.750000000000000000e+01 -5.183246073298429124e+00 1.128000000000000096e-03
-6.750000000000000000e+01 -4.240837696335078455e+00 8.059999999999999673e-04
-6.750000000000000000e+01 -3.298429319371727786e+00 1.406499999999999938e-02
-6.750000000000000000e+01 -2.356020942408377117e+00 3.310000000000000225e-04
-6.750000000000000000e+01 -1.413612565445026226e+00 8.000000000000000654e-05
-6.750000000000000000e+01 -4.712041884816753901e-01 8.989999999999999511e-04
-6.750000000000000000e+01 4.712041884816753901e-01 8.989999999999999511e-04
-6.750000000000000000e+01 1.413612565445026226e+00 6.081999999999999733e-03
-6.750000000000000000e+01 2.356020942408377117e+00 7.219999999999999855e-04
-6.625000000000000000e+01 -1.837696335078534560e+01 8.382100000000000661e-02
-6.625000000000000000e+01 -1.743455497382199582e+01 1.726040000000000074e-01
-6.625000000000000000e+01 -1.649214659685864603e+01 1.786999999999999960e-03
-6.625000000000000000e+01 -1.554973821989529448e+01 1.786999999999999960e-03
-6.625000000000000000e+01 -1.460732984293194114e+01 6.895000000000000087e-03
-6.625000000000000000e+01 -1.366492146596859136e+01 1.134000000000000025e-03
-6.625000000000000000e+01 -1.272251308900523981e+01 0.000000000000000000e+00
-6.625000000000000000e+01 -1.178010471204188825e+01 6.303999999999999708e-03
-6.625000000000000000e+01 -1.083769633507853669e+01 9.439100000000000268e-02
-6.625000000000000000e+01 -9.895287958115185134e+00 1.662339999999999929e-01
-6.625000000000000000e+01 -8.952879581151833577e+00 5.297199999999999825e-02
-6.625000000000000000e+01 -8.010471204188482020e+00 2.295000000000000165e-03
-6.625000000000000000e+01 -7.068062827225130462e+00 8.109999999999999805e-04
-6.625000000000000000e+01 -6.125654450261779793e+00 1.610000000000000103e-04
-6.625000000000000000e+01 -5.183246073298429124e+00 3.260000000000000094e-04
-6.625000000000000000e+01 -4.240837696335078455e+00 3.536000000000000081e-03
-6.625000000000000000e+01 -3.298429319371727786e+00 1.376199999999999993e-02
-6.625000000000000000e+01 -2.356020942408377117e+00 6.198000000000000384e-03
-6.625000000000000000e+01 -1.413612565445026226e+00 0.000000000000000000e+00
-6.625000000000000000e+01 -4.712041884816753901e-01 2.425000000000000072e-03
-6.625000000000000000e+01 4.712041884816753901e-01 2.425000000000000072e-03
-6.625000000000000000e+01 1.413612565445026226e+00 8.086000000000000132e-02
-6.625000000000000000e+01 2.356020942408377117e+00 7.872700000000000531e-02
-6.500000000000000000e+01 -1.837696335078534560e+01 2.363099999999999923e-02
-6.500000000000000000e+01 -1.743455497382199582e+01 3.575650000000000217e-01
-6.500000000000000000e+01 -1.649214659685864603e+01 2.077299999999999980e-02
-6.500000000000000000e+01 -1.554973821989529448e+01 2.077299999999999980e-02
-6.500000000000000000e+01 -1.460732984293194114e+01 6.109999999999999980e-03
-6.500000000000000000e+01 -1.366492146596859136e+01 3.480000000000000020e-03
-6.500000000000000000e+01 -1.272251308900523981e+01 1.660999999999999933e-03
-6.500000000000000000e+01 -1.178010471204188825e+01 7.238999999999999775e-03
-6.500000000000000000e+01 -1.083769633507853669e+01 1.628120000000000123e-01
-6.500000000000000000e+01 -9.895287958115185134e+00 4.101859999999999951e-01
-6.500000000000000000e+01 -8.952879581151833577e+00 7.436399999999999955e-02
-6.500000000000000000e+01 -8.010471204188482020e+00 2.837999999999999811e-03
-6.500000000000000000e+01 -7.068062827225130462e+00 2.910300000000000040e-02
-6.500000000000000000e+01 -6.125654450261779793e+00 1.147999999999999932e-03
-6.500000000000000000e+01 -5.183246073298429124e+00 7.349999999999999763e-04
-6.500000000000000000e+01 -4.240837696335078455e+00 6.588000000000000106e-03
-6.500000000000000000e+01 -3.298429319371727786e+00 1.890400000000000066e-02
-6.500000000000000000e+01 -2.356020942408377117e+00 4.329999999999999648e-03
-6.500000000000000000e+01 -1.413612565445026226e+00 1.791999999999999973e-03
-6.500000000000000000e+01 -4.712041884816753901e-01 7.742999999999999883e-03
-6.500000000000000000e+01 4.712041884816753901e-01 7.742999999999999883e-03
-6.500000000000000000e+01 1.413612565445026226e+00 2.658999999999999905e-03
-6.375000000000000000e+01 -2.026178010471204516e+01 6.666670000000000096e-01
-6.375000000000000000e+01 -1.931937172774869538e+01 1.449799999999999978e-01
-6.375000000000000000e+01 -1.837696335078534560e+01 1.207069999999999949e-01
-6.375000000000000000e+01 -1.743455497382199582e+01 4.722540000000000071e-01
-6.375000000000000000e+01 -1.649214659685864603e+01 5.555600000000000122e-02
-6.375000000000000000e+01 -1.554973821989529448e+01 5.555600000000000122e-02
-6.375000000000000000e+01 -1.460732984293194114e+01 2.528800000000000145e-02
-6.375000000000000000e+01 -1.366492146596859136e+01 3.220999999999999905e-03
-6.375000000000000000e+01 -1.272251308900523981e+01 1.505000000000000044e-03
-6.375000000000000000e+01 -1.178010471204188825e+01 2.259909999999999974e-01
-6.375000000000000000e+01 -1.083769633507853669e+01 4.794299999999999951e-02
-6.375000000000000000e+01 -9.895287958115185134e+00 3.972820000000000240e-01
-6.375000000000000000e+01 -8.952879581151833577e+00 6.558110000000000328e-01
-6.375000000000000000e+01 -8.010471204188482020e+00 1.625820000000000043e-01
-6.375000000000000000e+01 -7.068062827225130462e+00 3.112099999999999936e-02
-6.375000000000000000e+01 -6.125654450261779793e+00 4.970999999999999724e-03
-6.375000000000000000e+01 -5.183246073298429124e+00 5.464000000000000107e-03
-6.375000000000000000e+01 -4.240837696335078455e+00 3.872799999999999854e-02
-6.375000000000000000e+01 -3.298429319371727786e+00 1.724000000000000055e-03
-6.375000000000000000e+01 -2.356020942408377117e+00 3.249999999999999851e-04
-6.375000000000000000e+01 -1.413612565445026226e+00 3.240000000000000150e-04
-6.375000000000000000e+01 -4.712041884816753901e-01 1.828999999999999897e-03
-6.375000000000000000e+01 4.712041884816753901e-01 1.828999999999999897e-03
-6.375000000000000000e+01 1.413612565445026226e+00 0.000000000000000000e+00
-6.375000000000000000e+01 3.298429319371727786e+00 1.409200000000000036e-02
-6.250000000000000000e+01 -1.931937172774869538e+01 3.508100000000000107e-01
-6.250000000000000000e+01 -1.837696335078534560e+01 6.947389999999999954e-01
-6.250000000000000000e+01 -1.743455497382199582e+01 7.520010000000000305e-01
-6.250000000000000000e+01 -1.649214659685864603e+01 7.481799999999999562e-02
-6.250000000000000000e+01 -1.554973821989529448e+01 7.481799999999999562e-02
-6.250000000000000000e+01 -1.460732984293194114e+01 7.910999999999999630e-03
-6.250000000000000000e+01 -1.366492146596859136e+01 2.263999999999999953e-03
-6.250000000000000000e+01 -1.272251308900523981e+01 1.157999999999999958e-03
-6.250000000000000000e+01 -1.178010471204188825e+01 3.384329999999999838e-01
-6.250000000000000000e+01 -1.083769633507853669e+01 3.366939999999999933e-01
-6.250000000000000000e+01 -9.895287958115185134e+00 9.153820000000000290e-01
-6.250000000000000000e+01 -8.952879581151833577e+00 3.281180000000000208e-01
-6.250000000000000000e+01 -8.010471204188482020e+00 1.311479999999999868e-01
-6.250000000000000000e+01 -7.068062827225130462e+00 1.775259999999999894e-01
-6.250000000000000000e+01 -6.125654450261779793e+00 1.670999999999999916e-02
-6.250000000000000000e+01 -5.183246073298429124e+00 2.396000000000000126e-03
-6.250000000000000000e+01 -4.240837696335078455e+00 4.870800000000000129e-02
-6.250000000000000000e+01 -3.298429319371727786e+00 7.209000000000000130e-03
-6.250000000000000000e+01 -2.356020942408377117e+00 1.056999999999999997e-03
-6.250000000000000000e+01 -1.413612565445026226e+00 3.902999999999999785e-03
-6.250000000000000000e+01 -4.712041884816753901e-01 6.509999999999999945e-04
-6.250000000000000000e+01 4.712041884816753901e-01 6.509999999999999945e-04
-6.250000000000000000e+01 1.413612565445026226e+00 1.435000000000000078e-03
-6.250000000000000000e+01 2.356020942408377117e+00 3.559000000000000098e-03
-6.250000000000000000e+01 3.298429319371727786e+00 0.000000000000000000e+00
-6.125000000000000000e+01 -1.837696335078534560e+01 1.692230000000000123e-01
-6.125000000000000000e+01 -1.743455497382199582e+01 1.236960000000000004e-01
-6.125000000000000000e+01 -1.649214659685864603e+01 1.528039999999999954e-01
-6.125000000000000000e+01 -1.554973821989529448e+01 1.528039999999999954e-01
-6.125000000000000000e+01 -1.460732984293194114e+01 2.664800000000000155e-02
-6.125000000000000000e+01 -1.366492146596859136e+01 3.748699999999999949e-02
-6.125000000000000000e+01 -1.272251308900523981e+01 6.036730000000000151e-01
-6.125000000000000000e+01 -1.178010471204188825e+01 7.337169999999999526e-01
-6.125000000000000000e+01 -1.083769633507853669e+01 4.072200000000000264e-01
-6.125000000000000000e+01 -9.895287958115185134e+00 2.196240000000000137e-01
-6.125000000000000000e+01 -8.952879581151833577e+00 3.284600000000000020e-02
-6.125000000000000000e+01 -8.010471204188482020e+00 4.208599999999999841e-02
-6.125000000000000000e+01 -7.068062827225130462e+00 9.988999999999999616e-03
-6.125000000000000000e+01 -6.125654450261779793e+00 3.928899999999999754e-02
-6.125000000000000000e+01 -5.183246073298429124e+00 2.548500000000000071e-02
-6.125000000000000000e+01 -4.240837696335078455e+00 1.023030000000000050e-01
-6.125000000000000000e+01 -3.298429319371727786e+00 1.475490000000000135e-01
-6.125000000000000000e+01 -2.356020942408377117e+00 1.649999999999999991e-03
-6.125000000000000000e+01 -1.413612565445026226e+00 3.020000000000000115e-03
-6.125000000000000000e+01 -4.712041884816753901e-01 1.022919999999999940e-01
-6.125000000000000000e+01 4.712041884816753901e-01 1.022919999999999940e-01
-6.125000000000000000e+01 1.413612565445026226e+00 1.095580000000000026e-01
-6.125000000000000000e+01 2.356020942408377117e+00 4.430339999999999834e-01
-6.125000000000000000e+01 3.298429319371727786e+00 2.070700000000000041e-01
-6.125000000000000000e+01 4.240837696335078455e+00 1.930899999999999977e-02
-6.000000000000000000e+01 -1.554973821989529448e+01 8.835300000000000098e-02
-6.000000000000000000e+01 -1.460732984293194114e+01 3.727550000000000030e-01
-6.000000000000000000e+01 -1.366492146596859136e+01 3.909830000000000250e-01
-6.000000000000000000e+01 -1.272251308900523981e+01 3.378459999999999797e-01
-6.000000000000000000e+01 -1.178010471204188825e+01 1.058110000000000023e-01
-6.000000000000000000e+01 -1.083769633507853669e+01 1.132999999999999893e-03
-6.000000000000000000e+01 -9.895287958115185134e+00 5.229099999999999721e-02
-6.000000000000000000e+01 -8.952879581151833577e+00 5.904000000000000394e-03
-6.000000000000000000e+01 -8.010471204188482020e+00 0.000000000000000000e+00
-6.000000000000000000e+01 -7.068062827225130462e+00 1.815160000000000107e-01
-6.000000000000000000e+01 -6.125654450261779793e+00 1.841699999999999934e-02
-6.000000000000000000e+01 -5.183246073298429124e+00 2.446699999999999917e-02
-6.000000000000000000e+01 -4.240837696335078455e+00 2.711100000000000176e-01
-6.000000000000000000e+01 -3.298429319371727786e+00 5.783270000000000355e-01
-6.000000000000000000e+01 -2.356020942408377117e+00 3.964710000000000178e-01
-6.000000000000000000e+01 -1.413612565445026226e+00 9.308700000000000307e-02
-6.000000000000000000e+01 -4.712041884816753901e-01 3.098100000000000159e-02
-6.000000000000000000e+01 4.712041884816753901e-01 3.098100000000000159e-02
-6.000000000000000000e+01 1.413612565445026226e+00 5.164600000000000302e-01
-6.000000000000000000e+01 2.356020942408377117e+00 8.322499999999999343e-02
-6.000000000000000000e+01 3.298429319371727786e+00 8.529399999999999482e-02
-6.000000000000000000e+01 4.240837696335078455e+00 1.091600000000000036e-02
-6.000000000000000000e+01 5.183246073298429124e+00 1.274999999999999918e-02
-5.875000000000000000e+01 -1.366492146596859136e+01 3.834900000000000114e-02
-5.875000000000000000e+01 -1.272251308900523981e+01 3.468000000000000162e-03
-5.875000000000000000e+01 -1.178010471204188825e+01 1.854979999999999962e-01
-5.875000000000000000e+01 -1.083769633507853669e+01 4.009159999999999946e-01
-5.875000000000000000e+01 -9.895287958115185134e+00 1.845680000000000098e-01
-5.875000000000000000e+01 -8.952879581151833577e+00 3.665399999999999908e-02
-5.875000000000000000e+01 -8.010471204188482020e+00 2.400000000000000061e-04
-5.875000000000000000e+01 -7.068062827225130462e+00 3.506499999999999895e-02
-5.875000000000000000e+01 -6.125654450261779793e+00 5.649999999999999641e-04
-5.875000000000000000e+01 -5.183246073298429124e+00 1.229000000000000058e-03
-5.875000000000000000e+01 -4.240837696335078455e+00 1.758790000000000076e-01
-5.875000000000000000e+01 -3.298429319371727786e+00 5.619579999999999576e-01
-5.875000000000000000e+01 -2.356020942408377117e+00 5.795499999999999957e-02
-5.875000000000000000e+01 -1.413612565445026226e+00 4.889999999999999599e-04
-5.875000000000000000e+01 -4.712041884816753901e-01 0.000000000000000000e+00
-5.875000000000000000e+01 4.712041884816753901e-01 0.000000000000000000e+00
-5.750000000000000000e+01 -1.366492146596859136e+01 4.879200000000000204e-02
-5.750000000000000000e+01 -1.272251308900523981e+01 5.579400000000000331e-02
-5.750000000000000000e+01 -1.178010471204188825e+01 4.582040000000000002e-01
-5.750000000000000000e+01 -1.083769633507853669e+01 3.666389999999999927e-01
-5.750000000000000000e+01 -9.895287958115185134e+00 2.190620000000000067e-01
-5.750000000000000000e+01 -8.952879581151833577e+00 1.817699999999999871e-02
-5.750000000000000000e+01 -8.010471204188482020e+00 1.814999999999999990e-03
-5.750000000000000000e+01 -7.068062827225130462e+00 3.559999999999999797e-03
-5.750000000000000000e+01 -6.125654450261779793e+00 5.754700000000000093e-02
-5.750000000000000000e+01 -5.183246073298429124e+00 1.631999999999999987e-03
-5.750000000000000000e+01 -4.240837696335078455e+00 6.792900000000000327e-02
-5.750000000000000000e+01 -3.298429319371727786e+00 3.321259999999999768e-01
-5.750000000000000000e+01 -2.356020942408377117e+00 3.971700000000000230e-02
-5.750000000000000000e+01 -1.413612565445026226e+00 7.163000000000000096e-03
-5.750000000000000000e+01 -4.712041884816753901e-01 0.000000000000000000e+00
-5.750000000000000000e+01 4.712041884816753901e-01 0.000000000000000000e+00
-5.750000000000000000e+01 1.413612565445026226e+00 8.100000000000000375e-05
-5.625000000000000000e+01 -1.366492146596859136e+01 2.961239999999999983e-01
-5.625000000000000000e+01 -1.272251308900523981e+01 3.145279999999999743e-01
-5.625000000000000000e+01 -1.178010471204188825e+01 6.703949999999999632e-01
-5.625000000000000000e+01 -1.083769633507853669e+01 4.633909999999999973e-01
-5.625000000000000000e+01 -9.895287958115185134e+00 7.951240000000000530e-01
-5.625000000000000000e+01 -8.952879581151833577e+00 3.883999999999999952e-02
-5.625000000000000000e+01 -8.010471204188482020e+00 3.507999999999999834e-03
-5.625000000000000000e+01 -7.068062827225130462e+00 5.034000000000000280e-02
-5.625000000000000000e+01 -6.125654450261779793e+00 1.237169999999999936e-01
-5.625000000000000000e+01 -5.183246073298429124e+00 2.471500000000000086e-01
-5.625000000000000000e+01 -4.240837696335078455e+00 3.805419999999999914e-01
-5.625000000000000000e+01 -3.298429319371727786e+00 3.495600000000000096e-02
-5.625000000000000000e+01 -2.356020942408377117e+00 3.628390000000000226e-01
-5.625000000000000000e+01 -1.413612565445026226e+00 2.534300000000000094e-02
-5.625000000000000000e+01 -4.712041884816753901e-01 8.000000000000000654e-05
-5.625000000000000000e+01 4.712041884816753901e-01 8.000000000000000654e-05
-5.625000000000000000e+01 1.413612565445026226e+00 0.000000000000000000e+00
-5.500000000000000000e+01 -1.460732984293194114e+01 1.805289999999999950e-01
-5.500000000000000000e+01 -1.366492146596859136e+01 4.296900000000000025e-02
-5.500000000000000000e+01 -1.272251308900523981e+01 3.920549999999999868e-01
-5.500000000000000000e+01 -1.178010471204188825e+01 6.564889999999999892e-01
-5.500000000000000000e+01 -1.083769633507853669e+01 7.561430000000000096e-01
-5.500000000000000000e+01 -9.895287958115185134e+00 7.410240000000000160e-01
-5.500000000000000000e+01 -8.952879581151833577e+00 7.050599999999999923e-02
-5.500000000000000000e+01 -8.010471204188482020e+00 1.817219999999999946e-01
-5.500000000000000000e+01 -7.068062827225130462e+00 2.047100000000000031e-01
-5.500000000000000000e+01 -6.125654450261779793e+00 1.499200000000000012e-02
-5.500000000000000000e+01 -5.183246073298429124e+00 1.201000000000000028e-03
-5.500000000000000000e+01 -4.240837696335078455e+00 3.411989999999999745e-01
-5.500000000000000000e+01 -3.298429319371727786e+00 4.917540000000000244e-01
-5.500000000000000000e+01 -2.356020942408377117e+00 5.697699999999999987e-01
-5.500000000000000000e+01 -1.413612565445026226e+00 1.685299999999999992e-02
-5.500000000000000000e+01 -4.712041884816753901e-01 2.420000000000000005e-04
-5.500000000000000000e+01 4.712041884816753901e-01 2.420000000000000005e-04
-5.500000000000000000e+01 1.413612565445026226e+00 2.420000000000000005e-04
-5.500000000000000000e+01 2.356020942408377117e+00 5.760000000000000146e-04
-5.375000000000000000e+01 -1.460732984293194114e+01 4.079999999999999968e-04
-5.375000000000000000e+01 -1.366492146596859136e+01 4.057000000000000189e-02
-5.375000000000000000e+01 -1.272251308900523981e+01 2.024650000000000061e-01
-5.375000000000000000e+01 -1.178010471204188825e+01 1.478829999999999867e-01
-5.375000000000000000e+01 -1.083769633507853669e+01 2.427459999999999896e-01
-5.375000000000000000e+01 -9.895287958115185134e+00 3.221729999999999872e-01
-5.375000000000000000e+01 -8.952879581151833577e+00 9.185000000000000456e-03
-5.375000000000000000e+01 -8.010471204188482020e+00 8.000000000000000654e-05
-5.375000000000000000e+01 -7.068062827225130462e+00 2.101000000000000003e-03
-5.375000000000000000e+01 -6.125654450261779793e+00 6.347000000000000211e-03
-5.375000000000000000e+01 -5.183246073298429124e+00 3.246999999999999886e-03
-5.375000000000000000e+01 -4.240837696335078455e+00 3.437500000000000000e-01
-5.375000000000000000e+01 -3.298429319371727786e+00 3.118879999999999986e-01
-5.375000000000000000e+01 -2.356020942408377117e+00 4.635259999999999936e-01
-5.375000000000000000e+01 -1.413612565445026226e+00 7.207600000000000118e-02
-5.375000000000000000e+01 -4.712041884816753901e-01 9.719999999999999907e-04
-5.375000000000000000e+01 4.712041884816753901e-01 9.719999999999999907e-04
-5.375000000000000000e+01 1.413612565445026226e+00 1.217999999999999899e-03
-5.375000000000000000e+01 2.356020942408377117e+00 1.054000000000000032e-03
-5.250000000000000000e+01 -1.366492146596859136e+01 1.280700000000000068e-02
-5.250000000000000000e+01 -1.272251308900523981e+01 2.141409999999999980e-01
-5.250000000000000000e+01 -1.178010471204188825e+01 1.130680000000000018e-01
-5.250000000000000000e+01 -1.083769633507853669e+01 2.830509999999999970e-01
-5.250000000000000000e+01 -9.895287958115185134e+00 9.136299999999999977e-02
-5.250000000000000000e+01 -8.952879581151833577e+00 5.699999999999999772e-04
-5.250000000000000000e+01 -8.010471204188482020e+00 1.825000000000000016e-03
-5.250000000000000000e+01 -7.068062827225130462e+00 1.878099999999999908e-02
-5.250000000000000000e+01 -6.125654450261779793e+00 4.108599999999999752e-02
-5.250000000000000000e+01 -5.183246073298429124e+00 1.755000000000000050e-03
-5.250000000000000000e+01 -4.240837696335078455e+00 1.113019999999999982e-01
-5.250000000000000000e+01 -3.298429319371727786e+00 2.895409999999999928e-01
-5.250000000000000000e+01 -2.356020942408377117e+00 3.442300000000000221e-02
-5.250000000000000000e+01 -1.413612565445026226e+00 3.299830000000000263e-01
-5.250000000000000000e+01 -4.712041884816753901e-01 1.585400000000000004e-02
-5.250000000000000000e+01 4.712041884816753901e-01 1.585400000000000004e-02
-5.125000000000000000e+01 -8.952879581151833577e+00 5.564059999999999562e-01
-5.125000000000000000e+01 -8.010471204188482020e+00 4.107040000000000135e-01
-5.125000000000000000e+01 -7.068062827225130462e+00 4.611990000000000256e-01
-5.125000000000000000e+01 -5.183246073298429124e+00 1.847100000000000131e-01
-5.125000000000000000e+01 -4.240837696335078455e+00 3.277729999999999810e-01
-5.125000000000000000e+01 -3.298429319371727786e+00 3.491699999999999804e-01
-5.125000000000000000e+01 -2.356020942408377117e+00 1.085760000000000058e-01
-5.000000000000000000e+01 -3.298429319371727786e+00 5.244619999999999838e-01
