-7.875000000000000000e+01 -6.125654450261779793e+00 5.142149999999999777e-01
-7.875000000000000000e+01 -5.183246073298429124e+00 2.523119999999999807e-01
-7.875000000000000000e+01 -4.240837696335078455e+00 3.982829999999999981e-01
-7.875000000000000000e+01 -3.298429319371727786e+00 4.916099999999999914e-01
-7.875000000000000000e+01 -2.356020942408377117e+00 0.000000000000000000e+00
-7.875000000000000000e+01 -1.413612565445026226e+00 0.000000000000000000e+00
-7.750000000000000000e+01 -8.952879581151833577e+00 1.897490000000000010e-01
-7.750000000000000000e+01 -8.010471204188482020e+00 1.435049999999999937e-01
-7.750000000000000000e+01 -7.068062827225130462e+00 2.966509999999999980e-01
-7.750000000000000000e+01 -6.125654450261779793e+00 5.849400000000000155e-01
-7.750000000000000000e+01 -5.183246073298429124e+00 1.896410000000000040e-01
-7.750000000000000000e+01 -4.240837696335078455e+00 6.536100000000000243e-02
-7.750000000000000000e+01 -3.298429319371727786e+00 4.010520000000000196e-01
-7.750000000000000000e+01 -2.356020942408377117e+00 2.949399999999999800e-01
-7.750000000000000000e+01 -1.413612565445026226e+00 3.681039999999999868e-01
-7.750000000000000000e+01 -4.712041884816753901e-01 2.119369999999999865e-01
-7.750000000000000000e+01 4.712041884816753901e-01 2.119369999999999865e-01
-7.625000000000000000e+01 -1.083769633507853669e+01 6.914800000000000113e-02
-7.625000000000000000e+01 -9.895287958115185134e+00 1.378489999999999993e-01
-7.625000000000000000e+01 -8.952879581151833577e+00 4.614820000000000033e-01
-7.625000000000000000e+01 -8.010471204188482020e+00 1.812870000000000037e-01
-7.625000000000000000e+01 -7.068062827225130462e+00 3.226439999999999864e-01
-7.625000000000000000e+01 -6.125654450261779793e+00 4.622339999999999782e-01
-7.625000000000000000e+01 -5.183246073298429124e+00 4.880899999999999822e-02
-7.625000000000000000e+01 -4.240837696335078455e+00 1.472000000000000001e-03
-7.625000000000000000e+01 -3.298429319371727786e+00 3.983000000000000429e-03
-7.625000000000000000e+01 -2.356020942408377117e+00 2.553000000000000148e-03
-7.625000000000000000e+01 -1.413612565445026226e+00 2.611000000000000040e-03
-7.625000000000000000e+01 -4.712041884816753901e-01 8.517700000000000271e-02
-7.625000000000000000e+01 4.712041884816753901e-01 8.517700000000000271e-02
-7.625000000000000000e+01 1.413612565445026226e+00 8.793889999999999763e-01
-7.500000000000000000e+01 -1.366492146596859136e+01 7.814200000000000312e-02
-7.500000000000000000e+01 -1.272251308900523981e+01 1.417779999999999874e-01
-7.500000000000000000e+01 -1.178010471204188825e+01 1.241629999999999956e-01
-7.500000000000000000e+01 -1.083769633507853669e+01 3.925890000000000213e-01
-7.500000000000000000e+01 -9.895287958115185134e+00 1.960570000000000090e-01
-7.500000000000000000e+01 -8.952879581151833577e+00 5.108249999999999735e-01
-7.500000000000000000e+01 -8.010471204188482020e+00 2.616350000000000064e-01
-7.500000000000000000e+01 -7.068062827225130462e+00 3.560399999999999676e-02
-7.500000000000000000e+01 -6.125654450261779793e+00 6.070300000000000001e-02
-7.500000000000000000e+01 -5.183246073298429124e+00 4.566900000000000126e-02
-7.500000000000000000e+01 -4.240837696335078455e+00 2.003299999999999872e-02
-7.500000000000000000e+01 -3.298429319371727786e+00 2.305999999999999890e-03
-7.500000000000000000e+01 -2.356020942408377117e+00 6.376999999999999856e-03
-7.500000000000000000e+01 -1.413612565445026226e+00 5.597000000000000412e-03
-7.500000000000000000e+01 -4.712041884816753901e-01 3.143399999999999667e-02
-7.500000000000000000e+01 4.712041884816753901e-01 3.143399999999999667e-02
-7.500000000000000000e+01 1.413612565445026226e+00 6.189860000000000362e-01
-7.500000000000000000e+01 2.356020942408377117e+00 9.242620000000000280e-01
-7.375000000000000000e+01 -1.460732984293194114e+01 0.000000000000000000e+00
-7.375000000000000000e+01 -1.366492146596859136e+01 1.302490000000000037e-01
-7.375000000000000000e+01 -1.272251308900523981e+01 8.983800000000000119e-02
-7.375000000000000000e+01 -1.178010471204188825e+01 9.767299999999999593e-02
-7.375000000000000000e+01 -1.083769633507853669e+01 1.045100000000000057e-01
-7.375000000000000000e+01 -9.895287958115185134e+00 5.654499999999999804e-02
-7.375000000000000000e+01 -8.952879581151833577e+00 9.606699999999999962e-02
-7.375000000000000000e+01 -8.010471204188482020e+00 1.607069999999999887e-01
-7.375000000000000000e+01 -7.068062827225130462e+00 5.603500000000000147e-02
-7.375000000000000000e+01 -6.125654450261779793e+00 2.464699999999999877e-02
-7.375000000000000000e+01 -5.183246073298429124e+00 7.177999999999999658e-02
-7.375000000000000000e+01 -4.240837696335078455e+00 2.272499999999999867e-02
-7.375000000000000000e+01 -3.298429319371727786e+00 7.262000000000000226e-03
-7.375000000000000000e+01 -2.356020942408377117e+00 5.409999999999999878e-03
-7.375000000000000000e+01 -1.413612565445026226e+00 1.388729999999999964e-01
-7.375000000000000000e+01 -4.712041884816753901e-01 2.467000000000000009e-03
-7.375000000000000000e+01 4.712041884816753901e-01 2.467000000000000009e-03
-7.375000000000000000e+01 1.413612565445026226e+00 4.019299999999999956e-02
-7.250000000000000000e+01 -1.460732984293194114e+01 5.432000000000000196e-03
-7.250000000000000000e+01 -1.366492146596859136e+01 1.374849999999999961e-01
-7.250000000000000000e+01 -1.272251308900523981e+01 1.774930000000000119e-01
-7.250000000000000000e+01 -1.178010471204188825e+01 4.374800000000000216e-02
-7.250000000000000000e+01 -1.083769633507853669e+01 6.879999999999999831e-03
-7.250000000000000000e+01 -9.895287958115185134e+00 0.000000000000000000e+00
-7.250000000000000000e+01 -8.952879581151833577e+00 1.094000000000000007e-02
-7.250000000000000000e+01 -8.010471204188482020e+00 4.650839999999999974e-01
-7.250000000000000000e+01 -7.068062827225130462e+00 1.688129999999999908e-01
-7.250000000000000000e+01 -6.125654450261779793e+00 9.730000000000000151e-04
-7.250000000000000000e+01 -5.183246073298429124e+00 9.737000000000000863e-03
-7.250000000000000000e+01 -4.240837696335078455e+00 1.123389999999999944e-01
-7.250000000000000000e+01 -3.298429319371727786e+00 2.123999999999999846e-02
-7.250000000000000000e+01 -2.356020942408377117e+00 7.773700000000000054e-02
-7.250000000000000000e+01 -1.413612565445026226e+00 2.376400000000000040e-02
-7.250000000000000000e+01 -4.712041884816753901e-01 6.908000000000000078e-03
-7.250000000000000000e+01 4.712041884816753901e-01 6.908000000000000078e-03
-7.250000000000000000e+01 1.413612565445026226e+00 1.020399999999999953e-02
-7.125000000000000000e+01 -1.460732984293194114e+01 9.079900000000000471e-02
-7.125000000000000000e+01 -1.366492146596859136e+01 2.439500000000000002e-02
-7.125000000000000000e+01 -1.272251308900523981e+01 2.251700000000000090e-01
-7.125000000000000000e+01 -1.178010471204188825e+01 0.000000000000000000e+00
-7.125000000000000000e+01 -1.083769633507853669e+01 0.000000000000000000e+00
-7.125000000000000000e+01 -9.895287958115185134e+00 6.791000000000000161e-03
-7.125000000000000000e+01 -8.952879581151833577e+00 1.000810000000000033e-01
-7.125000000000000000e+01 -8.010471204188482020e+00 5.977360000000000451e-01
-7.125000000000000000e+01 -7.068062827225130462e+00 4.371799999999999992e-02
-7.125000000000000000e+01 -6.125654450261779793e+00 4.655000000000000283e-03
-7.125000000000000000e+01 -5.183246073298429124e+00 2.429999999999999977e-04
-7.125000000000000000e+01 -4.240837696335078455e+00 3.831500000000000183e-02
-7.125000000000000000e+01 -3.298429319371727786e+00 3.190000000000000019e-04
-7.125000000000000000e+01 -2.356020942408377117e+00 5.039600000000000329e-02
-7.125000000000000000e+01 -1.413612565445026226e+00 3.592000000000000141e-03
-7.125000000000000000e+01 -4.712041884816753901e-01 0.000000000000000000e+00
-7.125000000000000000e+01 4.712041884816753901e-01 0.000000000000000000e+00
-7.125000000000000000e+01 1.413612565445026226e+00 1.182470000000000049e-01
-7.000000000000000000e+01 -1.366492146596859136e+01 8.673000000000000154e-03
-7.000000000000000000e+01 -1.272251308900523981e+01 4.072890000000000121e-01
-7.000000000000000000e+01 -1.178010471204188825e+01 7.067800000000000471e-02
-7.000000000000000000e+01 -1.083769633507853669e+01 3.594809999999999950e-01
-7.000000000000000000e+01 -9.895287958115185134e+00 3.251099999999999823e-02
-7.000000000000000000e+01 -8.952879581151833577e+00 2.823809999999999931e-01
-7.000000000000000000e+01 -8.010471204188482020e+00 4.062299999999999800e-01
-7.000000000000000000e+01 -7.068062827225130462e+00 4.887500000000000178e-02
-7.000000000000000000e+01 -6.125654450261779793e+00 1.861000000000000024e-03
-7.000000000000000000e+01 -5.183246073298429124e+00 8.040000000000000271e-04
-7.000000000000000000e+01 -4.240837696335078455e+00 1.406090000000000118e-01
-7.000000000000000000e+01 -3.298429319371727786e+00 8.353099999999999414e-02
-7.000000000000000000e+01 -2.356020942408377117e+00 3.225000000000000089e-02
-7.000000000000000000e+01 -1.413612565445026226e+00 4.301300000000000262e-02
-7.000000000000000000e+01 -4.712041884816753901e-01 1.220300000000000031e-02
-7.000000000000000000e+01 4.712041884816753901e-01 1.220300000000000031e-02
-7.000000000000000000e+01 1.413612565445026226e+00 8.932999999999999968e-03
-6.875000000000000000e+01 -1.554973821989529448e+01 6.769999999999999759e-04
-6.875000000000000000e+01 -1.460732984293194114e+01 4.104499999999999815e-02
-6.875000000000000000e+01 -1.366492146596859136e+01 1.582499999999999879e-02
-6.875000000000000000e+01 -1.272251308900523981e+01 1.325669999999999904e-01
-6.875000000000000000e+01 -1.178010471204188825e+01 4.062549999999999772e-01
-6.875000000000000000e+01 -1.083769633507853669e+01 6.458439999999999737e-01
-6.875000000000000000e+01 -9.895287958115185134e+00 1.292750000000000010e-01
-6.875000000000000000e+01 -8.952879581151833577e+00 5.028629999999999489e-01
-6.875000000000000000e+01 -8.010471204188482020e+00 1.409499999999999989e-02
-6.875000000000000000e+01 -7.068062827225130462e+00 2.047999999999999907e-03
-6.875000000000000000e+01 -6.125654450261779793e+00 1.129999999999999928e-03
-6.875000000000000000e+01 -5.183246073298429124e+00 4.840000000000000010e-04
-6.875000000000000000e+01 -4.240837696335078455e+00 4.423999999999999981e-03
-6.875000000000000000e+01 -3.298429319371727786e+00 7.030999999999999923e-03
-6.875000000000000000e+01 -2.356020942408377117e+00 6.226999999999999896e-03
-6.875000000000000000e+01 -1.413612565445026226e+00 1.217200000000000053e-02
-6.875000000000000000e+01 -4.712041884816753901e-01 1.129100000000000069e-02
-6.875000000000000000e+01 4.712041884816753901e-01 1.129100000000000069e-02
-6.875000000000000000e+01 1.413612565445026226e+00 1.681200000000000055e-02
-6.875000000000000000e+01 2.356020942408377117e+00 6.131000000000000165e-03
-6.750000000000000000e+01 -1.649214659685864603e+01 3.098690000000000055e-01
-6.750000000000000000e+01 -1.554973821989529448e+01 3.098690000000000055e-01
-6.750000000000000000e+01 -1.460732984293194114e+01 1.628429999999999878e-01
-6.750000000000000000e+01 -1.366492146596859136e+01 1.247059999999999974e-01
-6.750000000000000000e+01 -1.272251308900523981e+01 2.044899999999999843e-02
-6.750000000000000000e+01 -1.178010471204188825e+01 2.094199999999999881e-02
-6.750000000000000000e+01 -1.083769633507853669e+01 4.392249999999999766e-01
-6.750000000000000000e+01 -9.895287958115185134e+00 8.267400000000000304e-01
-6.750000000000000000e+01 -8.952879581151833577e+00 2.681520000000000015e-01
-6.750000000000000000e+01 -8.010471204188482020e+00 2.955999999999999860e-03
-6.750000000000000000e+01 -7.068062827225130462e+00 8.919999999999999978e-04
-6.750000000000000000e+01 -6.125654450261779793e+00 7.254000000000000031e-03
-6.750000000000000000e+01 -5.183246073298429124e+00 1.128000000000000096e-03
-6.750000000000000000e+01 -4.240837696335078455e+00 8.059999999999999673e-04
-6.750000000000000000e+01 -3.298429319371727786e+00 1.710400000000000115e-02
-6.750000000000000000e+01 -2.356020942408377117e+00 3.310000000000000225e-04
-6.750000000000000000e+01 -1.413612565445026226e+00 8.000000000000000654e-05
-6.750000000000000000e+01 -4.712041884816753901e-01 8.989999999999999511e-04
-6.750000000000000000e+01 4.712041884816753901e-01 8.989999999999999511e-04
-6.750000000000000000e+01 1.413612565445026226e+00 6.081999999999999733e-03
-6.750000000000000000e+01 2.356020942408377117e+00 1.283000000000000069e-03
-6.625000000000000000e+01 -1.837696335078534560e+01 8.382100000000000661e-02
-6.625000000000000000e+01 -1.743455497382199582e+01 2.816549999999999887e-01
-6.625000000000000000e+01 -1.649214659685864603e+01 1.786999999999999960e-03
-6.625000000000000000e+01 -1.554973821989529448e+01 1.786999999999999960e-03
-6.625000000000000000e+01 -1.460732984293194114e+01 1.849599999999999855e-02
-6.625000000000000000e+01 -1.366492146596859136e+01 1.134000000000000025e-03
-6.625000000000000000e+01 -1.272251308900523981e+01 0.000000000000000000e+00
-6.625000000000000000e+01 -1.178010471204188825e+01 1.422499999999999980e-02
-6.625000000000000000e+01 -1.083769633507853669e+01 2.069960000000000133e-01
-6.625000000000000000e+01 -9.895287958115185134e+00 2.557949999999999946e-01
-6.625000000000000000e+01 -8.952879581151833577e+00 2.060659999999999992e-01
-6.625000000000000000e+01 -8.010471204188482020e+00 2.295000000000000165e-03
-6.625000000000000000e+01 -7.068062827225130462e+00 8.109999999999999805e-04
-6.625000000000000000e+01 -6.125654450261779793e+00 1.610000000000000103e-04
-6.625000000000000000e+01 -5.183246073298429124e+00 3.260000000000000094e-04
-6.625000000000000000e+01 -4.240837696335078455e+00 3.696000000000000067e-03
-6.625000000000000000e+01 -3.298429319371727786e+00 1.789900000000000171e-02
-6.625000000000000000e+01 -2.356020942408377117e+00 6.369999999999999794e-03
-6.625000000000000000e+01 -1.413612565445026226e+00 0.000000000000000000e+00
-6.625000000000000000e+01 -4.712041884816753901e-01 2.425000000000000072e-03
-6.625000000000000000e+01 4.712041884816753901e-01 2.425000000000000072e-03
-6.625000000000000000e+01 1.413612565445026226e+00 9.654699999999999394e-02
-6.625000000000000000e+01 2.356020942408377117e+00 1.353900000000000103e-01
-6.500000000000000000e+01 -1.837696335078534560e+01 2.526099999999999873e-02
-6.500000000000000000e+01 -1.743455497382199582e+01 5.115199999999999747e-01
-6.500000000000000000e+01 -1.649214659685864603e+01 7.308900000000000119e-02
-6.500000000000000000e+01 -1.554973821989529448e+01 7.308900000000000119e-02
-6.500000000000000000e+01 -1.460732984293194114e+01 1.439700000000000008e-02
-6.500000000000000000e+01 -1.366492146596859136e+01 1.035400000000000036e-02
-6.500000000000000000e+01 -1.272251308900523981e+01 2.824000000000000121e-03
-6.500000000000000000e+01 -1.178010471204188825e+01 1.026900000000000035e-02
-6.500000000000000000e+01 -1.083769633507853669e+01 2.158069999999999988e-01
-6.500000000000000000e+01 -9.895287958115185134e+00 6.921739999999999560e-01
-6.500000000000000000e+01 -8.952879581151833577e+00 1.799070000000000114e-01
-6.500000000000000000e+01 -8.010471204188482020e+00 8.189999999999999364e-03
-6.500000000000000000e+01 -7.068062827225130462e+00 6.548199999999999854e-02
-6.500000000000000000e+01 -6.125654450261779793e+00 1.147999999999999932e-03
-6.500000000000000000e+01 -5.183246073298429124e+00 1.402079999999999993e-01
-6.500000000000000000e+01 -4.240837696335078455e+00 3.491400000000000059e-02
-6.500000000000000000e+01 -3.298429319371727786e+00 8.032100000000000350e-02
-6.500000000000000000e+01 -2.356020942408377117e+00 4.329999999999999648e-03
-6.500000000000000000e+01 -1.413612565445026226e+00 1.791999999999999973e-03
-6.500000000000000000e+01 -4.712041884816753901e-01 7.742999999999999883e-03
-6.500000000000000000e+01 4.712041884816753901e-01 7.742999999999999883e-03
-6.500000000000000000e+01 1.413612565445026226e+00 2.658999999999999905e-03
-6.375000000000000000e+01 -2.026178010471204516e+01 8.333329999999999904e-01
-6.375000000000000000e+01 -1.931937172774869538e+01 3.446580000000000199e-01
-6.375000000000000000e+01 -1.837696335078534560e+01 1.557959999999999900e-01
-6.375000000000000000e+01 -1.743455497382199582e+01 6.056979999999999587e-01
-6.375000000000000000e+01 -1.649214659685864603e+01 7.183599999999999708e-02
-6.375000000000000000e+01 -1.554973821989529448e+01 7.183599999999999708e-02
-6.375000000000000000e+01 -1.460732984293194114e+01 4.835300000000000015e-02
-6.375000000000000000e+01 -1.366492146596859136e+01 4.129999999999999991e-03
-6.375000000000000000e+01 -1.272251308900523981e+01 3.510999999999999798e-03
-6.375000000000000000e+01 -1.178010471204188825e+01 2.310719999999999996e-01
-6.375000000000000000e+01 -1.083769633507853669e+01 6.397799999999999321e-02
-6.375000000000000000e+01 -9.895287958115185134e+00 5.486090000000000133e-01
-6.375000000000000000e+01 -8.952879581151833577e+00 8.363380000000000258e-01
-6.375000000000000000e+01 -8.010471204188482020e+00 4.945860000000000256e-01
-6.375000000000000000e+01 -7.068062827225130462e+00 2.016809999999999992e-01
-6.375000000000000000e+01 -6.125654450261779793e+00 4.970999999999999724e-03
-6.375000000000000000e+01 -5.183246073298429124e+00 4.957999999999999907e-02
-6.375000000000000000e+01 -4.240837696335078455e+00 1.995260000000000089e-01
-6.375000000000000000e+01 -3.298429319371727786e+00 5.107600000000000334e-02
-6.375000000000000000e+01 -2.356020942408377117e+00 3.249999999999999851e-04
-6.375000000000000000e+01 -1.413612565445026226e+00 2.589999999999999854e-03
-6.375000000000000000e+01 -4.712041884816753901e-01 2.542900000000000021e-02
-6.375000000000000000e+01 4.712041884816753901e-01 2.542900000000000021e-02
-6.375000000000000000e+01 1.413612565445026226e+00 9.954699999999999660e-02
-6.375000000000000000e+01 3.298429319371727786e+00 2.705099999999999866e-02
-6.250000000000000000e+01 -1.931937172774869538e+01 4.077410000000000201e-01
-6.250000000000000000e+01 -1.837696335078534560e+01 7.279860000000000220e-01
-6.250000000000000000e+01 -1.743455497382199582e+01 8.385740000000000416e-01
-6.250000000000000000e+01 -1.649214659685864603e+01 1.309510000000000118e-01
-6.250000000000000000e+01 -1.554973821989529448e+01 1.309510000000000118e-01
-6.250000000000000000e+01 -1.460732984293194114e+01 7.910999999999999630e-03
-6.250000000000000000e+01 -1.366492146596859136e+01 2.263999999999999953e-03
-6.250000000000000000e+01 -1.272251308900523981e+01 1.157999999999999958e-03
-6.250000000000000000e+01 -1.178010471204188825e+01 3.397209999999999952e-01
-6.250000000000000000e+01 -1.083769633507853669e+01 3.390340000000000020e-01
-6.250000000000000000e+01 -9.895287958115185134e+00 9.783610000000000362e-01
-6.250000000000000000e+01 -8.952879581151833577e+00 4.403920000000000057e-01
-6.250000000000000000e+01 -8.010471204188482020e+00 2.949990000000000112e-01
-6.250000000000000000e+01 -7.068062827225130462e+00 5.560610000000000275e-01
-6.250000000000000000e+01 -6.125654450261779793e+00 2.339420000000000111e-01
-6.250000000000000000e+01 -5.183246073298429124e+00 2.396000000000000126e-03
-6.250000000000000000e+01 -4.240837696335078455e+00 2.026499999999999968e-01
-6.250000000000000000e+01 -3.298429319371727786e+00 2.615500000000000116e-02
-6.250000000000000000e+01 -2.356020942408377117e+00 8.861000000000000820e-03
-6.250000000000000000e+01 -1.413612565445026226e+00 1.574699999999999989e-01
-6.250000000000000000e+01 -4.712041884816753901e-01 6.509999999999999945e-04
-6.250000000000000000e+01 4.712041884816753901e-01 6.509999999999999945e-04
-6.250000000000000000e+01 1.413612565445026226e+00 5.980000000000000072e-03
-6.250000000000000000e+01 2.356020942408377117e+00 1.391200000000000075e-02
-6.250000000000000000e+01 3.298429319371727786e+00 0.000000000000000000e+00
-6.125000000000000000e+01 -1.837696335078534560e+01 2.174329999999999874e-01
-6.125000000000000000e+01 -1.743455497382199582e+01 4.199419999999999820e-01
-6.125000000000000000e+01 -1.649214659685864603e+01 3.687409999999999854e-01
-6.125000000000000000e+01 -1.554973821989529448e+01 3.687409999999999854e-01
-6.125000000000000000e+01 -1.460732984293194114e+01 9.395799999999999985e-02
-6.125000000000000000e+01 -1.366492146596859136e+01 3.887199999999999683e-02
-6.125000000000000000e+01 -1.272251308900523981e+01 6.153220000000000356e-01
-6.125000000000000000e+01 -1.178010471204188825e+01 7.726499999999999480e-01
-6.125000000000000000e+01 -1.083769633507853669e+01 4.174889999999999990e-01
-6.125000000000000000e+01 -9.895287958115185134e+00 2.392479999999999885e-01
-6.125000000000000000e+01 -8.952879581151833577e+00 1.326160000000000116e-01
-6.125000000000000000e+01 -8.010471204188482020e+00 2.845300000000000051e-01
-6.125000000000000000e+01 -7.068062827225130462e+00 1.014179999999999943e-01
-6.125000000000000000e+01 -6.125654450261779793e+00 1.024430000000000063e-01
-6.125000000000000000e+01 -5.183246073298429124e+00 2.150100000000000067e-01
-6.125000000000000000e+01 -4.240837696335078455e+00 5.953260000000000218e-01
-6.125000000000000000e+01 -3.298429319371727786e+00 5.089960000000000040e-01
-6.125000000000000000e+01 -2.356020942408377117e+00 1.450399999999999953e-02
-6.125000000000000000e+01 -1.413612565445026226e+00 3.762299999999999672e-02
-6.125000000000000000e+01 -4.712041884816753901e-01 2.609600000000000253e-01
-6.125000000000000000e+01 4.712041884816753901e-01 2.609600000000000253e-01
-6.125000000000000000e+01 1.413612565445026226e+00 2.601289999999999991e-01
-6.125000000000000000e+01 2.356020942408377117e+00 6.182320000000000038e-01
-6.125000000000000000e+01 3.298429319371727786e+00 2.585020000000000095e-01
-6.125000000000000000e+01 4.240837696335078455e+00 3.625500000000000250e-02
-6.000000000000000000e+01 -1.554973821989529448e+01 9.763399999999999856e-02
-6.000000000000000000e+01 -1.460732984293194114e+01 4.000980000000000092e-01
-6.000000000000000000e+01 -1.366492146596859136e+01 4.284319999999999795e-01
-6.000000000000000000e+01 -1.272251308900523981e+01 3.625220000000000109e-01
-6.000000000000000000e+01 -1.178010471204188825e+01 1.192899999999999933e-01
-6.000000000000000000e+01 -1.083769633507853669e+01 1.132999999999999893e-03
-6.000000000000000000e+01 -9.895287958115185134e+00 5.444700000000000234e-02
-6.000000000000000000e+01 -8.952879581151833577e+00 5.904000000000000394e-03
-6.000000000000000000e+01 -8.010471204188482020e+00 7.209300000000000430e-02
-6.000000000000000000e+01 -7.068062827225130462e+00 6.853289999999999660e-01
-6.000000000000000000e+01 -6.125654450261779793e+00 1.343419999999999892e-01
-6.000000000000000000e+01 -5.183246073298429124e+00 1.300370000000000137e-01
-6.000000000000000000e+01 -4.240837696335078455e+00 6.690949999999999953e-01
-6.000000000000000000e+01 -3.298429319371727786e+00 8.026170000000000249e-01
-6.000000000000000000e+01 -2.356020942408377117e+00 7.910639999999999894e-01
-6.000000000000000000e+01 -1.413612565445026226e+00 3.812869999999999870e-01
-6.000000000000000000e+01 -4.712041884816753901e-01 1.314069999999999960e-01
-6.000000000000000000e+01 4.712041884816753901e-01 1.314069999999999960e-01
-6.000000000000000000e+01 1.413612565445026226e+00 7.440700000000000092e-01
-6.000000000000000000e+01 2.356020942408377117e+00 1.697760000000000102e-01
-6.000000000000000000e+01 3.298429319371727786e+00 1.372760000000000091e-01
-6.000000000000000000e+01 4.240837696335078455e+00 2.001299999999999954e-02
-6.000000000000000000e+01 5.183246073298429124e+00 1.357200000000000073e-02
-5.875000000000000000e+01 -1.366492146596859136e+01 5.121300000000000158e-02
-5.875000000000000000e+01 -1.272251308900523981e+01 4.676999999999999734e-03
-5.875000000000000000e+01 -1.178010471204188825e+01 2.015119999999999967e-01
-5.875000000000000000e+01 -1.083769633507853669e+01 4.085500000000000242e-01
-5.875000000000000000e+01 -9.895287958115185134e+00 3.500489999999999990e-01
-5.875000000000000000e+01 -8.952879581151833577e+00 7.445799999999999641e-02
-5.875000000000000000e+01 -8.010471204188482020e+00 1.365399999999999947e-02
-5.875000000000000000e+01 -7.068062827225130462e+00 5.187739999999999574e-01
-5.875000000000000000e+01 -6.125654450261779793e+00 7.127300000000000302e-02
-5.875000000000000000e+01 -5.183246073298429124e+00 3.360000000000000139e-03
-5.875000000000000000e+01 -4.240837696335078455e+00 4.022249999999999992e-01
-5.875000000000000000e+01 -3.298429319371727786e+00 8.636490000000000000e-01
-5.875000000000000000e+01 -2.356020942408377117e+00 3.843909999999999827e-01
-5.875000000000000000e+01 -1.413612565445026226e+00 1.614300000000000110e-02
-5.875000000000000000e+01 -4.712041884816753901e-01 3.305999999999999911e-03
-5.875000000000000000e+01 4.712041884816753901e-01 3.305999999999999911e-03
-5.750000000000000000e+01 -1.366492146596859136e+01 5.436599999999999766e-02
-5.750000000000000000e+01 -1.272251308900523981e+01 6.478299999999999337e-02
-5.750000000000000000e+01 -1.178010471204188825e+01 5.131430000000000158e-01
-5.750000000000000000e+01 -1.083769633507853669e+01 3.871749999999999914e-01
-5.750000000000000000e+01 -9.895287958115185134e+00 6.324180000000000357e-01
-5.750000000000000000e+01 -8.952879581151833577e+00 3.447100000000000164e-02
-5.750000000000000000e+01 -8.010471204188482020e+00 3.383000000000000156e-03
-5.750000000000000000e+01 -7.068062827225130462e+00 2.442300000000000026e-02
-5.750000000000000000e+01 -6.125654450261779793e+00 4.502430000000000043e-01
-5.750000000000000000e+01 -5.183246073298429124e+00 4.545500000000000235e-02
-5.750000000000000000e+01 -4.240837696335078455e+00 2.355569999999999886e-01
-5.750000000000000000e+01 -3.298429319371727786e+00 5.293080000000000007e-01
-5.750000000000000000e+01 -2.356020942408377117e+00 1.386789999999999967e-01
-5.750000000000000000e+01 -1.413612565445026226e+00 1.985999999999999918e-02
-5.750000000000000000e+01 -4.712041884816753901e-01 7.088999999999999468e-02
-5.750000000000000000e+01 4.712041884816753901e-01 7.088999999999999468e-02
-5.750000000000000000e+01 1.413612565445026226e+00 2.474760000000000015e-01
-5.625000000000000000e+01 -1.366492146596859136e+01 3.737249999999999739e-01
-5.625000000000000000e+01 -1.272251308900523981e+01 3.473769999999999913e-01
-5.625000000000000000e+01 -1.178010471204188825e+01 7.550860000000000349e-01
-5.625000000000000000e+01 -1.083769633507853669e+01 5.180219999999999825e-01
-5.625000000000000000e+01 -9.895287958115185134e+00 8.102270000000000305e-01
-5.625000000000000000e+01 -8.952879581151833577e+00 4.810999999999999999e-02
-5.625000000000000000e+01 -8.010471204188482020e+00 1.315400000000000076e-02
-5.625000000000000000e+01 -7.068062827225130462e+00 1.746300000000000074e-01
-5.625000000000000000e+01 -6.125654450261779793e+00 3.953130000000000255e-01
-5.625000000000000000e+01 -5.183246073298429124e+00 5.061909999999999465e-01
-5.625000000000000000e+01 -4.240837696335078455e+00 4.914669999999999872e-01
-5.625000000000000000e+01 -3.298429319371727786e+00 1.388439999999999952e-01
-5.625000000000000000e+01 -2.356020942408377117e+00 4.789430000000000076e-01
-5.625000000000000000e+01 -1.413612565445026226e+00 5.444700000000000234e-02
-5.625000000000000000e+01 -4.712041884816753901e-01 1.151300000000000066e-02
-5.625000000000000000e+01 4.712041884816753901e-01 1.151300000000000066e-02
-5.625000000000000000e+01 1.413612565445026226e+00 0.000000000000000000e+00
-5.500000000000000000e+01 -1.460732984293194114e+01 1.837709999999999899e-01
-5.500000000000000000e+01 -1.366492146596859136e+01 4.329899999999999721e-02
-5.500000000000000000e+01 -1.272251308900523981e+01 4.605940000000000034e-01
-5.500000000000000000e+01 -1.178010471204188825e+01 7.716039999999999566e-01
-5.500000000000000000e+01 -1.083769633507853669e+01 8.423800000000000177e-01
-5.500000000000000000e+01 -9.895287958115185134e+00 7.665549999999999864e-01
-5.500000000000000000e+01 -8.952879581151833577e+00 9.610699999999999799e-02
-5.500000000000000000e+01 -8.010471204188482020e+00 3.385110000000000063e-01
-5.500000000000000000e+01 -7.068062827225130462e+00 3.355879999999999974e-01
-5.500000000000000000e+01 -6.125654450261779793e+00 9.083600000000000008e-02
-5.500000000000000000e+01 -5.183246073298429124e+00 4.605200000000000266e-02
-5.500000000000000000e+01 -4.240837696335078455e+00 5.959339999999999637e-01
-5.500000000000000000e+01 -3.298429319371727786e+00 5.877200000000000202e-01
-5.500000000000000000e+01 -2.356020942408377117e+00 6.443210000000000326e-01
-5.500000000000000000e+01 -1.413612565445026226e+00 4.702699999999999936e-02
-5.500000000000000000e+01 -4.712041884816753901e-01 2.420000000000000005e-04
-5.500000000000000000e+01 4.712041884816753901e-01 2.420000000000000005e-04
-5.500000000000000000e+01 1.413612565445026226e+00 2.420000000000000005e-04
-5.500000000000000000e+01 2.356020942408377117e+00 5.760000000000000146e-04
-5.375000000000000000e+01 -1.460732984293194114e+01 4.079999999999999968e-04
-5.375000000000000000e+01 -1.366492146596859136e+01 4.145000000000000073e-02
-5.375000000000000000e+01 -1.272251308900523981e+01 2.136639999999999928e-01
-5.375000000000000000e+01 -1.178010471204188825e+01 2.071989999999999943e-01
-5.375000000000000000e+01 -1.083769633507853669e+01 2.836420000000000052e-01
-5.375000000000000000e+01 -9.895287958115185134e+00 3.524930000000000008e-01
-5.375000000000000000e+01 -8.952879581151833577e+00 1.337400000000000047e-02
-5.375000000000000000e+01 -8.010471204188482020e+00 8.000000000000000654e-05
-5.375000000000000000e+01 -7.068062827225130462e+00 2.101000000000000003e-03
-5.375000000000000000e+01 -6.125654450261779793e+00 6.347000000000000211e-03
-5.375000000000000000e+01 -5.183246073298429124e+00 3.327999999999999795e-03
-5.375000000000000000e+01 -4.240837696335078455e+00 5.641279999999999628e-01
-5.375000000000000000e+01 -3.298429319371727786e+00 6.471639999999999615e-01
-5.375000000000000000e+01 -2.356020942408377117e+00 4.970919999999999783e-01
-5.375000000000000000e+01 -1.413612565445026226e+00 1.121989999999999932e-01
-5.375000000000000000e+01 -4.712041884816753901e-01 9.719999999999999907e-04
-5.375000000000000000e+01 4.712041884816753901e-01 9.719999999999999907e-04
-5.375000000000000000e+01 1.413612565445026226e+00 1.217999999999999899e-03
-5.375000000000000000e+01 2.356020942408377117e+00 1.054000000000000032e-03
-5.250000000000000000e+01 -1.366492146596859136e+01 1.288800000000000015e-02
-5.250000000000000000e+01 -1.272251308900523981e+01 2.161659999999999970e-01
-5.250000000000000000e+01 -1.178010471204188825e+01 1.398540000000000061e-01
-5.250000000000000000e+01 -1.083769633507853669e+01 3.155319999999999792e-01
-5.250000000000000000e+01 -9.895287958115185134e+00 1.002050000000000024e-01
-5.250000000000000000e+01 -8.952879581151833577e+00 5.699999999999999772e-04
-5.250000000000000000e+01 -8.010471204188482020e+00 1.825000000000000016e-03
-5.250000000000000000e+01 -7.068062827225130462e+00 1.878099999999999908e-02
-5.250000000000000000e+01 -6.125654450261779793e+00 4.149599999999999816e-02
-5.250000000000000000e+01 -5.183246073298429124e+00 1.755000000000000050e-03
-5.250000000000000000e+01 -4.240837696335078455e+00 1.611130000000000062e-01
-5.250000000000000000e+01 -3.298429319371727786e+00 4.016259999999999830e-01
-5.250000000000000000e+01 -2.356020942408377117e+00 4.630399999999999794e-02
-5.250000000000000000e+01 -1.413612565445026226e+00 5.062520000000000353e-01
-5.250000000000000000e+01 -4.712041884816753901e-01 7.263600000000000612e-02
-5.250000000000000000e+01 4.712041884816753901e-01 7.263600000000000612e-02
-5.125000000000000000e+01 -8.952879581151833577e+00 5.962929999999999620e-01
-5.125000000000000000e+01 -8.010471204188482020e+00 4.196779999999999955e-01
-5.125000000000000000e+01 -7.068062827225130462e+00 4.634480000000000266e-01
-5.125000000000000000e+01 -5.183246073298429124e+00 1.905290000000000039e-01
-5.125000000000000000e+01 -4.240837696335078455e+00 3.560030000000000139e-01
-5.125000000000000000e+01 -3.298429319371727786e+00 5.440120000000000511e-01
-5.125000000000000000e+01 -2.356020942408377117e+00 1.453019999999999867e-01
-5.000000000000000000e+01 -3.298429319371727786e+00 6.835529999999999662e-01
