-7.875000000000000000e+01 -6.125654450261779793e+00 4.937810000000000255e-01
-7.875000000000000000e+01 -5.183246073298429124e+00 1.763329999999999897e-01
-7.875000000000000000e+01 -4.240837696335078455e+00 2.262840000000000129e-01
-7.875000000000000000e+01 -3.298429319371727786e+00 3.391649999999999943e-01
-7.875000000000000000e+01 -2.356020942408377117e+00 0.000000000000000000e+00
-7.875000000000000000e+01 -1.413612565445026226e+00 0.000000000000000000e+00
-7.750000000000000000e+01 -8.952879581151833577e+00 1.875680000000000125e-01
-7.750000000000000000e+01 -8.010471204188482020e+00 1.435049999999999937e-01
-7.750000000000000000e+01 -7.068062827225130462e+00 2.823789999999999911e-01
-7.750000000000000000e+01 -6.125654450261779793e+00 4.697810000000000041e-01
-7.750000000000000000e+01 -5.183246073298429124e+00 1.003789999999999960e-01
-7.750000000000000000e+01 -4.240837696335078455e+00 2.701999999999999888e-02
-7.750000000000000000e+01 -3.298429319371727786e+00 2.473279999999999923e-01
-7.750000000000000000e+01 -2.356020942408377117e+00 1.459920000000000107e-01
-7.750000000000000000e+01 -1.413612565445026226e+00 2.623639999999999861e-01
-7.750000000000000000e+01 -4.712041884816753901e-01 1.864520000000000066e-01
-7.750000000000000000e+01 4.712041884816753901e-01 1.864520000000000066e-01
-7.625000000000000000e+01 -1.083769633507853669e+01 6.071100000000000108e-02
-7.625000000000000000e+01 -9.895287958115185134e+00 1.238429999999999948e-01
-7.625000000000000000e+01 -8.952879581151833577e+00 3.313269999999999826e-01
-7.625000000000000000e+01 -8.010471204188482020e+00 8.398300000000000209e-02
-7.625000000000000000e+01 -7.068062827225130462e+00 1.867119999999999891e-01
-7.625000000000000000e+01 -6.125654450261779793e+00 2.406099999999999905e-01
-7.625000000000000000e+01 -5.183246073298429124e+00 4.002700000000000008e-02
-7.625000000000000000e+01 -4.240837696335078455e+00 1.472000000000000001e-03
-7.625000000000000000e+01 -3.298429319371727786e+00 3.983000000000000429e-03
-7.625000000000000000e+01 -2.356020942408377117e+00 2.553000000000000148e-03
-7.625000000000000000e+01 -1.413612565445026226e+00 2.611000000000000040e-03
-7.625000000000000000e+01 -4.712041884816753901e-01 5.311099999999999849e-02
-7.625000000000000000e+01 4.712041884816753901e-01 5.311099999999999849e-02
-7.625000000000000000e+01 1.413612565445026226e+00 5.973739999999999606e-01
-7.500000000000000000e+01 -1.366492146596859136e+01 7.814200000000000312e-02
-7.500000000000000000e+01 -1.272251308900523981e+01 1.417779999999999874e-01
-7.500000000000000000e+01 -1.178010471204188825e+01 1.237540000000000029e-01
-7.500000000000000000e+01 -1.083769633507853669e+01 2.996690000000000187e-01
-7.500000000000000000e+01 -9.895287958115185134e+00 1.391449999999999909e-01
-7.500000000000000000e+01 -8.952879581151833577e+00 3.515659999999999896e-01
-7.500000000000000000e+01 -8.010471204188482020e+00 1.948290000000000022e-01
-7.500000000000000000e+01 -7.068062827225130462e+00 3.468899999999999761e-02
-7.500000000000000000e+01 -6.125654450261779793e+00 6.070300000000000001e-02
-7.500000000000000000e+01 -5.183246073298429124e+00 4.566900000000000126e-02
-7.500000000000000000e+01 -4.240837696335078455e+00 2.003299999999999872e-02
-7.500000000000000000e+01 -3.298429319371727786e+00 2.305999999999999890e-03
-7.500000000000000000e+01 -2.356020942408377117e+00 6.376999999999999856e-03
-7.500000000000000000e+01 -1.413612565445026226e+00 5.597000000000000412e-03
-7.500000000000000000e+01 -4.712041884816753901e-01 2.222800000000000123e-02
-7.500000000000000000e+01 4.712041884816753901e-01 2.222800000000000123e-02
-7.500000000000000000e+01 1.413612565445026226e+00 3.967820000000000236e-01
-7.500000000000000000e+01 2.356020942408377117e+00 7.720110000000000028e-01
-7.375000000000000000e+01 -1.460732984293194114e+01 0.000000000000000000e+00
-7.375000000000000000e+01 -1.366492146596859136e+01 1.302490000000000037e-01
-7.375000000000000000e+01 -1.272251308900523981e+01 7.911999999999999589e-02
-7.375000000000000000e+01 -1.178010471204188825e+01 9.537900000000000544e-02
-7.375000000000000000e+01 -1.083769633507853669e+01 8.104500000000000592e-02
-7.375000000000000000e+01 -9.895287958115185134e+00 5.654499999999999804e-02
-7.375000000000000000e+01 -8.952879581151833577e+00 7.774100000000000454e-02
-7.375000000000000000e+01 -8.010471204188482020e+00 6.613099999999999534e-02
-7.375000000000000000e+01 -7.068062827225130462e+00 1.905799999999999855e-02
-7.375000000000000000e+01 -6.125654450261779793e+00 2.464699999999999877e-02
-7.375000000000000000e+01 -5.183246073298429124e+00 7.177999999999999658e-02
-7.375000000000000000e+01 -4.240837696335078455e+00 2.272499999999999867e-02
-7.375000000000000000e+01 -3.298429319371727786e+00 7.262000000000000226e-03
-7.375000000000000000e+01 -2.356020942408377117e+00 5.409999999999999878e-03
-7.375000000000000000e+01 -1.413612565445026226e+00 4.081100000000000005e-02
-7.375000000000000000e+01 -4.712041884816753901e-01 2.467000000000000009e-03
-7.375000000000000000e+01 4.712041884816753901e-01 2.467000000000000009e-03
-7.375000000000000000e+01 1.413612565445026226e+00 3.635300000000000337e-02
-7.250000000000000000e+01 -1.460732984293194114e+01 5.432000000000000196e-03
-7.250000000000000000e+01 -1.366492146596859136e+01 1.374849999999999961e-01
-7.250000000000000000e+01 -1.272251308900523981e+01 1.621849999999999958e-01
-7.250000000000000000e+01 -1.178010471204188825e+01 4.293199999999999794e-02
-7.250000000000000000e+01 -1.083769633507853669e+01 6.879999999999999831e-03
-7.250000000000000000e+01 -9.895287958115185134e+00 0.000000000000000000e+00
-7.250000000000000000e+01 -8.952879581151833577e+00 9.388999999999999777e-03
-7.250000000000000000e+01 -8.010471204188482020e+00 2.353369999999999906e-01
-7.250000000000000000e+01 -7.068062827225130462e+00 9.023899999999999977e-02
-7.250000000000000000e+01 -6.125654450261779793e+00 9.730000000000000151e-04
-7.250000000000000000e+01 -5.183246073298429124e+00 9.737000000000000863e-03
-7.250000000000000000e+01 -4.240837696335078455e+00 1.123389999999999944e-01
-7.250000000000000000e+01 -3.298429319371727786e+00 2.123999999999999846e-02
-7.250000000000000000e+01 -2.356020942408377117e+00 1.678800000000000084e-02
-7.250000000000000000e+01 -1.413612565445026226e+00 4.604999999999999719e-03
-7.250000000000000000e+01 -4.712041884816753901e-01 6.908000000000000078e-03
-7.250000000000000000e+01 4.712041884816753901e-01 6.908000000000000078e-03
-7.250000000000000000e+01 1.413612565445026226e+00 1.020399999999999953e-02
-7.125000000000000000e+01 -1.460732984293194114e+01 9.079900000000000471e-02
-7.125000000000000000e+01 -1.366492146596859136e+01 2.439500000000000002e-02
-7.125000000000000000e+01 -1.272251308900523981e+01 8.417299999999999782e-02
-7.125000000000000000e+01 -1.178010471204188825e+01 0.000000000000000000e+00
-7.125000000000000000e+01 -1.083769633507853669e+01 0.000000000000000000e+00
-7.125000000000000000e+01 -9.895287958115185134e+00 6.791000000000000161e-03
-7.125000000000000000e+01 -8.952879581151833577e+00 3.973999999999999755e-02
-7.125000000000000000e+01 -8.010471204188482020e+00 2.401149999999999951e-01
-7.125000000000000000e+01 -7.068062827225130462e+00 3.642999999999999971e-03
-7.125000000000000000e+01 -6.125654450261779793e+00 4.655000000000000283e-03
-7.125000000000000000e+01 -5.183246073298429124e+00 2.429999999999999977e-04
-7.125000000000000000e+01 -4.240837696335078455e+00 2.382000000000000089e-02
-7.125000000000000000e+01 -3.298429319371727786e+00 1.589999999999999888e-04
-7.125000000000000000e+01 -2.356020942408377117e+00 2.434000000000000052e-02
-7.125000000000000000e+01 -1.413612565445026226e+00 3.592000000000000141e-03
-7.125000000000000000e+01 -4.712041884816753901e-01 0.000000000000000000e+00
-7.125000000000000000e+01 4.712041884816753901e-01 0.000000000000000000e+00
-7.125000000000000000e+01 1.413612565445026226e+00 4.586300000000000099e-02
-7.000000000000000000e+01 -1.366492146596859136e+01 8.580000000000000820e-03
-7.000000000000000000e+01 -1.272251308900523981e+01 1.343110000000000137e-01
-7.000000000000000000e+01 -1.178010471204188825e+01 1.709999999999999932e-03
-7.000000000000000000e+01 -1.083769633507853669e+01 1.594969999999999999e-01
-7.000000000000000000e+01 -9.895287958115185134e+00 3.200000000000000262e-04
-7.000000000000000000e+01 -8.952879581151833577e+00 7.594099999999999462e-02
-7.000000000000000000e+01 -8.010471204188482020e+00 1.356819999999999971e-01
-7.000000000000000000e+01 -7.068062827225130462e+00 2.868199999999999916e-02
-7.000000000000000000e+01 -6.125654450261779793e+00 1.861000000000000024e-03
-7.000000000000000000e+01 -5.183246073298429124e+00 8.040000000000000271e-04
-7.000000000000000000e+01 -4.240837696335078455e+00 8.695700000000000651e-02
-7.000000000000000000e+01 -3.298429319371727786e+00 2.288499999999999909e-02
-7.000000000000000000e+01 -2.356020942408377117e+00 7.041999999999999649e-03
-7.000000000000000000e+01 -1.413612565445026226e+00 1.785300000000000081e-02
-7.000000000000000000e+01 -4.712041884816753901e-01 1.220300000000000031e-02
-7.000000000000000000e+01 4.712041884816753901e-01 1.220300000000000031e-02
-7.000000000000000000e+01 1.413612565445026226e+00 4.385000000000000009e-03
-6.875000000000000000e+01 -1.554973821989529448e+01 6.769999999999999759e-04
-6.875000000000000000e+01 -1.460732984293194114e+01 2.460199999999999887e-02
-6.875000000000000000e+01 -1.366492146596859136e+01 7.546999999999999889e-03
-6.875000000000000000e+01 -1.272251308900523981e+01 1.129359999999999947e-01
-6.875000000000000000e+01 -1.178010471204188825e+01 2.472119999999999873e-01
-6.875000000000000000e+01 -1.083769633507853669e+01 4.453190000000000204e-01
-6.875000000000000000e+01 -9.895287958115185134e+00 5.263199999999999823e-02
-6.875000000000000000e+01 -8.952879581151833577e+00 2.639070000000000027e-01
-6.875000000000000000e+01 -8.010471204188482020e+00 3.200000000000000262e-04
-6.875000000000000000e+01 -7.068062827225130462e+00 2.047999999999999907e-03
-6.875000000000000000e+01 -6.125654450261779793e+00 1.129999999999999928e-03
-6.875000000000000000e+01 -5.183246073298429124e+00 4.840000000000000010e-04
-6.875000000000000000e+01 -4.240837696335078455e+00 4.423999999999999981e-03
-6.875000000000000000e+01 -3.298429319371727786e+00 7.030999999999999923e-03
-6.875000000000000000e+01 -2.356020942408377117e+00 3.605000000000000131e-03
-6.875000000000000000e+01 -1.413612565445026226e+00 3.063000000000000184e-03
-6.875000000000000000e+01 -4.712041884816753901e-01 1.129100000000000069e-02
-6.875000000000000000e+01 4.712041884816753901e-01 1.129100000000000069e-02
-6.875000000000000000e+01 1.413612565445026226e+00 1.273200000000000026e-02
-6.875000000000000000e+01 2.356020942408377117e+00 6.295000000000000248e-03
-6.750000000000000000e+01 -1.649214659685864603e+01 2.227339999999999876e-01
-6.750000000000000000e+01 -1.554973821989529448e+01 2.227339999999999876e-01
-6.750000000000000000e+01 -1.460732984293194114e+01 8.055500000000000160e-02
-6.750000000000000000e+01 -1.366492146596859136e+01 6.596299999999999386e-02
-6.750000000000000000e+01 -1.272251308900523981e+01 6.304999999999999841e-03
-6.750000000000000000e+01 -1.178010471204188825e+01 1.366200000000000053e-02
-6.750000000000000000e+01 -1.083769633507853669e+01 2.540740000000000220e-01
-6.750000000000000000e+01 -9.895287958115185134e+00 7.161889999999999645e-01
-6.750000000000000000e+01 -8.952879581151833577e+00 1.261889999999999956e-01
-6.750000000000000000e+01 -8.010471204188482020e+00 9.590000000000000000e-04
-6.750000000000000000e+01 -7.068062827225130462e+00 8.919999999999999978e-04
-6.750000000000000000e+01 -6.125654450261779793e+00 5.134999999999999808e-03
-6.750000000000000000e+01 -5.183246073298429124e+00 1.128000000000000096e-03
-6.750000000000000000e+01 -4.240837696335078455e+00 8.059999999999999673e-04
-6.750000000000000000e+01 -3.298429319371727786e+00 1.389100000000000057e-02
-6.750000000000000000e+01 -2.356020942408377117e+00 3.310000000000000225e-04
-6.750000000000000000e+01 -1.413612565445026226e+00 8.000000000000000654e-05
-6.750000000000000000e+01 -4.712041884816753901e-01 8.989999999999999511e-04
-6.750000000000000000e+01 4.712041884816753901e-01 8.989999999999999511e-04
-6.750000000000000000e+01 1.413612565445026226e+00 6.081999999999999733e-03
-6.750000000000000000e+01 2.356020942408377117e+00 7.219999999999999855e-04
-6.625000000000000000e+01 -1.837696335078534560e+01 8.382100000000000661e-02
-6.625000000000000000e+01 -1.743455497382199582e+01 1.937339999999999895e-01
-6.625000000000000000e+01 -1.649214659685864603e+01 2.925000000000000083e-03
-6.625000000000000000e+01 -1.554973821989529448e+01 2.925000000000000083e-03
-6.625000000000000000e+01 -1.460732984293194114e+01 7.868999999999999259e-03
-6.625000000000000000e+01 -1.366492146596859136e+01 1.134000000000000025e-03
-6.625000000000000000e+01 -1.272251308900523981e+01 0.000000000000000000e+00
-6.625000000000000000e+01 -1.178010471204188825e+01 6.708000000000000421e-03
-6.625000000000000000e+01 -1.083769633507853669e+01 9.507200000000000373e-02
-6.625000000000000000e+01 -9.895287958115185134e+00 2.134060000000000124e-01
-6.625000000000000000e+01 -8.952879581151833577e+00 6.065500000000000058e-02
-6.625000000000000000e+01 -8.010471204188482020e+00 2.295000000000000165e-03
-6.625000000000000000e+01 -7.068062827225130462e+00 8.109999999999999805e-04
-6.625000000000000000e+01 -6.125654450261779793e+00 1.610000000000000103e-04
-6.625000000000000000e+01 -5.183246073298429124e+00 3.260000000000000094e-04
-6.625000000000000000e+01 -4.240837696335078455e+00 3.536000000000000081e-03
-6.625000000000000000e+01 -3.298429319371727786e+00 1.376199999999999993e-02
-6.625000000000000000e+01 -2.356020942408377117e+00 6.198000000000000384e-03
-6.625000000000000000e+01 -1.413612565445026226e+00 0.000000000000000000e+00
-6.625000000000000000e+01 -4.712041884816753901e-01 2.425000000000000072e-03
-6.625000000000000000e+01 4.712041884816753901e-01 2.425000000000000072e-03
-6.625000000000000000e+01 1.413612565445026226e+00 7.520000000000000295e-02
-6.625000000000000000e+01 2.356020942408377117e+00 6.732899999999999996e-02
-6.500000000000000000e+01 -1.837696335078534560e+01 2.583099999999999979e-02
-6.500000000000000000e+01 -1.743455497382199582e+01 4.062209999999999988e-01
-6.500000000000000000e+01 -1.649214659685864603e+01 1.153999999999999991e-02
-6.500000000000000000e+01 -1.554973821989529448e+01 1.153999999999999991e-02
-6.500000000000000000e+01 -1.460732984293194114e+01 5.190000000000000169e-03
-6.500000000000000000e+01 -1.366492146596859136e+01 3.310000000000000008e-03
-6.500000000000000000e+01 -1.272251308900523981e+01 1.744000000000000107e-03
-6.500000000000000000e+01 -1.178010471204188825e+01 7.827999999999999889e-03
-6.500000000000000000e+01 -1.083769633507853669e+01 1.753740000000000021e-01
-6.500000000000000000e+01 -9.895287958115185134e+00 4.353620000000000267e-01
-6.500000000000000000e+01 -8.952879581151833577e+00 1.302770000000000039e-01
-6.500000000000000000e+01 -8.010471204188482020e+00 2.351999999999999924e-03
-6.500000000000000000e+01 -7.068062827225130462e+00 3.712300000000000322e-02
-6.500000000000000000e+01 -6.125654450261779793e+00 1.147999999999999932e-03
-6.500000000000000000e+01 -5.183246073298429124e+00 2.696000000000000046e-03
-6.500000000000000000e+01 -4.240837696335078455e+00 7.411000000000000053e-03
-6.500000000000000000e+01 -3.298429319371727786e+00 2.895599999999999910e-02
-6.500000000000000000e+01 -2.356020942408377117e+00 4.329999999999999648e-03
-6.500000000000000000e+01 -1.413612565445026226e+00 1.791999999999999973e-03
-6.500000000000000000e+01 -4.712041884816753901e-01 7.742999999999999883e-03
-6.500000000000000000e+01 4.712041884816753901e-01 7.742999999999999883e-03
-6.500000000000000000e+01 1.413612565445026226e+00 2.658999999999999905e-03
-6.375000000000000000e+01 -2.026178010471204516e+01 0.000000000000000000e+00
-6.375000000000000000e+01 -1.931937172774869538e+01 1.619669999999999999e-01
-6.375000000000000000e+01 -1.837696335078534560e+01 1.382099999999999995e-01
-6.375000000000000000e+01 -1.743455497382199582e+01 4.962840000000000029e-01
-6.375000000000000000e+01 -1.649214659685864603e+01 5.857699999999999713e-02
-6.375000000000000000e+01 -1.554973821989529448e+01 5.857699999999999713e-02
-6.375000000000000000e+01 -1.460732984293194114e+01 2.388799999999999951e-02
-6.375000000000000000e+01 -1.366492146596859136e+01 2.972999999999999948e-03
-6.375000000000000000e+01 -1.272251308900523981e+01 2.843000000000000041e-03
-6.375000000000000000e+01 -1.178010471204188825e+01 4.433790000000000231e-01
-6.375000000000000000e+01 -1.083769633507853669e+01 5.191099999999999881e-02
-6.375000000000000000e+01 -9.895287958115185134e+00 4.314950000000000174e-01
-6.375000000000000000e+01 -8.952879581151833577e+00 7.033310000000000395e-01
-6.375000000000000000e+01 -8.010471204188482020e+00 2.336560000000000026e-01
-6.375000000000000000e+01 -7.068062827225130462e+00 2.958500000000000019e-02
-6.375000000000000000e+01 -6.125654450261779793e+00 4.970999999999999724e-03
-6.375000000000000000e+01 -5.183246073298429124e+00 8.155000000000000790e-03
-6.375000000000000000e+01 -4.240837696335078455e+00 4.347100000000000269e-02
-6.375000000000000000e+01 -3.298429319371727786e+00 1.724000000000000055e-03
-6.375000000000000000e+01 -2.356020942408377117e+00 3.249999999999999851e-04
-6.375000000000000000e+01 -1.413612565445026226e+00 3.240000000000000150e-04
-6.375000000000000000e+01 -4.712041884816753901e-01 1.828999999999999897e-03
-6.375000000000000000e+01 4.712041884816753901e-01 1.828999999999999897e-03
-6.375000000000000000e+01 1.413612565445026226e+00 0.000000000000000000e+00
-6.375000000000000000e+01 3.298429319371727786e+00 1.198699999999999939e-02
-6.250000000000000000e+01 -1.931937172774869538e+01 3.667869999999999742e-01
-6.250000000000000000e+01 -1.837696335078534560e+01 7.032350000000000545e-01
-6.250000000000000000e+01 -1.743455497382199582e+01 7.700749999999999540e-01
-6.250000000000000000e+01 -1.649214659685864603e+01 8.506099999999999772e-02
-6.250000000000000000e+01 -1.554973821989529448e+01 8.506099999999999772e-02
-6.250000000000000000e+01 -1.460732984293194114e+01 7.910999999999999630e-03
-6.250000000000000000e+01 -1.366492146596859136e+01 2.263999999999999953e-03
-6.250000000000000000e+01 -1.272251308900523981e+01 9.433000000000000412e-03
-6.250000000000000000e+01 -1.178010471204188825e+01 5.045490000000000252e-01
-6.250000000000000000e+01 -1.083769633507853669e+01 4.128419999999999868e-01
-6.250000000000000000e+01 -9.895287958115185134e+00 9.439640000000000253e-01
-6.250000000000000000e+01 -8.952879581151833577e+00 3.947959999999999803e-01
-6.250000000000000000e+01 -8.010471204188482020e+00 1.786639999999999895e-01
-6.250000000000000000e+01 -7.068062827225130462e+00 2.451629999999999920e-01
-6.250000000000000000e+01 -6.125654450261779793e+00 2.812200000000000116e-02
-6.250000000000000000e+01 -5.183246073298429124e+00 2.396000000000000126e-03
-6.250000000000000000e+01 -4.240837696335078455e+00 6.376900000000000623e-02
-6.250000000000000000e+01 -3.298429319371727786e+00 8.970000000000000542e-03
-6.250000000000000000e+01 -2.356020942408377117e+00 1.056999999999999997e-03
-6.250000000000000000e+01 -1.413612565445026226e+00 1.343300000000000050e-02
-6.250000000000000000e+01 -4.712041884816753901e-01 6.509999999999999945e-04
-6.250000000000000000e+01 4.712041884816753901e-01 6.509999999999999945e-04
-6.250000000000000000e+01 1.413612565445026226e+00 1.595000000000000064e-03
-6.250000000000000000e+01 2.356020942408377117e+00 8.899999999999999491e-04
-6.250000000000000000e+01 3.298429319371727786e+00 0.000000000000000000e+00
-6.125000000000000000e+01 -1.837696335078534560e+01 1.752160000000000106e-01
-6.125000000000000000e+01 -1.743455497382199582e+01 1.348469999999999946e-01
-6.125000000000000000e+01 -1.649214659685864603e+01 1.809620000000000117e-01
-6.125000000000000000e+01 -1.554973821989529448e+01 1.809620000000000117e-01
-6.125000000000000000e+01 -1.460732984293194114e+01 3.150800000000000128e-02
-6.125000000000000000e+01 -1.366492146596859136e+01 5.060699999999999921e-02
-6.125000000000000000e+01 -1.272251308900523981e+01 6.425859999999999905e-01
-6.125000000000000000e+01 -1.178010471204188825e+01 7.724069999999999547e-01
-6.125000000000000000e+01 -1.083769633507853669e+01 4.511830000000000007e-01
-6.125000000000000000e+01 -9.895287958115185134e+00 3.076039999999999885e-01
-6.125000000000000000e+01 -8.952879581151833577e+00 7.932300000000000462e-02
-6.125000000000000000e+01 -8.010471204188482020e+00 5.467999999999999944e-02
-6.125000000000000000e+01 -7.068062827225130462e+00 1.337200000000000021e-02
-6.125000000000000000e+01 -6.125654450261779793e+00 6.558999999999999553e-02
-6.125000000000000000e+01 -5.183246073298429124e+00 2.787600000000000147e-02
-6.125000000000000000e+01 -4.240837696335078455e+00 1.077670000000000017e-01
-6.125000000000000000e+01 -3.298429319371727786e+00 1.883859999999999979e-01
-6.125000000000000000e+01 -2.356020942408377117e+00 2.432000000000000134e-03
-6.125000000000000000e+01 -1.413612565445026226e+00 6.120999999999999705e-03
-6.125000000000000000e+01 -4.712041884816753901e-01 9.877800000000000469e-02
-6.125000000000000000e+01 4.712041884816753901e-01 9.877800000000000469e-02
-6.125000000000000000e+01 1.413612565445026226e+00 1.177440000000000014e-01
-6.125000000000000000e+01 2.356020942408377117e+00 5.350970000000000448e-01
-6.125000000000000000e+01 3.298429319371727786e+00 2.247450000000000003e-01
-6.125000000000000000e+01 4.240837696335078455e+00 4.089899999999999786e-02
-6.000000000000000000e+01 -1.554973821989529448e+01 1.079159999999999980e-01
-6.000000000000000000e+01 -1.460732984293194114e+01 3.947930000000000050e-01
-6.000000000000000000e+01 -1.366492146596859136e+01 4.640940000000000065e-01
-6.000000000000000000e+01 -1.272251308900523981e+01 3.932060000000000000e-01
-6.000000000000000000e+01 -1.178010471204188825e+01 1.295399999999999885e-01
-6.000000000000000000e+01 -1.083769633507853669e+01 1.569299999999999862e-02
-6.000000000000000000e+01 -9.895287958115185134e+00 1.848950000000000038e-01
-6.000000000000000000e+01 -8.952879581151833577e+00 5.209799999999999848e-02
-6.000000000000000000e+01 -8.010471204188482020e+00 3.260000000000000094e-04
-6.000000000000000000e+01 -7.068062827225130462e+00 1.858970000000000067e-01
-6.000000000000000000e+01 -6.125654450261779793e+00 2.852899999999999880e-02
-6.000000000000000000e+01 -5.183246073298429124e+00 5.553700000000000303e-02
-6.000000000000000000e+01 -4.240837696335078455e+00 2.895739999999999981e-01
-6.000000000000000000e+01 -3.298429319371727786e+00 6.480829999999999647e-01
-6.000000000000000000e+01 -2.356020942408377117e+00 5.015960000000000418e-01
-6.000000000000000000e+01 -1.413612565445026226e+00 1.101069999999999965e-01
-6.000000000000000000e+01 -4.712041884816753901e-01 3.170499999999999707e-02
-6.000000000000000000e+01 4.712041884816753901e-01 3.170499999999999707e-02
-6.000000000000000000e+01 1.413612565445026226e+00 5.265450000000000408e-01
-6.000000000000000000e+01 2.356020942408377117e+00 1.290560000000000040e-01
-6.000000000000000000e+01 3.298429319371727786e+00 9.738399999999999834e-02
-6.000000000000000000e+01 4.240837696335078455e+00 1.223899999999999988e-02
-6.000000000000000000e+01 5.183246073298429124e+00 1.274999999999999918e-02
-5.875000000000000000e+01 -1.366492146596859136e+01 3.663899999999999796e-02
-5.875000000000000000e+01 -1.272251308900523981e+01 1.935000000000000088e-03
-5.875000000000000000e+01 -1.178010471204188825e+01 1.954970000000000041e-01
-5.875000000000000000e+01 -1.083769633507853669e+01 5.890389999999999793e-01
-5.875000000000000000e+01 -9.895287958115185134e+00 5.138300000000000090e-01
-5.875000000000000000e+01 -8.952879581151833577e+00 9.820800000000000363e-02
-5.875000000000000000e+01 -8.010471204188482020e+00 2.400000000000000061e-04
-5.875000000000000000e+01 -7.068062827225130462e+00 3.714699999999999946e-02
-5.875000000000000000e+01 -6.125654450261779793e+00 5.649999999999999641e-04
-5.875000000000000000e+01 -5.183246073298429124e+00 1.721000000000000090e-03
-5.875000000000000000e+01 -4.240837696335078455e+00 1.805960000000000065e-01
-5.875000000000000000e+01 -3.298429319371727786e+00 5.732310000000000461e-01
-5.875000000000000000e+01 -2.356020942408377117e+00 5.417700000000000293e-02
-5.875000000000000000e+01 -1.413612565445026226e+00 0.000000000000000000e+00
-5.875000000000000000e+01 -4.712041884816753901e-01 0.000000000000000000e+00
-5.875000000000000000e+01 4.712041884816753901e-01 0.000000000000000000e+00
-5.750000000000000000e+01 -1.366492146596859136e+01 5.307400000000000312e-02
-5.750000000000000000e+01 -1.272251308900523981e+01 6.283900000000000596e-02
-5.750000000000000000e+01 -1.178010471204188825e+01 5.044899999999999940e-01
-5.750000000000000000e+01 -1.083769633507853669e+01 4.481140000000000123e-01
-5.750000000000000000e+01 -9.895287958115185134e+00 4.316659999999999942e-01
-5.750000000000000000e+01 -8.952879581151833577e+00 6.206500000000000211e-02
-5.750000000000000000e+01 -8.010471204188482020e+00 1.839899999999999869e-02
-5.750000000000000000e+01 -7.068062827225130462e+00 3.808000000000000187e-03
-5.750000000000000000e+01 -6.125654450261779793e+00 4.766299999999999704e-02
-5.750000000000000000e+01 -5.183246073298429124e+00 1.631999999999999987e-03
-5.750000000000000000e+01 -4.240837696335078455e+00 5.492899999999999866e-02
-5.750000000000000000e+01 -3.298429319371727786e+00 3.444559999999999844e-01
-5.750000000000000000e+01 -2.356020942408377117e+00 4.412100000000000050e-02
-5.750000000000000000e+01 -1.413612565445026226e+00 8.057999999999999191e-03
-5.750000000000000000e+01 -4.712041884816753901e-01 0.000000000000000000e+00
-5.750000000000000000e+01 4.712041884816753901e-01 0.000000000000000000e+00
-5.750000000000000000e+01 1.413612565445026226e+00 4.232999999999999784e-03
-5.625000000000000000e+01 -1.366492146596859136e+01 3.330069999999999975e-01
-5.625000000000000000e+01 -1.272251308900523981e+01 3.285710000000000020e-01
-5.625000000000000000e+01 -1.178010471204188825e+01 7.232349999999999612e-01
-5.625000000000000000e+01 -1.083769633507853669e+01 5.172940000000000316e-01
-5.625000000000000000e+01 -9.895287958115185134e+00 9.222690000000000055e-01
-5.625000000000000000e+01 -8.952879581151833577e+00 8.367299999999999738e-02
-5.625000000000000000e+01 -8.010471204188482020e+00 1.833500000000000060e-02
-5.625000000000000000e+01 -7.068062827225130462e+00 1.046819999999999973e-01
-5.625000000000000000e+01 -6.125654450261779793e+00 1.293739999999999890e-01
-5.625000000000000000e+01 -5.183246073298429124e+00 2.637970000000000037e-01
-5.625000000000000000e+01 -4.240837696335078455e+00 4.040489999999999915e-01
-5.625000000000000000e+01 -3.298429319371727786e+00 4.557300000000000240e-02
-5.625000000000000000e+01 -2.356020942408377117e+00 3.674209999999999976e-01
-5.625000000000000000e+01 -1.413612565445026226e+00 3.147500000000000298e-02
-5.625000000000000000e+01 -4.712041884816753901e-01 8.000000000000000654e-05
-5.625000000000000000e+01 4.712041884816753901e-01 8.000000000000000654e-05
-5.625000000000000000e+01 1.413612565445026226e+00 0.000000000000000000e+00
-5.500000000000000000e+01 -1.460732984293194114e+01 1.817439999999999889e-01
-5.500000000000000000e+01 -1.366492146596859136e+01 4.692799999999999749e-02
-5.500000000000000000e+01 -1.272251308900523981e+01 4.801770000000000205e-01
-5.500000000000000000e+01 -1.178010471204188825e+01 7.366070000000000118e-01
-5.500000000000000000e+01 -1.083769633507853669e+01 8.338689999999999714e-01
-5.500000000000000000e+01 -9.895287958115185134e+00 8.310199999999999809e-01
-5.500000000000000000e+01 -8.952879581151833577e+00 1.607169999999999987e-01
-5.500000000000000000e+01 -8.010471204188482020e+00 2.789179999999999993e-01
-5.500000000000000000e+01 -7.068062827225130462e+00 2.223130000000000106e-01
-5.500000000000000000e+01 -6.125654450261779793e+00 2.389200000000000004e-02
-5.500000000000000000e+01 -5.183246073298429124e+00 2.723000000000000160e-03
-5.500000000000000000e+01 -4.240837696335078455e+00 3.767960000000000198e-01
-5.500000000000000000e+01 -3.298429319371727786e+00 5.393649999999999833e-01
-5.500000000000000000e+01 -2.356020942408377117e+00 5.894610000000000127e-01
-5.500000000000000000e+01 -1.413612565445026226e+00 1.869799999999999934e-02
-5.500000000000000000e+01 -4.712041884816753901e-01 2.420000000000000005e-04
-5.500000000000000000e+01 4.712041884816753901e-01 2.420000000000000005e-04
-5.500000000000000000e+01 1.413612565445026226e+00 2.420000000000000005e-04
-5.500000000000000000e+01 2.356020942408377117e+00 5.760000000000000146e-04
-5.375000000000000000e+01 -1.460732984293194114e+01 4.079999999999999968e-04
-5.375000000000000000e+01 -1.366492146596859136e+01 4.457099999999999951e-02
-5.375000000000000000e+01 -1.272251308900523981e+01 3.038989999999999747e-01
-5.375000000000000000e+01 -1.178010471204188825e+01 2.105309999999999959e-01
-5.375000000000000000e+01 -1.083769633507853669e+01 4.024229999999999752e-01
-5.375000000000000000e+01 -9.895287958115185134e+00 4.101339999999999986e-01
-5.375000000000000000e+01 -8.952879581151833577e+00 1.635500000000000148e-02
-5.375000000000000000e+01 -8.010471204188482020e+00 8.000000000000000654e-05
-5.375000000000000000e+01 -7.068062827225130462e+00 2.827999999999999785e-03
-5.375000000000000000e+01 -6.125654450261779793e+00 3.198000000000000148e-02
-5.375000000000000000e+01 -5.183246073298429124e+00 1.347500000000000087e-02
-5.375000000000000000e+01 -4.240837696335078455e+00 3.868820000000000037e-01
-5.375000000000000000e+01 -3.298429319371727786e+00 4.021199999999999775e-01
-5.375000000000000000e+01 -2.356020942408377117e+00 4.871750000000000247e-01
-5.375000000000000000e+01 -1.413612565445026226e+00 9.480700000000000238e-02
-5.375000000000000000e+01 -4.712041884816753901e-01 9.719999999999999907e-04
-5.375000000000000000e+01 4.712041884816753901e-01 9.719999999999999907e-04
-5.375000000000000000e+01 1.413612565445026226e+00 5.033300000000000274e-02
-5.375000000000000000e+01 2.356020942408377117e+00 1.054000000000000032e-03
-5.250000000000000000e+01 -1.366492146596859136e+01 1.264599999999999926e-02
-5.250000000000000000e+01 -1.272251308900523981e+01 2.734269999999999756e-01
-5.250000000000000000e+01 -1.178010471204188825e+01 1.260550000000000004e-01
-5.250000000000000000e+01 -1.083769633507853669e+01 3.042980000000000129e-01
-5.250000000000000000e+01 -9.895287958115185134e+00 1.206710000000000005e-01
-5.250000000000000000e+01 -8.952879581151833577e+00 5.699999999999999772e-04
-5.250000000000000000e+01 -8.010471204188482020e+00 4.230000000000000253e-03
-5.250000000000000000e+01 -7.068062827225130462e+00 1.944220000000000115e-01
-5.250000000000000000e+01 -6.125654450261779793e+00 2.757089999999999819e-01
-5.250000000000000000e+01 -5.183246073298429124e+00 4.761999999999999740e-03
-5.250000000000000000e+01 -4.240837696335078455e+00 1.332879999999999898e-01
-5.250000000000000000e+01 -3.298429319371727786e+00 3.313139999999999974e-01
-5.250000000000000000e+01 -2.356020942408377117e+00 5.591499999999999942e-02
-5.250000000000000000e+01 -1.413612565445026226e+00 4.540330000000000199e-01
-5.250000000000000000e+01 -4.712041884816753901e-01 3.971500000000000030e-02
-5.250000000000000000e+01 4.712041884816753901e-01 3.971500000000000030e-02
-5.125000000000000000e+01 -8.952879581151833577e+00 6.664790000000000436e-01
-5.125000000000000000e+01 -8.010471204188482020e+00 4.571109999999999896e-01
-5.125000000000000000e+01 -7.068062827225130462e+00 5.880459999999999576e-01
-5.125000000000000000e+01 -5.183246073298429124e+00 2.983899999999999886e-01
-5.125000000000000000e+01 -4.240837696335078455e+00 4.807919999999999972e-01
-5.125000000000000000e+01 -3.298429319371727786e+00 5.335990000000000455e-01
-5.125000000000000000e+01 -2.356020942408377117e+00 2.641290000000000027e-01
-5.000000000000000000e+01 -3.298429319371727786e+00 6.420019999999999616e-01
