-7.875000000000000000e+01 -6.125654450261779793e+00 4.829419999999999824e-01
-7.875000000000000000e+01 -5.183246073298429124e+00 1.587860000000000105e-01
-7.875000000000000000e+01 -4.240837696335078455e+00 1.534409999999999941e-01
-7.875000000000000000e+01 -3.298429319371727786e+00 2.384860000000000035e-01
-7.875000000000000000e+01 -2.356020942408377117e+00 0.000000000000000000e+00
-7.875000000000000000e+01 -1.413612565445026226e+00 0.000000000000000000e+00
-7.750000000000000000e+01 -8.952879581151833577e+00 1.875680000000000125e-01
-7.750000000000000000e+01 -8.010471204188482020e+00 1.435049999999999937e-01
-7.750000000000000000e+01 -7.068062827225130462e+00 2.785020000000000273e-01
-7.750000000000000000e+01 -6.125654450261779793e+00 3.427799999999999736e-01
-7.750000000000000000e+01 -5.183246073298429124e+00 2.717400000000000024e-02
-7.750000000000000000e+01 -4.240837696335078455e+00 2.065799999999999928e-02
-7.750000000000000000e+01 -3.298429319371727786e+00 1.118070000000000036e-01
-7.750000000000000000e+01 -2.356020942408377117e+00 8.786399999999999766e-02
-7.750000000000000000e+01 -1.413612565445026226e+00 1.540739999999999887e-01
-7.750000000000000000e+01 -4.712041884816753901e-01 1.838210000000000122e-01
-7.750000000000000000e+01 4.712041884816753901e-01 1.838210000000000122e-01
-7.625000000000000000e+01 -1.083769633507853669e+01 5.218799999999999828e-02
-7.625000000000000000e+01 -9.895287958115185134e+00 1.178639999999999965e-01
-7.625000000000000000e+01 -8.952879581151833577e+00 2.476210000000000078e-01
-7.625000000000000000e+01 -8.010471204188482020e+00 6.912000000000000088e-02
-7.625000000000000000e+01 -7.068062827225130462e+00 1.680820000000000092e-01
-7.625000000000000000e+01 -6.125654450261779793e+00 1.517290000000000028e-01
-7.625000000000000000e+01 -5.183246073298429124e+00 4.002700000000000008e-02
-7.625000000000000000e+01 -4.240837696335078455e+00 1.472000000000000001e-03
-7.625000000000000000e+01 -3.298429319371727786e+00 3.983000000000000429e-03
-7.625000000000000000e+01 -2.356020942408377117e+00 2.553000000000000148e-03
-7.625000000000000000e+01 -1.413612565445026226e+00 2.611000000000000040e-03
-7.625000000000000000e+01 -4.712041884816753901e-01 2.304799999999999904e-02
-7.625000000000000000e+01 4.712041884816753901e-01 2.304799999999999904e-02
-7.625000000000000000e+01 1.413612565445026226e+00 4.012290000000000023e-01
-7.500000000000000000e+01 -1.366492146596859136e+01 7.814200000000000312e-02
-7.500000000000000000e+01 -1.272251308900523981e+01 1.417779999999999874e-01
-7.500000000000000000e+01 -1.178010471204188825e+01 1.235910000000000064e-01
-7.500000000000000000e+01 -1.083769633507853669e+01 2.369420000000000137e-01
-7.500000000000000000e+01 -9.895287958115185134e+00 1.143190000000000039e-01
-7.500000000000000000e+01 -8.952879581151833577e+00 2.048550000000000093e-01
-7.500000000000000000e+01 -8.010471204188482020e+00 1.471230000000000038e-01
-7.500000000000000000e+01 -7.068062827225130462e+00 3.468899999999999761e-02
-7.500000000000000000e+01 -6.125654450261779793e+00 6.070300000000000001e-02
-7.500000000000000000e+01 -5.183246073298429124e+00 4.566900000000000126e-02
-7.500000000000000000e+01 -4.240837696335078455e+00 2.003299999999999872e-02
-7.500000000000000000e+01 -3.298429319371727786e+00 2.305999999999999890e-03
-7.500000000000000000e+01 -2.356020942408377117e+00 6.376999999999999856e-03
-7.500000000000000000e+01 -1.413612565445026226e+00 5.597000000000000412e-03
-7.500000000000000000e+01 -4.712041884816753901e-01 2.222800000000000123e-02
-7.500000000000000000e+01 4.712041884816753901e-01 2.222800000000000123e-02
-7.500000000000000000e+01 1.413612565445026226e+00 3.700419999999999821e-01
-7.500000000000000000e+01 2.356020942408377117e+00 5.611500000000000377e-01
-7.375000000000000000e+01 -1.460732984293194114e+01 0.000000000000000000e+00
-7.375000000000000000e+01 -1.366492146596859136e+01 1.302490000000000037e-01
-7.375000000000000000e+01 -1.272251308900523981e+01 7.789200000000000290e-02
-7.375000000000000000e+01 -1.178010471204188825e+01 9.292000000000000259e-02
-7.375000000000000000e+01 -1.083769633507853669e+01 6.848100000000000021e-02
-7.375000000000000000e+01 -9.895287958115185134e+00 5.654499999999999804e-02
-7.375000000000000000e+01 -8.952879581151833577e+00 6.602500000000000036e-02
-7.375000000000000000e+01 -8.010471204188482020e+00 4.122100000000000070e-02
-7.375000000000000000e+01 -7.068062827225130462e+00 9.365999999999999326e-03
-7.375000000000000000e+01 -6.125654450261779793e+00 2.464699999999999877e-02
-7.375000000000000000e+01 -5.183246073298429124e+00 7.177999999999999658e-02
-7.375000000000000000e+01 -4.240837696335078455e+00 2.272499999999999867e-02
-7.375000000000000000e+01 -3.298429319371727786e+00 7.262000000000000226e-03
-7.375000000000000000e+01 -2.356020942408377117e+00 5.327000000000000138e-03
-7.375000000000000000e+01 -1.413612565445026226e+00 5.479999999999999628e-03
-7.375000000000000000e+01 -4.712041884816753901e-01 2.467000000000000009e-03
-7.375000000000000000e+01 4.712041884816753901e-01 2.467000000000000009e-03
-7.375000000000000000e+01 1.413612565445026226e+00 3.635300000000000337e-02
-7.250000000000000000e+01 -1.460732984293194114e+01 5.432000000000000196e-03
-7.250000000000000000e+01 -1.366492146596859136e+01 1.374849999999999961e-01
-7.250000000000000000e+01 -1.272251308900523981e+01 1.551510000000000111e-01
-7.250000000000000000e+01 -1.178010471204188825e+01 4.293199999999999794e-02
-7.250000000000000000e+01 -1.083769633507853669e+01 6.879999999999999831e-03
-7.250000000000000000e+01 -9.895287958115185134e+00 0.000000000000000000e+00
-7.250000000000000000e+01 -8.952879581151833577e+00 9.388999999999999777e-03
-7.250000000000000000e+01 -8.010471204188482020e+00 1.098510000000000042e-01
-7.250000000000000000e+01 -7.068062827225130462e+00 3.337400000000000089e-02
-7.250000000000000000e+01 -6.125654450261779793e+00 9.730000000000000151e-04
-7.250000000000000000e+01 -5.183246073298429124e+00 9.737000000000000863e-03
-7.250000000000000000e+01 -4.240837696335078455e+00 1.123389999999999944e-01
-7.250000000000000000e+01 -3.298429319371727786e+00 2.123999999999999846e-02
-7.250000000000000000e+01 -2.356020942408377117e+00 4.797000000000000049e-03
-7.250000000000000000e+01 -1.413612565445026226e+00 1.069000000000000072e-03
-7.250000000000000000e+01 -4.712041884816753901e-01 6.908000000000000078e-03
-7.250000000000000000e+01 4.712041884816753901e-01 6.908000000000000078e-03
-7.250000000000000000e+01 1.413612565445026226e+00 1.020399999999999953e-02
-7.125000000000000000e+01 -1.460732984293194114e+01 9.079900000000000471e-02
-7.125000000000000000e+01 -1.366492146596859136e+01 2.439500000000000002e-02
-7.125000000000000000e+01 -1.272251308900523981e+01 3.651800000000000185e-02
-7.125000000000000000e+01 -1.178010471204188825e+01 0.000000000000000000e+00
-7.125000000000000000e+01 -1.083769633507853669e+01 0.000000000000000000e+00
-7.125000000000000000e+01 -9.895287958115185134e+00 6.791000000000000161e-03
-7.125000000000000000e+01 -8.952879581151833577e+00 2.287099999999999897e-02
-7.125000000000000000e+01 -8.010471204188482020e+00 8.243000000000000327e-02
-7.125000000000000000e+01 -7.068062827225130462e+00 3.642999999999999971e-03
-7.125000000000000000e+01 -6.125654450261779793e+00 4.655000000000000283e-03
-7.125000000000000000e+01 -5.183246073298429124e+00 2.429999999999999977e-04
-7.125000000000000000e+01 -4.240837696335078455e+00 1.619100000000000053e-02
-7.125000000000000000e+01 -3.298429319371727786e+00 1.589999999999999888e-04
-7.125000000000000000e+01 -2.356020942408377117e+00 5.472999999999999567e-03
-7.125000000000000000e+01 -1.413612565445026226e+00 3.510000000000000099e-03
-7.125000000000000000e+01 -4.712041884816753901e-01 0.000000000000000000e+00
-7.125000000000000000e+01 4.712041884816753901e-01 0.000000000000000000e+00
-7.125000000000000000e+01 1.413612565445026226e+00 7.670999999999999867e-03
-7.000000000000000000e+01 -1.366492146596859136e+01 8.580000000000000820e-03
-7.000000000000000000e+01 -1.272251308900523981e+01 2.731499999999999900e-02
-7.000000000000000000e+01 -1.178010471204188825e+01 0.000000000000000000e+00
-7.000000000000000000e+01 -1.083769633507853669e+01 2.889600000000000155e-02
-7.000000000000000000e+01 -9.895287958115185134e+00 3.200000000000000262e-04
-7.000000000000000000e+01 -8.952879581151833577e+00 9.513000000000000622e-03
-7.000000000000000000e+01 -8.010471204188482020e+00 5.226700000000000096e-02
-7.000000000000000000e+01 -7.068062827225130462e+00 2.868199999999999916e-02
-7.000000000000000000e+01 -6.125654450261779793e+00 1.861000000000000024e-03
-7.000000000000000000e+01 -5.183246073298429124e+00 8.040000000000000271e-04
-7.000000000000000000e+01 -4.240837696335078455e+00 3.747799999999999743e-02
-7.000000000000000000e+01 -3.298429319371727786e+00 7.191999999999999608e-03
-7.000000000000000000e+01 -2.356020942408377117e+00 1.920999999999999965e-03
-7.000000000000000000e+01 -1.413612565445026226e+00 5.396999999999999888e-03
-7.000000000000000000e+01 -4.712041884816753901e-01 1.220300000000000031e-02
-7.000000000000000000e+01 4.712041884816753901e-01 1.220300000000000031e-02
-7.000000000000000000e+01 1.413612565445026226e+00 2.517000000000000140e-03
-6.875000000000000000e+01 -1.554973821989529448e+01 6.769999999999999759e-04
-6.875000000000000000e+01 -1.460732984293194114e+01 1.873800000000000118e-02
-6.875000000000000000e+01 -1.366492146596859136e+01 3.651999999999999864e-03
-6.875000000000000000e+01 -1.272251308900523981e+01 4.501000000000000140e-02
-6.875000000000000000e+01 -1.178010471204188825e+01 5.665099999999999997e-02
-6.875000000000000000e+01 -1.083769633507853669e+01 2.290540000000000076e-01
-6.875000000000000000e+01 -9.895287958115185134e+00 1.907999999999999974e-02
-6.875000000000000000e+01 -8.952879581151833577e+00 7.403500000000000358e-02
-6.875000000000000000e+01 -8.010471204188482020e+00 3.200000000000000262e-04
-6.875000000000000000e+01 -7.068062827225130462e+00 2.047999999999999907e-03
-6.875000000000000000e+01 -6.125654450261779793e+00 1.129999999999999928e-03
-6.875000000000000000e+01 -5.183246073298429124e+00 4.840000000000000010e-04
-6.875000000000000000e+01 -4.240837696335078455e+00 4.423999999999999981e-03
-6.875000000000000000e+01 -3.298429319371727786e+00 7.030999999999999923e-03
-6.875000000000000000e+01 -2.356020942408377117e+00 6.549999999999999833e-04
-6.875000000000000000e+01 -1.413612565445026226e+00 6.449999999999999570e-04
-6.875000000000000000e+01 -4.712041884816753901e-01 1.129100000000000069e-02
-6.875000000000000000e+01 4.712041884816753901e-01 1.129100000000000069e-02
-6.875000000000000000e+01 1.413612565445026226e+00 1.069100000000000085e-02
-6.875000000000000000e+01 2.356020942408377117e+00 6.049999999999999822e-03
-6.750000000000000000e+01 -1.649214659685864603e+01 8.997499999999999942e-02
-6.750000000000000000e+01 -1.554973821989529448e+01 8.997499999999999942e-02
-6.750000000000000000e+01 -1.460732984293194114e+01 2.550300000000000136e-02
-6.750000000000000000e+01 -1.366492146596859136e+01 2.571999999999999981e-02
-6.750000000000000000e+01 -1.272251308900523981e+01 5.739000000000000178e-03
-6.750000000000000000e+01 -1.178010471204188825e+01 1.366200000000000053e-02
-6.750000000000000000e+01 -1.083769633507853669e+01 1.336050000000000015e-01
-6.750000000000000000e+01 -9.895287958115185134e+00 4.564210000000000211e-01
-6.750000000000000000e+01 -8.952879581151833577e+00 3.244199999999999862e-02
-6.750000000000000000e+01 -8.010471204188482020e+00 9.590000000000000000e-04
-6.750000000000000000e+01 -7.068062827225130462e+00 8.919999999999999978e-04
-6.750000000000000000e+01 -6.125654450261779793e+00 5.134999999999999808e-03
-6.750000000000000000e+01 -5.183246073298429124e+00 1.128000000000000096e-03
-6.750000000000000000e+01 -4.240837696335078455e+00 8.059999999999999673e-04
-6.750000000000000000e+01 -3.298429319371727786e+00 1.389100000000000057e-02
-6.750000000000000000e+01 -2.356020942408377117e+00 3.310000000000000225e-04
-6.750000000000000000e+01 -1.413612565445026226e+00 8.000000000000000654e-05
-6.750000000000000000e+01 -4.712041884816753901e-01 8.989999999999999511e-04
-6.750000000000000000e+01 4.712041884816753901e-01 8.989999999999999511e-04
-6.750000000000000000e+01 1.413612565445026226e+00 6.081999999999999733e-03
-6.750000000000000000e+01 2.356020942408377117e+00 7.219999999999999855e-04
-6.625000000000000000e+01 -1.837696335078534560e+01 8.382100000000000661e-02
-6.625000000000000000e+01 -1.743455497382199582e+01 7.237699999999999689e-02
-6.625000000000000000e+01 -1.649214659685864603e+01 1.786999999999999960e-03
-6.625000000000000000e+01 -1.554973821989529448e+01 1.786999999999999960e-03
-6.625000000000000000e+01 -1.460732984293194114e+01 6.328000000000000291e-03
-6.625000000000000000e+01 -1.366492146596859136e+01 1.134000000000000025e-03
-6.625000000000000000e+01 -1.272251308900523981e+01 0.000000000000000000e+00
-6.625000000000000000e+01 -1.178010471204188825e+01 5.010999999999999829e-03
-6.625000000000000000e+01 -1.083769633507853669e+01 3.804600000000000343e-02
-6.625000000000000000e+01 -9.895287958115185134e+00 8.802100000000000202e-02
-6.625000000000000000e+01 -8.952879581151833577e+00 9.461999999999999925e-03
-6.625000000000000000e+01 -8.010471204188482020e+00 2.295000000000000165e-03
-6.625000000000000000e+01 -7.068062827225130462e+00 8.109999999999999805e-04
-6.625000000000000000e+01 -6.125654450261779793e+00 1.610000000000000103e-04
-6.625000000000000000e+01 -5.183246073298429124e+00 3.260000000000000094e-04
-6.625000000000000000e+01 -4.240837696335078455e+00 3.536000000000000081e-03
-6.625000000000000000e+01 -3.298429319371727786e+00 1.376199999999999993e-02
-6.625000000000000000e+01 -2.356020942408377117e+00 6.198000000000000384e-03
-6.625000000000000000e+01 -1.413612565445026226e+00 0.000000000000000000e+00
-6.625000000000000000e+01 -4.712041884816753901e-01 2.425000000000000072e-03
-6.625000000000000000e+01 4.712041884816753901e-01 2.425000000000000072e-03
-6.625000000000000000e+01 1.413612565445026226e+00 7.131899999999999351e-02
-6.625000000000000000e+01 2.356020942408377117e+00 6.626999999999999558e-02
-6.500000000000000000e+01 -1.837696335078534560e+01 1.865999999999999950e-02
-6.500000000000000000e+01 -1.743455497382199582e+01 1.873910000000000020e-01
-6.500000000000000000e+01 -1.649214659685864603e+01 9.317999999999999894e-03
-6.500000000000000000e+01 -1.554973821989529448e+01 9.317999999999999894e-03
-6.500000000000000000e+01 -1.460732984293194114e+01 4.353000000000000098e-03
-6.500000000000000000e+01 -1.366492146596859136e+01 2.969999999999999984e-03
-6.500000000000000000e+01 -1.272251308900523981e+01 1.412000000000000061e-03
-6.500000000000000000e+01 -1.178010471204188825e+01 7.238999999999999775e-03
-6.500000000000000000e+01 -1.083769633507853669e+01 1.087349999999999983e-01
-6.500000000000000000e+01 -9.895287958115185134e+00 1.740790000000000115e-01
-6.500000000000000000e+01 -8.952879581151833577e+00 3.448299999999999976e-02
-6.500000000000000000e+01 -8.010471204188482020e+00 2.351999999999999924e-03
-6.500000000000000000e+01 -7.068062827225130462e+00 1.546100000000000078e-02
-6.500000000000000000e+01 -6.125654450261779793e+00 1.147999999999999932e-03
-6.500000000000000000e+01 -5.183246073298429124e+00 1.630000000000000047e-04
-6.500000000000000000e+01 -4.240837696335078455e+00 3.540999999999999877e-03
-6.500000000000000000e+01 -3.298429319371727786e+00 9.221999999999999295e-03
-6.500000000000000000e+01 -2.356020942408377117e+00 4.329999999999999648e-03
-6.500000000000000000e+01 -1.413612565445026226e+00 1.791999999999999973e-03
-6.500000000000000000e+01 -4.712041884816753901e-01 7.742999999999999883e-03
-6.500000000000000000e+01 4.712041884816753901e-01 7.742999999999999883e-03
-6.500000000000000000e+01 1.413612565445026226e+00 2.658999999999999905e-03
-6.375000000000000000e+01 -2.026178010471204516e+01 0.000000000000000000e+00
-6.375000000000000000e+01 -1.931937172774869538e+01 3.745500000000000218e-02
-6.375000000000000000e+01 -1.837696335078534560e+01 7.670100000000000529e-02
-6.375000000000000000e+01 -1.743455497382199582e+01 3.450869999999999771e-01
-6.375000000000000000e+01 -1.649214659685864603e+01 4.590500000000000136e-02
-6.375000000000000000e+01 -1.554973821989529448e+01 4.590500000000000136e-02
-6.375000000000000000e+01 -1.460732984293194114e+01 2.306400000000000117e-02
-6.375000000000000000e+01 -1.366492146596859136e+01 2.972999999999999948e-03
-6.375000000000000000e+01 -1.272251308900523981e+01 1.505000000000000044e-03
-6.375000000000000000e+01 -1.178010471204188825e+01 1.852669999999999872e-01
-6.375000000000000000e+01 -1.083769633507853669e+01 3.490399999999999753e-02
-6.375000000000000000e+01 -9.895287958115185134e+00 2.729699999999999904e-01
-6.375000000000000000e+01 -8.952879581151833577e+00 3.186010000000000231e-01
-6.375000000000000000e+01 -8.010471204188482020e+00 3.834599999999999814e-02
-6.375000000000000000e+01 -7.068062827225130462e+00 4.203000000000000139e-03
-6.375000000000000000e+01 -6.125654450261779793e+00 4.970999999999999724e-03
-6.375000000000000000e+01 -5.183246073298429124e+00 1.794000000000000022e-03
-6.375000000000000000e+01 -4.240837696335078455e+00 2.775100000000000136e-02
-6.375000000000000000e+01 -3.298429319371727786e+00 1.724000000000000055e-03
-6.375000000000000000e+01 -2.356020942408377117e+00 3.249999999999999851e-04
-6.375000000000000000e+01 -1.413612565445026226e+00 3.240000000000000150e-04
-6.375000000000000000e+01 -4.712041884816753901e-01 1.828999999999999897e-03
-6.375000000000000000e+01 4.712041884816753901e-01 1.828999999999999897e-03
-6.375000000000000000e+01 1.413612565445026226e+00 0.000000000000000000e+00
-6.375000000000000000e+01 3.298429319371727786e+00 1.085299999999999980e-02
-6.250000000000000000e+01 -1.931937172774869538e+01 2.550629999999999842e-01
-6.250000000000000000e+01 -1.837696335078534560e+01 5.645320000000000338e-01
-6.250000000000000000e+01 -1.743455497382199582e+01 6.046049999999999480e-01
-6.250000000000000000e+01 -1.649214659685864603e+01 6.768799999999999817e-02
-6.250000000000000000e+01 -1.554973821989529448e+01 6.768799999999999817e-02
-6.250000000000000000e+01 -1.460732984293194114e+01 7.910999999999999630e-03
-6.250000000000000000e+01 -1.366492146596859136e+01 2.263999999999999953e-03
-6.250000000000000000e+01 -1.272251308900523981e+01 1.157999999999999958e-03
-6.250000000000000000e+01 -1.178010471204188825e+01 2.719219999999999970e-01
-6.250000000000000000e+01 -1.083769633507853669e+01 3.087039999999999784e-01
-6.250000000000000000e+01 -9.895287958115185134e+00 7.169959999999999667e-01
-6.250000000000000000e+01 -8.952879581151833577e+00 2.042170000000000096e-01
-6.250000000000000000e+01 -8.010471204188482020e+00 3.827900000000000053e-02
-6.250000000000000000e+01 -7.068062827225130462e+00 2.373099999999999862e-02
-6.250000000000000000e+01 -6.125654450261779793e+00 6.357999999999999936e-03
-6.250000000000000000e+01 -5.183246073298429124e+00 2.396000000000000126e-03
-6.250000000000000000e+01 -4.240837696335078455e+00 2.354399999999999896e-02
-6.250000000000000000e+01 -3.298429319371727786e+00 5.029999999999999749e-03
-6.250000000000000000e+01 -2.356020942408377117e+00 1.056999999999999997e-03
-6.250000000000000000e+01 -1.413612565445026226e+00 2.269000000000000183e-03
-6.250000000000000000e+01 -4.712041884816753901e-01 6.509999999999999945e-04
-6.250000000000000000e+01 4.712041884816753901e-01 6.509999999999999945e-04
-6.250000000000000000e+01 1.413612565445026226e+00 1.435000000000000078e-03
-6.250000000000000000e+01 2.356020942408377117e+00 8.090000000000000403e-04
-6.250000000000000000e+01 3.298429319371727786e+00 0.000000000000000000e+00
-6.125000000000000000e+01 -1.837696335078534560e+01 1.137849999999999973e-01
-6.125000000000000000e+01 -1.743455497382199582e+01 4.845200000000000201e-02
-6.125000000000000000e+01 -1.649214659685864603e+01 7.149199999999999999e-02
-6.125000000000000000e+01 -1.554973821989529448e+01 7.149199999999999999e-02
-6.125000000000000000e+01 -1.460732984293194114e+01 1.012500000000000032e-02
-6.125000000000000000e+01 -1.366492146596859136e+01 3.447200000000000264e-02
-6.125000000000000000e+01 -1.272251308900523981e+01 5.625759999999999650e-01
-6.125000000000000000e+01 -1.178010471204188825e+01 5.185340000000000504e-01
-6.125000000000000000e+01 -1.083769633507853669e+01 3.357399999999999829e-01
-6.125000000000000000e+01 -9.895287958115185134e+00 1.006539999999999935e-01
-6.125000000000000000e+01 -8.952879581151833577e+00 1.560199999999999955e-02
-6.125000000000000000e+01 -8.010471204188482020e+00 1.494999999999999975e-02
-6.125000000000000000e+01 -7.068062827225130462e+00 9.669999999999999776e-04
-6.125000000000000000e+01 -6.125654450261779793e+00 3.409399999999999931e-02
-6.125000000000000000e+01 -5.183246073298429124e+00 9.731999999999999332e-03
-6.125000000000000000e+01 -4.240837696335078455e+00 2.412600000000000161e-02
-6.125000000000000000e+01 -3.298429319371727786e+00 2.008599999999999969e-02
-6.125000000000000000e+01 -2.356020942408377117e+00 1.302999999999999905e-03
-6.125000000000000000e+01 -1.413612565445026226e+00 4.899999999999999842e-04
-6.125000000000000000e+01 -4.712041884816753901e-01 1.541200000000000035e-02
-6.125000000000000000e+01 4.712041884816753901e-01 1.541200000000000035e-02
-6.125000000000000000e+01 1.413612565445026226e+00 2.058899999999999966e-02
-6.125000000000000000e+01 2.356020942408377117e+00 1.919899999999999940e-01
-6.125000000000000000e+01 3.298429319371727786e+00 1.009379999999999999e-01
-6.125000000000000000e+01 4.240837696335078455e+00 7.983999999999999778e-03
-6.000000000000000000e+01 -1.554973821989529448e+01 8.316700000000000481e-02
-6.000000000000000000e+01 -1.460732984293194114e+01 3.261510000000000242e-01
-6.000000000000000000e+01 -1.366492146596859136e+01 3.050370000000000026e-01
-6.000000000000000000e+01 -1.272251308900523981e+01 2.433099999999999985e-01
-6.000000000000000000e+01 -1.178010471204188825e+01 4.544000000000000122e-02
-6.000000000000000000e+01 -1.083769633507853669e+01 6.470000000000000057e-04
-6.000000000000000000e+01 -9.895287958115185134e+00 4.119400000000000145e-02
-6.000000000000000000e+01 -8.952879581151833577e+00 5.185999999999999638e-03
-6.000000000000000000e+01 -8.010471204188482020e+00 0.000000000000000000e+00
-6.000000000000000000e+01 -7.068062827225130462e+00 8.268399999999999361e-02
-6.000000000000000000e+01 -6.125654450261779793e+00 5.673000000000000091e-03
-6.000000000000000000e+01 -5.183246073298429124e+00 1.388400000000000051e-02
-6.000000000000000000e+01 -4.240837696335078455e+00 7.199099999999999944e-02
-6.000000000000000000e+01 -3.298429319371727786e+00 1.744380000000000097e-01
-6.000000000000000000e+01 -2.356020942408377117e+00 8.090899999999999481e-02
-6.000000000000000000e+01 -1.413612565445026226e+00 1.863599999999999979e-02
-6.000000000000000000e+01 -4.712041884816753901e-01 3.782000000000000205e-03
-6.000000000000000000e+01 4.712041884816753901e-01 3.782000000000000205e-03
-6.000000000000000000e+01 1.413612565445026226e+00 1.939649999999999985e-01
-6.000000000000000000e+01 2.356020942408377117e+00 2.912100000000000105e-02
-6.000000000000000000e+01 3.298429319371727786e+00 3.643699999999999717e-02
-6.000000000000000000e+01 4.240837696335078455e+00 1.091600000000000036e-02
-6.000000000000000000e+01 5.183246073298429124e+00 1.274999999999999918e-02
-5.875000000000000000e+01 -1.366492146596859136e+01 1.319000000000000034e-02
-5.875000000000000000e+01 -1.272251308900523981e+01 7.259999999999999743e-04
-5.875000000000000000e+01 -1.178010471204188825e+01 1.162409999999999971e-01
-5.875000000000000000e+01 -1.083769633507853669e+01 3.630669999999999731e-01
-5.875000000000000000e+01 -9.895287958115185134e+00 1.582820000000000060e-01
-5.875000000000000000e+01 -8.952879581151833577e+00 3.443500000000000033e-02
-5.875000000000000000e+01 -8.010471204188482020e+00 2.400000000000000061e-04
-5.875000000000000000e+01 -7.068062827225130462e+00 7.284999999999999809e-03
-5.875000000000000000e+01 -6.125654450261779793e+00 5.649999999999999641e-04
-5.875000000000000000e+01 -5.183246073298429124e+00 1.229000000000000058e-03
-5.875000000000000000e+01 -4.240837696335078455e+00 8.340000000000000191e-02
-5.875000000000000000e+01 -3.298429319371727786e+00 1.826969999999999983e-01
-5.875000000000000000e+01 -2.356020942408377117e+00 6.525000000000000418e-03
-5.875000000000000000e+01 -1.413612565445026226e+00 0.000000000000000000e+00
-5.875000000000000000e+01 -4.712041884816753901e-01 0.000000000000000000e+00
-5.875000000000000000e+01 4.712041884816753901e-01 0.000000000000000000e+00
-5.750000000000000000e+01 -1.366492146596859136e+01 3.699800000000000311e-02
-5.750000000000000000e+01 -1.272251308900523981e+01 4.518599999999999700e-02
-5.750000000000000000e+01 -1.178010471204188825e+01 3.252240000000000131e-01
-5.750000000000000000e+01 -1.083769633507853669e+01 3.150879999999999792e-01
-5.750000000000000000e+01 -9.895287958115185134e+00 1.980550000000000088e-01
-5.750000000000000000e+01 -8.952879581151833577e+00 1.752199999999999938e-02
-5.750000000000000000e+01 -8.010471204188482020e+00 1.814999999999999990e-03
-5.750000000000000000e+01 -7.068062827225130462e+00 1.490000000000000005e-03
-5.750000000000000000e+01 -6.125654450261779793e+00 6.282000000000000257e-03
-5.750000000000000000e+01 -5.183246073298429124e+00 1.631999999999999987e-03
-5.750000000000000000e+01 -4.240837696335078455e+00 4.322000000000000147e-02
-5.750000000000000000e+01 -3.298429319371727786e+00 1.892550000000000066e-01
-5.750000000000000000e+01 -2.356020942408377117e+00 2.318200000000000122e-02
-5.750000000000000000e+01 -1.413612565445026226e+00 6.185999999999999659e-03
-5.750000000000000000e+01 -4.712041884816753901e-01 0.000000000000000000e+00
-5.750000000000000000e+01 4.712041884816753901e-01 0.000000000000000000e+00
-5.750000000000000000e+01 1.413612565445026226e+00 8.100000000000000375e-05
-5.625000000000000000e+01 -1.366492146596859136e+01 1.906160000000000077e-01
-5.625000000000000000e+01 -1.272251308900523981e+01 2.317190000000000083e-01
-5.625000000000000000e+01 -1.178010471204188825e+01 4.591129999999999933e-01
-5.625000000000000000e+01 -1.083769633507853669e+01 3.237430000000000030e-01
-5.625000000000000000e+01 -9.895287958115185134e+00 6.603459999999999885e-01
-5.625000000000000000e+01 -8.952879581151833577e+00 3.316600000000000104e-02
-5.625000000000000000e+01 -8.010471204188482020e+00 3.029000000000000008e-03
-5.625000000000000000e+01 -7.068062827225130462e+00 2.825099999999999834e-02
-5.625000000000000000e+01 -6.125654450261779793e+00 3.151500000000000135e-02
-5.625000000000000000e+01 -5.183246073298429124e+00 9.192300000000000471e-02
-5.625000000000000000e+01 -4.240837696335078455e+00 2.817470000000000252e-01
-5.625000000000000000e+01 -3.298429319371727786e+00 1.927500000000000047e-02
-5.625000000000000000e+01 -2.356020942408377117e+00 3.126340000000000230e-01
-5.625000000000000000e+01 -1.413612565445026226e+00 2.534300000000000094e-02
-5.625000000000000000e+01 -4.712041884816753901e-01 8.000000000000000654e-05
-5.625000000000000000e+01 4.712041884816753901e-01 8.000000000000000654e-05
-5.625000000000000000e+01 1.413612565445026226e+00 0.000000000000000000e+00
-5.500000000000000000e+01 -1.460732984293194114e+01 1.738810000000000078e-01
-5.500000000000000000e+01 -1.366492146596859136e+01 4.082500000000000018e-02
-5.500000000000000000e+01 -1.272251308900523981e+01 2.121190000000000020e-01
-5.500000000000000000e+01 -1.178010471204188825e+01 3.663899999999999935e-01
-5.500000000000000000e+01 -1.083769633507853669e+01 5.338039999999999452e-01
-5.500000000000000000e+01 -9.895287958115185134e+00 6.140900000000000247e-01
-5.500000000000000000e+01 -8.952879581151833577e+00 4.264300000000000035e-02
-5.500000000000000000e+01 -8.010471204188482020e+00 8.084700000000000220e-02
-5.500000000000000000e+01 -7.068062827225130462e+00 7.749999999999999944e-02
-5.500000000000000000e+01 -6.125654450261779793e+00 5.609999999999999752e-04
-5.500000000000000000e+01 -5.183246073298429124e+00 4.809999999999999823e-04
-5.500000000000000000e+01 -4.240837696335078455e+00 2.014209999999999889e-01
-5.500000000000000000e+01 -3.298429319371727786e+00 3.072770000000000223e-01
-5.500000000000000000e+01 -2.356020942408377117e+00 5.264060000000000406e-01
-5.500000000000000000e+01 -1.413612565445026226e+00 1.059299999999999999e-02
-5.500000000000000000e+01 -4.712041884816753901e-01 2.420000000000000005e-04
-5.500000000000000000e+01 4.712041884816753901e-01 2.420000000000000005e-04
-5.500000000000000000e+01 1.413612565445026226e+00 2.420000000000000005e-04
-5.500000000000000000e+01 2.356020942408377117e+00 5.760000000000000146e-04
-5.375000000000000000e+01 -1.460732984293194114e+01 4.079999999999999968e-04
-5.375000000000000000e+01 -1.366492146596859136e+01 3.880900000000000322e-02
-5.375000000000000000e+01 -1.272251308900523981e+01 1.866740000000000066e-01
-5.375000000000000000e+01 -1.178010471204188825e+01 7.166699999999999460e-02
-5.375000000000000000e+01 -1.083769633507853669e+01 1.690850000000000131e-01
-5.375000000000000000e+01 -9.895287958115185134e+00 1.987839999999999885e-01
-5.375000000000000000e+01 -8.952879581151833577e+00 2.014000000000000165e-03
-5.375000000000000000e+01 -8.010471204188482020e+00 8.000000000000000654e-05
-5.375000000000000000e+01 -7.068062827225130462e+00 2.101000000000000003e-03
-5.375000000000000000e+01 -6.125654450261779793e+00 6.347000000000000211e-03
-5.375000000000000000e+01 -5.183246073298429124e+00 2.922000000000000118e-03
-5.375000000000000000e+01 -4.240837696335078455e+00 2.031250000000000000e-01
-5.375000000000000000e+01 -3.298429319371727786e+00 9.824399999999999800e-02
-5.375000000000000000e+01 -2.356020942408377117e+00 4.291980000000000239e-01
-5.375000000000000000e+01 -1.413612565445026226e+00 6.641299999999999981e-02
-5.375000000000000000e+01 -4.712041884816753901e-01 9.719999999999999907e-04
-5.375000000000000000e+01 4.712041884816753901e-01 9.719999999999999907e-04
-5.375000000000000000e+01 1.413612565445026226e+00 1.217999999999999899e-03
-5.375000000000000000e+01 2.356020942408377117e+00 1.054000000000000032e-03
-5.250000000000000000e+01 -1.366492146596859136e+01 1.264599999999999926e-02
-5.250000000000000000e+01 -1.272251308900523981e+01 2.105769999999999864e-01
-5.250000000000000000e+01 -1.178010471204188825e+01 9.212700000000000056e-02
-5.250000000000000000e+01 -1.083769633507853669e+01 2.459300000000000097e-01
-5.250000000000000000e+01 -9.895287958115185134e+00 7.711800000000000599e-02
-5.250000000000000000e+01 -8.952879581151833577e+00 5.699999999999999772e-04
-5.250000000000000000e+01 -8.010471204188482020e+00 9.950000000000000077e-04
-5.250000000000000000e+01 -7.068062827225130462e+00 1.652400000000000049e-02
-5.250000000000000000e+01 -6.125654450261779793e+00 3.673900000000000082e-02
-5.250000000000000000e+01 -5.183246073298429124e+00 1.755000000000000050e-03
-5.250000000000000000e+01 -4.240837696335078455e+00 6.947799999999999809e-02
-5.250000000000000000e+01 -3.298429319371727786e+00 1.690049999999999886e-01
-5.250000000000000000e+01 -2.356020942408377117e+00 3.057800000000000101e-02
-5.250000000000000000e+01 -1.413612565445026226e+00 1.289530000000000121e-01
-5.250000000000000000e+01 -4.712041884816753901e-01 1.051999999999999984e-03
-5.250000000000000000e+01 4.712041884816753901e-01 1.051999999999999984e-03
-5.125000000000000000e+01 -8.952879581151833577e+00 4.241739999999999955e-01
-5.125000000000000000e+01 -8.010471204188482020e+00 3.541110000000000091e-01
-5.125000000000000000e+01 -7.068062827225130462e+00 4.304310000000000080e-01
-5.125000000000000000e+01 -5.183246073298429124e+00 1.073019999999999946e-01
-5.125000000000000000e+01 -4.240837696335078455e+00 2.198249999999999926e-01
-5.125000000000000000e+01 -3.298429319371727786e+00 8.517700000000000271e-02
-5.125000000000000000e+01 -2.356020942408377117e+00 5.598100000000000298e-02
-5.000000000000000000e+01 -3.298429319371727786e+00 2.127860000000000029e-01
