-7.875000000000000000e+01 -6.125654450261779793e+00 5.022210000000000285e-01
-7.875000000000000000e+01 -5.183246073298429124e+00 2.075369999999999993e-01
-7.875000000000000000e+01 -4.240837696335078455e+00 3.108989999999999809e-01
-7.875000000000000000e+01 -3.298429319371727786e+00 4.355589999999999740e-01
-7.875000000000000000e+01 -2.356020942408377117e+00 0.000000000000000000e+00
-7.875000000000000000e+01 -1.413612565445026226e+00 0.000000000000000000e+00
-7.750000000000000000e+01 -8.952879581151833577e+00 1.875680000000000125e-01
-7.750000000000000000e+01 -8.010471204188482020e+00 1.435049999999999937e-01
-7.750000000000000000e+01 -7.068062827225130462e+00 2.852660000000000196e-01
-7.750000000000000000e+01 -6.125654450261779793e+00 5.075960000000000472e-01
-7.750000000000000000e+01 -5.183246073298429124e+00 1.613140000000000129e-01
-7.750000000000000000e+01 -4.240837696335078455e+00 4.057199999999999696e-02
-7.750000000000000000e+01 -3.298429319371727786e+00 3.734129999999999949e-01
-7.750000000000000000e+01 -2.356020942408377117e+00 2.121810000000000085e-01
-7.750000000000000000e+01 -1.413612565445026226e+00 3.444479999999999764e-01
-7.750000000000000000e+01 -4.712041884816753901e-01 2.033870000000000122e-01
-7.750000000000000000e+01 4.712041884816753901e-01 2.033870000000000122e-01
-7.625000000000000000e+01 -1.083769633507853669e+01 6.593000000000000249e-02
-7.625000000000000000e+01 -9.895287958115185134e+00 1.352279999999999871e-01
-7.625000000000000000e+01 -8.952879581151833577e+00 4.290249999999999897e-01
-7.625000000000000000e+01 -8.010471204188482020e+00 1.382390000000000008e-01
-7.625000000000000000e+01 -7.068062827225130462e+00 2.387269999999999948e-01
-7.625000000000000000e+01 -6.125654450261779793e+00 3.756740000000000079e-01
-7.625000000000000000e+01 -5.183246073298429124e+00 4.002700000000000008e-02
-7.625000000000000000e+01 -4.240837696335078455e+00 1.472000000000000001e-03
-7.625000000000000000e+01 -3.298429319371727786e+00 3.983000000000000429e-03
-7.625000000000000000e+01 -2.356020942408377117e+00 2.553000000000000148e-03
-7.625000000000000000e+01 -1.413612565445026226e+00 4.649999999999999620e-03
-7.625000000000000000e+01 -4.712041884816753901e-01 1.468059999999999921e-01
-7.625000000000000000e+01 4.712041884816753901e-01 1.468059999999999921e-01
-7.625000000000000000e+01 1.413612565445026226e+00 7.853219999999999645e-01
-7.500000000000000000e+01 -1.366492146596859136e+01 7.814200000000000312e-02
-7.500000000000000000e+01 -1.272251308900523981e+01 1.417779999999999874e-01
-7.500000000000000000e+01 -1.178010471204188825e+01 1.237540000000000029e-01
-7.500000000000000000e+01 -1.083769633507853669e+01 3.418910000000000005e-01
-7.500000000000000000e+01 -9.895287958115185134e+00 1.762620000000000020e-01
-7.500000000000000000e+01 -8.952879581151833577e+00 4.817119999999999735e-01
-7.500000000000000000e+01 -8.010471204188482020e+00 2.311930000000000096e-01
-7.500000000000000000e+01 -7.068062827225130462e+00 3.527199999999999780e-02
-7.500000000000000000e+01 -6.125654450261779793e+00 6.070300000000000001e-02
-7.500000000000000000e+01 -5.183246073298429124e+00 4.566900000000000126e-02
-7.500000000000000000e+01 -4.240837696335078455e+00 2.003299999999999872e-02
-7.500000000000000000e+01 -3.298429319371727786e+00 2.305999999999999890e-03
-7.500000000000000000e+01 -2.356020942408377117e+00 6.376999999999999856e-03
-7.500000000000000000e+01 -1.413612565445026226e+00 5.597000000000000412e-03
-7.500000000000000000e+01 -4.712041884816753901e-01 2.579400000000000096e-02
-7.500000000000000000e+01 4.712041884816753901e-01 2.579400000000000096e-02
-7.500000000000000000e+01 1.413612565445026226e+00 4.711480000000000112e-01
-7.500000000000000000e+01 2.356020942408377117e+00 8.802820000000000089e-01
-7.375000000000000000e+01 -1.460732984293194114e+01 0.000000000000000000e+00
-7.375000000000000000e+01 -1.366492146596859136e+01 1.302490000000000037e-01
-7.375000000000000000e+01 -1.272251308900523981e+01 8.190100000000000158e-02
-7.375000000000000000e+01 -1.178010471204188825e+01 9.865599999999999370e-02
-7.375000000000000000e+01 -1.083769633507853669e+01 9.119700000000000029e-02
-7.375000000000000000e+01 -9.895287958115185134e+00 5.868799999999999711e-02
-7.375000000000000000e+01 -8.952879581151833577e+00 9.280299999999999661e-02
-7.375000000000000000e+01 -8.010471204188482020e+00 1.231020000000000031e-01
-7.375000000000000000e+01 -7.068062827225130462e+00 5.465099999999999819e-02
-7.375000000000000000e+01 -6.125654450261779793e+00 2.464699999999999877e-02
-7.375000000000000000e+01 -5.183246073298429124e+00 7.177999999999999658e-02
-7.375000000000000000e+01 -4.240837696335078455e+00 2.272499999999999867e-02
-7.375000000000000000e+01 -3.298429319371727786e+00 7.262000000000000226e-03
-7.375000000000000000e+01 -2.356020942408377117e+00 5.409999999999999878e-03
-7.375000000000000000e+01 -1.413612565445026226e+00 9.029199999999999726e-02
-7.375000000000000000e+01 -4.712041884816753901e-01 2.467000000000000009e-03
-7.375000000000000000e+01 4.712041884816753901e-01 2.467000000000000009e-03
-7.375000000000000000e+01 1.413612565445026226e+00 3.937600000000000128e-02
-7.250000000000000000e+01 -1.460732984293194114e+01 5.432000000000000196e-03
-7.250000000000000000e+01 -1.366492146596859136e+01 1.374849999999999961e-01
-7.250000000000000000e+01 -1.272251308900523981e+01 1.710379999999999956e-01
-7.250000000000000000e+01 -1.178010471204188825e+01 4.293199999999999794e-02
-7.250000000000000000e+01 -1.083769633507853669e+01 6.879999999999999831e-03
-7.250000000000000000e+01 -9.895287958115185134e+00 0.000000000000000000e+00
-7.250000000000000000e+01 -8.952879581151833577e+00 1.085799999999999960e-02
-7.250000000000000000e+01 -8.010471204188482020e+00 4.395660000000000123e-01
-7.250000000000000000e+01 -7.068062827225130462e+00 2.060750000000000082e-01
-7.250000000000000000e+01 -6.125654450261779793e+00 9.730000000000000151e-04
-7.250000000000000000e+01 -5.183246073298429124e+00 9.737000000000000863e-03
-7.250000000000000000e+01 -4.240837696335078455e+00 1.123389999999999944e-01
-7.250000000000000000e+01 -3.298429319371727786e+00 2.123999999999999846e-02
-7.250000000000000000e+01 -2.356020942408377117e+00 4.250700000000000311e-02
-7.250000000000000000e+01 -1.413612565445026226e+00 8.798999999999999530e-03
-7.250000000000000000e+01 -4.712041884816753901e-01 6.908000000000000078e-03
-7.250000000000000000e+01 4.712041884816753901e-01 6.908000000000000078e-03
-7.250000000000000000e+01 1.413612565445026226e+00 1.052499999999999963e-02
-7.125000000000000000e+01 -1.460732984293194114e+01 9.079900000000000471e-02
-7.125000000000000000e+01 -1.366492146596859136e+01 2.439500000000000002e-02
-7.125000000000000000e+01 -1.272251308900523981e+01 1.960210000000000008e-01
-7.125000000000000000e+01 -1.178010471204188825e+01 4.759000000000000209e-03
-7.125000000000000000e+01 -1.083769633507853669e+01 0.000000000000000000e+00
-7.125000000000000000e+01 -9.895287958115185134e+00 6.791000000000000161e-03
-7.125000000000000000e+01 -8.952879581151833577e+00 1.000810000000000033e-01
-7.125000000000000000e+01 -8.010471204188482020e+00 5.497450000000000392e-01
-7.125000000000000000e+01 -7.068062827225130462e+00 5.359499999999999681e-02
-7.125000000000000000e+01 -6.125654450261779793e+00 4.655000000000000283e-03
-7.125000000000000000e+01 -5.183246073298429124e+00 2.429999999999999977e-04
-7.125000000000000000e+01 -4.240837696335078455e+00 3.153299999999999853e-02
-7.125000000000000000e+01 -3.298429319371727786e+00 1.589999999999999888e-04
-7.125000000000000000e+01 -2.356020942408377117e+00 4.231000000000000039e-02
-7.125000000000000000e+01 -1.413612565445026226e+00 3.592000000000000141e-03
-7.125000000000000000e+01 -4.712041884816753901e-01 0.000000000000000000e+00
-7.125000000000000000e+01 4.712041884816753901e-01 0.000000000000000000e+00
-7.125000000000000000e+01 1.413612565445026226e+00 8.650199999999999556e-02
-7.000000000000000000e+01 -1.366492146596859136e+01 8.580000000000000820e-03
-7.000000000000000000e+01 -1.272251308900523981e+01 2.822790000000000021e-01
-7.000000000000000000e+01 -1.178010471204188825e+01 4.291199999999999876e-02
-7.000000000000000000e+01 -1.083769633507853669e+01 3.127090000000000147e-01
-7.000000000000000000e+01 -9.895287958115185134e+00 6.326000000000000026e-03
-7.000000000000000000e+01 -8.952879581151833577e+00 2.501019999999999910e-01
-7.000000000000000000e+01 -8.010471204188482020e+00 3.471139999999999781e-01
-7.000000000000000000e+01 -7.068062827225130462e+00 3.618199999999999888e-02
-7.000000000000000000e+01 -6.125654450261779793e+00 1.861000000000000024e-03
-7.000000000000000000e+01 -5.183246073298429124e+00 8.040000000000000271e-04
-7.000000000000000000e+01 -4.240837696335078455e+00 1.107830000000000065e-01
-7.000000000000000000e+01 -3.298429319371727786e+00 4.282799999999999802e-02
-7.000000000000000000e+01 -2.356020942408377117e+00 1.440499999999999940e-02
-7.000000000000000000e+01 -1.413612565445026226e+00 2.856399999999999911e-02
-7.000000000000000000e+01 -4.712041884816753901e-01 1.220300000000000031e-02
-7.000000000000000000e+01 4.712041884816753901e-01 1.220300000000000031e-02
-7.000000000000000000e+01 1.413612565445026226e+00 6.903000000000000282e-03
-6.875000000000000000e+01 -1.554973821989529448e+01 1.353999999999999952e-03
-6.875000000000000000e+01 -1.460732984293194114e+01 3.008299999999999863e-02
-6.875000000000000000e+01 -1.366492146596859136e+01 1.550099999999999915e-02
-6.875000000000000000e+01 -1.272251308900523981e+01 1.529359999999999886e-01
-6.875000000000000000e+01 -1.178010471204188825e+01 4.237110000000000043e-01
-6.875000000000000000e+01 -1.083769633507853669e+01 6.212490000000000512e-01
-6.875000000000000000e+01 -9.895287958115185134e+00 1.637969999999999982e-01
-6.875000000000000000e+01 -8.952879581151833577e+00 6.062659999999999716e-01
-6.875000000000000000e+01 -8.010471204188482020e+00 4.164000000000000166e-03
-6.875000000000000000e+01 -7.068062827225130462e+00 2.047999999999999907e-03
-6.875000000000000000e+01 -6.125654450261779793e+00 1.129999999999999928e-03
-6.875000000000000000e+01 -5.183246073298429124e+00 4.840000000000000010e-04
-6.875000000000000000e+01 -4.240837696335078455e+00 4.423999999999999981e-03
-6.875000000000000000e+01 -3.298429319371727786e+00 7.030999999999999923e-03
-6.875000000000000000e+01 -2.356020942408377117e+00 4.833999999999999755e-03
-6.875000000000000000e+01 -1.413612565445026226e+00 6.771000000000000109e-03
-6.875000000000000000e+01 -4.712041884816753901e-01 1.129100000000000069e-02
-6.875000000000000000e+01 4.712041884816753901e-01 1.129100000000000069e-02
-6.875000000000000000e+01 1.413612565445026226e+00 1.477200000000000041e-02
-6.875000000000000000e+01 2.356020942408377117e+00 6.295000000000000248e-03
-6.750000000000000000e+01 -1.649214659685864603e+01 3.334639999999999826e-01
-6.750000000000000000e+01 -1.554973821989529448e+01 3.334639999999999826e-01
-6.750000000000000000e+01 -1.460732984293194114e+01 1.490589999999999971e-01
-6.750000000000000000e+01 -1.366492146596859136e+01 1.259230000000000071e-01
-6.750000000000000000e+01 -1.272251308900523981e+01 1.964099999999999874e-02
-6.750000000000000000e+01 -1.178010471204188825e+01 2.953199999999999922e-02
-6.750000000000000000e+01 -1.083769633507853669e+01 3.860160000000000258e-01
-6.750000000000000000e+01 -9.895287958115185134e+00 8.585009999999999586e-01
-6.750000000000000000e+01 -8.952879581151833577e+00 3.256359999999999810e-01
-6.750000000000000000e+01 -8.010471204188482020e+00 2.236999999999999839e-03
-6.750000000000000000e+01 -7.068062827225130462e+00 8.919999999999999978e-04
-6.750000000000000000e+01 -6.125654450261779793e+00 5.134999999999999808e-03
-6.750000000000000000e+01 -5.183246073298429124e+00 1.128000000000000096e-03
-6.750000000000000000e+01 -4.240837696335078455e+00 8.059999999999999673e-04
-6.750000000000000000e+01 -3.298429319371727786e+00 1.441199999999999946e-02
-6.750000000000000000e+01 -2.356020942408377117e+00 3.310000000000000225e-04
-6.750000000000000000e+01 -1.413612565445026226e+00 8.000000000000000654e-05
-6.750000000000000000e+01 -4.712041884816753901e-01 8.989999999999999511e-04
-6.750000000000000000e+01 4.712041884816753901e-01 8.989999999999999511e-04
-6.750000000000000000e+01 1.413612565445026226e+00 6.081999999999999733e-03
-6.750000000000000000e+01 2.356020942408377117e+00 5.854999999999999961e-03
-6.625000000000000000e+01 -1.837696335078534560e+01 8.382100000000000661e-02
-6.625000000000000000e+01 -1.743455497382199582e+01 2.791449999999999765e-01
-6.625000000000000000e+01 -1.649214659685864603e+01 1.129299999999999922e-02
-6.625000000000000000e+01 -1.554973821989529448e+01 1.129299999999999922e-02
-6.625000000000000000e+01 -1.460732984293194114e+01 9.816000000000000072e-03
-6.625000000000000000e+01 -1.366492146596859136e+01 1.134000000000000025e-03
-6.625000000000000000e+01 -1.272251308900523981e+01 0.000000000000000000e+00
-6.625000000000000000e+01 -1.178010471204188825e+01 9.456000000000000863e-03
-6.625000000000000000e+01 -1.083769633507853669e+01 1.488639999999999963e-01
-6.625000000000000000e+01 -9.895287958115185134e+00 3.060459999999999847e-01
-6.625000000000000000e+01 -8.952879581151833577e+00 2.058230000000000059e-01
-6.625000000000000000e+01 -8.010471204188482020e+00 6.637999999999999803e-03
-6.625000000000000000e+01 -7.068062827225130462e+00 8.109999999999999805e-04
-6.625000000000000000e+01 -6.125654450261779793e+00 1.610000000000000103e-04
-6.625000000000000000e+01 -5.183246073298429124e+00 3.260000000000000094e-04
-6.625000000000000000e+01 -4.240837696335078455e+00 3.536000000000000081e-03
-6.625000000000000000e+01 -3.298429319371727786e+00 1.418400000000000043e-02
-6.625000000000000000e+01 -2.356020942408377117e+00 6.283999999999999655e-03
-6.625000000000000000e+01 -1.413612565445026226e+00 0.000000000000000000e+00
-6.625000000000000000e+01 -4.712041884816753901e-01 2.425000000000000072e-03
-6.625000000000000000e+01 4.712041884816753901e-01 2.425000000000000072e-03
-6.625000000000000000e+01 1.413612565445026226e+00 8.199199999999999544e-02
-6.625000000000000000e+01 2.356020942408377117e+00 6.863099999999999756e-02
-6.500000000000000000e+01 -1.837696335078534560e+01 2.819400000000000031e-02
-6.500000000000000000e+01 -1.743455497382199582e+01 5.145969999999999711e-01
-6.500000000000000000e+01 -1.649214659685864603e+01 4.342599999999999932e-02
-6.500000000000000000e+01 -1.554973821989529448e+01 4.342599999999999932e-02
-6.500000000000000000e+01 -1.460732984293194114e+01 8.788999999999999937e-03
-6.500000000000000000e+01 -1.366492146596859136e+01 4.837000000000000154e-03
-6.500000000000000000e+01 -1.272251308900523981e+01 1.992999999999999980e-03
-6.500000000000000000e+01 -1.178010471204188825e+01 3.998299999999999771e-02
-6.500000000000000000e+01 -1.083769633507853669e+01 2.757899999999999796e-01
-6.500000000000000000e+01 -9.895287958115185134e+00 6.956520000000000481e-01
-6.500000000000000000e+01 -8.952879581151833577e+00 3.468419999999999837e-01
-6.500000000000000000e+01 -8.010471204188482020e+00 6.811499999999999500e-02
-6.500000000000000000e+01 -7.068062827225130462e+00 1.095489999999999936e-01
-6.500000000000000000e+01 -6.125654450261779793e+00 1.147999999999999932e-03
-6.500000000000000000e+01 -5.183246073298429124e+00 2.753500000000000045e-02
-6.500000000000000000e+01 -4.240837696335078455e+00 4.644299999999999817e-02
-6.500000000000000000e+01 -3.298429319371727786e+00 9.055699999999999861e-02
-6.500000000000000000e+01 -2.356020942408377117e+00 4.329999999999999648e-03
-6.500000000000000000e+01 -1.413612565445026226e+00 1.791999999999999973e-03
-6.500000000000000000e+01 -4.712041884816753901e-01 8.082999999999999907e-03
-6.500000000000000000e+01 4.712041884816753901e-01 8.082999999999999907e-03
-6.500000000000000000e+01 1.413612565445026226e+00 2.658999999999999905e-03
-6.375000000000000000e+01 -2.026178010471204516e+01 5.000000000000000000e-01
-6.375000000000000000e+01 -1.931937172774869538e+01 2.822319999999999829e-01
-6.375000000000000000e+01 -1.837696335078534560e+01 1.841969999999999996e-01
-6.375000000000000000e+01 -1.743455497382199582e+01 6.092490000000000405e-01
-6.375000000000000000e+01 -1.649214659685864603e+01 6.915100000000000413e-02
-6.375000000000000000e+01 -1.554973821989529448e+01 6.915100000000000413e-02
-6.375000000000000000e+01 -1.460732984293194114e+01 3.130100000000000243e-02
-6.375000000000000000e+01 -1.366492146596859136e+01 3.468999999999999861e-03
-6.375000000000000000e+01 -1.272251308900523981e+01 5.350999999999999854e-03
-6.375000000000000000e+01 -1.178010471204188825e+01 5.831690000000000484e-01
-6.375000000000000000e+01 -1.083769633507853669e+01 9.216100000000000680e-02
-6.375000000000000000e+01 -9.895287958115185134e+00 6.245549999999999713e-01
-6.375000000000000000e+01 -8.952879581151833577e+00 8.655810000000000448e-01
-6.375000000000000000e+01 -8.010471204188482020e+00 5.453879999999999839e-01
-6.375000000000000000e+01 -7.068062827225130462e+00 1.259399999999999964e-01
-6.375000000000000000e+01 -6.125654450261779793e+00 4.970999999999999724e-03
-6.375000000000000000e+01 -5.183246073298429124e+00 3.514599999999999669e-02
-6.375000000000000000e+01 -4.240837696335078455e+00 1.355049999999999866e-01
-6.375000000000000000e+01 -3.298429319371727786e+00 1.724000000000000055e-03
-6.375000000000000000e+01 -2.356020942408377117e+00 3.249999999999999851e-04
-6.375000000000000000e+01 -1.413612565445026226e+00 3.240000000000000150e-04
-6.375000000000000000e+01 -4.712041884816753901e-01 1.828999999999999897e-03
-6.375000000000000000e+01 4.712041884816753901e-01 1.828999999999999897e-03
-6.375000000000000000e+01 1.413612565445026226e+00 0.000000000000000000e+00
-6.375000000000000000e+01 3.298429319371727786e+00 1.757500000000000034e-02
-6.250000000000000000e+01 -1.931937172774869538e+01 4.014400000000000190e-01
-6.250000000000000000e+01 -1.837696335078534560e+01 7.216139999999999777e-01
-6.250000000000000000e+01 -1.743455497382199582e+01 8.325489999999999835e-01
-6.250000000000000000e+01 -1.649214659685864603e+01 1.506190000000000029e-01
-6.250000000000000000e+01 -1.554973821989529448e+01 1.506190000000000029e-01
-6.250000000000000000e+01 -1.460732984293194114e+01 8.798999999999999530e-03
-6.250000000000000000e+01 -1.366492146596859136e+01 2.263999999999999953e-03
-6.250000000000000000e+01 -1.272251308900523981e+01 1.911500000000000005e-02
-6.250000000000000000e+01 -1.178010471204188825e+01 5.879699999999999926e-01
-6.250000000000000000e+01 -1.083769633507853669e+01 4.634190000000000254e-01
-6.250000000000000000e+01 -9.895287958115185134e+00 9.826399999999999579e-01
-6.250000000000000000e+01 -8.952879581151833577e+00 5.821129999999999916e-01
-6.250000000000000000e+01 -8.010471204188482020e+00 4.296409999999999951e-01
-6.250000000000000000e+01 -7.068062827225130462e+00 7.190339999999999510e-01
-6.250000000000000000e+01 -6.125654450261779793e+00 2.155199999999999894e-01
-6.250000000000000000e+01 -5.183246073298429124e+00 2.396000000000000126e-03
-6.250000000000000000e+01 -4.240837696335078455e+00 2.143740000000000090e-01
-6.250000000000000000e+01 -3.298429319371727786e+00 1.777199999999999960e-02
-6.250000000000000000e+01 -2.356020942408377117e+00 1.056999999999999997e-03
-6.250000000000000000e+01 -1.413612565445026226e+00 8.604100000000000636e-02
-6.250000000000000000e+01 -4.712041884816753901e-01 6.509999999999999945e-04
-6.250000000000000000e+01 4.712041884816753901e-01 6.509999999999999945e-04
-6.250000000000000000e+01 1.413612565445026226e+00 1.992999999999999980e-03
-6.250000000000000000e+01 2.356020942408377117e+00 6.228000000000000029e-03
-6.250000000000000000e+01 3.298429319371727786e+00 0.000000000000000000e+00
-6.125000000000000000e+01 -1.837696335078534560e+01 2.008639999999999870e-01
-6.125000000000000000e+01 -1.743455497382199582e+01 3.040269999999999917e-01
-6.125000000000000000e+01 -1.649214659685864603e+01 3.187539999999999818e-01
-6.125000000000000000e+01 -1.554973821989529448e+01 3.187539999999999818e-01
-6.125000000000000000e+01 -1.460732984293194114e+01 5.896599999999999758e-02
-6.125000000000000000e+01 -1.366492146596859136e+01 6.943199999999999372e-02
-6.125000000000000000e+01 -1.272251308900523981e+01 7.190360000000000085e-01
-6.125000000000000000e+01 -1.178010471204188825e+01 8.141779999999999573e-01
-6.125000000000000000e+01 -1.083769633507853669e+01 5.266750000000000043e-01
-6.125000000000000000e+01 -9.895287958115185134e+00 5.869170000000000220e-01
-6.125000000000000000e+01 -8.952879581151833577e+00 2.783709999999999796e-01
-6.125000000000000000e+01 -8.010471204188482020e+00 2.061260000000000037e-01
-6.125000000000000000e+01 -7.068062827225130462e+00 8.595099999999999962e-02
-6.125000000000000000e+01 -6.125654450261779793e+00 1.755009999999999903e-01
-6.125000000000000000e+01 -5.183246073298429124e+00 1.281650000000000011e-01
-6.125000000000000000e+01 -4.240837696335078455e+00 3.981169999999999987e-01
-6.125000000000000000e+01 -3.298429319371727786e+00 4.316989999999999994e-01
-6.125000000000000000e+01 -2.356020942408377117e+00 6.513999999999999825e-03
-6.125000000000000000e+01 -1.413612565445026226e+00 4.962099999999999844e-02
-6.125000000000000000e+01 -4.712041884816753901e-01 2.312539999999999873e-01
-6.125000000000000000e+01 4.712041884816753901e-01 2.312539999999999873e-01
-6.125000000000000000e+01 1.413612565445026226e+00 3.118900000000000006e-01
-6.125000000000000000e+01 2.356020942408377117e+00 7.799979999999999691e-01
-6.125000000000000000e+01 3.298429319371727786e+00 2.779360000000000164e-01
-6.125000000000000000e+01 4.240837696335078455e+00 9.801200000000000190e-02
-6.000000000000000000e+01 -1.554973821989529448e+01 1.454959999999999865e-01
-6.000000000000000000e+01 -1.460732984293194114e+01 4.452329999999999899e-01
-6.000000000000000000e+01 -1.366492146596859136e+01 5.987810000000000077e-01
-6.000000000000000000e+01 -1.272251308900523981e+01 4.875820000000000154e-01
-6.000000000000000000e+01 -1.178010471204188825e+01 1.758679999999999966e-01
-6.000000000000000000e+01 -1.083769633507853669e+01 4.149800000000000016e-02
-6.000000000000000000e+01 -9.895287958115185134e+00 3.898289999999999811e-01
-6.000000000000000000e+01 -8.952879581151833577e+00 1.942720000000000002e-01
-6.000000000000000000e+01 -8.010471204188482020e+00 2.903299999999999978e-02
-6.000000000000000000e+01 -7.068062827225130462e+00 4.347610000000000086e-01
-6.000000000000000000e+01 -6.125654450261779793e+00 1.810410000000000075e-01
-6.000000000000000000e+01 -5.183246073298429124e+00 1.831190000000000040e-01
-6.000000000000000000e+01 -4.240837696335078455e+00 5.415429999999999966e-01
-6.000000000000000000e+01 -3.298429319371727786e+00 8.502579999999999583e-01
-6.000000000000000000e+01 -2.356020942408377117e+00 8.557350000000000234e-01
-6.000000000000000000e+01 -1.413612565445026226e+00 3.076920000000000210e-01
-6.000000000000000000e+01 -4.712041884816753901e-01 7.837800000000000322e-02
-6.000000000000000000e+01 4.712041884816753901e-01 7.837800000000000322e-02
-6.000000000000000000e+01 1.413612565445026226e+00 7.600449999999999706e-01
-6.000000000000000000e+01 2.356020942408377117e+00 3.659959999999999880e-01
-6.000000000000000000e+01 3.298429319371727786e+00 1.287220000000000031e-01
-6.000000000000000000e+01 4.240837696335078455e+00 1.381100000000000036e-02
-6.000000000000000000e+01 5.183246073298429124e+00 1.422999999999999959e-02
-5.875000000000000000e+01 -1.366492146596859136e+01 5.732000000000000289e-02
-5.875000000000000000e+01 -1.272251308900523981e+01 8.305999999999999148e-03
-5.875000000000000000e+01 -1.178010471204188825e+01 2.623150000000000204e-01
-5.875000000000000000e+01 -1.083769633507853669e+01 7.139990000000000503e-01
-5.875000000000000000e+01 -9.895287958115185134e+00 7.816239999999999855e-01
-5.875000000000000000e+01 -8.952879581151833577e+00 2.423569999999999891e-01
-5.875000000000000000e+01 -8.010471204188482020e+00 5.349999999999999721e-03
-5.875000000000000000e+01 -7.068062827225130462e+00 2.431349999999999900e-01
-5.875000000000000000e+01 -6.125654450261779793e+00 1.412500000000000040e-02
-5.875000000000000000e+01 -5.183246073298429124e+00 3.851999999999999955e-03
-5.875000000000000000e+01 -4.240837696335078455e+00 3.259460000000000135e-01
-5.875000000000000000e+01 -3.298429319371727786e+00 8.092510000000000536e-01
-5.875000000000000000e+01 -2.356020942408377117e+00 2.572340000000000182e-01
-5.875000000000000000e+01 -1.413612565445026226e+00 1.940499999999999864e-02
-5.875000000000000000e+01 -4.712041884816753901e-01 3.628000000000000148e-03
-5.875000000000000000e+01 4.712041884816753901e-01 3.628000000000000148e-03
-5.750000000000000000e+01 -1.366492146596859136e+01 5.969800000000000106e-02
-5.750000000000000000e+01 -1.272251308900523981e+01 8.705200000000000438e-02
-5.750000000000000000e+01 -1.178010471204188825e+01 6.621219999999999883e-01
-5.750000000000000000e+01 -1.083769633507853669e+01 5.875099999999999767e-01
-5.750000000000000000e+01 -9.895287958115185134e+00 8.075849999999999973e-01
-5.750000000000000000e+01 -8.952879581151833577e+00 2.245149999999999924e-01
-5.750000000000000000e+01 -8.010471204188482020e+00 1.933989999999999876e-01
-5.750000000000000000e+01 -7.068062827225130462e+00 1.705399999999999971e-02
-5.750000000000000000e+01 -6.125654450261779793e+00 2.355500000000000094e-01
-5.750000000000000000e+01 -5.183246073298429124e+00 3.060200000000000073e-02
-5.750000000000000000e+01 -4.240837696335078455e+00 1.026259999999999950e-01
-5.750000000000000000e+01 -3.298429319371727786e+00 4.832179999999999809e-01
-5.750000000000000000e+01 -2.356020942408377117e+00 1.041129999999999972e-01
-5.750000000000000000e+01 -1.413612565445026226e+00 1.823200000000000168e-02
-5.750000000000000000e+01 -4.712041884816753901e-01 5.784700000000000258e-02
-5.750000000000000000e+01 4.712041884816753901e-01 5.784700000000000258e-02
-5.750000000000000000e+01 1.413612565445026226e+00 1.089220000000000049e-01
-5.625000000000000000e+01 -1.366492146596859136e+01 4.173810000000000020e-01
-5.625000000000000000e+01 -1.272251308900523981e+01 3.784500000000000086e-01
-5.625000000000000000e+01 -1.178010471204188825e+01 8.306989999999999652e-01
-5.625000000000000000e+01 -1.083769633507853669e+01 6.380310000000000148e-01
-5.625000000000000000e+01 -9.895287958115185134e+00 9.857179999999999831e-01
-5.625000000000000000e+01 -8.952879581151833577e+00 1.378570000000000073e-01
-5.625000000000000000e+01 -8.010471204188482020e+00 1.034759999999999985e-01
-5.625000000000000000e+01 -7.068062827225130462e+00 3.240500000000000047e-01
-5.625000000000000000e+01 -6.125654450261779793e+00 3.786669999999999758e-01
-5.625000000000000000e+01 -5.183246073298429124e+00 5.114389999999999770e-01
-5.625000000000000000e+01 -4.240837696335078455e+00 4.958170000000000077e-01
-5.625000000000000000e+01 -3.298429319371727786e+00 2.262329999999999897e-01
-5.625000000000000000e+01 -2.356020942408377117e+00 4.550589999999999913e-01
-5.625000000000000000e+01 -1.413612565445026226e+00 7.831899999999999973e-02
-5.625000000000000000e+01 -4.712041884816753901e-01 2.318999999999999881e-03
-5.625000000000000000e+01 4.712041884816753901e-01 2.318999999999999881e-03
-5.625000000000000000e+01 1.413612565445026226e+00 0.000000000000000000e+00
-5.500000000000000000e+01 -1.460732984293194114e+01 1.870950000000000113e-01
-5.500000000000000000e+01 -1.366492146596859136e+01 5.971100000000000019e-02
-5.500000000000000000e+01 -1.272251308900523981e+01 6.238359999999999461e-01
-5.500000000000000000e+01 -1.178010471204188825e+01 9.046560000000000157e-01
-5.500000000000000000e+01 -1.083769633507853669e+01 9.292599999999999749e-01
-5.500000000000000000e+01 -9.895287958115185134e+00 9.165470000000000006e-01
-5.500000000000000000e+01 -8.952879581151833577e+00 3.144080000000000208e-01
-5.500000000000000000e+01 -8.010471204188482020e+00 6.359850000000000225e-01
-5.500000000000000000e+01 -7.068062827225130462e+00 4.175699999999999967e-01
-5.500000000000000000e+01 -6.125654450261779793e+00 2.142229999999999968e-01
-5.500000000000000000e+01 -5.183246073298429124e+00 1.476049999999999862e-01
-5.500000000000000000e+01 -4.240837696335078455e+00 6.506370000000000209e-01
-5.500000000000000000e+01 -3.298429319371727786e+00 7.058600000000000430e-01
-5.500000000000000000e+01 -2.356020942408377117e+00 6.767579999999999707e-01
-5.500000000000000000e+01 -1.413612565445026226e+00 1.275979999999999892e-01
-5.500000000000000000e+01 -4.712041884816753901e-01 2.420000000000000005e-04
-5.500000000000000000e+01 4.712041884816753901e-01 2.420000000000000005e-04
-5.500000000000000000e+01 1.413612565445026226e+00 2.420000000000000005e-04
-5.500000000000000000e+01 2.356020942408377117e+00 8.229999999999999469e-04
-5.375000000000000000e+01 -1.460732984293194114e+01 2.773999999999999990e-03
-5.375000000000000000e+01 -1.366492146596859136e+01 5.433299999999999935e-02
-5.375000000000000000e+01 -1.272251308900523981e+01 4.499679999999999791e-01
-5.375000000000000000e+01 -1.178010471204188825e+01 3.356629999999999892e-01
-5.375000000000000000e+01 -1.083769633507853669e+01 6.053089999999999860e-01
-5.375000000000000000e+01 -9.895287958115185134e+00 6.248070000000000013e-01
-5.375000000000000000e+01 -8.952879581151833577e+00 6.671000000000000540e-02
-5.375000000000000000e+01 -8.010471204188482020e+00 8.000000000000000654e-05
-5.375000000000000000e+01 -7.068062827225130462e+00 1.606210000000000138e-01
-5.375000000000000000e+01 -6.125654450261779793e+00 2.462360000000000104e-01
-5.375000000000000000e+01 -5.183246073298429124e+00 4.102609999999999868e-01
-5.375000000000000000e+01 -4.240837696335078455e+00 6.005049999999999555e-01
-5.375000000000000000e+01 -3.298429319371727786e+00 8.174310000000000187e-01
-5.375000000000000000e+01 -2.356020942408377117e+00 5.715649999999999897e-01
-5.375000000000000000e+01 -1.413612565445026226e+00 3.786599999999999966e-01
-5.375000000000000000e+01 -4.712041884816753901e-01 1.016190000000000010e-01
-5.375000000000000000e+01 4.712041884816753901e-01 1.016190000000000010e-01
-5.375000000000000000e+01 1.413612565445026226e+00 4.181690000000000129e-01
-5.375000000000000000e+01 2.356020942408377117e+00 3.785700000000000176e-02
-5.250000000000000000e+01 -1.366492146596859136e+01 1.417599999999999937e-02
-5.250000000000000000e+01 -1.272251308900523981e+01 3.571719999999999895e-01
-5.250000000000000000e+01 -1.178010471204188825e+01 1.956170000000000131e-01
-5.250000000000000000e+01 -1.083769633507853669e+01 3.655160000000000076e-01
-5.250000000000000000e+01 -9.895287958115185134e+00 2.060579999999999912e-01
-5.250000000000000000e+01 -8.952879581151833577e+00 7.165999999999999627e-03
-5.250000000000000000e+01 -8.010471204188482020e+00 5.391100000000000059e-02
-5.250000000000000000e+01 -7.068062827225130462e+00 5.619859999999999856e-01
-5.250000000000000000e+01 -6.125654450261779793e+00 6.472860000000000280e-01
-5.250000000000000000e+01 -5.183246073298429124e+00 7.669800000000000229e-02
-5.250000000000000000e+01 -4.240837696335078455e+00 2.861560000000000215e-01
-5.250000000000000000e+01 -3.298429319371727786e+00 7.450569999999999693e-01
-5.250000000000000000e+01 -2.356020942408377117e+00 2.667309999999999959e-01
-5.250000000000000000e+01 -1.413612565445026226e+00 8.422819999999999752e-01
-5.250000000000000000e+01 -4.712041884816753901e-01 3.248400000000000176e-01
-5.250000000000000000e+01 4.712041884816753901e-01 3.248400000000000176e-01
-5.125000000000000000e+01 -8.952879581151833577e+00 8.089439999999999964e-01
-5.125000000000000000e+01 -8.010471204188482020e+00 5.386849999999999694e-01
-5.125000000000000000e+01 -7.068062827225130462e+00 6.701479999999999659e-01
-5.125000000000000000e+01 -5.183246073298429124e+00 4.405290000000000039e-01
-5.125000000000000000e+01 -4.240837696335078455e+00 6.523379999999999734e-01
-5.125000000000000000e+01 -3.298429319371727786e+00 9.723399999999999821e-01
-5.125000000000000000e+01 -2.356020942408377117e+00 7.242819999999999814e-01
-5.000000000000000000e+01 -3.298429319371727786e+00 9.385839999999999739e-01
