-7.875000000000000000e+01 -6.125654450261779793e+00 4.908489999999999798e-01
-7.875000000000000000e+01 -5.183246073298429124e+00 1.709739999999999871e-01
-7.875000000000000000e+01 -4.240837696335078455e+00 1.959559999999999913e-01
-7.875000000000000000e+01 -3.298429319371727786e+00 3.188150000000000150e-01
-7.875000000000000000e+01 -2.356020942408377117e+00 0.000000000000000000e+00
-7.875000000000000000e+01 -1.413612565445026226e+00 0.000000000000000000e+00
-7.750000000000000000e+01 -8.952879581151833577e+00 1.886589999999999934e-01
-7.750000000000000000e+01 -8.010471204188482020e+00 1.435049999999999937e-01
-7.750000000000000000e+01 -7.068062827225130462e+00 2.802339999999999831e-01
-7.750000000000000000e+01 -6.125654450261779793e+00 4.245340000000000225e-01
-7.750000000000000000e+01 -5.183246073298429124e+00 6.414699999999999569e-02
-7.750000000000000000e+01 -4.240837696335078455e+00 2.421099999999999988e-02
-7.750000000000000000e+01 -3.298429319371727786e+00 1.580660000000000120e-01
-7.750000000000000000e+01 -2.356020942408377117e+00 1.117780000000000024e-01
-7.750000000000000000e+01 -1.413612565445026226e+00 2.106659999999999922e-01
-7.750000000000000000e+01 -4.712041884816753901e-01 1.844790000000000041e-01
-7.750000000000000000e+01 4.712041884816753901e-01 1.844790000000000041e-01
-7.625000000000000000e+01 -1.083769633507853669e+01 5.645000000000000018e-02
-7.625000000000000000e+01 -9.895287958115185134e+00 1.221229999999999954e-01
-7.625000000000000000e+01 -8.952879581151833577e+00 2.821119999999999739e-01
-7.625000000000000000e+01 -8.010471204188482020e+00 7.959700000000000109e-02
-7.625000000000000000e+01 -7.068062827225130462e+00 1.761600000000000110e-01
-7.625000000000000000e+01 -6.125654450261779793e+00 1.887070000000000136e-01
-7.625000000000000000e+01 -5.183246073298429124e+00 4.002700000000000008e-02
-7.625000000000000000e+01 -4.240837696335078455e+00 1.472000000000000001e-03
-7.625000000000000000e+01 -3.298429319371727786e+00 3.983000000000000429e-03
-7.625000000000000000e+01 -2.356020942408377117e+00 2.553000000000000148e-03
-7.625000000000000000e+01 -1.413612565445026226e+00 2.611000000000000040e-03
-7.625000000000000000e+01 -4.712041884816753901e-01 2.705600000000000019e-02
-7.625000000000000000e+01 4.712041884816753901e-01 2.705600000000000019e-02
-7.625000000000000000e+01 1.413612565445026226e+00 4.795570000000000110e-01
-7.500000000000000000e+01 -1.366492146596859136e+01 7.814200000000000312e-02
-7.500000000000000000e+01 -1.272251308900523981e+01 1.417779999999999874e-01
-7.500000000000000000e+01 -1.178010471204188825e+01 1.237540000000000029e-01
-7.500000000000000000e+01 -1.083769633507853669e+01 2.773070000000000257e-01
-7.500000000000000000e+01 -9.895287958115185134e+00 1.255360000000000087e-01
-7.500000000000000000e+01 -8.952879581151833577e+00 2.864519999999999844e-01
-7.500000000000000000e+01 -8.010471204188482020e+00 1.737279999999999935e-01
-7.500000000000000000e+01 -7.068062827225130462e+00 3.468899999999999761e-02
-7.500000000000000000e+01 -6.125654450261779793e+00 6.070300000000000001e-02
-7.500000000000000000e+01 -5.183246073298429124e+00 4.566900000000000126e-02
-7.500000000000000000e+01 -4.240837696335078455e+00 2.003299999999999872e-02
-7.500000000000000000e+01 -3.298429319371727786e+00 2.305999999999999890e-03
-7.500000000000000000e+01 -2.356020942408377117e+00 6.376999999999999856e-03
-7.500000000000000000e+01 -1.413612565445026226e+00 5.597000000000000412e-03
-7.500000000000000000e+01 -4.712041884816753901e-01 2.222800000000000123e-02
-7.500000000000000000e+01 4.712041884816753901e-01 2.222800000000000123e-02
-7.500000000000000000e+01 1.413612565445026226e+00 3.940989999999999771e-01
-7.500000000000000000e+01 2.356020942408377117e+00 6.503139999999999477e-01
-7.375000000000000000e+01 -1.460732984293194114e+01 0.000000000000000000e+00
-7.375000000000000000e+01 -1.366492146596859136e+01 1.302490000000000037e-01
-7.375000000000000000e+01 -1.272251308900523981e+01 8.026500000000000301e-02
-7.375000000000000000e+01 -1.178010471204188825e+01 9.292000000000000259e-02
-7.375000000000000000e+01 -1.083769633507853669e+01 7.388899999999999635e-02
-7.375000000000000000e+01 -9.895287958115185134e+00 5.654499999999999804e-02
-7.375000000000000000e+01 -8.952879581151833577e+00 7.121299999999999852e-02
-7.375000000000000000e+01 -8.010471204188482020e+00 4.764999999999999791e-02
-7.375000000000000000e+01 -7.068062827225130462e+00 9.365999999999999326e-03
-7.375000000000000000e+01 -6.125654450261779793e+00 2.464699999999999877e-02
-7.375000000000000000e+01 -5.183246073298429124e+00 7.177999999999999658e-02
-7.375000000000000000e+01 -4.240837696335078455e+00 2.272499999999999867e-02
-7.375000000000000000e+01 -3.298429319371727786e+00 7.262000000000000226e-03
-7.375000000000000000e+01 -2.356020942408377117e+00 5.409999999999999878e-03
-7.375000000000000000e+01 -1.413612565445026226e+00 2.469899999999999873e-02
-7.375000000000000000e+01 -4.712041884816753901e-01 2.467000000000000009e-03
-7.375000000000000000e+01 4.712041884816753901e-01 2.467000000000000009e-03
-7.375000000000000000e+01 1.413612565445026226e+00 3.635300000000000337e-02
-7.250000000000000000e+01 -1.460732984293194114e+01 5.432000000000000196e-03
-7.250000000000000000e+01 -1.366492146596859136e+01 1.374849999999999961e-01
-7.250000000000000000e+01 -1.272251308900523981e+01 1.607780000000000042e-01
-7.250000000000000000e+01 -1.178010471204188825e+01 4.293199999999999794e-02
-7.250000000000000000e+01 -1.083769633507853669e+01 6.879999999999999831e-03
-7.250000000000000000e+01 -9.895287958115185134e+00 0.000000000000000000e+00
-7.250000000000000000e+01 -8.952879581151833577e+00 9.388999999999999777e-03
-7.250000000000000000e+01 -8.010471204188482020e+00 1.727150000000000074e-01
-7.250000000000000000e+01 -7.068062827225130462e+00 4.673999999999999683e-02
-7.250000000000000000e+01 -6.125654450261779793e+00 9.730000000000000151e-04
-7.250000000000000000e+01 -5.183246073298429124e+00 9.737000000000000863e-03
-7.250000000000000000e+01 -4.240837696335078455e+00 1.123389999999999944e-01
-7.250000000000000000e+01 -3.298429319371727786e+00 2.123999999999999846e-02
-7.250000000000000000e+01 -2.356020942408377117e+00 1.199099999999999992e-02
-7.250000000000000000e+01 -1.413612565445026226e+00 3.454000000000000039e-03
-7.250000000000000000e+01 -4.712041884816753901e-01 6.908000000000000078e-03
-7.250000000000000000e+01 4.712041884816753901e-01 6.908000000000000078e-03
-7.250000000000000000e+01 1.413612565445026226e+00 1.020399999999999953e-02
-7.125000000000000000e+01 -1.460732984293194114e+01 9.079900000000000471e-02
-7.125000000000000000e+01 -1.366492146596859136e+01 2.439500000000000002e-02
-7.125000000000000000e+01 -1.272251308900523981e+01 4.716299999999999659e-02
-7.125000000000000000e+01 -1.178010471204188825e+01 0.000000000000000000e+00
-7.125000000000000000e+01 -1.083769633507853669e+01 0.000000000000000000e+00
-7.125000000000000000e+01 -9.895287958115185134e+00 6.791000000000000161e-03
-7.125000000000000000e+01 -8.952879581151833577e+00 2.530400000000000010e-02
-7.125000000000000000e+01 -8.010471204188482020e+00 1.328920000000000101e-01
-7.125000000000000000e+01 -7.068062827225130462e+00 3.642999999999999971e-03
-7.125000000000000000e+01 -6.125654450261779793e+00 4.655000000000000283e-03
-7.125000000000000000e+01 -5.183246073298429124e+00 2.429999999999999977e-04
-7.125000000000000000e+01 -4.240837696335078455e+00 1.813999999999999987e-02
-7.125000000000000000e+01 -3.298429319371727786e+00 1.589999999999999888e-04
-7.125000000000000000e+01 -2.356020942408377117e+00 1.315000000000000023e-02
-7.125000000000000000e+01 -1.413612565445026226e+00 3.592000000000000141e-03
-7.125000000000000000e+01 -4.712041884816753901e-01 0.000000000000000000e+00
-7.125000000000000000e+01 4.712041884816753901e-01 0.000000000000000000e+00
-7.125000000000000000e+01 1.413612565445026226e+00 2.309399999999999994e-02
-7.000000000000000000e+01 -1.366492146596859136e+01 8.580000000000000820e-03
-7.000000000000000000e+01 -1.272251308900523981e+01 7.473799999999999888e-02
-7.000000000000000000e+01 -1.178010471204188825e+01 0.000000000000000000e+00
-7.000000000000000000e+01 -1.083769633507853669e+01 1.034199999999999980e-01
-7.000000000000000000e+01 -9.895287958115185134e+00 3.200000000000000262e-04
-7.000000000000000000e+01 -8.952879581151833577e+00 1.666799999999999879e-02
-7.000000000000000000e+01 -8.010471204188482020e+00 8.790000000000000591e-02
-7.000000000000000000e+01 -7.068062827225130462e+00 2.868199999999999916e-02
-7.000000000000000000e+01 -6.125654450261779793e+00 1.861000000000000024e-03
-7.000000000000000000e+01 -5.183246073298429124e+00 8.040000000000000271e-04
-7.000000000000000000e+01 -4.240837696335078455e+00 7.017400000000000027e-02
-7.000000000000000000e+01 -3.298429319371727786e+00 1.871700000000000100e-02
-7.000000000000000000e+01 -2.356020942408377117e+00 6.322000000000000362e-03
-7.000000000000000000e+01 -1.413612565445026226e+00 1.278800000000000076e-02
-7.000000000000000000e+01 -4.712041884816753901e-01 1.220300000000000031e-02
-7.000000000000000000e+01 4.712041884816753901e-01 1.220300000000000031e-02
-7.000000000000000000e+01 1.413612565445026226e+00 3.897999999999999989e-03
-6.875000000000000000e+01 -1.554973821989529448e+01 6.769999999999999759e-04
-6.875000000000000000e+01 -1.460732984293194114e+01 2.090499999999999997e-02
-6.875000000000000000e+01 -1.366492146596859136e+01 3.651999999999999864e-03
-6.875000000000000000e+01 -1.272251308900523981e+01 7.367600000000000537e-02
-6.875000000000000000e+01 -1.178010471204188825e+01 1.352839999999999876e-01
-6.875000000000000000e+01 -1.083769633507853669e+01 3.505489999999999995e-01
-6.875000000000000000e+01 -9.895287958115185134e+00 2.457799999999999915e-02
-6.875000000000000000e+01 -8.952879581151833577e+00 1.016029999999999989e-01
-6.875000000000000000e+01 -8.010471204188482020e+00 3.200000000000000262e-04
-6.875000000000000000e+01 -7.068062827225130462e+00 2.047999999999999907e-03
-6.875000000000000000e+01 -6.125654450261779793e+00 1.129999999999999928e-03
-6.875000000000000000e+01 -5.183246073298429124e+00 4.840000000000000010e-04
-6.875000000000000000e+01 -4.240837696335078455e+00 4.423999999999999981e-03
-6.875000000000000000e+01 -3.298429319371727786e+00 7.030999999999999923e-03
-6.875000000000000000e+01 -2.356020942408377117e+00 2.458000000000000115e-03
-6.875000000000000000e+01 -1.413612565445026226e+00 1.773000000000000053e-03
-6.875000000000000000e+01 -4.712041884816753901e-01 1.129100000000000069e-02
-6.875000000000000000e+01 4.712041884816753901e-01 1.129100000000000069e-02
-6.875000000000000000e+01 1.413612565445026226e+00 1.224199999999999941e-02
-6.875000000000000000e+01 2.356020942408377117e+00 6.131000000000000165e-03
-6.750000000000000000e+01 -1.649214659685864603e+01 1.637949999999999962e-01
-6.750000000000000000e+01 -1.554973821989529448e+01 1.637949999999999962e-01
-6.750000000000000000e+01 -1.460732984293194114e+01 4.745800000000000018e-02
-6.750000000000000000e+01 -1.366492146596859136e+01 4.292100000000000082e-02
-6.750000000000000000e+01 -1.272251308900523981e+01 5.739000000000000178e-03
-6.750000000000000000e+01 -1.178010471204188825e+01 1.366200000000000053e-02
-6.750000000000000000e+01 -1.083769633507853669e+01 1.935479999999999978e-01
-6.750000000000000000e+01 -9.895287958115185134e+00 5.891480000000000050e-01
-6.750000000000000000e+01 -8.952879581151833577e+00 6.862300000000000344e-02
-6.750000000000000000e+01 -8.010471204188482020e+00 9.590000000000000000e-04
-6.750000000000000000e+01 -7.068062827225130462e+00 8.919999999999999978e-04
-6.750000000000000000e+01 -6.125654450261779793e+00 5.134999999999999808e-03
-6.750000000000000000e+01 -5.183246073298429124e+00 1.128000000000000096e-03
-6.750000000000000000e+01 -4.240837696335078455e+00 8.059999999999999673e-04
-6.750000000000000000e+01 -3.298429319371727786e+00 1.389100000000000057e-02
-6.750000000000000000e+01 -2.356020942408377117e+00 3.310000000000000225e-04
-6.750000000000000000e+01 -1.413612565445026226e+00 8.000000000000000654e-05
-6.750000000000000000e+01 -4.712041884816753901e-01 8.989999999999999511e-04
-6.750000000000000000e+01 4.712041884816753901e-01 8.989999999999999511e-04
-6.750000000000000000e+01 1.413612565445026226e+00 6.081999999999999733e-03
-6.750000000000000000e+01 2.356020942408377117e+00 7.219999999999999855e-04
-6.625000000000000000e+01 -1.837696335078534560e+01 8.382100000000000661e-02
-6.625000000000000000e+01 -1.743455497382199582e+01 1.357669999999999988e-01
-6.625000000000000000e+01 -1.649214659685864603e+01 1.786999999999999960e-03
-6.625000000000000000e+01 -1.554973821989529448e+01 1.786999999999999960e-03
-6.625000000000000000e+01 -1.460732984293194114e+01 6.490000000000000109e-03
-6.625000000000000000e+01 -1.366492146596859136e+01 1.134000000000000025e-03
-6.625000000000000000e+01 -1.272251308900523981e+01 0.000000000000000000e+00
-6.625000000000000000e+01 -1.178010471204188825e+01 5.577000000000000360e-03
-6.625000000000000000e+01 -1.083769633507853669e+01 6.919699999999999462e-02
-6.625000000000000000e+01 -9.895287958115185134e+00 1.320310000000000095e-01
-6.625000000000000000e+01 -8.952879581151833577e+00 2.118899999999999950e-02
-6.625000000000000000e+01 -8.010471204188482020e+00 2.295000000000000165e-03
-6.625000000000000000e+01 -7.068062827225130462e+00 8.109999999999999805e-04
-6.625000000000000000e+01 -6.125654450261779793e+00 1.610000000000000103e-04
-6.625000000000000000e+01 -5.183246073298429124e+00 3.260000000000000094e-04
-6.625000000000000000e+01 -4.240837696335078455e+00 3.536000000000000081e-03
-6.625000000000000000e+01 -3.298429319371727786e+00 1.376199999999999993e-02
-6.625000000000000000e+01 -2.356020942408377117e+00 6.198000000000000384e-03
-6.625000000000000000e+01 -1.413612565445026226e+00 0.000000000000000000e+00
-6.625000000000000000e+01 -4.712041884816753901e-01 2.425000000000000072e-03
-6.625000000000000000e+01 4.712041884816753901e-01 2.425000000000000072e-03
-6.625000000000000000e+01 1.413612565445026226e+00 7.730199999999999572e-02
-6.625000000000000000e+01 2.356020942408377117e+00 7.376000000000000612e-02
-6.500000000000000000e+01 -1.837696335078534560e+01 2.143099999999999866e-02
-6.500000000000000000e+01 -1.743455497382199582e+01 3.000079999999999969e-01
-6.500000000000000000e+01 -1.649214659685864603e+01 1.153999999999999991e-02
-6.500000000000000000e+01 -1.554973821989529448e+01 1.153999999999999991e-02
-6.500000000000000000e+01 -1.460732984293194114e+01 5.943000000000000366e-03
-6.500000000000000000e+01 -1.366492146596859136e+01 3.139999999999999996e-03
-6.500000000000000000e+01 -1.272251308900523981e+01 1.660999999999999933e-03
-6.500000000000000000e+01 -1.178010471204188825e+01 7.238999999999999775e-03
-6.500000000000000000e+01 -1.083769633507853669e+01 1.447589999999999988e-01
-6.500000000000000000e+01 -9.895287958115185134e+00 3.030229999999999868e-01
-6.500000000000000000e+01 -8.952879581151833577e+00 6.066699999999999871e-02
-6.500000000000000000e+01 -8.010471204188482020e+00 2.351999999999999924e-03
-6.500000000000000000e+01 -7.068062827225130462e+00 2.108300000000000105e-02
-6.500000000000000000e+01 -6.125654450261779793e+00 1.147999999999999932e-03
-6.500000000000000000e+01 -5.183246073298429124e+00 1.630000000000000047e-04
-6.500000000000000000e+01 -4.240837696335078455e+00 3.870000000000000176e-03
-6.500000000000000000e+01 -3.298429319371727786e+00 1.124999999999999958e-02
-6.500000000000000000e+01 -2.356020942408377117e+00 4.329999999999999648e-03
-6.500000000000000000e+01 -1.413612565445026226e+00 1.791999999999999973e-03
-6.500000000000000000e+01 -4.712041884816753901e-01 7.742999999999999883e-03
-6.500000000000000000e+01 4.712041884816753901e-01 7.742999999999999883e-03
-6.500000000000000000e+01 1.413612565445026226e+00 2.658999999999999905e-03
-6.375000000000000000e+01 -2.026178010471204516e+01 3.333329999999999904e-01
-6.375000000000000000e+01 -1.931937172774869538e+01 1.009850000000000053e-01
-6.375000000000000000e+01 -1.837696335078534560e+01 1.072489999999999971e-01
-6.375000000000000000e+01 -1.743455497382199582e+01 4.343520000000000159e-01
-6.375000000000000000e+01 -1.649214659685864603e+01 5.177899999999999864e-02
-6.375000000000000000e+01 -1.554973821989529448e+01 5.177899999999999864e-02
-6.375000000000000000e+01 -1.460732984293194114e+01 2.388799999999999951e-02
-6.375000000000000000e+01 -1.366492146596859136e+01 2.972999999999999948e-03
-6.375000000000000000e+01 -1.272251308900523981e+01 1.505000000000000044e-03
-6.375000000000000000e+01 -1.178010471204188825e+01 2.234510000000000107e-01
-6.375000000000000000e+01 -1.083769633507853669e+01 4.178799999999999876e-02
-6.375000000000000000e+01 -9.895287958115185134e+00 3.346810000000000063e-01
-6.375000000000000000e+01 -8.952879581151833577e+00 5.365119999999999889e-01
-6.375000000000000000e+01 -8.010471204188482020e+00 9.859199999999999908e-02
-6.375000000000000000e+01 -7.068062827225130462e+00 1.139800000000000015e-02
-6.375000000000000000e+01 -6.125654450261779793e+00 4.970999999999999724e-03
-6.375000000000000000e+01 -5.183246073298429124e+00 1.876000000000000063e-03
-6.375000000000000000e+01 -4.240837696335078455e+00 3.091199999999999851e-02
-6.375000000000000000e+01 -3.298429319371727786e+00 1.724000000000000055e-03
-6.375000000000000000e+01 -2.356020942408377117e+00 3.249999999999999851e-04
-6.375000000000000000e+01 -1.413612565445026226e+00 3.240000000000000150e-04
-6.375000000000000000e+01 -4.712041884816753901e-01 1.828999999999999897e-03
-6.375000000000000000e+01 4.712041884816753901e-01 1.828999999999999897e-03
-6.375000000000000000e+01 1.413612565445026226e+00 0.000000000000000000e+00
-6.375000000000000000e+01 3.298429319371727786e+00 1.166299999999999976e-02
-6.250000000000000000e+01 -1.931937172774869538e+01 3.184069999999999956e-01
-6.250000000000000000e+01 -1.837696335078534560e+01 6.653320000000000345e-01
-6.250000000000000000e+01 -1.743455497382199582e+01 7.055379999999999985e-01
-6.250000000000000000e+01 -1.649214659685864603e+01 7.063800000000000634e-02
-6.250000000000000000e+01 -1.554973821989529448e+01 7.063800000000000634e-02
-6.250000000000000000e+01 -1.460732984293194114e+01 7.910999999999999630e-03
-6.250000000000000000e+01 -1.366492146596859136e+01 2.263999999999999953e-03
-6.250000000000000000e+01 -1.272251308900523981e+01 1.157999999999999958e-03
-6.250000000000000000e+01 -1.178010471204188825e+01 3.327160000000000117e-01
-6.250000000000000000e+01 -1.083769633507853669e+01 3.318539999999999823e-01
-6.250000000000000000e+01 -9.895287958115185134e+00 8.622530000000000472e-01
-6.250000000000000000e+01 -8.952879581151833577e+00 2.874590000000000201e-01
-6.250000000000000000e+01 -8.010471204188482020e+00 8.421399999999999719e-02
-6.250000000000000000e+01 -7.068062827225130462e+00 6.763700000000000268e-02
-6.250000000000000000e+01 -6.125654450261779793e+00 8.640000000000000110e-03
-6.250000000000000000e+01 -5.183246073298429124e+00 2.396000000000000126e-03
-6.250000000000000000e+01 -4.240837696335078455e+00 3.250399999999999817e-02
-6.250000000000000000e+01 -3.298429319371727786e+00 5.784000000000000079e-03
-6.250000000000000000e+01 -2.356020942408377117e+00 1.056999999999999997e-03
-6.250000000000000000e+01 -1.413612565445026226e+00 2.994999999999999832e-03
-6.250000000000000000e+01 -4.712041884816753901e-01 6.509999999999999945e-04
-6.250000000000000000e+01 4.712041884816753901e-01 6.509999999999999945e-04
-6.250000000000000000e+01 1.413612565445026226e+00 1.435000000000000078e-03
-6.250000000000000000e+01 2.356020942408377117e+00 1.536999999999999955e-03
-6.250000000000000000e+01 3.298429319371727786e+00 0.000000000000000000e+00
-6.125000000000000000e+01 -1.837696335078534560e+01 1.511550000000000116e-01
-6.125000000000000000e+01 -1.743455497382199582e+01 7.909499999999999864e-02
-6.125000000000000000e+01 -1.649214659685864603e+01 1.090639999999999943e-01
-6.125000000000000000e+01 -1.554973821989529448e+01 1.090639999999999943e-01
-6.125000000000000000e+01 -1.460732984293194114e+01 1.830599999999999936e-02
-6.125000000000000000e+01 -1.366492146596859136e+01 3.610100000000000114e-02
-6.125000000000000000e+01 -1.272251308900523981e+01 5.914570000000000105e-01
-6.125000000000000000e+01 -1.178010471204188825e+01 6.764539999999999997e-01
-6.125000000000000000e+01 -1.083769633507853669e+01 3.894909999999999761e-01
-6.125000000000000000e+01 -9.895287958115185134e+00 1.812759999999999927e-01
-6.125000000000000000e+01 -8.952879581151833577e+00 2.479900000000000160e-02
-6.125000000000000000e+01 -8.010471204188482020e+00 2.331799999999999845e-02
-6.125000000000000000e+01 -7.068062827225130462e+00 3.060999999999999919e-03
-6.125000000000000000e+01 -6.125654450261779793e+00 3.514899999999999969e-02
-6.125000000000000000e+01 -5.183246073298429124e+00 1.418600000000000069e-02
-6.125000000000000000e+01 -4.240837696335078455e+00 5.270699999999999691e-02
-6.125000000000000000e+01 -3.298429319371727786e+00 6.663499999999999979e-02
-6.125000000000000000e+01 -2.356020942408377117e+00 1.302999999999999905e-03
-6.125000000000000000e+01 -1.413612565445026226e+00 8.159999999999999936e-04
-6.125000000000000000e+01 -4.712041884816753901e-01 5.885200000000000153e-02
-6.125000000000000000e+01 4.712041884816753901e-01 5.885200000000000153e-02
-6.125000000000000000e+01 1.413612565445026226e+00 5.498600000000000015e-02
-6.125000000000000000e+01 2.356020942408377117e+00 3.445819999999999994e-01
-6.125000000000000000e+01 3.298429319371727786e+00 1.672810000000000130e-01
-6.125000000000000000e+01 4.240837696335078455e+00 1.254700000000000086e-02
-6.000000000000000000e+01 -1.554973821989529448e+01 8.416700000000000570e-02
-6.000000000000000000e+01 -1.460732984293194114e+01 3.584720000000000129e-01
-6.000000000000000000e+01 -1.366492146596859136e+01 3.642569999999999975e-01
-6.000000000000000000e+01 -1.272251308900523981e+01 3.123699999999999810e-01
-6.000000000000000000e+01 -1.178010471204188825e+01 8.668299999999999617e-02
-6.000000000000000000e+01 -1.083769633507853669e+01 1.132999999999999893e-03
-6.000000000000000000e+01 -9.895287958115185134e+00 5.101399999999999685e-02
-6.000000000000000000e+01 -8.952879581151833577e+00 5.904000000000000394e-03
-6.000000000000000000e+01 -8.010471204188482020e+00 0.000000000000000000e+00
-6.000000000000000000e+01 -7.068062827225130462e+00 1.261770000000000114e-01
-6.000000000000000000e+01 -6.125654450261779793e+00 1.003000000000000072e-02
-6.000000000000000000e+01 -5.183246073298429124e+00 1.617000000000000035e-02
-6.000000000000000000e+01 -4.240837696335078455e+00 1.844669999999999921e-01
-6.000000000000000000e+01 -3.298429319371727786e+00 4.122739999999999738e-01
-6.000000000000000000e+01 -2.356020942408377117e+00 2.431949999999999945e-01
-6.000000000000000000e+01 -1.413612565445026226e+00 4.725700000000000039e-02
-6.000000000000000000e+01 -4.712041884816753901e-01 1.456499999999999982e-02
-6.000000000000000000e+01 4.712041884816753901e-01 1.456499999999999982e-02
-6.000000000000000000e+01 1.413612565445026226e+00 3.874460000000000126e-01
-6.000000000000000000e+01 2.356020942408377117e+00 5.613200000000000134e-02
-6.000000000000000000e+01 3.298429319371727786e+00 6.366199999999999637e-02
-6.000000000000000000e+01 4.240837696335078455e+00 1.091600000000000036e-02
-6.000000000000000000e+01 5.183246073298429124e+00 1.274999999999999918e-02
-5.875000000000000000e+01 -1.366492146596859136e+01 3.037000000000000116e-02
-5.875000000000000000e+01 -1.272251308900523981e+01 2.015999999999999997e-03
-5.875000000000000000e+01 -1.178010471204188825e+01 1.648509999999999975e-01
-5.875000000000000000e+01 -1.083769633507853669e+01 3.938440000000000274e-01
-5.875000000000000000e+01 -9.895287958115185134e+00 1.747009999999999952e-01
-5.875000000000000000e+01 -8.952879581151833577e+00 3.484500000000000097e-02
-5.875000000000000000e+01 -8.010471204188482020e+00 2.400000000000000061e-04
-5.875000000000000000e+01 -7.068062827225130462e+00 1.425000000000000051e-02
-5.875000000000000000e+01 -6.125654450261779793e+00 5.649999999999999641e-04
-5.875000000000000000e+01 -5.183246073298429124e+00 1.229000000000000058e-03
-5.875000000000000000e+01 -4.240837696335078455e+00 1.252340000000000120e-01
-5.875000000000000000e+01 -3.298429319371727786e+00 4.212219999999999853e-01
-5.875000000000000000e+01 -2.356020942408377117e+00 2.567200000000000037e-02
-5.875000000000000000e+01 -1.413612565445026226e+00 0.000000000000000000e+00
-5.875000000000000000e+01 -4.712041884816753901e-01 0.000000000000000000e+00
-5.875000000000000000e+01 4.712041884816753901e-01 0.000000000000000000e+00
-5.750000000000000000e+01 -1.366492146596859136e+01 4.596499999999999891e-02
-5.750000000000000000e+01 -1.272251308900523981e+01 5.158299999999999691e-02
-5.750000000000000000e+01 -1.178010471204188825e+01 4.156730000000000147e-01
-5.750000000000000000e+01 -1.083769633507853669e+01 3.495389999999999886e-01
-5.750000000000000000e+01 -9.895287958115185134e+00 1.996890000000000054e-01
-5.750000000000000000e+01 -8.952879581151833577e+00 1.760400000000000159e-02
-5.750000000000000000e+01 -8.010471204188482020e+00 1.814999999999999990e-03
-5.750000000000000000e+01 -7.068062827225130462e+00 1.987000000000000051e-03
-5.750000000000000000e+01 -6.125654450261779793e+00 2.161199999999999927e-02
-5.750000000000000000e+01 -5.183246073298429124e+00 1.631999999999999987e-03
-5.750000000000000000e+01 -4.240837696335078455e+00 5.010799999999999976e-02
-5.750000000000000000e+01 -3.298429319371727786e+00 2.575589999999999824e-01
-5.750000000000000000e+01 -2.356020942408377117e+00 3.032800000000000079e-02
-5.750000000000000000e+01 -1.413612565445026226e+00 6.755999999999999853e-03
-5.750000000000000000e+01 -4.712041884816753901e-01 0.000000000000000000e+00
-5.750000000000000000e+01 4.712041884816753901e-01 0.000000000000000000e+00
-5.750000000000000000e+01 1.413612565445026226e+00 8.100000000000000375e-05
-5.625000000000000000e+01 -1.366492146596859136e+01 2.603840000000000043e-01
-5.625000000000000000e+01 -1.272251308900523981e+01 2.882970000000000255e-01
-5.625000000000000000e+01 -1.178010471204188825e+01 6.065319999999999601e-01
-5.625000000000000000e+01 -1.083769633507853669e+01 4.197509999999999852e-01
-5.625000000000000000e+01 -9.895287958115185134e+00 7.597469999999999501e-01
-5.625000000000000000e+01 -8.952879581151833577e+00 3.708100000000000285e-02
-5.625000000000000000e+01 -8.010471204188482020e+00 3.188999999999999994e-03
-5.625000000000000000e+01 -7.068062827225130462e+00 3.497399999999999815e-02
-5.625000000000000000e+01 -6.125654450261779793e+00 7.119200000000000528e-02
-5.625000000000000000e+01 -5.183246073298429124e+00 1.689219999999999888e-01
-5.625000000000000000e+01 -4.240837696335078455e+00 3.443200000000000149e-01
-5.625000000000000000e+01 -3.298429319371727786e+00 2.662499999999999936e-02
-5.625000000000000000e+01 -2.356020942408377117e+00 3.327160000000000117e-01
-5.625000000000000000e+01 -1.413612565445026226e+00 2.534300000000000094e-02
-5.625000000000000000e+01 -4.712041884816753901e-01 8.000000000000000654e-05
-5.625000000000000000e+01 4.712041884816753901e-01 8.000000000000000654e-05
-5.625000000000000000e+01 1.413612565445026226e+00 0.000000000000000000e+00
-5.500000000000000000e+01 -1.460732984293194114e+01 1.780160000000000076e-01
-5.500000000000000000e+01 -1.366492146596859136e+01 4.296900000000000025e-02
-5.500000000000000000e+01 -1.272251308900523981e+01 3.340290000000000203e-01
-5.500000000000000000e+01 -1.178010471204188825e+01 5.704719999999999791e-01
-5.500000000000000000e+01 -1.083769633507853669e+01 6.934320000000000483e-01
-5.500000000000000000e+01 -9.895287958115185134e+00 7.087120000000000086e-01
-5.500000000000000000e+01 -8.952879581151833577e+00 5.419199999999999712e-02
-5.500000000000000000e+01 -8.010471204188482020e+00 1.225369999999999931e-01
-5.500000000000000000e+01 -7.068062827225130462e+00 1.400859999999999883e-01
-5.500000000000000000e+01 -6.125654450261779793e+00 3.847999999999999858e-03
-5.500000000000000000e+01 -5.183246073298429124e+00 4.809999999999999823e-04
-5.500000000000000000e+01 -4.240837696335078455e+00 2.720440000000000080e-01
-5.500000000000000000e+01 -3.298429319371727786e+00 4.396720000000000073e-01
-5.500000000000000000e+01 -2.356020942408377117e+00 5.495109999999999717e-01
-5.500000000000000000e+01 -1.413612565445026226e+00 1.308100000000000061e-02
-5.500000000000000000e+01 -4.712041884816753901e-01 2.420000000000000005e-04
-5.500000000000000000e+01 4.712041884816753901e-01 2.420000000000000005e-04
-5.500000000000000000e+01 1.413612565445026226e+00 2.420000000000000005e-04
-5.500000000000000000e+01 2.356020942408377117e+00 5.760000000000000146e-04
-5.375000000000000000e+01 -1.460732984293194114e+01 4.079999999999999968e-04
-5.375000000000000000e+01 -1.366492146596859136e+01 4.025000000000000105e-02
-5.375000000000000000e+01 -1.272251308900523981e+01 1.964229999999999865e-01
-5.375000000000000000e+01 -1.178010471204188825e+01 1.184690000000000049e-01
-5.375000000000000000e+01 -1.083769633507853669e+01 2.175539999999999974e-01
-5.375000000000000000e+01 -9.895287958115185134e+00 2.839889999999999914e-01
-5.375000000000000000e+01 -8.952879581151833577e+00 4.673000000000000070e-03
-5.375000000000000000e+01 -8.010471204188482020e+00 8.000000000000000654e-05
-5.375000000000000000e+01 -7.068062827225130462e+00 2.101000000000000003e-03
-5.375000000000000000e+01 -6.125654450261779793e+00 6.347000000000000211e-03
-5.375000000000000000e+01 -5.183246073298429124e+00 3.246999999999999886e-03
-5.375000000000000000e+01 -4.240837696335078455e+00 2.661129999999999884e-01
-5.375000000000000000e+01 -3.298429319371727786e+00 2.166379999999999972e-01
-5.375000000000000000e+01 -2.356020942408377117e+00 4.516069999999999807e-01
-5.375000000000000000e+01 -1.413612565445026226e+00 6.705999999999999461e-02
-5.375000000000000000e+01 -4.712041884816753901e-01 9.719999999999999907e-04
-5.375000000000000000e+01 4.712041884816753901e-01 9.719999999999999907e-04
-5.375000000000000000e+01 1.413612565445026226e+00 1.217999999999999899e-03
-5.375000000000000000e+01 2.356020942408377117e+00 1.054000000000000032e-03
-5.250000000000000000e+01 -1.366492146596859136e+01 1.280700000000000068e-02
-5.250000000000000000e+01 -1.272251308900523981e+01 2.130879999999999996e-01
-5.250000000000000000e+01 -1.178010471204188825e+01 1.039770000000000000e-01
-5.250000000000000000e+01 -1.083769633507853669e+01 2.714099999999999846e-01
-5.250000000000000000e+01 -9.895287958115185134e+00 8.686000000000000665e-02
-5.250000000000000000e+01 -8.952879581151833577e+00 5.699999999999999772e-04
-5.250000000000000000e+01 -8.010471204188482020e+00 1.825000000000000016e-03
-5.250000000000000000e+01 -7.068062827225130462e+00 1.878099999999999908e-02
-5.250000000000000000e+01 -6.125654450261779793e+00 4.067599999999999688e-02
-5.250000000000000000e+01 -5.183246073298429124e+00 1.755000000000000050e-03
-5.250000000000000000e+01 -4.240837696335078455e+00 8.613899999999999335e-02
-5.250000000000000000e+01 -3.298429319371727786e+00 2.223370000000000068e-01
-5.250000000000000000e+01 -2.356020942408377117e+00 3.180199999999999694e-02
-5.250000000000000000e+01 -1.413612565445026226e+00 2.177000000000000046e-01
-5.250000000000000000e+01 -4.712041884816753901e-01 1.618000000000000081e-03
-5.250000000000000000e+01 4.712041884816753901e-01 1.618000000000000081e-03
-5.125000000000000000e+01 -8.952879581151833577e+00 5.184530000000000527e-01
-5.125000000000000000e+01 -8.010471204188482020e+00 3.948579999999999868e-01
-5.125000000000000000e+01 -7.068062827225130462e+00 4.573429999999999995e-01
-5.125000000000000000e+01 -5.183246073298429124e+00 1.700409999999999977e-01
-5.125000000000000000e+01 -4.240837696335078455e+00 2.882350000000000190e-01
-5.125000000000000000e+01 -3.298429319371727786e+00 2.017569999999999919e-01
-5.125000000000000000e+01 -2.356020942408377117e+00 7.862399999999999944e-02
-5.000000000000000000e+01 -3.298429319371727786e+00 3.868840000000000057e-01
