-7.875000000000000000e+01 -6.125654450261779793e+00 5.129709999999999548e-01
-7.875000000000000000e+01 -5.183246073298429124e+00 3.338229999999999809e-01
-7.875000000000000000e+01 -4.240837696335078455e+00 4.543690000000000229e-01
-7.875000000000000000e+01 -3.298429319371727786e+00 5.694390000000000285e-01
-7.875000000000000000e+01 -2.356020942408377117e+00 0.000000000000000000e+00
-7.875000000000000000e+01 -1.413612565445026226e+00 0.000000000000000000e+00
-7.750000000000000000e+01 -8.952879581151833577e+00 1.886589999999999934e-01
-7.750000000000000000e+01 -8.010471204188482020e+00 1.435049999999999937e-01
-7.750000000000000000e+01 -7.068062827225130462e+00 2.887310000000000154e-01
-7.750000000000000000e+01 -6.125654450261779793e+00 5.892680000000000140e-01
-7.750000000000000000e+01 -5.183246073298429124e+00 2.358369999999999911e-01
-7.750000000000000000e+01 -4.240837696335078455e+00 6.379100000000000048e-02
-7.750000000000000000e+01 -3.298429319371727786e+00 5.607050000000000090e-01
-7.750000000000000000e+01 -2.356020942408377117e+00 3.709810000000000052e-01
-7.750000000000000000e+01 -1.413612565445026226e+00 4.595699999999999785e-01
-7.750000000000000000e+01 -4.712041884816753901e-01 2.684969999999999857e-01
-7.750000000000000000e+01 4.712041884816753901e-01 2.684969999999999857e-01
-7.625000000000000000e+01 -1.083769633507853669e+01 8.062999999999999334e-02
-7.625000000000000000e+01 -9.895287958115185134e+00 1.666799999999999948e-01
-7.625000000000000000e+01 -8.952879581151833577e+00 5.471409999999999885e-01
-7.625000000000000000e+01 -8.010471204188482020e+00 2.647820000000000173e-01
-7.625000000000000000e+01 -7.068062827225130462e+00 3.195120000000000182e-01
-7.625000000000000000e+01 -6.125654450261779793e+00 6.016080000000000316e-01
-7.625000000000000000e+01 -5.183246073298429124e+00 4.897800000000000070e-02
-7.625000000000000000e+01 -4.240837696335078455e+00 1.472000000000000001e-03
-7.625000000000000000e+01 -3.298429319371727786e+00 3.983000000000000429e-03
-7.625000000000000000e+01 -2.356020942408377117e+00 3.458000000000000136e-03
-7.625000000000000000e+01 -1.413612565445026226e+00 1.680699999999999902e-02
-7.625000000000000000e+01 -4.712041884816753901e-01 3.443840000000000234e-01
-7.625000000000000000e+01 4.712041884816753901e-01 3.443840000000000234e-01
-7.625000000000000000e+01 1.413612565445026226e+00 9.198100000000000165e-01
-7.500000000000000000e+01 -1.366492146596859136e+01 7.814200000000000312e-02
-7.500000000000000000e+01 -1.272251308900523981e+01 1.417779999999999874e-01
-7.500000000000000000e+01 -1.178010471204188825e+01 1.239180000000000004e-01
-7.500000000000000000e+01 -1.083769633507853669e+01 4.486149999999999860e-01
-7.500000000000000000e+01 -9.895287958115185134e+00 2.937150000000000039e-01
-7.500000000000000000e+01 -8.952879581151833577e+00 6.110379999999999701e-01
-7.500000000000000000e+01 -8.010471204188482020e+00 2.933279999999999776e-01
-7.500000000000000000e+01 -7.068062827225130462e+00 5.548600000000000060e-02
-7.500000000000000000e+01 -6.125654450261779793e+00 6.154099999999999848e-02
-7.500000000000000000e+01 -5.183246073298429124e+00 4.566900000000000126e-02
-7.500000000000000000e+01 -4.240837696335078455e+00 2.003299999999999872e-02
-7.500000000000000000e+01 -3.298429319371727786e+00 2.305999999999999890e-03
-7.500000000000000000e+01 -2.356020942408377117e+00 6.376999999999999856e-03
-7.500000000000000000e+01 -1.413612565445026226e+00 5.597000000000000412e-03
-7.500000000000000000e+01 -4.712041884816753901e-01 1.008539999999999992e-01
-7.500000000000000000e+01 4.712041884816753901e-01 1.008539999999999992e-01
-7.500000000000000000e+01 1.413612565445026226e+00 7.505690000000000417e-01
-7.500000000000000000e+01 2.356020942408377117e+00 9.455200000000000271e-01
-7.375000000000000000e+01 -1.460732984293194114e+01 0.000000000000000000e+00
-7.375000000000000000e+01 -1.366492146596859136e+01 1.302490000000000037e-01
-7.375000000000000000e+01 -1.272251308900523981e+01 8.722000000000000586e-02
-7.375000000000000000e+01 -1.178010471204188825e+01 1.081609999999999933e-01
-7.375000000000000000e+01 -1.083769633507853669e+01 1.220669999999999950e-01
-7.375000000000000000e+01 -9.895287958115185134e+00 6.000699999999999784e-02
-7.375000000000000000e+01 -8.952879581151833577e+00 1.268620000000000025e-01
-7.375000000000000000e+01 -8.010471204188482020e+00 2.940940000000000221e-01
-7.375000000000000000e+01 -7.068062827225130462e+00 2.124119999999999897e-01
-7.375000000000000000e+01 -6.125654450261779793e+00 2.464699999999999877e-02
-7.375000000000000000e+01 -5.183246073298429124e+00 7.177999999999999658e-02
-7.375000000000000000e+01 -4.240837696335078455e+00 2.272499999999999867e-02
-7.375000000000000000e+01 -3.298429319371727786e+00 7.262000000000000226e-03
-7.375000000000000000e+01 -2.356020942408377117e+00 5.409999999999999878e-03
-7.375000000000000000e+01 -1.413612565445026226e+00 1.396910000000000096e-01
-7.375000000000000000e+01 -4.712041884816753901e-01 5.756999999999999965e-03
-7.375000000000000000e+01 4.712041884816753901e-01 5.756999999999999965e-03
-7.375000000000000000e+01 1.413612565445026226e+00 9.002499999999999392e-02
-7.250000000000000000e+01 -1.460732984293194114e+01 5.432000000000000196e-03
-7.250000000000000000e+01 -1.366492146596859136e+01 1.374849999999999961e-01
-7.250000000000000000e+01 -1.272251308900523981e+01 1.944559999999999900e-01
-7.250000000000000000e+01 -1.178010471204188825e+01 4.358499999999999874e-02
-7.250000000000000000e+01 -1.083769633507853669e+01 6.962000000000000306e-03
-7.250000000000000000e+01 -9.895287958115185134e+00 0.000000000000000000e+00
-7.250000000000000000e+01 -8.952879581151833577e+00 1.069480000000000014e-01
-7.250000000000000000e+01 -8.010471204188482020e+00 6.821939999999999671e-01
-7.250000000000000000e+01 -7.068062827225130462e+00 5.291209999999999525e-01
-7.250000000000000000e+01 -6.125654450261779793e+00 9.730000000000000151e-04
-7.250000000000000000e+01 -5.183246073298429124e+00 9.983000000000000554e-03
-7.250000000000000000e+01 -4.240837696335078455e+00 1.123389999999999944e-01
-7.250000000000000000e+01 -3.298429319371727786e+00 2.123999999999999846e-02
-7.250000000000000000e+01 -2.356020942408377117e+00 6.756500000000000006e-02
-7.250000000000000000e+01 -1.413612565445026226e+00 1.735099999999999837e-02
-7.250000000000000000e+01 -4.712041884816753901e-01 6.908000000000000078e-03
-7.250000000000000000e+01 4.712041884816753901e-01 6.908000000000000078e-03
-7.250000000000000000e+01 1.413612565445026226e+00 2.587199999999999916e-02
-7.125000000000000000e+01 -1.460732984293194114e+01 9.079900000000000471e-02
-7.125000000000000000e+01 -1.366492146596859136e+01 2.551600000000000049e-02
-7.125000000000000000e+01 -1.272251308900523981e+01 3.424220000000000041e-01
-7.125000000000000000e+01 -1.178010471204188825e+01 2.748600000000000002e-02
-7.125000000000000000e+01 -1.083769633507853669e+01 1.902399999999999924e-02
-7.125000000000000000e+01 -9.895287958115185134e+00 2.544599999999999987e-02
-7.125000000000000000e+01 -8.952879581151833577e+00 3.050280000000000213e-01
-7.125000000000000000e+01 -8.010471204188482020e+00 8.557080000000000242e-01
-7.125000000000000000e+01 -7.068062827225130462e+00 3.814770000000000105e-01
-7.125000000000000000e+01 -6.125654450261779793e+00 5.481099999999999861e-02
-7.125000000000000000e+01 -5.183246073298429124e+00 2.429999999999999977e-04
-7.125000000000000000e+01 -4.240837696335078455e+00 3.950200000000000239e-02
-7.125000000000000000e+01 -3.298429319371727786e+00 1.589999999999999888e-04
-7.125000000000000000e+01 -2.356020942408377117e+00 5.668499999999999928e-02
-7.125000000000000000e+01 -1.413612565445026226e+00 3.592000000000000141e-03
-7.125000000000000000e+01 -4.712041884816753901e-01 0.000000000000000000e+00
-7.125000000000000000e+01 4.712041884816753901e-01 0.000000000000000000e+00
-7.125000000000000000e+01 1.413612565445026226e+00 1.226539999999999991e-01
-7.000000000000000000e+01 -1.366492146596859136e+01 1.417500000000000010e-02
-7.000000000000000000e+01 -1.272251308900523981e+01 4.831170000000000186e-01
-7.000000000000000000e+01 -1.178010471204188825e+01 3.169120000000000270e-01
-7.000000000000000000e+01 -1.083769633507853669e+01 5.450979999999999714e-01
-7.000000000000000000e+01 -9.895287958115185134e+00 2.219730000000000036e-01
-7.000000000000000000e+01 -8.952879581151833577e+00 5.807790000000000452e-01
-7.000000000000000000e+01 -8.010471204188482020e+00 6.840349999999999486e-01
-7.000000000000000000e+01 -7.068062827225130462e+00 4.018789999999999862e-01
-7.000000000000000000e+01 -6.125654450261779793e+00 4.369999999999999753e-03
-7.000000000000000000e+01 -5.183246073298429124e+00 4.341000000000000240e-03
-7.000000000000000000e+01 -4.240837696335078455e+00 1.826089999999999935e-01
-7.000000000000000000e+01 -3.298429319371727786e+00 6.007400000000000240e-02
-7.000000000000000000e+01 -2.356020942408377117e+00 2.760900000000000160e-02
-7.000000000000000000e+01 -1.413612565445026226e+00 3.628699999999999981e-02
-7.000000000000000000e+01 -4.712041884816753901e-01 1.220300000000000031e-02
-7.000000000000000000e+01 4.712041884816753901e-01 1.220300000000000031e-02
-7.000000000000000000e+01 1.413612565445026226e+00 8.283000000000000432e-03
-6.875000000000000000e+01 -1.554973821989529448e+01 1.353999999999999952e-03
-6.875000000000000000e+01 -1.460732984293194114e+01 5.595900000000000180e-02
-6.875000000000000000e+01 -1.366492146596859136e+01 2.775499999999999842e-02
-6.875000000000000000e+01 -1.272251308900523981e+01 2.103490000000000082e-01
-6.875000000000000000e+01 -1.178010471204188825e+01 6.044119999999999493e-01
-6.875000000000000000e+01 -1.083769633507853669e+01 8.399739999999999984e-01
-6.875000000000000000e+01 -9.895287958115185134e+00 4.921980000000000244e-01
-6.875000000000000000e+01 -8.952879581151833577e+00 9.343909999999999716e-01
-6.875000000000000000e+01 -8.010471204188482020e+00 2.340029999999999888e-01
-6.875000000000000000e+01 -7.068062827225130462e+00 4.996999999999999706e-03
-6.875000000000000000e+01 -6.125654450261779793e+00 2.340000000000000066e-03
-6.875000000000000000e+01 -5.183246073298429124e+00 4.840000000000000010e-04
-6.875000000000000000e+01 -4.240837696335078455e+00 6.093000000000000325e-03
-6.875000000000000000e+01 -3.298429319371727786e+00 1.449199999999999967e-02
-6.875000000000000000e+01 -2.356020942408377117e+00 5.326000000000000005e-03
-6.875000000000000000e+01 -1.413612565445026226e+00 1.289700000000000048e-02
-6.875000000000000000e+01 -4.712041884816753901e-01 1.129100000000000069e-02
-6.875000000000000000e+01 4.712041884816753901e-01 1.129100000000000069e-02
-6.875000000000000000e+01 1.413612565445026226e+00 1.575100000000000111e-02
-6.875000000000000000e+01 2.356020942408377117e+00 5.403899999999999676e-02
-6.750000000000000000e+01 -1.649214659685864603e+01 4.945169999999999844e-01
-6.750000000000000000e+01 -1.554973821989529448e+01 4.945169999999999844e-01
-6.750000000000000000e+01 -1.460732984293194114e+01 2.521459999999999813e-01
-6.750000000000000000e+01 -1.366492146596859136e+01 2.030019999999999880e-01
-6.750000000000000000e+01 -1.272251308900523981e+01 4.922399999999999692e-02
-6.750000000000000000e+01 -1.178010471204188825e+01 1.019309999999999938e-01
-6.750000000000000000e+01 -1.083769633507853669e+01 5.904559999999999809e-01
-6.750000000000000000e+01 -9.895287958115185134e+00 9.573549999999999560e-01
-6.750000000000000000e+01 -8.952879581151833577e+00 6.454180000000000472e-01
-6.750000000000000000e+01 -8.010471204188482020e+00 5.121900000000000064e-02
-6.750000000000000000e+01 -7.068062827225130462e+00 1.593289999999999984e-01
-6.750000000000000000e+01 -6.125654450261779793e+00 1.874599999999999878e-02
-6.750000000000000000e+01 -5.183246073298429124e+00 1.128000000000000096e-03
-6.750000000000000000e+01 -4.240837696335078455e+00 8.059999999999999673e-04
-6.750000000000000000e+01 -3.298429319371727786e+00 4.115300000000000208e-02
-6.750000000000000000e+01 -2.356020942408377117e+00 4.960000000000000216e-04
-6.750000000000000000e+01 -1.413612565445026226e+00 8.000000000000000654e-05
-6.750000000000000000e+01 -4.712041884816753901e-01 8.989999999999999511e-04
-6.750000000000000000e+01 4.712041884816753901e-01 8.989999999999999511e-04
-6.750000000000000000e+01 1.413612565445026226e+00 8.198199999999999932e-02
-6.750000000000000000e+01 2.356020942408377117e+00 2.463110000000000022e-01
-6.625000000000000000e+01 -1.837696335078534560e+01 8.390400000000000635e-02
-6.625000000000000000e+01 -1.743455497382199582e+01 4.183939999999999881e-01
-6.625000000000000000e+01 -1.649214659685864603e+01 6.978600000000000081e-02
-6.625000000000000000e+01 -1.554973821989529448e+01 6.978600000000000081e-02
-6.625000000000000000e+01 -1.460732984293194114e+01 3.650500000000000272e-02
-6.625000000000000000e+01 -1.366492146596859136e+01 1.134000000000000025e-03
-6.625000000000000000e+01 -1.272251308900523981e+01 0.000000000000000000e+00
-6.625000000000000000e+01 -1.178010471204188825e+01 1.866999999999999910e-02
-6.625000000000000000e+01 -1.083769633507853669e+01 2.218910000000000049e-01
-6.625000000000000000e+01 -9.895287958115185134e+00 3.718589999999999951e-01
-6.625000000000000000e+01 -8.952879581151833577e+00 4.842699999999999783e-01
-6.625000000000000000e+01 -8.010471204188482020e+00 1.639079999999999981e-01
-6.625000000000000000e+01 -7.068062827225130462e+00 9.226600000000000079e-02
-6.625000000000000000e+01 -6.125654450261779793e+00 1.610000000000000103e-04
-6.625000000000000000e+01 -5.183246073298429124e+00 3.260000000000000094e-04
-6.625000000000000000e+01 -4.240837696335078455e+00 6.027000000000000239e-03
-6.625000000000000000e+01 -3.298429319371727786e+00 3.672700000000000270e-02
-6.625000000000000000e+01 -2.356020942408377117e+00 1.179299999999999966e-02
-6.625000000000000000e+01 -1.413612565445026226e+00 0.000000000000000000e+00
-6.625000000000000000e+01 -4.712041884816753901e-01 6.606499999999999873e-02
-6.625000000000000000e+01 4.712041884816753901e-01 6.606499999999999873e-02
-6.625000000000000000e+01 1.413612565445026226e+00 9.056400000000000561e-02
-6.625000000000000000e+01 2.356020942408377117e+00 1.061629999999999935e-01
-6.500000000000000000e+01 -1.837696335078534560e+01 3.854300000000000087e-02
-6.500000000000000000e+01 -1.743455497382199582e+01 6.468439999999999745e-01
-6.500000000000000000e+01 -1.649214659685864603e+01 1.036070000000000046e-01
-6.500000000000000000e+01 -1.554973821989529448e+01 1.036070000000000046e-01
-6.500000000000000000e+01 -1.460732984293194114e+01 1.724300000000000138e-02
-6.500000000000000000e+01 -1.366492146596859136e+01 8.656999999999999765e-03
-6.500000000000000000e+01 -1.272251308900523981e+01 2.407999999999999984e-03
-6.500000000000000000e+01 -1.178010471204188825e+01 1.529459999999999986e-01
-6.500000000000000000e+01 -1.083769633507853669e+01 4.907650000000000068e-01
-6.500000000000000000e+01 -9.895287958115185134e+00 8.458799999999999653e-01
-6.500000000000000000e+01 -8.952879581151833577e+00 6.510629999999999473e-01
-6.500000000000000000e+01 -8.010471204188482020e+00 3.090330000000000021e-01
-6.500000000000000000e+01 -7.068062827225130462e+00 3.811490000000000156e-01
-6.500000000000000000e+01 -6.125654450261779793e+00 2.574200000000000099e-02
-6.500000000000000000e+01 -5.183246073298429124e+00 3.585260000000000113e-01
-6.500000000000000000e+01 -4.240837696335078455e+00 3.683299999999999907e-01
-6.500000000000000000e+01 -3.298429319371727786e+00 2.428990000000000038e-01
-6.500000000000000000e+01 -2.356020942408377117e+00 5.178999999999999576e-03
-6.500000000000000000e+01 -1.413612565445026226e+00 1.791999999999999973e-03
-6.500000000000000000e+01 -4.712041884816753901e-01 1.820799999999999849e-02
-6.500000000000000000e+01 4.712041884816753901e-01 1.820799999999999849e-02
-6.500000000000000000e+01 1.413612565445026226e+00 2.658999999999999905e-03
-6.375000000000000000e+01 -2.026178010471204516e+01 8.333329999999999904e-01
-6.375000000000000000e+01 -1.931937172774869538e+01 4.197380000000000000e-01
-6.375000000000000000e+01 -1.837696335078534560e+01 2.882270000000000110e-01
-6.375000000000000000e+01 -1.743455497382199582e+01 7.845579999999999776e-01
-6.375000000000000000e+01 -1.649214659685864603e+01 1.028870000000000062e-01
-6.375000000000000000e+01 -1.554973821989529448e+01 1.028870000000000062e-01
-6.375000000000000000e+01 -1.460732984293194114e+01 7.644199999999999606e-02
-6.375000000000000000e+01 -1.366492146596859136e+01 3.468999999999999861e-03
-6.375000000000000000e+01 -1.272251308900523981e+01 8.862000000000000086e-03
-6.375000000000000000e+01 -1.178010471204188825e+01 6.788760000000000350e-01
-6.375000000000000000e+01 -1.083769633507853669e+01 2.633619999999999850e-01
-6.375000000000000000e+01 -9.895287958115185134e+00 8.505340000000000122e-01
-6.375000000000000000e+01 -8.952879581151833577e+00 9.540579999999999616e-01
-6.375000000000000000e+01 -8.010471204188482020e+00 7.844170000000000309e-01
-6.375000000000000000e+01 -7.068062827225130462e+00 6.306680000000000064e-01
-6.375000000000000000e+01 -6.125654450261779793e+00 1.094360000000000055e-01
-6.375000000000000000e+01 -5.183246073298429124e+00 9.622400000000000397e-02
-6.375000000000000000e+01 -4.240837696335078455e+00 5.608149999999999524e-01
-6.375000000000000000e+01 -3.298429319371727786e+00 1.026400000000000055e-02
-6.375000000000000000e+01 -2.356020942408377117e+00 6.489999999999999459e-04
-6.375000000000000000e+01 -1.413612565445026226e+00 7.933000000000000815e-03
-6.375000000000000000e+01 -4.712041884816753901e-01 8.012000000000000025e-03
-6.375000000000000000e+01 4.712041884816753901e-01 8.012000000000000025e-03
-6.375000000000000000e+01 1.413612565445026226e+00 1.629470000000000085e-01
-6.375000000000000000e+01 3.298429319371727786e+00 4.932399999999999979e-02
-6.250000000000000000e+01 -1.931937172774869538e+01 4.099909999999999943e-01
-6.250000000000000000e+01 -1.837696335078534560e+01 7.296190000000000175e-01
-6.250000000000000000e+01 -1.743455497382199582e+01 8.613520000000000065e-01
-6.250000000000000000e+01 -1.649214659685864603e+01 3.254119999999999790e-01
-6.250000000000000000e+01 -1.554973821989529448e+01 3.254119999999999790e-01
-6.250000000000000000e+01 -1.460732984293194114e+01 2.986799999999999872e-02
-6.250000000000000000e+01 -1.366492146596859136e+01 1.172699999999999958e-02
-6.250000000000000000e+01 -1.272251308900523981e+01 3.210600000000000259e-02
-6.250000000000000000e+01 -1.178010471204188825e+01 6.031889999999999752e-01
-6.250000000000000000e+01 -1.083769633507853669e+01 4.753569999999999740e-01
-6.250000000000000000e+01 -9.895287958115185134e+00 9.878080000000000194e-01
-6.250000000000000000e+01 -8.952879581151833577e+00 8.311720000000000219e-01
-6.250000000000000000e+01 -8.010471204188482020e+00 7.454439999999999955e-01
-6.250000000000000000e+01 -7.068062827225130462e+00 8.901109999999999856e-01
-6.250000000000000000e+01 -6.125654450261779793e+00 6.157479999999999620e-01
-6.250000000000000000e+01 -5.183246073298429124e+00 6.444700000000000428e-02
-6.250000000000000000e+01 -4.240837696335078455e+00 5.775430000000000286e-01
-6.250000000000000000e+01 -3.298429319371727786e+00 7.184200000000000308e-02
-6.250000000000000000e+01 -2.356020942408377117e+00 7.885499999999999454e-02
-6.250000000000000000e+01 -1.413612565445026226e+00 4.110550000000000037e-01
-6.250000000000000000e+01 -4.712041884816753901e-01 6.137600000000000000e-02
-6.250000000000000000e+01 4.712041884816753901e-01 6.137600000000000000e-02
-6.250000000000000000e+01 1.413612565445026226e+00 2.879360000000000253e-01
-6.250000000000000000e+01 2.356020942408377117e+00 1.249699999999999978e-01
-6.250000000000000000e+01 3.298429319371727786e+00 1.614499999999999963e-02
-6.125000000000000000e+01 -1.837696335078534560e+01 2.297730000000000050e-01
-6.125000000000000000e+01 -1.743455497382199582e+01 5.583190000000000097e-01
-6.125000000000000000e+01 -1.649214659685864603e+01 5.015009999999999746e-01
-6.125000000000000000e+01 -1.554973821989529448e+01 5.015009999999999746e-01
-6.125000000000000000e+01 -1.460732984293194114e+01 1.579460000000000031e-01
-6.125000000000000000e+01 -1.366492146596859136e+01 8.613800000000000623e-02
-6.125000000000000000e+01 -1.272251308900523981e+01 7.701639999999999597e-01
-6.125000000000000000e+01 -1.178010471204188825e+01 8.212340000000000195e-01
-6.125000000000000000e+01 -1.083769633507853669e+01 5.456079999999999819e-01
-6.125000000000000000e+01 -9.895287958115185134e+00 7.461160000000000014e-01
-6.125000000000000000e+01 -8.952879581151833577e+00 7.266380000000000061e-01
-6.125000000000000000e+01 -8.010471204188482020e+00 7.621059999999999501e-01
-6.125000000000000000e+01 -7.068062827225130462e+00 3.823909999999999809e-01
-6.125000000000000000e+01 -6.125654450261779793e+00 4.866469999999999962e-01
-6.125000000000000000e+01 -5.183246073298429124e+00 5.826799999999999757e-01
-6.125000000000000000e+01 -4.240837696335078455e+00 8.902989999999999515e-01
-6.125000000000000000e+01 -3.298429319371727786e+00 6.828180000000000360e-01
-6.125000000000000000e+01 -2.356020942408377117e+00 7.147799999999999987e-02
-6.125000000000000000e+01 -1.413612565445026226e+00 3.072719999999999896e-01
-6.125000000000000000e+01 -4.712041884816753901e-01 3.916789999999999994e-01
-6.125000000000000000e+01 4.712041884816753901e-01 3.916789999999999994e-01
-6.125000000000000000e+01 1.413612565445026226e+00 5.514299999999999757e-01
-6.125000000000000000e+01 2.356020942408377117e+00 9.130970000000000475e-01
-6.125000000000000000e+01 3.298429319371727786e+00 3.049919999999999853e-01
-6.125000000000000000e+01 4.240837696335078455e+00 1.710119999999999973e-01
-6.000000000000000000e+01 -1.554973821989529448e+01 2.000909999999999911e-01
-6.000000000000000000e+01 -1.460732984293194114e+01 4.999179999999999735e-01
-6.000000000000000000e+01 -1.366492146596859136e+01 6.840779999999999639e-01
-6.000000000000000000e+01 -1.272251308900523981e+01 5.730650000000000466e-01
-6.000000000000000000e+01 -1.178010471204188825e+01 2.199349999999999916e-01
-6.000000000000000000e+01 -1.083769633507853669e+01 7.102400000000000380e-02
-6.000000000000000000e+01 -9.895287958115185134e+00 6.195910000000000029e-01
-6.000000000000000000e+01 -8.952879581151833577e+00 7.627249999999999863e-01
-6.000000000000000000e+01 -8.010471204188482020e+00 4.635460000000000136e-01
-6.000000000000000000e+01 -7.068062827225130462e+00 9.294869999999999521e-01
-6.000000000000000000e+01 -6.125654450261779793e+00 6.735179999999999501e-01
-6.000000000000000000e+01 -5.183246073298429124e+00 5.830509999999999859e-01
-6.000000000000000000e+01 -4.240837696335078455e+00 9.363089999999999469e-01
-6.000000000000000000e+01 -3.298429319371727786e+00 8.999260000000000037e-01
-6.000000000000000000e+01 -2.356020942408377117e+00 9.709029999999999605e-01
-6.000000000000000000e+01 -1.413612565445026226e+00 6.797569999999999446e-01
-6.000000000000000000e+01 -4.712041884816753901e-01 1.607790000000000052e-01
-6.000000000000000000e+01 4.712041884816753901e-01 1.607790000000000052e-01
-6.000000000000000000e+01 1.413612565445026226e+00 8.781670000000000309e-01
-6.000000000000000000e+01 2.356020942408377117e+00 5.445330000000000448e-01
-6.000000000000000000e+01 3.298429319371727786e+00 1.500249999999999917e-01
-6.000000000000000000e+01 4.240837696335078455e+00 3.539500000000000285e-02
-6.000000000000000000e+01 5.183246073298429124e+00 5.157500000000000279e-02
-5.875000000000000000e+01 -1.366492146596859136e+01 7.213799999999999379e-02
-5.875000000000000000e+01 -1.272251308900523981e+01 2.733899999999999872e-02
-5.875000000000000000e+01 -1.178010471204188825e+01 3.584780000000000189e-01
-5.875000000000000000e+01 -1.083769633507853669e+01 8.563969999999999638e-01
-5.875000000000000000e+01 -9.895287958115185134e+00 9.321420000000000261e-01
-5.875000000000000000e+01 -8.952879581151833577e+00 7.822160000000000224e-01
-5.875000000000000000e+01 -8.010471204188482020e+00 2.383419999999999983e-01
-5.875000000000000000e+01 -7.068062827225130462e+00 9.177809999999999580e-01
-5.875000000000000000e+01 -6.125654450261779793e+00 2.704820000000000002e-01
-5.875000000000000000e+01 -5.183246073298429124e+00 1.163800000000000077e-02
-5.875000000000000000e+01 -4.240837696335078455e+00 5.447260000000000435e-01
-5.875000000000000000e+01 -3.298429319371727786e+00 8.915629999999999944e-01
-5.875000000000000000e+01 -2.356020942408377117e+00 6.882460000000000244e-01
-5.875000000000000000e+01 -1.413612565445026226e+00 1.305340000000000111e-01
-5.875000000000000000e+01 -4.712041884816753901e-01 3.443000000000000227e-02
-5.875000000000000000e+01 4.712041884816753901e-01 3.443000000000000227e-02
-5.750000000000000000e+01 -1.366492146596859136e+01 6.979599999999999693e-02
-5.750000000000000000e+01 -1.272251308900523981e+01 1.356390000000000096e-01
-5.750000000000000000e+01 -1.178010471204188825e+01 7.501219999999999555e-01
-5.750000000000000000e+01 -1.083769633507853669e+01 7.465209999999999901e-01
-5.750000000000000000e+01 -9.895287958115185134e+00 9.695930000000000382e-01
-5.750000000000000000e+01 -8.952879581151833577e+00 6.329320000000000501e-01
-5.750000000000000000e+01 -8.010471204188482020e+00 5.622110000000000163e-01
-5.750000000000000000e+01 -7.068062827225130462e+00 2.637639999999999985e-01
-5.750000000000000000e+01 -6.125654450261779793e+00 7.969509999999999650e-01
-5.750000000000000000e+01 -5.183246073298429124e+00 3.498450000000000171e-01
-5.750000000000000000e+01 -4.240837696335078455e+00 5.713300000000000045e-01
-5.750000000000000000e+01 -3.298429319371727786e+00 5.536750000000000282e-01
-5.750000000000000000e+01 -2.356020942408377117e+00 4.763609999999999789e-01
-5.750000000000000000e+01 -1.413612565445026226e+00 9.181200000000000472e-02
-5.750000000000000000e+01 -4.712041884816753901e-01 3.785140000000000171e-01
-5.750000000000000000e+01 4.712041884816753901e-01 3.785140000000000171e-01
-5.750000000000000000e+01 1.413612565445026226e+00 4.902309999999999723e-01
-5.625000000000000000e+01 -1.366492146596859136e+01 4.724599999999999911e-01
-5.625000000000000000e+01 -1.272251308900523981e+01 4.113800000000000234e-01
-5.625000000000000000e+01 -1.178010471204188825e+01 8.845129999999999937e-01
-5.625000000000000000e+01 -1.083769633507853669e+01 7.064810000000000256e-01
-5.625000000000000000e+01 -9.895287958115185134e+00 9.939259999999999762e-01
-5.625000000000000000e+01 -8.952879581151833577e+00 3.026449999999999974e-01
-5.625000000000000000e+01 -8.010471204188482020e+00 4.042569999999999775e-01
-5.625000000000000000e+01 -7.068062827225130462e+00 6.875550000000000272e-01
-5.625000000000000000e+01 -6.125654450261779793e+00 7.678380000000000205e-01
-5.625000000000000000e+01 -5.183246073298429124e+00 7.901599999999999735e-01
-5.625000000000000000e+01 -4.240837696335078455e+00 7.018569999999999531e-01
-5.625000000000000000e+01 -3.298429319371727786e+00 6.908689999999999554e-01
-5.625000000000000000e+01 -2.356020942408377117e+00 5.524470000000000214e-01
-5.625000000000000000e+01 -1.413612565445026226e+00 4.714679999999999982e-01
-5.625000000000000000e+01 -4.712041884816753901e-01 2.586339999999999750e-01
-5.625000000000000000e+01 4.712041884816753901e-01 2.586339999999999750e-01
-5.625000000000000000e+01 1.413612565445026226e+00 9.821399999999999575e-02
-5.500000000000000000e+01 -1.460732984293194114e+01 1.929309999999999914e-01
-5.500000000000000000e+01 -1.366492146596859136e+01 7.769099999999999617e-02
-5.500000000000000000e+01 -1.272251308900523981e+01 7.162920000000000398e-01
-5.500000000000000000e+01 -1.178010471204188825e+01 9.777580000000000160e-01
-5.500000000000000000e+01 -1.083769633507853669e+01 9.696479999999999544e-01
-5.500000000000000000e+01 -9.895287958115185134e+00 9.321049999999999613e-01
-5.500000000000000000e+01 -8.952879581151833577e+00 3.904050000000000020e-01
-5.500000000000000000e+01 -8.010471204188482020e+00 8.803239999999999954e-01
-5.500000000000000000e+01 -7.068062827225130462e+00 7.967570000000000485e-01
-5.500000000000000000e+01 -6.125654450261779793e+00 6.789060000000000095e-01
-5.500000000000000000e+01 -5.183246073298429124e+00 6.209350000000000147e-01
-5.500000000000000000e+01 -4.240837696335078455e+00 9.096999999999999531e-01
-5.500000000000000000e+01 -3.298429319371727786e+00 8.853069999999999551e-01
-5.500000000000000000e+01 -2.356020942408377117e+00 7.522189999999999710e-01
-5.500000000000000000e+01 -1.413612565445026226e+00 6.383119999999999905e-01
-5.500000000000000000e+01 -4.712041884816753901e-01 1.113620000000000027e-01
-5.500000000000000000e+01 4.712041884816753901e-01 1.113620000000000027e-01
-5.500000000000000000e+01 1.413612565445026226e+00 3.225000000000000002e-03
-5.500000000000000000e+01 2.356020942408377117e+00 8.455999999999999628e-02
-5.375000000000000000e+01 -1.460732984293194114e+01 7.179999999999999750e-03
-5.375000000000000000e+01 -1.366492146596859136e+01 7.689799999999999414e-02
-5.375000000000000000e+01 -1.272251308900523981e+01 6.245570000000000288e-01
-5.375000000000000000e+01 -1.178010471204188825e+01 4.347929999999999851e-01
-5.375000000000000000e+01 -1.083769633507853669e+01 7.523919999999999497e-01
-5.375000000000000000e+01 -9.895287958115185134e+00 7.525739999999999652e-01
-5.375000000000000000e+01 -8.952879581151833577e+00 2.503219999999999890e-01
-5.375000000000000000e+01 -8.010471204188482020e+00 6.779699999999999616e-02
-5.375000000000000000e+01 -7.068062827225130462e+00 5.944899999999999629e-01
-5.375000000000000000e+01 -6.125654450261779793e+00 8.351370000000000182e-01
-5.375000000000000000e+01 -5.183246073298429124e+00 9.000730000000000119e-01
-5.375000000000000000e+01 -4.240837696335078455e+00 8.246259999999999701e-01
-5.375000000000000000e+01 -3.298429319371727786e+00 9.823579999999999535e-01
-5.375000000000000000e+01 -2.356020942408377117e+00 6.510920000000000041e-01
-5.375000000000000000e+01 -1.413612565445026226e+00 7.733379999999999699e-01
-5.375000000000000000e+01 -4.712041884816753901e-01 3.319030000000000036e-01
-5.375000000000000000e+01 4.712041884816753901e-01 3.319030000000000036e-01
-5.375000000000000000e+01 1.413612565445026226e+00 5.351519999999999611e-01
-5.375000000000000000e+01 2.356020942408377117e+00 4.339330000000000132e-01
-5.250000000000000000e+01 -1.366492146596859136e+01 1.627100000000000074e-02
-5.250000000000000000e+01 -1.272251308900523981e+01 4.466669999999999807e-01
-5.250000000000000000e+01 -1.178010471204188825e+01 2.835230000000000250e-01
-5.250000000000000000e+01 -1.083769633507853669e+01 4.372349999999999848e-01
-5.250000000000000000e+01 -9.895287958115185134e+00 3.331970000000000209e-01
-5.250000000000000000e+01 -8.952879581151833577e+00 1.251629999999999965e-01
-5.250000000000000000e+01 -8.010471204188482020e+00 2.738659999999999983e-01
-5.250000000000000000e+01 -7.068062827225130462e+00 7.846199999999999841e-01
-5.250000000000000000e+01 -6.125654450261779793e+00 8.971630000000000438e-01
-5.250000000000000000e+01 -5.183246073298429124e+00 5.180879999999999930e-01
-5.250000000000000000e+01 -4.240837696335078455e+00 6.380970000000000253e-01
-5.250000000000000000e+01 -3.298429319371727786e+00 9.230709999999999749e-01
-5.250000000000000000e+01 -2.356020942408377117e+00 3.988289999999999891e-01
-5.250000000000000000e+01 -1.413612565445026226e+00 8.712100000000000399e-01
-5.250000000000000000e+01 -4.712041884816753901e-01 5.503519999999999524e-01
-5.250000000000000000e+01 4.712041884816753901e-01 5.503519999999999524e-01
-5.125000000000000000e+01 -8.952879581151833577e+00 8.809019999999999628e-01
-5.125000000000000000e+01 -8.010471204188482020e+00 5.787050000000000249e-01
-5.125000000000000000e+01 -7.068062827225130462e+00 7.091100000000000181e-01
-5.125000000000000000e+01 -5.183246073298429124e+00 5.279019999999999824e-01
-5.125000000000000000e+01 -4.240837696335078455e+00 7.812170000000000503e-01
-5.125000000000000000e+01 -3.298429319371727786e+00 9.860889999999999933e-01
-5.125000000000000000e+01 -2.356020942408377117e+00 8.326799999999999757e-01
-5.000000000000000000e+01 -3.298429319371727786e+00 9.461310000000000553e-01
