-7.875000000000000000e+01 -6.125654450261779793e+00 4.936030000000000140e-01
-7.875000000000000000e+01 -5.183246073298429124e+00 1.764199999999999935e-01
-7.875000000000000000e+01 -4.240837696335078455e+00 2.109129999999999894e-01
-7.875000000000000000e+01 -3.298429319371727786e+00 3.327379999999999782e-01
-7.875000000000000000e+01 -2.356020942408377117e+00 0.000000000000000000e+00
-7.875000000000000000e+01 -1.413612565445026226e+00 0.000000000000000000e+00
-7.750000000000000000e+01 -8.952879581151833577e+00 1.897490000000000010e-01
-7.750000000000000000e+01 -8.010471204188482020e+00 1.435049999999999937e-01
-7.750000000000000000e+01 -7.068062827225130462e+00 2.813069999999999737e-01
-7.750000000000000000e+01 -6.125654450261779793e+00 4.571219999999999728e-01
-7.750000000000000000e+01 -5.183246073298429124e+00 8.127500000000000002e-02
-7.750000000000000000e+01 -4.240837696335078455e+00 3.015999999999999931e-02
-7.750000000000000000e+01 -3.298429319371727786e+00 1.753510000000000069e-01
-7.750000000000000000e+01 -2.356020942408377117e+00 1.253019999999999967e-01
-7.750000000000000000e+01 -1.413612565445026226e+00 2.363619999999999888e-01
-7.750000000000000000e+01 -4.712041884816753901e-01 1.856299999999999895e-01
-7.750000000000000000e+01 4.712041884816753901e-01 1.856299999999999895e-01
-7.625000000000000000e+01 -1.083769633507853669e+01 5.888499999999999984e-02
-7.625000000000000000e+01 -9.895287958115185134e+00 1.235969999999999985e-01
-7.625000000000000000e+01 -8.952879581151833577e+00 2.978930000000000189e-01
-7.625000000000000000e+01 -8.010471204188482020e+00 8.317099999999999493e-02
-7.625000000000000000e+01 -7.068062827225130462e+00 1.818480000000000096e-01
-7.625000000000000000e+01 -6.125654450261779793e+00 2.087720000000000131e-01
-7.625000000000000000e+01 -5.183246073298429124e+00 4.002700000000000008e-02
-7.625000000000000000e+01 -4.240837696335078455e+00 1.472000000000000001e-03
-7.625000000000000000e+01 -3.298429319371727786e+00 3.983000000000000429e-03
-7.625000000000000000e+01 -2.356020942408377117e+00 2.553000000000000148e-03
-7.625000000000000000e+01 -1.413612565445026226e+00 2.611000000000000040e-03
-7.625000000000000000e+01 -4.712041884816753901e-01 2.947800000000000073e-02
-7.625000000000000000e+01 4.712041884816753901e-01 2.947800000000000073e-02
-7.625000000000000000e+01 1.413612565445026226e+00 5.194189999999999641e-01
-7.500000000000000000e+01 -1.366492146596859136e+01 7.814200000000000312e-02
-7.500000000000000000e+01 -1.272251308900523981e+01 1.417779999999999874e-01
-7.500000000000000000e+01 -1.178010471204188825e+01 1.237540000000000029e-01
-7.500000000000000000e+01 -1.083769633507853669e+01 2.907890000000000197e-01
-7.500000000000000000e+01 -9.895287958115185134e+00 1.324649999999999994e-01
-7.500000000000000000e+01 -8.952879581151833577e+00 3.209779999999999855e-01
-7.500000000000000000e+01 -8.010471204188482020e+00 1.817350000000000076e-01
-7.500000000000000000e+01 -7.068062827225130462e+00 3.468899999999999761e-02
-7.500000000000000000e+01 -6.125654450261779793e+00 6.070300000000000001e-02
-7.500000000000000000e+01 -5.183246073298429124e+00 4.566900000000000126e-02
-7.500000000000000000e+01 -4.240837696335078455e+00 2.003299999999999872e-02
-7.500000000000000000e+01 -3.298429319371727786e+00 2.305999999999999890e-03
-7.500000000000000000e+01 -2.356020942408377117e+00 6.376999999999999856e-03
-7.500000000000000000e+01 -1.413612565445026226e+00 5.597000000000000412e-03
-7.500000000000000000e+01 -4.712041884816753901e-01 2.222800000000000123e-02
-7.500000000000000000e+01 4.712041884816753901e-01 2.222800000000000123e-02
-7.500000000000000000e+01 1.413612565445026226e+00 4.049090000000000189e-01
-7.500000000000000000e+01 2.356020942408377117e+00 6.828469999999999818e-01
-7.375000000000000000e+01 -1.460732984293194114e+01 0.000000000000000000e+00
-7.375000000000000000e+01 -1.366492146596859136e+01 1.302490000000000037e-01
-7.375000000000000000e+01 -1.272251308900523981e+01 8.108300000000000229e-02
-7.375000000000000000e+01 -1.178010471204188825e+01 9.292000000000000259e-02
-7.375000000000000000e+01 -1.083769633507853669e+01 7.663499999999999479e-02
-7.375000000000000000e+01 -9.895287958115185134e+00 5.654499999999999804e-02
-7.375000000000000000e+01 -8.952879581151833577e+00 7.230100000000000415e-02
-7.375000000000000000e+01 -8.010471204188482020e+00 5.279199999999999865e-02
-7.375000000000000000e+01 -7.068062827225130462e+00 9.365999999999999326e-03
-7.375000000000000000e+01 -6.125654450261779793e+00 2.464699999999999877e-02
-7.375000000000000000e+01 -5.183246073298429124e+00 7.177999999999999658e-02
-7.375000000000000000e+01 -4.240837696335078455e+00 2.272499999999999867e-02
-7.375000000000000000e+01 -3.298429319371727786e+00 7.262000000000000226e-03
-7.375000000000000000e+01 -2.356020942408377117e+00 5.409999999999999878e-03
-7.375000000000000000e+01 -1.413612565445026226e+00 3.410500000000000337e-02
-7.375000000000000000e+01 -4.712041884816753901e-01 2.467000000000000009e-03
-7.375000000000000000e+01 4.712041884816753901e-01 2.467000000000000009e-03
-7.375000000000000000e+01 1.413612565445026226e+00 3.635300000000000337e-02
-7.250000000000000000e+01 -1.460732984293194114e+01 5.432000000000000196e-03
-7.250000000000000000e+01 -1.366492146596859136e+01 1.374849999999999961e-01
-7.250000000000000000e+01 -1.272251308900523981e+01 1.634259999999999879e-01
-7.250000000000000000e+01 -1.178010471204188825e+01 4.293199999999999794e-02
-7.250000000000000000e+01 -1.083769633507853669e+01 6.879999999999999831e-03
-7.250000000000000000e+01 -9.895287958115185134e+00 0.000000000000000000e+00
-7.250000000000000000e+01 -8.952879581151833577e+00 9.388999999999999777e-03
-7.250000000000000000e+01 -8.010471204188482020e+00 2.056870000000000087e-01
-7.250000000000000000e+01 -7.068062827225130462e+00 5.524500000000000244e-02
-7.250000000000000000e+01 -6.125654450261779793e+00 9.730000000000000151e-04
-7.250000000000000000e+01 -5.183246073298429124e+00 9.737000000000000863e-03
-7.250000000000000000e+01 -4.240837696335078455e+00 1.123389999999999944e-01
-7.250000000000000000e+01 -3.298429319371727786e+00 2.123999999999999846e-02
-7.250000000000000000e+01 -2.356020942408377117e+00 1.935200000000000115e-02
-7.250000000000000000e+01 -1.413612565445026226e+00 5.015999999999999626e-03
-7.250000000000000000e+01 -4.712041884816753901e-01 6.908000000000000078e-03
-7.250000000000000000e+01 4.712041884816753901e-01 6.908000000000000078e-03
-7.250000000000000000e+01 1.413612565445026226e+00 1.020399999999999953e-02
-7.125000000000000000e+01 -1.460732984293194114e+01 9.079900000000000471e-02
-7.125000000000000000e+01 -1.366492146596859136e+01 2.439500000000000002e-02
-7.125000000000000000e+01 -1.272251308900523981e+01 5.723400000000000015e-02
-7.125000000000000000e+01 -1.178010471204188825e+01 0.000000000000000000e+00
-7.125000000000000000e+01 -1.083769633507853669e+01 0.000000000000000000e+00
-7.125000000000000000e+01 -9.895287958115185134e+00 6.791000000000000161e-03
-7.125000000000000000e+01 -8.952879581151833577e+00 2.838600000000000151e-02
-7.125000000000000000e+01 -8.010471204188482020e+00 1.678890000000000104e-01
-7.125000000000000000e+01 -7.068062827225130462e+00 3.642999999999999971e-03
-7.125000000000000000e+01 -6.125654450261779793e+00 4.655000000000000283e-03
-7.125000000000000000e+01 -5.183246073298429124e+00 2.429999999999999977e-04
-7.125000000000000000e+01 -4.240837696335078455e+00 1.924199999999999869e-02
-7.125000000000000000e+01 -3.298429319371727786e+00 1.589999999999999888e-04
-7.125000000000000000e+01 -2.356020942408377117e+00 2.017499999999999849e-02
-7.125000000000000000e+01 -1.413612565445026226e+00 3.592000000000000141e-03
-7.125000000000000000e+01 -4.712041884816753901e-01 0.000000000000000000e+00
-7.125000000000000000e+01 4.712041884816753901e-01 0.000000000000000000e+00
-7.125000000000000000e+01 1.413612565445026226e+00 3.419300000000000117e-02
-7.000000000000000000e+01 -1.366492146596859136e+01 8.580000000000000820e-03
-7.000000000000000000e+01 -1.272251308900523981e+01 1.152070000000000038e-01
-7.000000000000000000e+01 -1.178010471204188825e+01 0.000000000000000000e+00
-7.000000000000000000e+01 -1.083769633507853669e+01 1.359070000000000000e-01
-7.000000000000000000e+01 -9.895287958115185134e+00 3.200000000000000262e-04
-7.000000000000000000e+01 -8.952879581151833577e+00 2.870199999999999835e-02
-7.000000000000000000e+01 -8.010471204188482020e+00 1.077950000000000019e-01
-7.000000000000000000e+01 -7.068062827225130462e+00 2.868199999999999916e-02
-7.000000000000000000e+01 -6.125654450261779793e+00 1.861000000000000024e-03
-7.000000000000000000e+01 -5.183246073298429124e+00 8.040000000000000271e-04
-7.000000000000000000e+01 -4.240837696335078455e+00 7.747800000000000520e-02
-7.000000000000000000e+01 -3.298429319371727786e+00 2.721700000000000161e-02
-7.000000000000000000e+01 -2.356020942408377117e+00 7.681999999999999593e-03
-7.000000000000000000e+01 -1.413612565445026226e+00 1.693899999999999920e-02
-7.000000000000000000e+01 -4.712041884816753901e-01 1.220300000000000031e-02
-7.000000000000000000e+01 4.712041884816753901e-01 1.220300000000000031e-02
-7.000000000000000000e+01 1.413612565445026226e+00 5.197000000000000230e-03
-6.875000000000000000e+01 -1.554973821989529448e+01 6.769999999999999759e-04
-6.875000000000000000e+01 -1.460732984293194114e+01 2.409199999999999883e-02
-6.875000000000000000e+01 -1.366492146596859136e+01 3.651999999999999864e-03
-6.875000000000000000e+01 -1.272251308900523981e+01 8.328499999999999792e-02
-6.875000000000000000e+01 -1.178010471204188825e+01 1.642959999999999976e-01
-6.875000000000000000e+01 -1.083769633507853669e+01 3.917039999999999966e-01
-6.875000000000000000e+01 -9.895287958115185134e+00 2.870100000000000082e-02
-6.875000000000000000e+01 -8.952879581151833577e+00 1.381709999999999883e-01
-6.875000000000000000e+01 -8.010471204188482020e+00 3.200000000000000262e-04
-6.875000000000000000e+01 -7.068062827225130462e+00 2.047999999999999907e-03
-6.875000000000000000e+01 -6.125654450261779793e+00 1.129999999999999928e-03
-6.875000000000000000e+01 -5.183246073298429124e+00 4.840000000000000010e-04
-6.875000000000000000e+01 -4.240837696335078455e+00 4.423999999999999981e-03
-6.875000000000000000e+01 -3.298429319371727786e+00 7.030999999999999923e-03
-6.875000000000000000e+01 -2.356020942408377117e+00 2.785999999999999848e-03
-6.875000000000000000e+01 -1.413612565445026226e+00 3.465999999999999897e-03
-6.875000000000000000e+01 -4.712041884816753901e-01 1.129100000000000069e-02
-6.875000000000000000e+01 4.712041884816753901e-01 1.129100000000000069e-02
-6.875000000000000000e+01 1.413612565445026226e+00 1.322100000000000011e-02
-6.875000000000000000e+01 2.356020942408377117e+00 6.131000000000000165e-03
-6.750000000000000000e+01 -1.649214659685864603e+01 1.920890000000000097e-01
-6.750000000000000000e+01 -1.554973821989529448e+01 1.920890000000000097e-01
-6.750000000000000000e+01 -1.460732984293194114e+01 5.802199999999999719e-02
-6.750000000000000000e+01 -1.366492146596859136e+01 5.022299999999999681e-02
-6.750000000000000000e+01 -1.272251308900523981e+01 5.739000000000000178e-03
-6.750000000000000000e+01 -1.178010471204188825e+01 1.366200000000000053e-02
-6.750000000000000000e+01 -1.083769633507853669e+01 2.211509999999999865e-01
-6.750000000000000000e+01 -9.895287958115185134e+00 6.395910000000000206e-01
-6.750000000000000000e+01 -8.952879581151833577e+00 8.764900000000000468e-02
-6.750000000000000000e+01 -8.010471204188482020e+00 9.590000000000000000e-04
-6.750000000000000000e+01 -7.068062827225130462e+00 8.919999999999999978e-04
-6.750000000000000000e+01 -6.125654450261779793e+00 5.134999999999999808e-03
-6.750000000000000000e+01 -5.183246073298429124e+00 1.128000000000000096e-03
-6.750000000000000000e+01 -4.240837696335078455e+00 8.059999999999999673e-04
-6.750000000000000000e+01 -3.298429319371727786e+00 1.389100000000000057e-02
-6.750000000000000000e+01 -2.356020942408377117e+00 3.310000000000000225e-04
-6.750000000000000000e+01 -1.413612565445026226e+00 8.000000000000000654e-05
-6.750000000000000000e+01 -4.712041884816753901e-01 8.989999999999999511e-04
-6.750000000000000000e+01 4.712041884816753901e-01 8.989999999999999511e-04
-6.750000000000000000e+01 1.413612565445026226e+00 6.081999999999999733e-03
-6.750000000000000000e+01 2.356020942408377117e+00 7.219999999999999855e-04
-6.625000000000000000e+01 -1.837696335078534560e+01 8.382100000000000661e-02
-6.625000000000000000e+01 -1.743455497382199582e+01 1.583549999999999958e-01
-6.625000000000000000e+01 -1.649214659685864603e+01 1.786999999999999960e-03
-6.625000000000000000e+01 -1.554973821989529448e+01 1.786999999999999960e-03
-6.625000000000000000e+01 -1.460732984293194114e+01 6.651999999999999927e-03
-6.625000000000000000e+01 -1.366492146596859136e+01 1.134000000000000025e-03
-6.625000000000000000e+01 -1.272251308900523981e+01 0.000000000000000000e+00
-6.625000000000000000e+01 -1.178010471204188825e+01 5.656999999999999702e-03
-6.625000000000000000e+01 -1.083769633507853669e+01 8.468799999999999939e-02
-6.625000000000000000e+01 -9.895287958115185134e+00 1.533470000000000111e-01
-6.625000000000000000e+01 -8.952879581151833577e+00 3.865799999999999792e-02
-6.625000000000000000e+01 -8.010471204188482020e+00 2.295000000000000165e-03
-6.625000000000000000e+01 -7.068062827225130462e+00 8.109999999999999805e-04
-6.625000000000000000e+01 -6.125654450261779793e+00 1.610000000000000103e-04
-6.625000000000000000e+01 -5.183246073298429124e+00 3.260000000000000094e-04
-6.625000000000000000e+01 -4.240837696335078455e+00 3.536000000000000081e-03
-6.625000000000000000e+01 -3.298429319371727786e+00 1.376199999999999993e-02
-6.625000000000000000e+01 -2.356020942408377117e+00 6.198000000000000384e-03
-6.625000000000000000e+01 -1.413612565445026226e+00 0.000000000000000000e+00
-6.625000000000000000e+01 -4.712041884816753901e-01 2.425000000000000072e-03
-6.625000000000000000e+01 4.712041884816753901e-01 2.425000000000000072e-03
-6.625000000000000000e+01 1.413612565445026226e+00 7.964699999999999558e-02
-6.625000000000000000e+01 2.356020942408377117e+00 7.750500000000000445e-02
-6.500000000000000000e+01 -1.837696335078534560e+01 2.322400000000000159e-02
-6.500000000000000000e+01 -1.743455497382199582e+01 3.348579999999999890e-01
-6.500000000000000000e+01 -1.649214659685864603e+01 1.658400000000000152e-02
-6.500000000000000000e+01 -1.554973821989529448e+01 1.658400000000000152e-02
-6.500000000000000000e+01 -1.460732984293194114e+01 6.109999999999999980e-03
-6.500000000000000000e+01 -1.366492146596859136e+01 3.480000000000000020e-03
-6.500000000000000000e+01 -1.272251308900523981e+01 1.660999999999999933e-03
-6.500000000000000000e+01 -1.178010471204188825e+01 7.238999999999999775e-03
-6.500000000000000000e+01 -1.083769633507853669e+01 1.561559999999999893e-01
-6.500000000000000000e+01 -9.895287958115185134e+00 3.672880000000000034e-01
-6.500000000000000000e+01 -8.952879581151833577e+00 6.807900000000000063e-02
-6.500000000000000000e+01 -8.010471204188482020e+00 2.514000000000000175e-03
-6.500000000000000000e+01 -7.068062827225130462e+00 2.496900000000000161e-02
-6.500000000000000000e+01 -6.125654450261779793e+00 1.147999999999999932e-03
-6.500000000000000000e+01 -5.183246073298429124e+00 1.630000000000000047e-04
-6.500000000000000000e+01 -4.240837696335078455e+00 5.270000000000000379e-03
-6.500000000000000000e+01 -3.298429319371727786e+00 1.429399999999999941e-02
-6.500000000000000000e+01 -2.356020942408377117e+00 4.329999999999999648e-03
-6.500000000000000000e+01 -1.413612565445026226e+00 1.791999999999999973e-03
-6.500000000000000000e+01 -4.712041884816753901e-01 7.742999999999999883e-03
-6.500000000000000000e+01 4.712041884816753901e-01 7.742999999999999883e-03
-6.500000000000000000e+01 1.413612565445026226e+00 2.658999999999999905e-03
-6.375000000000000000e+01 -2.026178010471204516e+01 5.000000000000000000e-01
-6.375000000000000000e+01 -1.931937172774869538e+01 1.319009999999999905e-01
-6.375000000000000000e+01 -1.837696335078534560e+01 1.165790000000000021e-01
-6.375000000000000000e+01 -1.743455497382199582e+01 4.636660000000000226e-01
-6.375000000000000000e+01 -1.649214659685864603e+01 5.463200000000000001e-02
-6.375000000000000000e+01 -1.554973821989529448e+01 5.463200000000000001e-02
-6.375000000000000000e+01 -1.460732984293194114e+01 2.462900000000000159e-02
-6.375000000000000000e+01 -1.366492146596859136e+01 3.220999999999999905e-03
-6.375000000000000000e+01 -1.272251308900523981e+01 1.505000000000000044e-03
-6.375000000000000000e+01 -1.178010471204188825e+01 2.255820000000000047e-01
-6.375000000000000000e+01 -1.083769633507853669e+01 4.446100000000000052e-02
-6.375000000000000000e+01 -9.895287958115185134e+00 3.733420000000000072e-01
-6.375000000000000000e+01 -8.952879581151833577e+00 6.133589999999999876e-01
-6.375000000000000000e+01 -8.010471204188482020e+00 1.337619999999999920e-01
-6.375000000000000000e+01 -7.068062827225130462e+00 1.956199999999999953e-02
-6.375000000000000000e+01 -6.125654450261779793e+00 4.970999999999999724e-03
-6.375000000000000000e+01 -5.183246073298429124e+00 2.690999999999999816e-03
-6.375000000000000000e+01 -4.240837696335078455e+00 3.574299999999999700e-02
-6.375000000000000000e+01 -3.298429319371727786e+00 1.724000000000000055e-03
-6.375000000000000000e+01 -2.356020942408377117e+00 3.249999999999999851e-04
-6.375000000000000000e+01 -1.413612565445026226e+00 3.240000000000000150e-04
-6.375000000000000000e+01 -4.712041884816753901e-01 1.828999999999999897e-03
-6.375000000000000000e+01 4.712041884816753901e-01 1.828999999999999897e-03
-6.375000000000000000e+01 1.413612565445026226e+00 0.000000000000000000e+00
-6.375000000000000000e+01 3.298429319371727786e+00 1.295900000000000003e-02
-6.250000000000000000e+01 -1.931937172774869538e+01 3.383209999999999829e-01
-6.250000000000000000e+01 -1.837696335078534560e+01 6.855909999999999505e-01
-6.250000000000000000e+01 -1.743455497382199582e+01 7.339280000000000248e-01
-6.250000000000000000e+01 -1.649214659685864603e+01 7.235900000000000665e-02
-6.250000000000000000e+01 -1.554973821989529448e+01 7.235900000000000665e-02
-6.250000000000000000e+01 -1.460732984293194114e+01 7.910999999999999630e-03
-6.250000000000000000e+01 -1.366492146596859136e+01 2.263999999999999953e-03
-6.250000000000000000e+01 -1.272251308900523981e+01 1.157999999999999958e-03
-6.250000000000000000e+01 -1.178010471204188825e+01 3.369840000000000058e-01
-6.250000000000000000e+01 -1.083769633507853669e+01 3.356459999999999999e-01
-6.250000000000000000e+01 -9.895287958115185134e+00 8.981029999999999847e-01
-6.250000000000000000e+01 -8.952879581151833577e+00 3.146490000000000120e-01
-6.250000000000000000e+01 -8.010471204188482020e+00 1.127569999999999961e-01
-6.250000000000000000e+01 -7.068062827225130462e+00 1.279969999999999997e-01
-6.250000000000000000e+01 -6.125654450261779793e+00 1.173800000000000017e-02
-6.250000000000000000e+01 -5.183246073298429124e+00 2.396000000000000126e-03
-6.250000000000000000e+01 -4.240837696335078455e+00 4.089199999999999779e-02
-6.250000000000000000e+01 -3.298429319371727786e+00 6.119999999999999572e-03
-6.250000000000000000e+01 -2.356020942408377117e+00 1.056999999999999997e-03
-6.250000000000000000e+01 -1.413612565445026226e+00 3.357999999999999874e-03
-6.250000000000000000e+01 -4.712041884816753901e-01 6.509999999999999945e-04
-6.250000000000000000e+01 4.712041884816753901e-01 6.509999999999999945e-04
-6.250000000000000000e+01 1.413612565445026226e+00 1.435000000000000078e-03
-6.250000000000000000e+01 2.356020942408377117e+00 2.588000000000000023e-03
-6.250000000000000000e+01 3.298429319371727786e+00 0.000000000000000000e+00
-6.125000000000000000e+01 -1.837696335078534560e+01 1.630530000000000035e-01
-6.125000000000000000e+01 -1.743455497382199582e+01 1.052460000000000062e-01
-6.125000000000000000e+01 -1.649214659685864603e+01 1.337339999999999918e-01
-6.125000000000000000e+01 -1.554973821989529448e+01 1.337339999999999918e-01
-6.125000000000000000e+01 -1.460732984293194114e+01 2.316500000000000156e-02
-6.125000000000000000e+01 -1.366492146596859136e+01 3.691599999999999743e-02
-6.125000000000000000e+01 -1.272251308900523981e+01 5.988189999999999902e-01
-6.125000000000000000e+01 -1.178010471204188825e+01 7.171710000000000029e-01
-6.125000000000000000e+01 -1.083769633507853669e+01 4.007220000000000226e-01
-6.125000000000000000e+01 -9.895287958115185134e+00 2.070319999999999938e-01
-6.125000000000000000e+01 -8.952879581151833577e+00 3.030100000000000154e-02
-6.125000000000000000e+01 -8.010471204188482020e+00 3.477399999999999936e-02
-6.125000000000000000e+01 -7.068062827225130462e+00 5.557999999999999573e-03
-6.125000000000000000e+01 -6.125654450261779793e+00 3.742199999999999693e-02
-6.125000000000000000e+01 -5.183246073298429124e+00 1.913400000000000170e-02
-6.125000000000000000e+01 -4.240837696335078455e+00 7.969099999999999795e-02
-6.125000000000000000e+01 -3.298429319371727786e+00 1.077580000000000066e-01
-6.125000000000000000e+01 -2.356020942408377117e+00 1.476000000000000098e-03
-6.125000000000000000e+01 -1.413612565445026226e+00 1.469000000000000037e-03
-6.125000000000000000e+01 -4.712041884816753901e-01 8.584200000000000164e-02
-6.125000000000000000e+01 4.712041884816753901e-01 8.584200000000000164e-02
-6.125000000000000000e+01 1.413612565445026226e+00 8.491799999999999349e-02
-6.125000000000000000e+01 2.356020942408377117e+00 4.077319999999999833e-01
-6.125000000000000000e+01 3.298429319371727786e+00 1.931650000000000034e-01
-6.125000000000000000e+01 4.240837696335078455e+00 1.727199999999999916e-02
-6.000000000000000000e+01 -1.554973821989529448e+01 8.707900000000000362e-02
-6.000000000000000000e+01 -1.460732984293194114e+01 3.692460000000000186e-01
-6.000000000000000000e+01 -1.366492146596859136e+01 3.805040000000000089e-01
-6.000000000000000000e+01 -1.272251308900523981e+01 3.291140000000000176e-01
-6.000000000000000000e+01 -1.178010471204188825e+01 9.903099999999999403e-02
-6.000000000000000000e+01 -1.083769633507853669e+01 1.132999999999999893e-03
-6.000000000000000000e+01 -9.895287958115185134e+00 5.205200000000000105e-02
-6.000000000000000000e+01 -8.952879581151833577e+00 5.904000000000000394e-03
-6.000000000000000000e+01 -8.010471204188482020e+00 0.000000000000000000e+00
-6.000000000000000000e+01 -7.068062827225130462e+00 1.583900000000000030e-01
-6.000000000000000000e+01 -6.125654450261779793e+00 1.479899999999999965e-02
-6.000000000000000000e+01 -5.183246073298429124e+00 2.082600000000000076e-02
-6.000000000000000000e+01 -4.240837696335078455e+00 2.342680000000000040e-01
-6.000000000000000000e+01 -3.298429319371727786e+00 5.229449999999999932e-01
-6.000000000000000000e+01 -2.356020942408377117e+00 3.319880000000000053e-01
-6.000000000000000000e+01 -1.413612565445026226e+00 7.559200000000000641e-02
-6.000000000000000000e+01 -4.712041884816753901e-01 2.438200000000000089e-02
-6.000000000000000000e+01 4.712041884816753901e-01 2.438200000000000089e-02
-6.000000000000000000e+01 1.413612565445026226e+00 4.673229999999999884e-01
-6.000000000000000000e+01 2.356020942408377117e+00 7.073300000000000420e-02
-6.000000000000000000e+01 3.298429319371727786e+00 7.747999999999999332e-02
-6.000000000000000000e+01 4.240837696335078455e+00 1.091600000000000036e-02
-6.000000000000000000e+01 5.183246073298429124e+00 1.274999999999999918e-02
-5.875000000000000000e+01 -1.366492146596859136e+01 3.468500000000000055e-02
-5.875000000000000000e+01 -1.272251308900523981e+01 2.984000000000000107e-03
-5.875000000000000000e+01 -1.178010471204188825e+01 1.781820000000000070e-01
-5.875000000000000000e+01 -1.083769633507853669e+01 3.983450000000000046e-01
-5.875000000000000000e+01 -9.895287958115185134e+00 1.798770000000000091e-01
-5.875000000000000000e+01 -8.952879581151833577e+00 3.525600000000000261e-02
-5.875000000000000000e+01 -8.010471204188482020e+00 2.400000000000000061e-04
-5.875000000000000000e+01 -7.068062827225130462e+00 2.553800000000000167e-02
-5.875000000000000000e+01 -6.125654450261779793e+00 5.649999999999999641e-04
-5.875000000000000000e+01 -5.183246073298429124e+00 1.229000000000000058e-03
-5.875000000000000000e+01 -4.240837696335078455e+00 1.571869999999999934e-01
-5.875000000000000000e+01 -3.298429319371727786e+00 5.103339999999999543e-01
-5.875000000000000000e+01 -2.356020942408377117e+00 4.215700000000000003e-02
-5.875000000000000000e+01 -1.413612565445026226e+00 0.000000000000000000e+00
-5.875000000000000000e+01 -4.712041884816753901e-01 0.000000000000000000e+00
-5.875000000000000000e+01 4.712041884816753901e-01 0.000000000000000000e+00
-5.750000000000000000e+01 -1.366492146596859136e+01 4.774199999999999972e-02
-5.750000000000000000e+01 -1.272251308900523981e+01 5.409300000000000219e-02
-5.750000000000000000e+01 -1.178010471204188825e+01 4.441629999999999745e-01
-5.750000000000000000e+01 -1.083769633507853669e+01 3.595979999999999732e-01
-5.750000000000000000e+01 -9.895287958115185134e+00 2.079449999999999910e-01
-5.750000000000000000e+01 -8.952879581151833577e+00 1.793200000000000002e-02
-5.750000000000000000e+01 -8.010471204188482020e+00 1.814999999999999990e-03
-5.750000000000000000e+01 -7.068062827225130462e+00 2.648999999999999879e-03
-5.750000000000000000e+01 -6.125654450261779793e+00 4.146400000000000086e-02
-5.750000000000000000e+01 -5.183246073298429124e+00 1.631999999999999987e-03
-5.750000000000000000e+01 -4.240837696335078455e+00 6.009500000000000258e-02
-5.750000000000000000e+01 -3.298429319371727786e+00 2.998339999999999894e-01
-5.750000000000000000e+01 -2.356020942408377117e+00 3.398400000000000032e-02
-5.750000000000000000e+01 -1.413612565445026226e+00 6.917999999999999670e-03
-5.750000000000000000e+01 -4.712041884816753901e-01 0.000000000000000000e+00
-5.750000000000000000e+01 4.712041884816753901e-01 0.000000000000000000e+00
-5.750000000000000000e+01 1.413612565445026226e+00 8.100000000000000375e-05
-5.625000000000000000e+01 -1.366492146596859136e+01 2.820070000000000077e-01
-5.625000000000000000e+01 -1.272251308900523981e+01 3.059729999999999950e-01
-5.625000000000000000e+01 -1.178010471204188825e+01 6.488369999999999971e-01
-5.625000000000000000e+01 -1.083769633507853669e+01 4.468239999999999990e-01
-5.625000000000000000e+01 -9.895287958115185134e+00 7.838789999999999925e-01
-5.625000000000000000e+01 -8.952879581151833577e+00 3.796100000000000169e-02
-5.625000000000000000e+01 -8.010471204188482020e+00 3.507999999999999834e-03
-5.625000000000000000e+01 -7.068062827225130462e+00 4.321699999999999847e-02
-5.625000000000000000e+01 -6.125654450261779793e+00 9.898999999999999466e-02
-5.625000000000000000e+01 -5.183246073298429124e+00 2.179580000000000128e-01
-5.625000000000000000e+01 -4.240837696335078455e+00 3.658190000000000053e-01
-5.625000000000000000e+01 -3.298429319371727786e+00 3.193399999999999711e-02
-5.625000000000000000e+01 -2.356020942408377117e+00 3.489959999999999729e-01
-5.625000000000000000e+01 -1.413612565445026226e+00 2.534300000000000094e-02
-5.625000000000000000e+01 -4.712041884816753901e-01 8.000000000000000654e-05
-5.625000000000000000e+01 4.712041884816753901e-01 8.000000000000000654e-05
-5.625000000000000000e+01 1.413612565445026226e+00 0.000000000000000000e+00
-5.500000000000000000e+01 -1.460732984293194114e+01 1.800420000000000076e-01
-5.500000000000000000e+01 -1.366492146596859136e+01 4.296900000000000025e-02
-5.500000000000000000e+01 -1.272251308900523981e+01 3.733549999999999924e-01
-5.500000000000000000e+01 -1.178010471204188825e+01 6.261959999999999749e-01
-5.500000000000000000e+01 -1.083769633507853669e+01 7.365509999999999557e-01
-5.500000000000000000e+01 -9.895287958115185134e+00 7.303330000000000100e-01
-5.500000000000000000e+01 -8.952879581151833577e+00 6.485200000000000686e-02
-5.500000000000000000e+01 -8.010471204188482020e+00 1.562169999999999948e-01
-5.500000000000000000e+01 -7.068062827225130462e+00 1.796919999999999906e-01
-5.500000000000000000e+01 -6.125654450261779793e+00 1.034200000000000050e-02
-5.500000000000000000e+01 -5.183246073298429124e+00 4.809999999999999823e-04
-5.500000000000000000e+01 -4.240837696335078455e+00 3.111530000000000129e-01
-5.500000000000000000e+01 -3.298429319371727786e+00 4.726540000000000186e-01
-5.500000000000000000e+01 -2.356020942408377117e+00 5.615750000000000464e-01
-5.500000000000000000e+01 -1.413612565445026226e+00 1.460599999999999919e-02
-5.500000000000000000e+01 -4.712041884816753901e-01 2.420000000000000005e-04
-5.500000000000000000e+01 4.712041884816753901e-01 2.420000000000000005e-04
-5.500000000000000000e+01 1.413612565445026226e+00 2.420000000000000005e-04
-5.500000000000000000e+01 2.356020942408377117e+00 5.760000000000000146e-04
-5.375000000000000000e+01 -1.460732984293194114e+01 4.079999999999999968e-04
-5.375000000000000000e+01 -1.366492146596859136e+01 4.025000000000000105e-02
-5.375000000000000000e+01 -1.272251308900523981e+01 2.005319999999999880e-01
-5.375000000000000000e+01 -1.178010471204188825e+01 1.369140000000000079e-01
-5.375000000000000000e+01 -1.083769633507853669e+01 2.328600000000000114e-01
-5.375000000000000000e+01 -9.895287958115185134e+00 3.092010000000000036e-01
-5.375000000000000000e+01 -8.952879581151833577e+00 7.089999999999999948e-03
-5.375000000000000000e+01 -8.010471204188482020e+00 8.000000000000000654e-05
-5.375000000000000000e+01 -7.068062827225130462e+00 2.101000000000000003e-03
-5.375000000000000000e+01 -6.125654450261779793e+00 6.347000000000000211e-03
-5.375000000000000000e+01 -5.183246073298429124e+00 3.246999999999999886e-03
-5.375000000000000000e+01 -4.240837696335078455e+00 3.081050000000000177e-01
-5.375000000000000000e+01 -3.298429319371727786e+00 2.746620000000000172e-01
-5.375000000000000000e+01 -2.356020942408377117e+00 4.583769999999999789e-01
-5.375000000000000000e+01 -1.413612565445026226e+00 7.078099999999999670e-02
-5.375000000000000000e+01 -4.712041884816753901e-01 9.719999999999999907e-04
-5.375000000000000000e+01 4.712041884816753901e-01 9.719999999999999907e-04
-5.375000000000000000e+01 1.413612565445026226e+00 1.217999999999999899e-03
-5.375000000000000000e+01 2.356020942408377117e+00 1.054000000000000032e-03
-5.250000000000000000e+01 -1.366492146596859136e+01 1.280700000000000068e-02
-5.250000000000000000e+01 -1.272251308900523981e+01 2.135740000000000138e-01
-5.250000000000000000e+01 -1.178010471204188825e+01 1.101459999999999939e-01
-5.250000000000000000e+01 -1.083769633507853669e+01 2.798760000000000137e-01
-5.250000000000000000e+01 -9.895287958115185134e+00 8.907099999999999740e-02
-5.250000000000000000e+01 -8.952879581151833577e+00 5.699999999999999772e-04
-5.250000000000000000e+01 -8.010471204188482020e+00 1.825000000000000016e-03
-5.250000000000000000e+01 -7.068062827225130462e+00 1.878099999999999908e-02
-5.250000000000000000e+01 -6.125654450261779793e+00 4.108599999999999752e-02
-5.250000000000000000e+01 -5.183246073298429124e+00 1.755000000000000050e-03
-5.250000000000000000e+01 -4.240837696335078455e+00 9.781900000000000317e-02
-5.250000000000000000e+01 -3.298429319371727786e+00 2.563779999999999948e-01
-5.250000000000000000e+01 -2.356020942408377117e+00 3.267500000000000265e-02
-5.250000000000000000e+01 -1.413612565445026226e+00 2.860179999999999945e-01
-5.250000000000000000e+01 -4.712041884816753901e-01 8.250000000000000389e-03
-5.250000000000000000e+01 4.712041884816753901e-01 8.250000000000000389e-03
-5.125000000000000000e+01 -8.952879581151833577e+00 5.438359999999999861e-01
-5.125000000000000000e+01 -8.010471204188482020e+00 4.041560000000000152e-01
-5.125000000000000000e+01 -7.068062827225130462e+00 4.600739999999999830e-01
-5.125000000000000000e+01 -5.183246073298429124e+00 1.819989999999999941e-01
-5.125000000000000000e+01 -4.240837696335078455e+00 3.102090000000000125e-01
-5.125000000000000000e+01 -3.298429319371727786e+00 2.860400000000000165e-01
-5.125000000000000000e+01 -2.356020942408377117e+00 9.805700000000000527e-02
-5.000000000000000000e+01 -3.298429319371727786e+00 4.733689999999999842e-01
