-7.875000000000000000e+01 -6.125654450261779793e+00 4.984009999999999829e-01
-7.875000000000000000e+01 -5.183246073298429124e+00 1.962139999999999995e-01
-7.875000000000000000e+01 -4.240837696335078455e+00 2.574440000000000062e-01
-7.875000000000000000e+01 -3.298429319371727786e+00 3.709390000000000187e-01
-7.875000000000000000e+01 -2.356020942408377117e+00 0.000000000000000000e+00
-7.875000000000000000e+01 -1.413612565445026226e+00 0.000000000000000000e+00
-7.750000000000000000e+01 -8.952879581151833577e+00 1.897490000000000010e-01
-7.750000000000000000e+01 -8.010471204188482020e+00 1.435049999999999937e-01
-7.750000000000000000e+01 -7.068062827225130462e+00 2.828740000000000143e-01
-7.750000000000000000e+01 -6.125654450261779793e+00 5.060440000000000493e-01
-7.750000000000000000e+01 -5.183246073298429124e+00 1.224470000000000003e-01
-7.750000000000000000e+01 -4.240837696335078455e+00 4.181100000000000094e-02
-7.750000000000000000e+01 -3.298429319371727786e+00 2.238640000000000074e-01
-7.750000000000000000e+01 -2.356020942408377117e+00 1.722349999999999992e-01
-7.750000000000000000e+01 -1.413612565445026226e+00 2.796980000000000022e-01
-7.750000000000000000e+01 -4.712041884816753901e-01 1.902330000000000132e-01
-7.750000000000000000e+01 4.712041884816753901e-01 1.902330000000000132e-01
-7.625000000000000000e+01 -1.083769633507853669e+01 6.131999999999999951e-02
-7.625000000000000000e+01 -9.895287958115185134e+00 1.285119999999999874e-01
-7.625000000000000000e+01 -8.952879581151833577e+00 3.439360000000000195e-01
-7.625000000000000000e+01 -8.010471204188482020e+00 9.584099999999999564e-02
-7.625000000000000000e+01 -7.068062827225130462e+00 2.034459999999999880e-01
-7.625000000000000000e+01 -6.125654450261779793e+00 2.695460000000000078e-01
-7.625000000000000000e+01 -5.183246073298429124e+00 4.002700000000000008e-02
-7.625000000000000000e+01 -4.240837696335078455e+00 1.472000000000000001e-03
-7.625000000000000000e+01 -3.298429319371727786e+00 3.983000000000000429e-03
-7.625000000000000000e+01 -2.356020942408377117e+00 2.553000000000000148e-03
-7.625000000000000000e+01 -1.413612565445026226e+00 2.611000000000000040e-03
-7.625000000000000000e+01 -4.712041884816753901e-01 3.757800000000000029e-02
-7.625000000000000000e+01 4.712041884816753901e-01 3.757800000000000029e-02
-7.625000000000000000e+01 1.413612565445026226e+00 6.252210000000000267e-01
-7.500000000000000000e+01 -1.366492146596859136e+01 7.814200000000000312e-02
-7.500000000000000000e+01 -1.272251308900523981e+01 1.417779999999999874e-01
-7.500000000000000000e+01 -1.178010471204188825e+01 1.239989999999999981e-01
-7.500000000000000000e+01 -1.083769633507853669e+01 3.243719999999999937e-01
-7.500000000000000000e+01 -9.895287958115185134e+00 1.425269999999999870e-01
-7.500000000000000000e+01 -8.952879581151833577e+00 3.874040000000000261e-01
-7.500000000000000000e+01 -8.010471204188482020e+00 2.066719999999999946e-01
-7.500000000000000000e+01 -7.068062827225130462e+00 3.560399999999999676e-02
-7.500000000000000000e+01 -6.125654450261779793e+00 6.070300000000000001e-02
-7.500000000000000000e+01 -5.183246073298429124e+00 4.566900000000000126e-02
-7.500000000000000000e+01 -4.240837696335078455e+00 2.003299999999999872e-02
-7.500000000000000000e+01 -3.298429319371727786e+00 2.305999999999999890e-03
-7.500000000000000000e+01 -2.356020942408377117e+00 6.376999999999999856e-03
-7.500000000000000000e+01 -1.413612565445026226e+00 5.597000000000000412e-03
-7.500000000000000000e+01 -4.712041884816753901e-01 2.222800000000000123e-02
-7.500000000000000000e+01 4.712041884816753901e-01 2.222800000000000123e-02
-7.500000000000000000e+01 1.413612565445026226e+00 4.513980000000000214e-01
-7.500000000000000000e+01 2.356020942408377117e+00 7.595319999999999849e-01
-7.375000000000000000e+01 -1.460732984293194114e+01 0.000000000000000000e+00
-7.375000000000000000e+01 -1.366492146596859136e+01 1.302490000000000037e-01
-7.375000000000000000e+01 -1.272251308900523981e+01 8.255600000000000438e-02
-7.375000000000000000e+01 -1.178010471204188825e+01 9.382200000000000262e-02
-7.375000000000000000e+01 -1.083769633507853669e+01 8.254300000000000526e-02
-7.375000000000000000e+01 -9.895287958115185134e+00 5.654499999999999804e-02
-7.375000000000000000e+01 -8.952879581151833577e+00 7.531400000000000594e-02
-7.375000000000000000e+01 -8.010471204188482020e+00 6.822000000000000286e-02
-7.375000000000000000e+01 -7.068062827225130462e+00 1.132099999999999947e-02
-7.375000000000000000e+01 -6.125654450261779793e+00 2.464699999999999877e-02
-7.375000000000000000e+01 -5.183246073298429124e+00 7.177999999999999658e-02
-7.375000000000000000e+01 -4.240837696335078455e+00 2.272499999999999867e-02
-7.375000000000000000e+01 -3.298429319371727786e+00 7.262000000000000226e-03
-7.375000000000000000e+01 -2.356020942408377117e+00 5.409999999999999878e-03
-7.375000000000000000e+01 -1.413612565445026226e+00 6.183000000000000301e-02
-7.375000000000000000e+01 -4.712041884816753901e-01 2.467000000000000009e-03
-7.375000000000000000e+01 4.712041884816753901e-01 2.467000000000000009e-03
-7.375000000000000000e+01 1.413612565445026226e+00 3.635300000000000337e-02
-7.250000000000000000e+01 -1.460732984293194114e+01 5.432000000000000196e-03
-7.250000000000000000e+01 -1.366492146596859136e+01 1.374849999999999961e-01
-7.250000000000000000e+01 -1.272251308900523981e+01 1.678109999999999880e-01
-7.250000000000000000e+01 -1.178010471204188825e+01 4.293199999999999794e-02
-7.250000000000000000e+01 -1.083769633507853669e+01 6.879999999999999831e-03
-7.250000000000000000e+01 -9.895287958115185134e+00 0.000000000000000000e+00
-7.250000000000000000e+01 -8.952879581151833577e+00 9.388999999999999777e-03
-7.250000000000000000e+01 -8.010471204188482020e+00 2.867790000000000061e-01
-7.250000000000000000e+01 -7.068062827225130462e+00 8.019400000000000139e-02
-7.250000000000000000e+01 -6.125654450261779793e+00 9.730000000000000151e-04
-7.250000000000000000e+01 -5.183246073298429124e+00 9.737000000000000863e-03
-7.250000000000000000e+01 -4.240837696335078455e+00 1.123389999999999944e-01
-7.250000000000000000e+01 -3.298429319371727786e+00 2.123999999999999846e-02
-7.250000000000000000e+01 -2.356020942408377117e+00 3.374100000000000016e-02
-7.250000000000000000e+01 -1.413612565445026226e+00 1.036100000000000042e-02
-7.250000000000000000e+01 -4.712041884816753901e-01 6.908000000000000078e-03
-7.250000000000000000e+01 4.712041884816753901e-01 6.908000000000000078e-03
-7.250000000000000000e+01 1.413612565445026226e+00 1.020399999999999953e-02
-7.125000000000000000e+01 -1.460732984293194114e+01 9.079900000000000471e-02
-7.125000000000000000e+01 -1.366492146596859136e+01 2.439500000000000002e-02
-7.125000000000000000e+01 -1.272251308900523981e+01 8.998599999999999655e-02
-7.125000000000000000e+01 -1.178010471204188825e+01 0.000000000000000000e+00
-7.125000000000000000e+01 -1.083769633507853669e+01 0.000000000000000000e+00
-7.125000000000000000e+01 -9.895287958115185134e+00 6.791000000000000161e-03
-7.125000000000000000e+01 -8.952879581151833577e+00 3.811799999999999911e-02
-7.125000000000000000e+01 -8.010471204188482020e+00 2.997449999999999837e-01
-7.125000000000000000e+01 -7.068062827225130462e+00 5.019000000000000024e-03
-7.125000000000000000e+01 -6.125654450261779793e+00 4.655000000000000283e-03
-7.125000000000000000e+01 -5.183246073298429124e+00 2.429999999999999977e-04
-7.125000000000000000e+01 -4.240837696335078455e+00 2.407400000000000165e-02
-7.125000000000000000e+01 -3.298429319371727786e+00 2.390000000000000089e-04
-7.125000000000000000e+01 -2.356020942408377117e+00 2.777100000000000055e-02
-7.125000000000000000e+01 -1.413612565445026226e+00 3.592000000000000141e-03
-7.125000000000000000e+01 -4.712041884816753901e-01 0.000000000000000000e+00
-7.125000000000000000e+01 4.712041884816753901e-01 0.000000000000000000e+00
-7.125000000000000000e+01 1.413612565445026226e+00 5.949100000000000221e-02
-7.000000000000000000e+01 -1.366492146596859136e+01 8.580000000000000820e-03
-7.000000000000000000e+01 -1.272251308900523981e+01 2.041890000000000094e-01
-7.000000000000000000e+01 -1.178010471204188825e+01 3.256999999999999913e-03
-7.000000000000000000e+01 -1.083769633507853669e+01 2.119010000000000060e-01
-7.000000000000000000e+01 -9.895287958115185134e+00 5.125000000000000215e-03
-7.000000000000000000e+01 -8.952879581151833577e+00 7.707899999999999474e-02
-7.000000000000000000e+01 -8.010471204188482020e+00 1.793049999999999922e-01
-7.000000000000000000e+01 -7.068062827225130462e+00 2.983600000000000141e-02
-7.000000000000000000e+01 -6.125654450261779793e+00 1.861000000000000024e-03
-7.000000000000000000e+01 -5.183246073298429124e+00 8.040000000000000271e-04
-7.000000000000000000e+01 -4.240837696335078455e+00 9.939099999999999324e-02
-7.000000000000000000e+01 -3.298429319371727786e+00 4.135699999999999793e-02
-7.000000000000000000e+01 -2.356020942408377117e+00 1.168399999999999994e-02
-7.000000000000000000e+01 -1.413612565445026226e+00 2.383100000000000149e-02
-7.000000000000000000e+01 -4.712041884816753901e-01 1.220300000000000031e-02
-7.000000000000000000e+01 4.712041884816753901e-01 1.220300000000000031e-02
-7.000000000000000000e+01 1.413612565445026226e+00 6.252999999999999878e-03
-6.875000000000000000e+01 -1.554973821989529448e+01 6.769999999999999759e-04
-6.875000000000000000e+01 -1.460732984293194114e+01 2.804299999999999848e-02
-6.875000000000000000e+01 -1.366492146596859136e+01 4.464000000000000086e-03
-6.875000000000000000e+01 -1.272251308900523981e+01 1.005339999999999984e-01
-6.875000000000000000e+01 -1.178010471204188825e+01 2.429290000000000060e-01
-6.875000000000000000e+01 -1.083769633507853669e+01 4.754880000000000217e-01
-6.875000000000000000e+01 -9.895287958115185134e+00 4.923600000000000199e-02
-6.875000000000000000e+01 -8.952879581151833577e+00 2.495090000000000086e-01
-6.875000000000000000e+01 -8.010471204188482020e+00 3.200000000000000262e-04
-6.875000000000000000e+01 -7.068062827225130462e+00 2.047999999999999907e-03
-6.875000000000000000e+01 -6.125654450261779793e+00 1.129999999999999928e-03
-6.875000000000000000e+01 -5.183246073298429124e+00 4.840000000000000010e-04
-6.875000000000000000e+01 -4.240837696335078455e+00 4.423999999999999981e-03
-6.875000000000000000e+01 -3.298429319371727786e+00 7.030999999999999923e-03
-6.875000000000000000e+01 -2.356020942408377117e+00 4.261000000000000031e-03
-6.875000000000000000e+01 -1.413612565445026226e+00 7.255000000000000164e-03
-6.875000000000000000e+01 -4.712041884816753901e-01 1.129100000000000069e-02
-6.875000000000000000e+01 4.712041884816753901e-01 1.129100000000000069e-02
-6.875000000000000000e+01 1.413612565445026226e+00 1.411899999999999961e-02
-6.875000000000000000e+01 2.356020942408377117e+00 6.131000000000000165e-03
-6.750000000000000000e+01 -1.649214659685864603e+01 2.378109999999999946e-01
-6.750000000000000000e+01 -1.554973821989529448e+01 2.378109999999999946e-01
-6.750000000000000000e+01 -1.460732984293194114e+01 8.773499999999999355e-02
-6.750000000000000000e+01 -1.366492146596859136e+01 7.196800000000000419e-02
-6.750000000000000000e+01 -1.272251308900523981e+01 8.486999999999999753e-03
-6.750000000000000000e+01 -1.178010471204188825e+01 1.439799999999999934e-02
-6.750000000000000000e+01 -1.083769633507853669e+01 2.837549999999999795e-01
-6.750000000000000000e+01 -9.895287958115185134e+00 7.239050000000000207e-01
-6.750000000000000000e+01 -8.952879581151833577e+00 1.317989999999999995e-01
-6.750000000000000000e+01 -8.010471204188482020e+00 9.590000000000000000e-04
-6.750000000000000000e+01 -7.068062827225130462e+00 8.919999999999999978e-04
-6.750000000000000000e+01 -6.125654450261779793e+00 5.134999999999999808e-03
-6.750000000000000000e+01 -5.183246073298429124e+00 1.128000000000000096e-03
-6.750000000000000000e+01 -4.240837696335078455e+00 8.059999999999999673e-04
-6.750000000000000000e+01 -3.298429319371727786e+00 1.458600000000000001e-02
-6.750000000000000000e+01 -2.356020942408377117e+00 3.310000000000000225e-04
-6.750000000000000000e+01 -1.413612565445026226e+00 8.000000000000000654e-05
-6.750000000000000000e+01 -4.712041884816753901e-01 8.989999999999999511e-04
-6.750000000000000000e+01 4.712041884816753901e-01 8.989999999999999511e-04
-6.750000000000000000e+01 1.413612565445026226e+00 6.081999999999999733e-03
-6.750000000000000000e+01 2.356020942408377117e+00 7.219999999999999855e-04
-6.625000000000000000e+01 -1.837696335078534560e+01 8.382100000000000661e-02
-6.625000000000000000e+01 -1.743455497382199582e+01 1.983479999999999965e-01
-6.625000000000000000e+01 -1.649214659685864603e+01 1.786999999999999960e-03
-6.625000000000000000e+01 -1.554973821989529448e+01 1.786999999999999960e-03
-6.625000000000000000e+01 -1.460732984293194114e+01 8.274999999999999370e-03
-6.625000000000000000e+01 -1.366492146596859136e+01 1.134000000000000025e-03
-6.625000000000000000e+01 -1.272251308900523981e+01 0.000000000000000000e+00
-6.625000000000000000e+01 -1.178010471204188825e+01 8.970999999999999808e-03
-6.625000000000000000e+01 -1.083769633507853669e+01 1.188189999999999941e-01
-6.625000000000000000e+01 -9.895287958115185134e+00 1.908739999999999881e-01
-6.625000000000000000e+01 -8.952879581151833577e+00 9.195299999999999307e-02
-6.625000000000000000e+01 -8.010471204188482020e+00 2.295000000000000165e-03
-6.625000000000000000e+01 -7.068062827225130462e+00 8.109999999999999805e-04
-6.625000000000000000e+01 -6.125654450261779793e+00 1.610000000000000103e-04
-6.625000000000000000e+01 -5.183246073298429124e+00 3.260000000000000094e-04
-6.625000000000000000e+01 -4.240837696335078455e+00 3.536000000000000081e-03
-6.625000000000000000e+01 -3.298429319371727786e+00 1.435299999999999944e-02
-6.625000000000000000e+01 -2.356020942408377117e+00 6.283999999999999655e-03
-6.625000000000000000e+01 -1.413612565445026226e+00 0.000000000000000000e+00
-6.625000000000000000e+01 -4.712041884816753901e-01 2.425000000000000072e-03
-6.625000000000000000e+01 4.712041884816753901e-01 2.425000000000000072e-03
-6.625000000000000000e+01 1.413612565445026226e+00 8.603500000000000036e-02
-6.625000000000000000e+01 2.356020942408377117e+00 8.409999999999999420e-02
-6.500000000000000000e+01 -1.837696335078534560e+01 2.395699999999999913e-02
-6.500000000000000000e+01 -1.743455497382199582e+01 4.010650000000000048e-01
-6.500000000000000000e+01 -1.649214659685864603e+01 3.214199999999999696e-02
-6.500000000000000000e+01 -1.554973821989529448e+01 3.214199999999999696e-02
-6.500000000000000000e+01 -1.460732984293194114e+01 7.366000000000000152e-03
-6.500000000000000000e+01 -1.366492146596859136e+01 4.413000000000000256e-03
-6.500000000000000000e+01 -1.272251308900523981e+01 2.242000000000000069e-03
-6.500000000000000000e+01 -1.178010471204188825e+01 7.238999999999999775e-03
-6.500000000000000000e+01 -1.083769633507853669e+01 1.785360000000000003e-01
-6.500000000000000000e+01 -9.895287958115185134e+00 5.130430000000000268e-01
-6.500000000000000000e+01 -8.952879581151833577e+00 9.635799999999999921e-02
-6.500000000000000000e+01 -8.010471204188482020e+00 4.460000000000000422e-03
-6.500000000000000000e+01 -7.068062827225130462e+00 3.778399999999999814e-02
-6.500000000000000000e+01 -6.125654450261779793e+00 1.147999999999999932e-03
-6.500000000000000000e+01 -5.183246073298429124e+00 2.778000000000000087e-03
-6.500000000000000000e+01 -4.240837696335078455e+00 1.276399999999999930e-02
-6.500000000000000000e+01 -3.298429319371727786e+00 3.089300000000000032e-02
-6.500000000000000000e+01 -2.356020942408377117e+00 4.329999999999999648e-03
-6.500000000000000000e+01 -1.413612565445026226e+00 1.791999999999999973e-03
-6.500000000000000000e+01 -4.712041884816753901e-01 7.742999999999999883e-03
-6.500000000000000000e+01 4.712041884816753901e-01 7.742999999999999883e-03
-6.500000000000000000e+01 1.413612565445026226e+00 2.658999999999999905e-03
-6.375000000000000000e+01 -2.026178010471204516e+01 6.666670000000000096e-01
-6.375000000000000000e+01 -1.931937172774869538e+01 1.812469999999999914e-01
-6.375000000000000000e+01 -1.837696335078534560e+01 1.308620000000000061e-01
-6.375000000000000000e+01 -1.743455497382199582e+01 4.971099999999999963e-01
-6.375000000000000000e+01 -1.649214659685864603e+01 5.874499999999999861e-02
-6.375000000000000000e+01 -1.554973821989529448e+01 5.874499999999999861e-02
-6.375000000000000000e+01 -1.460732984293194114e+01 2.767700000000000021e-02
-6.375000000000000000e+01 -1.366492146596859136e+01 3.220999999999999905e-03
-6.375000000000000000e+01 -1.272251308900523981e+01 1.505000000000000044e-03
-6.375000000000000000e+01 -1.178010471204188825e+01 2.277119999999999977e-01
-6.375000000000000000e+01 -1.083769633507853669e+01 5.458400000000000057e-02
-6.375000000000000000e+01 -9.895287958115185134e+00 4.487220000000000097e-01
-6.375000000000000000e+01 -8.952879581151833577e+00 7.405500000000000416e-01
-6.375000000000000000e+01 -8.010471204188482020e+00 2.500200000000000200e-01
-6.375000000000000000e+01 -7.068062827225130462e+00 5.698799999999999699e-02
-6.375000000000000000e+01 -6.125654450261779793e+00 4.970999999999999724e-03
-6.375000000000000000e+01 -5.183246073298429124e+00 1.027499999999999941e-02
-6.375000000000000000e+01 -4.240837696335078455e+00 6.024399999999999894e-02
-6.375000000000000000e+01 -3.298429319371727786e+00 2.053000000000000137e-03
-6.375000000000000000e+01 -2.356020942408377117e+00 3.249999999999999851e-04
-6.375000000000000000e+01 -1.413612565445026226e+00 3.240000000000000150e-04
-6.375000000000000000e+01 -4.712041884816753901e-01 1.828999999999999897e-03
-6.375000000000000000e+01 4.712041884816753901e-01 1.828999999999999897e-03
-6.375000000000000000e+01 1.413612565445026226e+00 0.000000000000000000e+00
-6.375000000000000000e+01 3.298429319371727786e+00 1.846599999999999978e-02
-6.250000000000000000e+01 -1.931937172774869538e+01 3.721869999999999901e-01
-6.250000000000000000e+01 -1.837696335078534560e+01 7.138539999999999885e-01
-6.250000000000000000e+01 -1.743455497382199582e+01 7.834449999999999470e-01
-6.250000000000000000e+01 -1.649214659685864603e+01 8.309400000000000119e-02
-6.250000000000000000e+01 -1.554973821989529448e+01 8.309400000000000119e-02
-6.250000000000000000e+01 -1.460732984293194114e+01 7.910999999999999630e-03
-6.250000000000000000e+01 -1.366492146596859136e+01 2.263999999999999953e-03
-6.250000000000000000e+01 -1.272251308900523981e+01 1.157999999999999958e-03
-6.250000000000000000e+01 -1.178010471204188825e+01 3.397209999999999952e-01
-6.250000000000000000e+01 -1.083769633507853669e+01 3.379849999999999799e-01
-6.250000000000000000e+01 -9.895287958115185134e+00 9.475980000000000514e-01
-6.250000000000000000e+01 -8.952879581151833577e+00 3.622520000000000184e-01
-6.250000000000000000e+01 -8.010471204188482020e+00 1.826579999999999870e-01
-6.250000000000000000e+01 -7.068062827225130462e+00 3.038699999999999735e-01
-6.250000000000000000e+01 -6.125654450261779793e+00 3.863699999999999773e-02
-6.250000000000000000e+01 -5.183246073298429124e+00 2.396000000000000126e-03
-6.250000000000000000e+01 -4.240837696335078455e+00 7.101300000000000667e-02
-6.250000000000000000e+01 -3.298429319371727786e+00 8.467000000000000567e-03
-6.250000000000000000e+01 -2.356020942408377117e+00 1.056999999999999997e-03
-6.250000000000000000e+01 -1.413612565445026226e+00 8.259000000000000716e-03
-6.250000000000000000e+01 -4.712041884816753901e-01 6.509999999999999945e-04
-6.250000000000000000e+01 4.712041884816753901e-01 6.509999999999999945e-04
-6.250000000000000000e+01 1.413612565445026226e+00 1.435000000000000078e-03
-6.250000000000000000e+01 2.356020942408377117e+00 6.793999999999999692e-03
-6.250000000000000000e+01 3.298429319371727786e+00 0.000000000000000000e+00
-6.125000000000000000e+01 -1.837696335078534560e+01 1.793579999999999897e-01
-6.125000000000000000e+01 -1.743455497382199582e+01 1.845819999999999961e-01
-6.125000000000000000e+01 -1.649214659685864603e+01 2.014120000000000077e-01
-6.125000000000000000e+01 -1.554973821989529448e+01 2.014120000000000077e-01
-6.125000000000000000e+01 -1.460732984293194114e+01 3.685399999999999787e-02
-6.125000000000000000e+01 -1.366492146596859136e+01 3.854599999999999693e-02
-6.125000000000000000e+01 -1.272251308900523981e+01 6.104680000000000106e-01
-6.125000000000000000e+01 -1.178010471204188825e+01 7.581309999999999993e-01
-6.125000000000000000e+01 -1.083769633507853669e+01 4.143600000000000061e-01
-6.125000000000000000e+01 -9.895287958115185134e+00 2.359769999999999923e-01
-6.125000000000000000e+01 -8.952879581151833577e+00 4.376700000000000035e-02
-6.125000000000000000e+01 -8.010471204188482020e+00 6.719200000000000172e-02
-6.125000000000000000e+01 -7.068062827225130462e+00 2.279700000000000129e-02
-6.125000000000000000e+01 -6.125654450261779793e+00 4.862400000000000055e-02
-6.125000000000000000e+01 -5.183246073298429124e+00 5.179399999999999976e-02
-6.125000000000000000e+01 -4.240837696335078455e+00 1.954440000000000066e-01
-6.125000000000000000e+01 -3.298429319371727786e+00 2.526419999999999777e-01
-6.125000000000000000e+01 -2.356020942408377117e+00 2.605999999999999810e-03
-6.125000000000000000e+01 -1.413612565445026226e+00 8.569000000000000228e-03
-6.125000000000000000e+01 -4.712041884816753901e-01 1.463710000000000011e-01
-6.125000000000000000e+01 4.712041884816753901e-01 1.463710000000000011e-01
-6.125000000000000000e+01 1.413612565445026226e+00 1.631390000000000062e-01
-6.125000000000000000e+01 2.356020942408377117e+00 5.209270000000000289e-01
-6.125000000000000000e+01 3.298429319371727786e+00 2.302730000000000055e-01
-6.125000000000000000e+01 4.240837696335078455e+00 2.484899999999999956e-02
-6.000000000000000000e+01 -1.554973821989529448e+01 9.090099999999999569e-02
-6.000000000000000000e+01 -1.460732984293194114e+01 3.818969999999999865e-01
-6.000000000000000000e+01 -1.366492146596859136e+01 4.064180000000000015e-01
-6.000000000000000000e+01 -1.272251308900523981e+01 3.525880000000000125e-01
-6.000000000000000000e+01 -1.178010471204188825e+01 1.143659999999999954e-01
-6.000000000000000000e+01 -1.083769633507853669e+01 1.132999999999999893e-03
-6.000000000000000000e+01 -9.895287958115185134e+00 5.412700000000000150e-02
-6.000000000000000000e+01 -8.952879581151833577e+00 5.904000000000000394e-03
-6.000000000000000000e+01 -8.010471204188482020e+00 3.344000000000000184e-03
-6.000000000000000000e+01 -7.068062827225130462e+00 2.508929999999999771e-01
-6.000000000000000000e+01 -6.125654450261779793e+00 3.708000000000000185e-02
-6.000000000000000000e+01 -5.183246073298429124e+00 4.326100000000000084e-02
-6.000000000000000000e+01 -4.240837696335078455e+00 3.566529999999999978e-01
-6.000000000000000000e+01 -3.298429319371727786e+00 6.847590000000000066e-01
-6.000000000000000000e+01 -2.356020942408377117e+00 5.626060000000000505e-01
-6.000000000000000000e+01 -1.413612565445026226e+00 1.534659999999999913e-01
-6.000000000000000000e+01 -4.712041884816753901e-01 5.689199999999999813e-02
-6.000000000000000000e+01 4.712041884816753901e-01 5.689199999999999813e-02
-6.000000000000000000e+01 1.413612565445026226e+00 6.202189999999999648e-01
-6.000000000000000000e+01 2.356020942408377117e+00 1.136439999999999950e-01
-6.000000000000000000e+01 3.298429319371727786e+00 1.042929999999999968e-01
-6.000000000000000000e+01 4.240837696335078455e+00 1.108199999999999984e-02
-6.000000000000000000e+01 5.183246073298429124e+00 1.274999999999999918e-02
-5.875000000000000000e+01 -1.366492146596859136e+01 4.478100000000000136e-02
-5.875000000000000000e+01 -1.272251308900523981e+01 4.193999999999999811e-03
-5.875000000000000000e+01 -1.178010471204188825e+01 1.935459999999999958e-01
-5.875000000000000000e+01 -1.083769633507853669e+01 4.046930000000000249e-01
-5.875000000000000000e+01 -9.895287958115185134e+00 1.944349999999999967e-01
-5.875000000000000000e+01 -8.952879581151833577e+00 3.936599999999999822e-02
-5.875000000000000000e+01 -8.010471204188482020e+00 2.400000000000000061e-04
-5.875000000000000000e+01 -7.068062827225130462e+00 6.388599999999999834e-02
-5.875000000000000000e+01 -6.125654450261779793e+00 1.291000000000000047e-03
-5.875000000000000000e+01 -5.183246073298429124e+00 1.229000000000000058e-03
-5.875000000000000000e+01 -4.240837696335078455e+00 2.262570000000000137e-01
-5.875000000000000000e+01 -3.298429319371727786e+00 6.756729999999999681e-01
-5.875000000000000000e+01 -2.356020942408377117e+00 1.140209999999999974e-01
-5.875000000000000000e+01 -1.413612565445026226e+00 6.520000000000000188e-04
-5.875000000000000000e+01 -4.712041884816753901e-01 0.000000000000000000e+00
-5.875000000000000000e+01 4.712041884816753901e-01 0.000000000000000000e+00
-5.750000000000000000e+01 -1.366492146596859136e+01 5.121599999999999764e-02
-5.750000000000000000e+01 -1.272251308900523981e+01 6.219100000000000322e-02
-5.750000000000000000e+01 -1.178010471204188825e+01 4.839999999999999858e-01
-5.750000000000000000e+01 -1.083769633507853669e+01 3.758589999999999987e-01
-5.750000000000000000e+01 -9.895287958115185134e+00 2.518389999999999795e-01
-5.750000000000000000e+01 -8.952879581151833577e+00 1.875100000000000031e-02
-5.750000000000000000e+01 -8.010471204188482020e+00 1.814999999999999990e-03
-5.750000000000000000e+01 -7.068062827225130462e+00 5.629999999999999588e-03
-5.750000000000000000e+01 -6.125654450261779793e+00 1.037020000000000025e-01
-5.750000000000000000e+01 -5.183246073298429124e+00 1.631999999999999987e-03
-5.750000000000000000e+01 -4.240837696335078455e+00 9.737400000000000222e-02
-5.750000000000000000e+01 -3.298429319371727786e+00 4.056170000000000053e-01
-5.750000000000000000e+01 -2.356020942408377117e+00 5.708400000000000279e-02
-5.750000000000000000e+01 -1.413612565445026226e+00 8.871999999999999678e-03
-5.750000000000000000e+01 -4.712041884816753901e-01 0.000000000000000000e+00
-5.750000000000000000e+01 4.712041884816753901e-01 0.000000000000000000e+00
-5.750000000000000000e+01 1.413612565445026226e+00 8.100000000000000375e-05
-5.625000000000000000e+01 -1.366492146596859136e+01 3.241939999999999822e-01
-5.625000000000000000e+01 -1.272251308900523981e+01 3.291359999999999841e-01
-5.625000000000000000e+01 -1.178010471204188825e+01 7.086470000000000269e-01
-5.625000000000000000e+01 -1.083769633507853669e+01 4.893319999999999892e-01
-5.625000000000000000e+01 -9.895287958115185134e+00 8.063700000000000312e-01
-5.625000000000000000e+01 -8.952879581151833577e+00 3.947900000000000020e-02
-5.625000000000000000e+01 -8.010471204188482020e+00 4.145000000000000247e-03
-5.625000000000000000e+01 -7.068062827225130462e+00 7.242899999999999339e-02
-5.625000000000000000e+01 -6.125654450261779793e+00 1.869089999999999918e-01
-5.625000000000000000e+01 -5.183246073298429124e+00 3.232470000000000065e-01
-5.625000000000000000e+01 -4.240837696335078455e+00 4.122469999999999746e-01
-5.625000000000000000e+01 -3.298429319371727786e+00 4.794199999999999851e-02
-5.625000000000000000e+01 -2.356020942408377117e+00 3.945210000000000106e-01
-5.625000000000000000e+01 -1.413612565445026226e+00 2.534300000000000094e-02
-5.625000000000000000e+01 -4.712041884816753901e-01 8.000000000000000654e-05
-5.625000000000000000e+01 4.712041884816753901e-01 8.000000000000000654e-05
-5.625000000000000000e+01 1.413612565445026226e+00 0.000000000000000000e+00
-5.500000000000000000e+01 -1.460732984293194114e+01 1.820690000000000086e-01
-5.500000000000000000e+01 -1.366492146596859136e+01 4.329899999999999721e-02
-5.500000000000000000e+01 -1.272251308900523981e+01 4.239970000000000128e-01
-5.500000000000000000e+01 -1.178010471204188825e+01 7.109379999999999589e-01
-5.500000000000000000e+01 -1.083769633507853669e+01 7.963710000000000511e-01
-5.500000000000000000e+01 -9.895287958115185134e+00 7.567420000000000258e-01
-5.500000000000000000e+01 -8.952879581151833577e+00 8.350799999999999890e-02
-5.500000000000000000e+01 -8.010471204188482020e+00 2.548839999999999995e-01
-5.500000000000000000e+01 -7.068062827225130462e+00 2.663189999999999724e-01
-5.500000000000000000e+01 -6.125654450261779793e+00 3.158799999999999802e-02
-5.500000000000000000e+01 -5.183246073298429124e+00 4.805000000000000243e-03
-5.500000000000000000e+01 -4.240837696335078455e+00 4.243959999999999955e-01
-5.500000000000000000e+01 -3.298429319371727786e+00 5.299540000000000362e-01
-5.500000000000000000e+01 -2.356020942408377117e+00 5.891189999999999483e-01
-5.500000000000000000e+01 -1.413612565445026226e+00 2.190800000000000039e-02
-5.500000000000000000e+01 -4.712041884816753901e-01 2.420000000000000005e-04
-5.500000000000000000e+01 4.712041884816753901e-01 2.420000000000000005e-04
-5.500000000000000000e+01 1.413612565445026226e+00 2.420000000000000005e-04
-5.500000000000000000e+01 2.356020942408377117e+00 5.760000000000000146e-04
-5.375000000000000000e+01 -1.460732984293194114e+01 4.079999999999999968e-04
-5.375000000000000000e+01 -1.366492146596859136e+01 4.080999999999999905e-02
-5.375000000000000000e+01 -1.272251308900523981e+01 2.064940000000000109e-01
-5.375000000000000000e+01 -1.178010471204188825e+01 1.670590000000000130e-01
-5.375000000000000000e+01 -1.083769633507853669e+01 2.625959999999999961e-01
-5.375000000000000000e+01 -9.895287958115185134e+00 3.427640000000000131e-01
-5.375000000000000000e+01 -8.952879581151833577e+00 1.216599999999999973e-02
-5.375000000000000000e+01 -8.010471204188482020e+00 8.000000000000000654e-05
-5.375000000000000000e+01 -7.068062827225130462e+00 2.101000000000000003e-03
-5.375000000000000000e+01 -6.125654450261779793e+00 6.347000000000000211e-03
-5.375000000000000000e+01 -5.183246073298429124e+00 3.246999999999999886e-03
-5.375000000000000000e+01 -4.240837696335078455e+00 4.211429999999999896e-01
-5.375000000000000000e+01 -3.298429319371727786e+00 4.053570000000000229e-01
-5.375000000000000000e+01 -2.356020942408377117e+00 4.761130000000000084e-01
-5.375000000000000000e+01 -1.413612565445026226e+00 8.081199999999999495e-02
-5.375000000000000000e+01 -4.712041884816753901e-01 9.719999999999999907e-04
-5.375000000000000000e+01 4.712041884816753901e-01 9.719999999999999907e-04
-5.375000000000000000e+01 1.413612565445026226e+00 1.217999999999999899e-03
-5.375000000000000000e+01 2.356020942408377117e+00 1.054000000000000032e-03
-5.250000000000000000e+01 -1.366492146596859136e+01 1.288800000000000015e-02
-5.250000000000000000e+01 -1.272251308900523981e+01 2.150320000000000009e-01
-5.250000000000000000e+01 -1.178010471204188825e+01 1.224839999999999957e-01
-5.250000000000000000e+01 -1.083769633507853669e+01 2.910289999999999822e-01
-5.250000000000000000e+01 -9.895287958115185134e+00 9.561999999999999666e-02
-5.250000000000000000e+01 -8.952879581151833577e+00 5.699999999999999772e-04
-5.250000000000000000e+01 -8.010471204188482020e+00 1.825000000000000016e-03
-5.250000000000000000e+01 -7.068062827225130462e+00 1.878099999999999908e-02
-5.250000000000000000e+01 -6.125654450261779793e+00 4.141399999999999942e-02
-5.250000000000000000e+01 -5.183246073298429124e+00 1.755000000000000050e-03
-5.250000000000000000e+01 -4.240837696335078455e+00 1.356060000000000043e-01
-5.250000000000000000e+01 -3.298429319371727786e+00 3.606509999999999994e-01
-5.250000000000000000e+01 -2.356020942408377117e+00 3.634500000000000230e-02
-5.250000000000000000e+01 -1.413612565445026226e+00 4.330309999999999993e-01
-5.250000000000000000e+01 -4.712041884816753901e-01 4.392100000000000171e-02
-5.250000000000000000e+01 4.712041884816753901e-01 4.392100000000000171e-02
-5.125000000000000000e+01 -8.952879581151833577e+00 5.767120000000000024e-01
-5.125000000000000000e+01 -8.010471204188482020e+00 4.156360000000000054e-01
-5.125000000000000000e+01 -7.068062827225130462e+00 4.625639999999999752e-01
-5.125000000000000000e+01 -5.183246073298429124e+00 1.896519999999999873e-01
-5.125000000000000000e+01 -4.240837696335078455e+00 3.479030000000000178e-01
-5.125000000000000000e+01 -3.298429319371727786e+00 4.676210000000000089e-01
-5.125000000000000000e+01 -2.356020942408377117e+00 1.315739999999999965e-01
-5.000000000000000000e+01 -3.298429319371727786e+00 6.179740000000000233e-01
