-7.875000000000000000e+01 -6.125654450261779793e+00 4.916490000000000027e-01
-7.875000000000000000e+01 -5.183246073298429124e+00 1.752100000000000046e-01
-7.875000000000000000e+01 -4.240837696335078455e+00 2.208839999999999970e-01
-7.875000000000000000e+01 -3.298429319371727786e+00 3.313099999999999934e-01
-7.875000000000000000e+01 -2.356020942408377117e+00 0.000000000000000000e+00
-7.875000000000000000e+01 -1.413612565445026226e+00 0.000000000000000000e+00
-7.750000000000000000e+01 -8.952879581151833577e+00 1.875680000000000125e-01
-7.750000000000000000e+01 -8.010471204188482020e+00 1.435049999999999937e-01
-7.750000000000000000e+01 -7.068062827225130462e+00 2.822140000000000204e-01
-7.750000000000000000e+01 -6.125654450261779793e+00 4.643090000000000273e-01
-7.750000000000000000e+01 -5.183246073298429124e+00 9.329700000000000493e-02
-7.750000000000000000e+01 -4.240837696335078455e+00 2.594600000000000031e-02
-7.750000000000000000e+01 -3.298429319371727786e+00 2.325480000000000047e-01
-7.750000000000000000e+01 -2.356020942408377117e+00 1.407970000000000055e-01
-7.750000000000000000e+01 -1.413612565445026226e+00 2.550220000000000264e-01
-7.750000000000000000e+01 -4.712041884816753901e-01 1.864520000000000066e-01
-7.750000000000000000e+01 4.712041884816753901e-01 1.864520000000000066e-01
-7.625000000000000000e+01 -1.083769633507853669e+01 5.992900000000000310e-02
-7.625000000000000000e+01 -9.895287958115185134e+00 1.231059999999999932e-01
-7.625000000000000000e+01 -8.952879581151833577e+00 3.238429999999999920e-01
-7.625000000000000000e+01 -8.010471204188482020e+00 8.284600000000000297e-02
-7.625000000000000000e+01 -7.068062827225130462e+00 1.851450000000000040e-01
-7.625000000000000000e+01 -6.125654450261779793e+00 2.313240000000000018e-01
-7.625000000000000000e+01 -5.183246073298429124e+00 4.002700000000000008e-02
-7.625000000000000000e+01 -4.240837696335078455e+00 1.472000000000000001e-03
-7.625000000000000000e+01 -3.298429319371727786e+00 3.983000000000000429e-03
-7.625000000000000000e+01 -2.356020942408377117e+00 2.553000000000000148e-03
-7.625000000000000000e+01 -1.413612565445026226e+00 2.611000000000000040e-03
-7.625000000000000000e+01 -4.712041884816753901e-01 4.551100000000000284e-02
-7.625000000000000000e+01 4.712041884816753901e-01 4.551100000000000284e-02
-7.625000000000000000e+01 1.413612565445026226e+00 5.789330000000000309e-01
-7.500000000000000000e+01 -1.366492146596859136e+01 7.814200000000000312e-02
-7.500000000000000000e+01 -1.272251308900523981e+01 1.417779999999999874e-01
-7.500000000000000000e+01 -1.178010471204188825e+01 1.237540000000000029e-01
-7.500000000000000000e+01 -1.083769633507853669e+01 2.972469999999999835e-01
-7.500000000000000000e+01 -9.895287958115185134e+00 1.364239999999999897e-01
-7.500000000000000000e+01 -8.952879581151833577e+00 3.407410000000000161e-01
-7.500000000000000000e+01 -8.010471204188482020e+00 1.907419999999999949e-01
-7.500000000000000000e+01 -7.068062827225130462e+00 3.468899999999999761e-02
-7.500000000000000000e+01 -6.125654450261779793e+00 6.070300000000000001e-02
-7.500000000000000000e+01 -5.183246073298429124e+00 4.566900000000000126e-02
-7.500000000000000000e+01 -4.240837696335078455e+00 2.003299999999999872e-02
-7.500000000000000000e+01 -3.298429319371727786e+00 2.305999999999999890e-03
-7.500000000000000000e+01 -2.356020942408377117e+00 6.376999999999999856e-03
-7.500000000000000000e+01 -1.413612565445026226e+00 5.597000000000000412e-03
-7.500000000000000000e+01 -4.712041884816753901e-01 2.222800000000000123e-02
-7.500000000000000000e+01 4.712041884816753901e-01 2.222800000000000123e-02
-7.500000000000000000e+01 1.413612565445026226e+00 3.959690000000000154e-01
-7.500000000000000000e+01 2.356020942408377117e+00 7.606509999999999661e-01
-7.375000000000000000e+01 -1.460732984293194114e+01 0.000000000000000000e+00
-7.375000000000000000e+01 -1.366492146596859136e+01 1.302490000000000037e-01
-7.375000000000000000e+01 -1.272251308900523981e+01 7.895599999999999841e-02
-7.375000000000000000e+01 -1.178010471204188825e+01 9.537900000000000544e-02
-7.375000000000000000e+01 -1.083769633507853669e+01 7.946400000000000685e-02
-7.375000000000000000e+01 -9.895287958115185134e+00 5.654499999999999804e-02
-7.375000000000000000e+01 -8.952879581151833577e+00 7.598299999999999499e-02
-7.375000000000000000e+01 -8.010471204188482020e+00 6.484499999999999986e-02
-7.375000000000000000e+01 -7.068062827225130462e+00 1.702199999999999894e-02
-7.375000000000000000e+01 -6.125654450261779793e+00 2.464699999999999877e-02
-7.375000000000000000e+01 -5.183246073298429124e+00 7.177999999999999658e-02
-7.375000000000000000e+01 -4.240837696335078455e+00 2.272499999999999867e-02
-7.375000000000000000e+01 -3.298429319371727786e+00 7.262000000000000226e-03
-7.375000000000000000e+01 -2.356020942408377117e+00 5.409999999999999878e-03
-7.375000000000000000e+01 -1.413612565445026226e+00 3.860299999999999843e-02
-7.375000000000000000e+01 -4.712041884816753901e-01 2.467000000000000009e-03
-7.375000000000000000e+01 4.712041884816753901e-01 2.467000000000000009e-03
-7.375000000000000000e+01 1.413612565445026226e+00 3.635300000000000337e-02
-7.250000000000000000e+01 -1.460732984293194114e+01 5.432000000000000196e-03
-7.250000000000000000e+01 -1.366492146596859136e+01 1.374849999999999961e-01
-7.250000000000000000e+01 -1.272251308900523981e+01 1.616879999999999984e-01
-7.250000000000000000e+01 -1.178010471204188825e+01 4.293199999999999794e-02
-7.250000000000000000e+01 -1.083769633507853669e+01 6.879999999999999831e-03
-7.250000000000000000e+01 -9.895287958115185134e+00 0.000000000000000000e+00
-7.250000000000000000e+01 -8.952879581151833577e+00 9.388999999999999777e-03
-7.250000000000000000e+01 -8.010471204188482020e+00 2.257780000000000065e-01
-7.250000000000000000e+01 -7.068062827225130462e+00 8.351600000000000690e-02
-7.250000000000000000e+01 -6.125654450261779793e+00 9.730000000000000151e-04
-7.250000000000000000e+01 -5.183246073298429124e+00 9.737000000000000863e-03
-7.250000000000000000e+01 -4.240837696335078455e+00 1.123389999999999944e-01
-7.250000000000000000e+01 -3.298429319371727786e+00 2.123999999999999846e-02
-7.250000000000000000e+01 -2.356020942408377117e+00 1.554700000000000006e-02
-7.250000000000000000e+01 -1.413612565445026226e+00 4.276000000000000287e-03
-7.250000000000000000e+01 -4.712041884816753901e-01 6.908000000000000078e-03
-7.250000000000000000e+01 4.712041884816753901e-01 6.908000000000000078e-03
-7.250000000000000000e+01 1.413612565445026226e+00 1.020399999999999953e-02
-7.125000000000000000e+01 -1.460732984293194114e+01 9.079900000000000471e-02
-7.125000000000000000e+01 -1.366492146596859136e+01 2.439500000000000002e-02
-7.125000000000000000e+01 -1.272251308900523981e+01 7.795000000000000540e-02
-7.125000000000000000e+01 -1.178010471204188825e+01 0.000000000000000000e+00
-7.125000000000000000e+01 -1.083769633507853669e+01 0.000000000000000000e+00
-7.125000000000000000e+01 -9.895287958115185134e+00 6.791000000000000161e-03
-7.125000000000000000e+01 -8.952879581151833577e+00 3.609099999999999808e-02
-7.125000000000000000e+01 -8.010471204188482020e+00 2.201849999999999918e-01
-7.125000000000000000e+01 -7.068062827225130462e+00 3.642999999999999971e-03
-7.125000000000000000e+01 -6.125654450261779793e+00 4.655000000000000283e-03
-7.125000000000000000e+01 -5.183246073298429124e+00 2.429999999999999977e-04
-7.125000000000000000e+01 -4.240837696335078455e+00 2.365000000000000088e-02
-7.125000000000000000e+01 -3.298429319371727786e+00 1.589999999999999888e-04
-7.125000000000000000e+01 -2.356020942408377117e+00 2.376899999999999846e-02
-7.125000000000000000e+01 -1.413612565445026226e+00 3.592000000000000141e-03
-7.125000000000000000e+01 -4.712041884816753901e-01 0.000000000000000000e+00
-7.125000000000000000e+01 4.712041884816753901e-01 0.000000000000000000e+00
-7.125000000000000000e+01 1.413612565445026226e+00 4.161900000000000321e-02
-7.000000000000000000e+01 -1.366492146596859136e+01 8.580000000000000820e-03
-7.000000000000000000e+01 -1.272251308900523981e+01 1.214910000000000018e-01
-7.000000000000000000e+01 -1.178010471204188825e+01 8.140000000000000534e-04
-7.000000000000000000e+01 -1.083769633507853669e+01 1.485589999999999966e-01
-7.000000000000000000e+01 -9.895287958115185134e+00 3.200000000000000262e-04
-7.000000000000000000e+01 -8.952879581151833577e+00 6.455800000000000427e-02
-7.000000000000000000e+01 -8.010471204188482020e+00 1.262230000000000019e-01
-7.000000000000000000e+01 -7.068062827225130462e+00 2.868199999999999916e-02
-7.000000000000000000e+01 -6.125654450261779793e+00 1.861000000000000024e-03
-7.000000000000000000e+01 -5.183246073298429124e+00 8.040000000000000271e-04
-7.000000000000000000e+01 -4.240837696335078455e+00 8.321699999999999930e-02
-7.000000000000000000e+01 -3.298429319371727786e+00 2.223100000000000076e-02
-7.000000000000000000e+01 -2.356020942408377117e+00 6.642000000000000334e-03
-7.000000000000000000e+01 -1.413612565445026226e+00 1.668999999999999997e-02
-7.000000000000000000e+01 -4.712041884816753901e-01 1.220300000000000031e-02
-7.000000000000000000e+01 4.712041884816753901e-01 1.220300000000000031e-02
-7.000000000000000000e+01 1.413612565445026226e+00 4.141999999999999849e-03
-6.875000000000000000e+01 -1.554973821989529448e+01 6.769999999999999759e-04
-6.875000000000000000e+01 -1.460732984293194114e+01 2.460199999999999887e-02
-6.875000000000000000e+01 -1.366492146596859136e+01 6.817000000000000143e-03
-6.875000000000000000e+01 -1.272251308900523981e+01 1.089939999999999937e-01
-6.875000000000000000e+01 -1.178010471204188825e+01 2.314529999999999921e-01
-6.875000000000000000e+01 -1.083769633507853669e+01 4.287590000000000012e-01
-6.875000000000000000e+01 -9.895287958115185134e+00 4.794199999999999851e-02
-6.875000000000000000e+01 -8.952879581151833577e+00 2.409199999999999953e-01
-6.875000000000000000e+01 -8.010471204188482020e+00 3.200000000000000262e-04
-6.875000000000000000e+01 -7.068062827225130462e+00 2.047999999999999907e-03
-6.875000000000000000e+01 -6.125654450261779793e+00 1.129999999999999928e-03
-6.875000000000000000e+01 -5.183246073298429124e+00 4.840000000000000010e-04
-6.875000000000000000e+01 -4.240837696335078455e+00 4.423999999999999981e-03
-6.875000000000000000e+01 -3.298429319371727786e+00 7.030999999999999923e-03
-6.875000000000000000e+01 -2.356020942408377117e+00 3.112999999999999882e-03
-6.875000000000000000e+01 -1.413612565445026226e+00 2.337999999999999801e-03
-6.875000000000000000e+01 -4.712041884816753901e-01 1.129100000000000069e-02
-6.875000000000000000e+01 4.712041884816753901e-01 1.129100000000000069e-02
-6.875000000000000000e+01 1.413612565445026226e+00 1.248699999999999984e-02
-6.875000000000000000e+01 2.356020942408377117e+00 6.295000000000000248e-03
-6.750000000000000000e+01 -1.649214659685864603e+01 2.126490000000000047e-01
-6.750000000000000000e+01 -1.554973821989529448e+01 2.126490000000000047e-01
-6.750000000000000000e+01 -1.460732984293194114e+01 7.452999999999999903e-02
-6.750000000000000000e+01 -1.366492146596859136e+01 6.174400000000000027e-02
-6.750000000000000000e+01 -1.272251308900523981e+01 5.899999999999999863e-03
-6.750000000000000000e+01 -1.178010471204188825e+01 1.366200000000000053e-02
-6.750000000000000000e+01 -1.083769633507853669e+01 2.424340000000000106e-01
-6.750000000000000000e+01 -9.895287958115185134e+00 6.984810000000000185e-01
-6.750000000000000000e+01 -8.952879581151833577e+00 1.133429999999999993e-01
-6.750000000000000000e+01 -8.010471204188482020e+00 9.590000000000000000e-04
-6.750000000000000000e+01 -7.068062827225130462e+00 8.919999999999999978e-04
-6.750000000000000000e+01 -6.125654450261779793e+00 5.134999999999999808e-03
-6.750000000000000000e+01 -5.183246073298429124e+00 1.128000000000000096e-03
-6.750000000000000000e+01 -4.240837696335078455e+00 8.059999999999999673e-04
-6.750000000000000000e+01 -3.298429319371727786e+00 1.389100000000000057e-02
-6.750000000000000000e+01 -2.356020942408377117e+00 3.310000000000000225e-04
-6.750000000000000000e+01 -1.413612565445026226e+00 8.000000000000000654e-05
-6.750000000000000000e+01 -4.712041884816753901e-01 8.989999999999999511e-04
-6.750000000000000000e+01 4.712041884816753901e-01 8.989999999999999511e-04
-6.750000000000000000e+01 1.413612565445026226e+00 6.081999999999999733e-03
-6.750000000000000000e+01 2.356020942408377117e+00 7.219999999999999855e-04
-6.625000000000000000e+01 -1.837696335078534560e+01 8.382100000000000661e-02
-6.625000000000000000e+01 -1.743455497382199582e+01 1.866089999999999971e-01
-6.625000000000000000e+01 -1.649214659685864603e+01 2.599999999999999881e-03
-6.625000000000000000e+01 -1.554973821989529448e+01 2.599999999999999881e-03
-6.625000000000000000e+01 -1.460732984293194114e+01 7.544000000000000358e-03
-6.625000000000000000e+01 -1.366492146596859136e+01 1.134000000000000025e-03
-6.625000000000000000e+01 -1.272251308900523981e+01 0.000000000000000000e+00
-6.625000000000000000e+01 -1.178010471204188825e+01 6.708000000000000421e-03
-6.625000000000000000e+01 -1.083769633507853669e+01 9.030599999999999739e-02
-6.625000000000000000e+01 -9.895287958115185134e+00 2.039229999999999932e-01
-6.625000000000000000e+01 -8.952879581151833577e+00 4.892799999999999927e-02
-6.625000000000000000e+01 -8.010471204188482020e+00 2.295000000000000165e-03
-6.625000000000000000e+01 -7.068062827225130462e+00 8.109999999999999805e-04
-6.625000000000000000e+01 -6.125654450261779793e+00 1.610000000000000103e-04
-6.625000000000000000e+01 -5.183246073298429124e+00 3.260000000000000094e-04
-6.625000000000000000e+01 -4.240837696335078455e+00 3.536000000000000081e-03
-6.625000000000000000e+01 -3.298429319371727786e+00 1.376199999999999993e-02
-6.625000000000000000e+01 -2.356020942408377117e+00 6.198000000000000384e-03
-6.625000000000000000e+01 -1.413612565445026226e+00 0.000000000000000000e+00
-6.625000000000000000e+01 -4.712041884816753901e-01 2.425000000000000072e-03
-6.625000000000000000e+01 4.712041884816753901e-01 2.425000000000000072e-03
-6.625000000000000000e+01 1.413612565445026226e+00 7.447199999999999653e-02
-6.625000000000000000e+01 2.356020942408377117e+00 6.675899999999999890e-02
-6.500000000000000000e+01 -1.837696335078534560e+01 2.542399999999999868e-02
-6.500000000000000000e+01 -1.743455497382199582e+01 3.915000000000000147e-01
-6.500000000000000000e+01 -1.649214659685864603e+01 1.111299999999999961e-02
-6.500000000000000000e+01 -1.554973821989529448e+01 1.111299999999999961e-02
-6.500000000000000000e+01 -1.460732984293194114e+01 4.854999999999999941e-03
-6.500000000000000000e+01 -1.366492146596859136e+01 3.310000000000000008e-03
-6.500000000000000000e+01 -1.272251308900523981e+01 1.744000000000000107e-03
-6.500000000000000000e+01 -1.178010471204188825e+01 7.827999999999999889e-03
-6.500000000000000000e+01 -1.083769633507853669e+01 1.711310000000000053e-01
-6.500000000000000000e+01 -9.895287958115185134e+00 4.114289999999999892e-01
-6.500000000000000000e+01 -8.952879581151833577e+00 1.178700000000000025e-01
-6.500000000000000000e+01 -8.010471204188482020e+00 2.351999999999999924e-03
-6.500000000000000000e+01 -7.068062827225130462e+00 3.282299999999999801e-02
-6.500000000000000000e+01 -6.125654450261779793e+00 1.147999999999999932e-03
-6.500000000000000000e+01 -5.183246073298429124e+00 1.797999999999999902e-03
-6.500000000000000000e+01 -4.240837696335078455e+00 6.834999999999999930e-03
-6.500000000000000000e+01 -3.298429319371727786e+00 2.388399999999999898e-02
-6.500000000000000000e+01 -2.356020942408377117e+00 4.329999999999999648e-03
-6.500000000000000000e+01 -1.413612565445026226e+00 1.791999999999999973e-03
-6.500000000000000000e+01 -4.712041884816753901e-01 7.742999999999999883e-03
-6.500000000000000000e+01 4.712041884816753901e-01 7.742999999999999883e-03
-6.500000000000000000e+01 1.413612565445026226e+00 2.658999999999999905e-03
-6.375000000000000000e+01 -2.026178010471204516e+01 0.000000000000000000e+00
-6.375000000000000000e+01 -1.931937172774869538e+01 1.513500000000000123e-01
-6.375000000000000000e+01 -1.837696335078534560e+01 1.360629999999999895e-01
-6.375000000000000000e+01 -1.743455497382199582e+01 4.905039999999999956e-01
-6.375000000000000000e+01 -1.649214659685864603e+01 5.815700000000000036e-02
-6.375000000000000000e+01 -1.554973821989529448e+01 5.815700000000000036e-02
-6.375000000000000000e+01 -1.460732984293194114e+01 2.388799999999999951e-02
-6.375000000000000000e+01 -1.366492146596859136e+01 2.972999999999999948e-03
-6.375000000000000000e+01 -1.272251308900523981e+01 2.507999999999999813e-03
-6.375000000000000000e+01 -1.178010471204188825e+01 4.268270000000000119e-01
-6.375000000000000000e+01 -1.083769633507853669e+01 4.996799999999999853e-02
-6.375000000000000000e+01 -9.895287958115185134e+00 4.168549999999999756e-01
-6.375000000000000000e+01 -8.952879581151833577e+00 6.824789999999999468e-01
-6.375000000000000000e+01 -8.010471204188482020e+00 2.090690000000000048e-01
-6.375000000000000000e+01 -7.068062827225130462e+00 2.400800000000000156e-02
-6.375000000000000000e+01 -6.125654450261779793e+00 4.970999999999999724e-03
-6.375000000000000000e+01 -5.183246073298429124e+00 7.094999999999999744e-03
-6.375000000000000000e+01 -4.240837696335078455e+00 4.066000000000000170e-02
-6.375000000000000000e+01 -3.298429319371727786e+00 1.724000000000000055e-03
-6.375000000000000000e+01 -2.356020942408377117e+00 3.249999999999999851e-04
-6.375000000000000000e+01 -1.413612565445026226e+00 3.240000000000000150e-04
-6.375000000000000000e+01 -4.712041884816753901e-01 1.828999999999999897e-03
-6.375000000000000000e+01 4.712041884816753901e-01 1.828999999999999897e-03
-6.375000000000000000e+01 1.413612565445026226e+00 0.000000000000000000e+00
-6.375000000000000000e+01 3.298429319371727786e+00 1.182500000000000044e-02
-6.250000000000000000e+01 -1.931937172774869538e+01 3.614990000000000148e-01
-6.250000000000000000e+01 -1.837696335078534560e+01 6.992319999999999647e-01
-6.250000000000000000e+01 -1.743455497382199582e+01 7.620700000000000252e-01
-6.250000000000000000e+01 -1.649214659685864603e+01 8.104600000000000692e-02
-6.250000000000000000e+01 -1.554973821989529448e+01 8.104600000000000692e-02
-6.250000000000000000e+01 -1.460732984293194114e+01 7.910999999999999630e-03
-6.250000000000000000e+01 -1.366492146596859136e+01 2.263999999999999953e-03
-6.250000000000000000e+01 -1.272251308900523981e+01 8.606000000000000802e-03
-6.250000000000000000e+01 -1.178010471204188825e+01 4.948870000000000213e-01
-6.250000000000000000e+01 -1.083769633507853669e+01 4.071949999999999736e-01
-6.250000000000000000e+01 -9.895287958115185134e+00 9.366170000000000329e-01
-6.250000000000000000e+01 -8.952879581151833577e+00 3.814939999999999998e-01
-6.250000000000000000e+01 -8.010471204188482020e+00 1.636019999999999974e-01
-6.250000000000000000e+01 -7.068062827225130462e+00 2.048119999999999941e-01
-6.250000000000000000e+01 -6.125654450261779793e+00 2.543199999999999975e-02
-6.250000000000000000e+01 -5.183246073298429124e+00 2.396000000000000126e-03
-6.250000000000000000e+01 -4.240837696335078455e+00 5.433199999999999835e-02
-6.250000000000000000e+01 -3.298429319371727786e+00 8.550999999999999573e-03
-6.250000000000000000e+01 -2.356020942408377117e+00 1.056999999999999997e-03
-6.250000000000000000e+01 -1.413612565445026226e+00 1.089099999999999964e-02
-6.250000000000000000e+01 -4.712041884816753901e-01 6.509999999999999945e-04
-6.250000000000000000e+01 4.712041884816753901e-01 6.509999999999999945e-04
-6.250000000000000000e+01 1.413612565445026226e+00 1.435000000000000078e-03
-6.250000000000000000e+01 2.356020942408377117e+00 8.090000000000000403e-04
-6.250000000000000000e+01 3.298429319371727786e+00 0.000000000000000000e+00
-6.125000000000000000e+01 -1.837696335078534560e+01 1.718669999999999920e-01
-6.125000000000000000e+01 -1.743455497382199582e+01 1.241779999999999967e-01
-6.125000000000000000e+01 -1.649214659685864603e+01 1.666799999999999948e-01
-6.125000000000000000e+01 -1.554973821989529448e+01 1.666799999999999948e-01
-6.125000000000000000e+01 -1.460732984293194114e+01 3.085999999999999854e-02
-6.125000000000000000e+01 -1.366492146596859136e+01 4.938499999999999834e-02
-6.125000000000000000e+01 -1.272251308900523981e+01 6.360329999999999595e-01
-6.125000000000000000e+01 -1.178010471204188825e+01 7.633219999999999450e-01
-6.125000000000000000e+01 -1.083769633507853669e+01 4.425189999999999957e-01
-6.125000000000000000e+01 -9.895287958115185134e+00 2.816839999999999899e-01
-6.125000000000000000e+01 -8.952879581151833577e+00 7.070099999999999996e-02
-6.125000000000000000e+01 -8.010471204188482020e+00 4.769299999999999928e-02
-6.125000000000000000e+01 -7.068062827225130462e+00 9.022000000000000505e-03
-6.125000000000000000e+01 -6.125654450261779793e+00 5.998900000000000066e-02
-6.125000000000000000e+01 -5.183246073298429124e+00 2.466000000000000136e-02
-6.125000000000000000e+01 -4.240837696335078455e+00 9.625100000000000322e-02
-6.125000000000000000e+01 -3.298429319371727786e+00 1.651590000000000003e-01
-6.125000000000000000e+01 -2.356020942408377117e+00 1.910999999999999938e-03
-6.125000000000000000e+01 -1.413612565445026226e+00 4.244000000000000376e-03
-6.125000000000000000e+01 -4.712041884816753901e-01 8.791799999999999615e-02
-6.125000000000000000e+01 4.712041884816753901e-01 8.791799999999999615e-02
-6.125000000000000000e+01 1.413612565445026226e+00 1.050109999999999932e-01
-6.125000000000000000e+01 2.356020942408377117e+00 5.078219999999999956e-01
-6.125000000000000000e+01 3.298429319371727786e+00 2.182949999999999890e-01
-6.125000000000000000e+01 4.240837696335078455e+00 3.446300000000000058e-02
-6.000000000000000000e+01 -1.554973821989529448e+01 1.030940000000000051e-01
-6.000000000000000000e+01 -1.460732984293194114e+01 3.896510000000000251e-01
-6.000000000000000000e+01 -1.366492146596859136e+01 4.532900000000000262e-01
-6.000000000000000000e+01 -1.272251308900523981e+01 3.828710000000000169e-01
-6.000000000000000000e+01 -1.178010471204188825e+01 1.228410000000000057e-01
-6.000000000000000000e+01 -1.083769633507853669e+01 1.439900000000000034e-02
-6.000000000000000000e+01 -9.895287958115185134e+00 1.697269999999999890e-01
-6.000000000000000000e+01 -8.952879581151833577e+00 4.739100000000000257e-02
-6.000000000000000000e+01 -8.010471204188482020e+00 0.000000000000000000e+00
-6.000000000000000000e+01 -7.068062827225130462e+00 1.711300000000000043e-01
-6.000000000000000000e+01 -6.125654450261779793e+00 2.310299999999999854e-02
-6.000000000000000000e+01 -5.183246073298429124e+00 5.011899999999999689e-02
-6.000000000000000000e+01 -4.240837696335078455e+00 2.709409999999999874e-01
-6.000000000000000000e+01 -3.298429319371727786e+00 6.215439999999999854e-01
-6.000000000000000000e+01 -2.356020942408377117e+00 4.601089999999999902e-01
-6.000000000000000000e+01 -1.413612565445026226e+00 9.755600000000000382e-02
-6.000000000000000000e+01 -4.712041884816753901e-01 2.904999999999999943e-02
-6.000000000000000000e+01 4.712041884816753901e-01 2.904999999999999943e-02
-6.000000000000000000e+01 1.413612565445026226e+00 5.036310000000000509e-01
-6.000000000000000000e+01 2.356020942408377117e+00 1.141299999999999953e-01
-6.000000000000000000e+01 3.298429319371727786e+00 9.376500000000000112e-02
-6.000000000000000000e+01 4.240837696335078455e+00 1.215699999999999940e-02
-6.000000000000000000e+01 5.183246073298429124e+00 1.274999999999999918e-02
-5.875000000000000000e+01 -1.366492146596859136e+01 3.492900000000000171e-02
-5.875000000000000000e+01 -1.272251308900523981e+01 1.693999999999999976e-03
-5.875000000000000000e+01 -1.178010471204188825e+01 1.877739999999999965e-01
-5.875000000000000000e+01 -1.083769633507853669e+01 5.756989999999999608e-01
-5.875000000000000000e+01 -9.895287958115185134e+00 4.845519999999999827e-01
-5.875000000000000000e+01 -8.952879581151833577e+00 9.073000000000000509e-02
-5.875000000000000000e+01 -8.010471204188482020e+00 2.400000000000000061e-04
-5.875000000000000000e+01 -7.068062827225130462e+00 3.266399999999999859e-02
-5.875000000000000000e+01 -6.125654450261779793e+00 5.649999999999999641e-04
-5.875000000000000000e+01 -5.183246073298429124e+00 1.474999999999999966e-03
-5.875000000000000000e+01 -4.240837696335078455e+00 1.665329999999999866e-01
-5.875000000000000000e+01 -3.298429319371727786e+00 5.403949999999999587e-01
-5.875000000000000000e+01 -2.356020942408377117e+00 4.627799999999999969e-02
-5.875000000000000000e+01 -1.413612565445026226e+00 0.000000000000000000e+00
-5.875000000000000000e+01 -4.712041884816753901e-01 0.000000000000000000e+00
-5.875000000000000000e+01 4.712041884816753901e-01 0.000000000000000000e+00
-5.750000000000000000e+01 -1.366492146596859136e+01 5.275099999999999928e-02
-5.750000000000000000e+01 -1.272251308900523981e+01 6.146200000000000274e-02
-5.750000000000000000e+01 -1.178010471204188825e+01 4.908569999999999878e-01
-5.750000000000000000e+01 -1.083769633507853669e+01 4.380550000000000277e-01
-5.750000000000000000e+01 -9.895287958115185134e+00 4.007680000000000131e-01
-5.750000000000000000e+01 -8.952879581151833577e+00 5.657899999999999735e-02
-5.750000000000000000e+01 -8.010471204188482020e+00 1.386100000000000006e-02
-5.750000000000000000e+01 -7.068062827225130462e+00 3.559999999999999797e-03
-5.750000000000000000e+01 -6.125654450261779793e+00 4.003999999999999920e-02
-5.750000000000000000e+01 -5.183246073298429124e+00 1.631999999999999987e-03
-5.750000000000000000e+01 -4.240837696335078455e+00 5.226000000000000090e-02
-5.750000000000000000e+01 -3.298429319371727786e+00 3.271359999999999824e-01
-5.750000000000000000e+01 -2.356020942408377117e+00 4.112999999999999989e-02
-5.750000000000000000e+01 -1.413612565445026226e+00 7.407000000000000389e-03
-5.750000000000000000e+01 -4.712041884816753901e-01 0.000000000000000000e+00
-5.750000000000000000e+01 4.712041884816753901e-01 0.000000000000000000e+00
-5.750000000000000000e+01 1.413612565445026226e+00 1.954000000000000008e-03
-5.625000000000000000e+01 -1.366492146596859136e+01 3.258260000000000045e-01
-5.625000000000000000e+01 -1.272251308900523981e+01 3.231640000000000068e-01
-5.625000000000000000e+01 -1.178010471204188825e+01 7.088910000000000489e-01
-5.625000000000000000e+01 -1.083769633507853669e+01 5.029900000000000482e-01
-5.625000000000000000e+01 -9.895287958115185134e+00 9.088070000000000315e-01
-5.625000000000000000e+01 -8.952879581151833577e+00 7.799899999999999889e-02
-5.625000000000000000e+01 -8.010471204188482020e+00 1.546600000000000058e-02
-5.625000000000000000e+01 -7.068062827225130462e+00 9.131699999999999540e-02
-5.625000000000000000e+01 -6.125654450261779793e+00 1.167679999999999968e-01
-5.625000000000000000e+01 -5.183246073298429124e+00 2.459199999999999997e-01
-5.625000000000000000e+01 -4.240837696335078455e+00 3.983599999999999919e-01
-5.625000000000000000e+01 -3.298429319371727786e+00 4.328699999999999909e-02
-5.625000000000000000e+01 -2.356020942408377117e+00 3.593290000000000095e-01
-5.625000000000000000e+01 -1.413612565445026226e+00 3.090299999999999991e-02
-5.625000000000000000e+01 -4.712041884816753901e-01 8.000000000000000654e-05
-5.625000000000000000e+01 4.712041884816753901e-01 8.000000000000000654e-05
-5.625000000000000000e+01 1.413612565445026226e+00 0.000000000000000000e+00
-5.500000000000000000e+01 -1.460732984293194114e+01 1.811770000000000047e-01
-5.500000000000000000e+01 -1.366492146596859136e+01 4.610299999999999815e-02
-5.500000000000000000e+01 -1.272251308900523981e+01 4.638840000000000185e-01
-5.500000000000000000e+01 -1.178010471204188825e+01 7.114160000000000483e-01
-5.500000000000000000e+01 -1.083769633507853669e+01 8.206200000000000161e-01
-5.500000000000000000e+01 -9.895287958115185134e+00 8.189720000000000333e-01
-5.500000000000000000e+01 -8.952879581151833577e+00 1.437569999999999959e-01
-5.500000000000000000e+01 -8.010471204188482020e+00 2.460559999999999969e-01
-5.500000000000000000e+01 -7.068062827225130462e+00 2.022660000000000013e-01
-5.500000000000000000e+01 -6.125654450261779793e+00 1.707699999999999843e-02
-5.500000000000000000e+01 -5.183246073298429124e+00 1.041000000000000042e-03
-5.500000000000000000e+01 -4.240837696335078455e+00 3.561400000000000121e-01
-5.500000000000000000e+01 -3.298429319371727786e+00 5.261339999999999906e-01
-5.500000000000000000e+01 -2.356020942408377117e+00 5.830870000000000219e-01
-5.500000000000000000e+01 -1.413612565445026226e+00 1.717399999999999829e-02
-5.500000000000000000e+01 -4.712041884816753901e-01 2.420000000000000005e-04
-5.500000000000000000e+01 4.712041884816753901e-01 2.420000000000000005e-04
-5.500000000000000000e+01 1.413612565445026226e+00 2.420000000000000005e-04
-5.500000000000000000e+01 2.356020942408377117e+00 5.760000000000000146e-04
-5.375000000000000000e+01 -1.460732984293194114e+01 4.079999999999999968e-04
-5.375000000000000000e+01 -1.366492146596859136e+01 4.417100000000000193e-02
-5.375000000000000000e+01 -1.272251308900523981e+01 2.917339999999999933e-01
-5.375000000000000000e+01 -1.178010471204188825e+01 2.013490000000000002e-01
-5.375000000000000000e+01 -1.083769633507853669e+01 3.821749999999999869e-01
-5.375000000000000000e+01 -9.895287958115185134e+00 3.914070000000000049e-01
-5.375000000000000000e+01 -8.952879581151833577e+00 1.297099999999999989e-02
-5.375000000000000000e+01 -8.010471204188482020e+00 8.000000000000000654e-05
-5.375000000000000000e+01 -7.068062827225130462e+00 2.665999999999999967e-03
-5.375000000000000000e+01 -6.125654450261779793e+00 2.579499999999999849e-02
-5.375000000000000000e+01 -5.183246073298429124e+00 8.685999999999999277e-03
-5.375000000000000000e+01 -4.240837696335078455e+00 3.653159999999999741e-01
-5.375000000000000000e+01 -3.298429319371727786e+00 3.673219999999999819e-01
-5.375000000000000000e+01 -2.356020942408377117e+00 4.826929999999999832e-01
-5.375000000000000000e+01 -1.413612565445026226e+00 8.550399999999999667e-02
-5.375000000000000000e+01 -4.712041884816753901e-01 9.719999999999999907e-04
-5.375000000000000000e+01 4.712041884816753901e-01 9.719999999999999907e-04
-5.375000000000000000e+01 1.413612565445026226e+00 3.636999999999999955e-02
-5.375000000000000000e+01 2.356020942408377117e+00 1.054000000000000032e-03
-5.250000000000000000e+01 -1.366492146596859136e+01 1.264599999999999926e-02
-5.250000000000000000e+01 -1.272251308900523981e+01 2.680000000000000160e-01
-5.250000000000000000e+01 -1.178010471204188825e+01 1.237820000000000031e-01
-5.250000000000000000e+01 -1.083769633507853669e+01 2.985999999999999766e-01
-5.250000000000000000e+01 -9.895287958115185134e+00 1.142040000000000000e-01
-5.250000000000000000e+01 -8.952879581151833577e+00 5.699999999999999772e-04
-5.250000000000000000e+01 -8.010471204188482020e+00 3.400999999999999943e-03
-5.250000000000000000e+01 -7.068062827225130462e+00 1.709660000000000069e-01
-5.250000000000000000e+01 -6.125654450261779793e+00 2.469250000000000056e-01
-5.250000000000000000e+01 -5.183246073298429124e+00 3.676000000000000014e-03
-5.250000000000000000e+01 -4.240837696335078455e+00 1.219510000000000038e-01
-5.250000000000000000e+01 -3.298429319371727786e+00 3.044479999999999964e-01
-5.250000000000000000e+01 -2.356020942408377117e+00 5.084700000000000331e-02
-5.250000000000000000e+01 -1.413612565445026226e+00 4.116199999999999859e-01
-5.250000000000000000e+01 -4.712041884816753901e-01 2.911899999999999905e-02
-5.250000000000000000e+01 4.712041884816753901e-01 2.911899999999999905e-02
-5.125000000000000000e+01 -8.952879581151833577e+00 6.515710000000000113e-01
-5.125000000000000000e+01 -8.010471204188482020e+00 4.494299999999999962e-01
-5.125000000000000000e+01 -7.068062827225130462e+00 5.788079999999999892e-01
-5.125000000000000000e+01 -5.183246073298429124e+00 2.869900000000000229e-01
-5.125000000000000000e+01 -4.240837696335078455e+00 4.567330000000000001e-01
-5.125000000000000000e+01 -3.298429319371727786e+00 4.780340000000000145e-01
-5.125000000000000000e+01 -2.356020942408377117e+00 2.315919999999999923e-01
-5.000000000000000000e+01 -3.298429319371727786e+00 6.007109999999999950e-01
