-7.875000000000000000e+01 -6.125654450261779793e+00 5.088840000000000030e-01
-7.875000000000000000e+01 -5.183246073298429124e+00 2.962230000000000141e-01
-7.875000000000000000e+01 -4.240837696335078455e+00 4.211329999999999796e-01
-7.875000000000000000e+01 -3.298429319371727786e+00 5.426630000000000065e-01
-7.875000000000000000e+01 -2.356020942408377117e+00 0.000000000000000000e+00
-7.875000000000000000e+01 -1.413612565445026226e+00 0.000000000000000000e+00
-7.750000000000000000e+01 -8.952879581151833577e+00 1.886589999999999934e-01
-7.750000000000000000e+01 -8.010471204188482020e+00 1.435049999999999937e-01
-7.750000000000000000e+01 -7.068062827225130462e+00 2.871639999999999748e-01
-7.750000000000000000e+01 -6.125654450261779793e+00 5.657459999999999711e-01
-7.750000000000000000e+01 -5.183246073298429124e+00 2.208499999999999908e-01
-7.750000000000000000e+01 -4.240837696335078455e+00 5.974200000000000343e-02
-7.750000000000000000e+01 -3.298429319371727786e+00 5.084340000000000526e-01
-7.750000000000000000e+01 -2.356020942408377117e+00 3.236899999999999777e-01
-7.750000000000000000e+01 -1.413612565445026226e+00 4.330579999999999985e-01
-7.750000000000000000e+01 -4.712041884816753901e-01 2.481089999999999962e-01
-7.750000000000000000e+01 4.712041884816753901e-01 2.481089999999999962e-01
-7.625000000000000000e+01 -1.083769633507853669e+01 7.749799999999999744e-02
-7.625000000000000000e+01 -9.895287958115185134e+00 1.577520000000000033e-01
-7.625000000000000000e+01 -8.952879581151833577e+00 5.217600000000000016e-01
-7.625000000000000000e+01 -8.010471204188482020e+00 2.249839999999999895e-01
-7.625000000000000000e+01 -7.068062827225130462e+00 2.996460000000000234e-01
-7.625000000000000000e+01 -6.125654450261779793e+00 5.536849999999999827e-01
-7.625000000000000000e+01 -5.183246073298429124e+00 4.399600000000000039e-02
-7.625000000000000000e+01 -4.240837696335078455e+00 1.472000000000000001e-03
-7.625000000000000000e+01 -3.298429319371727786e+00 3.983000000000000429e-03
-7.625000000000000000e+01 -2.356020942408377117e+00 2.553000000000000148e-03
-7.625000000000000000e+01 -1.413612565445026226e+00 1.109599999999999996e-02
-7.625000000000000000e+01 -4.712041884816753901e-01 2.819209999999999772e-01
-7.625000000000000000e+01 4.712041884816753901e-01 2.819209999999999772e-01
-7.625000000000000000e+01 1.413612565445026226e+00 8.964330000000000354e-01
-7.500000000000000000e+01 -1.366492146596859136e+01 7.814200000000000312e-02
-7.500000000000000000e+01 -1.272251308900523981e+01 1.417779999999999874e-01
-7.500000000000000000e+01 -1.178010471204188825e+01 1.238360000000000016e-01
-7.500000000000000000e+01 -1.083769633507853669e+01 4.174539999999999917e-01
-7.500000000000000000e+01 -9.895287958115185134e+00 2.523920000000000052e-01
-7.500000000000000000e+01 -8.952879581151833577e+00 5.794650000000000079e-01
-7.500000000000000000e+01 -8.010471204188482020e+00 2.739779999999999993e-01
-7.500000000000000000e+01 -7.068062827225130462e+00 4.592000000000000248e-02
-7.500000000000000000e+01 -6.125654450261779793e+00 6.070300000000000001e-02
-7.500000000000000000e+01 -5.183246073298429124e+00 4.566900000000000126e-02
-7.500000000000000000e+01 -4.240837696335078455e+00 2.003299999999999872e-02
-7.500000000000000000e+01 -3.298429319371727786e+00 2.305999999999999890e-03
-7.500000000000000000e+01 -2.356020942408377117e+00 6.376999999999999856e-03
-7.500000000000000000e+01 -1.413612565445026226e+00 5.597000000000000412e-03
-7.500000000000000000e+01 -4.712041884816753901e-01 7.373300000000000687e-02
-7.500000000000000000e+01 4.712041884816753901e-01 7.373300000000000687e-02
-7.500000000000000000e+01 1.413612565445026226e+00 6.751460000000000239e-01
-7.500000000000000000e+01 2.356020942408377117e+00 9.379459999999999464e-01
-7.375000000000000000e+01 -1.460732984293194114e+01 0.000000000000000000e+00
-7.375000000000000000e+01 -1.366492146596859136e+01 1.302490000000000037e-01
-7.375000000000000000e+01 -1.272251308900523981e+01 8.631999999999999396e-02
-7.375000000000000000e+01 -1.178010471204188825e+01 1.051290000000000002e-01
-7.375000000000000000e+01 -1.083769633507853669e+01 1.090030000000000027e-01
-7.375000000000000000e+01 -9.895287958115185134e+00 5.975899999999999962e-02
-7.375000000000000000e+01 -8.952879581151833577e+00 1.191630000000000050e-01
-7.375000000000000000e+01 -8.010471204188482020e+00 2.461230000000000084e-01
-7.375000000000000000e+01 -7.068062827225130462e+00 1.621599999999999986e-01
-7.375000000000000000e+01 -6.125654450261779793e+00 2.464699999999999877e-02
-7.375000000000000000e+01 -5.183246073298429124e+00 7.177999999999999658e-02
-7.375000000000000000e+01 -4.240837696335078455e+00 2.272499999999999867e-02
-7.375000000000000000e+01 -3.298429319371727786e+00 7.262000000000000226e-03
-7.375000000000000000e+01 -2.356020942408377117e+00 5.409999999999999878e-03
-7.375000000000000000e+01 -1.413612565445026226e+00 1.297129999999999950e-01
-7.375000000000000000e+01 -4.712041884816753901e-01 2.467000000000000009e-03
-7.375000000000000000e+01 4.712041884816753901e-01 2.467000000000000009e-03
-7.375000000000000000e+01 1.413612565445026226e+00 7.319699999999999818e-02
-7.250000000000000000e+01 -1.460732984293194114e+01 5.432000000000000196e-03
-7.250000000000000000e+01 -1.366492146596859136e+01 1.374849999999999961e-01
-7.250000000000000000e+01 -1.272251308900523981e+01 1.859329999999999872e-01
-7.250000000000000000e+01 -1.178010471204188825e+01 4.293199999999999794e-02
-7.250000000000000000e+01 -1.083769633507853669e+01 6.879999999999999831e-03
-7.250000000000000000e+01 -9.895287958115185134e+00 0.000000000000000000e+00
-7.250000000000000000e+01 -8.952879581151833577e+00 6.873999999999999555e-02
-7.250000000000000000e+01 -8.010471204188482020e+00 6.314809999999999590e-01
-7.250000000000000000e+01 -7.068062827225130462e+00 4.302960000000000118e-01
-7.250000000000000000e+01 -6.125654450261779793e+00 9.730000000000000151e-04
-7.250000000000000000e+01 -5.183246073298429124e+00 9.737000000000000863e-03
-7.250000000000000000e+01 -4.240837696335078455e+00 1.123389999999999944e-01
-7.250000000000000000e+01 -3.298429319371727786e+00 2.123999999999999846e-02
-7.250000000000000000e+01 -2.356020942408377117e+00 6.293400000000000383e-02
-7.250000000000000000e+01 -1.413612565445026226e+00 1.628200000000000133e-02
-7.250000000000000000e+01 -4.712041884816753901e-01 6.908000000000000078e-03
-7.250000000000000000e+01 4.712041884816753901e-01 6.908000000000000078e-03
-7.250000000000000000e+01 1.413612565445026226e+00 1.751600000000000032e-02
-7.125000000000000000e+01 -1.460732984293194114e+01 9.079900000000000471e-02
-7.125000000000000000e+01 -1.366492146596859136e+01 2.551600000000000049e-02
-7.125000000000000000e+01 -1.272251308900523981e+01 3.090970000000000106e-01
-7.125000000000000000e+01 -1.178010471204188825e+01 1.780400000000000038e-02
-7.125000000000000000e+01 -1.083769633507853669e+01 7.790000000000000049e-03
-7.125000000000000000e+01 -9.895287958115185134e+00 9.737000000000000863e-03
-7.125000000000000000e+01 -8.952879581151833577e+00 2.282240000000000102e-01
-7.125000000000000000e+01 -8.010471204188482020e+00 7.924900000000000277e-01
-7.125000000000000000e+01 -7.068062827225130462e+00 2.623869999999999814e-01
-7.125000000000000000e+01 -6.125654450261779793e+00 2.094499999999999834e-02
-7.125000000000000000e+01 -5.183246073298429124e+00 2.429999999999999977e-04
-7.125000000000000000e+01 -4.240837696335078455e+00 3.755200000000000204e-02
-7.125000000000000000e+01 -3.298429319371727786e+00 1.589999999999999888e-04
-7.125000000000000000e+01 -2.356020942408377117e+00 5.390799999999999759e-02
-7.125000000000000000e+01 -1.413612565445026226e+00 3.592000000000000141e-03
-7.125000000000000000e+01 -4.712041884816753901e-01 0.000000000000000000e+00
-7.125000000000000000e+01 4.712041884816753901e-01 0.000000000000000000e+00
-7.125000000000000000e+01 1.413612565445026226e+00 1.134320000000000050e-01
-7.000000000000000000e+01 -1.366492146596859136e+01 1.212300000000000010e-02
-7.000000000000000000e+01 -1.272251308900523981e+01 4.362800000000000011e-01
-7.000000000000000000e+01 -1.178010471204188825e+01 2.270169999999999966e-01
-7.000000000000000000e+01 -1.083769633507853669e+01 4.886949999999999905e-01
-7.000000000000000000e+01 -9.895287958115185134e+00 1.291640000000000010e-01
-7.000000000000000000e+01 -8.952879581151833577e+00 4.867879999999999985e-01
-7.000000000000000000e+01 -8.010471204188482020e+00 6.164380000000000415e-01
-7.000000000000000000e+01 -7.068062827225130462e+00 2.156099999999999961e-01
-7.000000000000000000e+01 -6.125654450261779793e+00 1.861000000000000024e-03
-7.000000000000000000e+01 -5.183246073298429124e+00 8.840000000000000201e-04
-7.000000000000000000e+01 -4.240837696335078455e+00 1.573910000000000031e-01
-7.000000000000000000e+01 -3.298429319371727786e+00 5.827500000000000041e-02
-7.000000000000000000e+01 -2.356020942408377117e+00 2.440799999999999914e-02
-7.000000000000000000e+01 -1.413612565445026226e+00 3.628699999999999981e-02
-7.000000000000000000e+01 -4.712041884816753901e-01 1.220300000000000031e-02
-7.000000000000000000e+01 4.712041884816753901e-01 1.220300000000000031e-02
-7.000000000000000000e+01 1.413612565445026226e+00 8.201999999999999222e-03
-6.875000000000000000e+01 -1.554973821989529448e+01 1.353999999999999952e-03
-6.875000000000000000e+01 -1.460732984293194114e+01 4.729099999999999970e-02
-6.875000000000000000e+01 -1.366492146596859136e+01 2.459000000000000075e-02
-6.875000000000000000e+01 -1.272251308900523981e+01 1.972069999999999934e-01
-6.875000000000000000e+01 -1.178010471204188825e+01 5.697429999999999994e-01
-6.875000000000000000e+01 -1.083769633507853669e+01 7.945560000000000400e-01
-6.875000000000000000e+01 -9.895287958115185134e+00 4.056919999999999971e-01
-6.875000000000000000e+01 -8.952879581151833577e+00 8.871069999999999789e-01
-6.875000000000000000e+01 -8.010471204188482020e+00 1.580840000000000023e-01
-6.875000000000000000e+01 -7.068062827225130462e+00 2.047999999999999907e-03
-6.875000000000000000e+01 -6.125654450261779793e+00 1.291000000000000047e-03
-6.875000000000000000e+01 -5.183246073298429124e+00 4.840000000000000010e-04
-6.875000000000000000e+01 -4.240837696335078455e+00 4.423999999999999981e-03
-6.875000000000000000e+01 -3.298429319371727786e+00 7.374000000000000346e-03
-6.875000000000000000e+01 -2.356020942408377117e+00 5.080000000000000314e-03
-6.875000000000000000e+01 -1.413612565445026226e+00 1.225200000000000074e-02
-6.875000000000000000e+01 -4.712041884816753901e-01 1.129100000000000069e-02
-6.875000000000000000e+01 4.712041884816753901e-01 1.129100000000000069e-02
-6.875000000000000000e+01 1.413612565445026226e+00 1.526199999999999952e-02
-6.875000000000000000e+01 2.356020942408377117e+00 2.558900000000000063e-02
-6.750000000000000000e+01 -1.649214659685864603e+01 4.601529999999999787e-01
-6.750000000000000000e+01 -1.554973821989529448e+01 4.601529999999999787e-01
-6.750000000000000000e+01 -1.460732984293194114e+01 2.242490000000000039e-01
-6.750000000000000000e+01 -1.366492146596859136e+01 1.789860000000000062e-01
-6.750000000000000000e+01 -1.272251308900523981e+01 3.742299999999999793e-02
-6.750000000000000000e+01 -1.178010471204188825e+01 8.147899999999999587e-02
-6.750000000000000000e+01 -1.083769633507853669e+01 5.465579999999999883e-01
-6.750000000000000000e+01 -9.895287958115185134e+00 9.442770000000000330e-01
-6.750000000000000000e+01 -8.952879581151833577e+00 5.764700000000000379e-01
-6.750000000000000000e+01 -8.010471204188482020e+00 1.973600000000000007e-02
-6.750000000000000000e+01 -7.068062827225130462e+00 1.015970000000000067e-01
-6.750000000000000000e+01 -6.125654450261779793e+00 1.002499999999999919e-02
-6.750000000000000000e+01 -5.183246073298429124e+00 1.128000000000000096e-03
-6.750000000000000000e+01 -4.240837696335078455e+00 8.059999999999999673e-04
-6.750000000000000000e+01 -3.298429319371727786e+00 2.526499999999999926e-02
-6.750000000000000000e+01 -2.356020942408377117e+00 3.310000000000000225e-04
-6.750000000000000000e+01 -1.413612565445026226e+00 8.000000000000000654e-05
-6.750000000000000000e+01 -4.712041884816753901e-01 8.989999999999999511e-04
-6.750000000000000000e+01 4.712041884816753901e-01 8.989999999999999511e-04
-6.750000000000000000e+01 1.413612565445026226e+00 3.316600000000000104e-02
-6.750000000000000000e+01 2.356020942408377117e+00 1.619349999999999956e-01
-6.625000000000000000e+01 -1.837696335078534560e+01 8.390400000000000635e-02
-6.625000000000000000e+01 -1.743455497382199582e+01 3.907869999999999955e-01
-6.625000000000000000e+01 -1.649214659685864603e+01 4.370799999999999685e-02
-6.625000000000000000e+01 -1.554973821989529448e+01 4.370799999999999685e-02
-6.625000000000000000e+01 -1.460732984293194114e+01 2.733800000000000119e-02
-6.625000000000000000e+01 -1.366492146596859136e+01 1.134000000000000025e-03
-6.625000000000000000e+01 -1.272251308900523981e+01 0.000000000000000000e+00
-6.625000000000000000e+01 -1.178010471204188825e+01 1.705299999999999871e-02
-6.625000000000000000e+01 -1.083769633507853669e+01 1.998469999999999969e-01
-6.625000000000000000e+01 -9.895287958115185134e+00 3.595400000000000262e-01
-6.625000000000000000e+01 -8.952879581151833577e+00 4.329959999999999920e-01
-6.625000000000000000e+01 -8.010471204188482020e+00 9.736100000000000310e-02
-6.625000000000000000e+01 -7.068062827225130462e+00 4.511899999999999938e-02
-6.625000000000000000e+01 -6.125654450261779793e+00 1.610000000000000103e-04
-6.625000000000000000e+01 -5.183246073298429124e+00 3.260000000000000094e-04
-6.625000000000000000e+01 -4.240837696335078455e+00 3.776999999999999975e-03
-6.625000000000000000e+01 -3.298429319371727786e+00 2.431600000000000081e-02
-6.625000000000000000e+01 -2.356020942408377117e+00 6.885999999999999760e-03
-6.625000000000000000e+01 -1.413612565445026226e+00 0.000000000000000000e+00
-6.625000000000000000e+01 -4.712041884816753901e-01 3.629399999999999987e-02
-6.625000000000000000e+01 4.712041884816753901e-01 3.629399999999999987e-02
-6.625000000000000000e+01 1.413612565445026226e+00 8.692500000000000226e-02
-6.625000000000000000e+01 2.356020942408377117e+00 8.670500000000000429e-02
-6.500000000000000000e+01 -1.837696335078534560e+01 3.422399999999999748e-02
-6.500000000000000000e+01 -1.743455497382199582e+01 6.114110000000000378e-01
-6.500000000000000000e+01 -1.649214659685864603e+01 8.779299999999999604e-02
-6.500000000000000000e+01 -1.554973821989529448e+01 8.779299999999999604e-02
-6.500000000000000000e+01 -1.460732984293194114e+01 1.548500000000000050e-02
-6.500000000000000000e+01 -1.366492146596859136e+01 7.298999999999999932e-03
-6.500000000000000000e+01 -1.272251308900523981e+01 2.242000000000000069e-03
-6.500000000000000000e+01 -1.178010471204188825e+01 1.302190000000000014e-01
-6.500000000000000000e+01 -1.083769633507853669e+01 4.510819999999999830e-01
-6.500000000000000000e+01 -9.895287958115185134e+00 8.244310000000000249e-01
-6.500000000000000000e+01 -8.952879581151833577e+00 5.980499999999999705e-01
-6.500000000000000000e+01 -8.010471204188482020e+00 2.574600000000000222e-01
-6.500000000000000000e+01 -7.068062827225130462e+00 2.871429999999999816e-01
-6.500000000000000000e+01 -6.125654450261779793e+00 1.033000000000000064e-02
-6.500000000000000000e+01 -5.183246073298429124e+00 2.585180000000000256e-01
-6.500000000000000000e+01 -4.240837696335078455e+00 2.711629999999999874e-01
-6.500000000000000000e+01 -3.298429319371727786e+00 1.818520000000000136e-01
-6.500000000000000000e+01 -2.356020942408377117e+00 4.329999999999999648e-03
-6.500000000000000000e+01 -1.413612565445026226e+00 1.791999999999999973e-03
-6.500000000000000000e+01 -4.712041884816753901e-01 1.233700000000000074e-02
-6.500000000000000000e+01 4.712041884816753901e-01 1.233700000000000074e-02
-6.500000000000000000e+01 1.413612565445026226e+00 2.658999999999999905e-03
-6.375000000000000000e+01 -2.026178010471204516e+01 8.333329999999999904e-01
-6.375000000000000000e+01 -1.931937172774869538e+01 3.959570000000000034e-01
-6.375000000000000000e+01 -1.837696335078534560e+01 2.631269999999999998e-01
-6.375000000000000000e+01 -1.743455497382199582e+01 7.487200000000000522e-01
-6.375000000000000000e+01 -1.649214659685864603e+01 8.870400000000000507e-02
-6.375000000000000000e+01 -1.554973821989529448e+01 8.870400000000000507e-02
-6.375000000000000000e+01 -1.460732984293194114e+01 6.202599999999999780e-02
-6.375000000000000000e+01 -1.366492146596859136e+01 3.468999999999999861e-03
-6.375000000000000000e+01 -1.272251308900523981e+01 8.109999999999999154e-03
-6.375000000000000000e+01 -1.178010471204188825e+01 6.710909999999999931e-01
-6.375000000000000000e+01 -1.083769633507853669e+01 2.206839999999999913e-01
-6.375000000000000000e+01 -9.895287958115185134e+00 8.122779999999999445e-01
-6.375000000000000000e+01 -8.952879581151833577e+00 9.445879999999999832e-01
-6.375000000000000000e+01 -8.010471204188482020e+00 7.395589999999999664e-01
-6.375000000000000000e+01 -7.068062827225130462e+00 5.024650000000000505e-01
-6.375000000000000000e+01 -6.125654450261779793e+00 2.311300000000000160e-02
-6.375000000000000000e+01 -5.183246073298429124e+00 5.871300000000000130e-02
-6.375000000000000000e+01 -4.240837696335078455e+00 4.211820000000000008e-01
-6.375000000000000000e+01 -3.298429319371727786e+00 2.710000000000000169e-03
-6.375000000000000000e+01 -2.356020942408377117e+00 3.249999999999999851e-04
-6.375000000000000000e+01 -1.413612565445026226e+00 3.240000000000000150e-04
-6.375000000000000000e+01 -4.712041884816753901e-01 2.700000000000000143e-03
-6.375000000000000000e+01 4.712041884816753901e-01 2.700000000000000143e-03
-6.375000000000000000e+01 1.413612565445026226e+00 9.995099999999999818e-02
-6.375000000000000000e+01 3.298429319371727786e+00 3.984800000000000147e-02
-6.250000000000000000e+01 -1.931937172774869538e+01 4.087529999999999775e-01
-6.250000000000000000e+01 -1.837696335078534560e+01 7.270050000000000123e-01
-6.250000000000000000e+01 -1.743455497382199582e+01 8.583809999999999496e-01
-6.250000000000000000e+01 -1.649214659685864603e+01 2.663280000000000092e-01
-6.250000000000000000e+01 -1.554973821989529448e+01 2.663280000000000092e-01
-6.250000000000000000e+01 -1.460732984293194114e+01 2.211799999999999877e-02
-6.250000000000000000e+01 -1.366492146596859136e+01 9.705000000000000085e-03
-6.250000000000000000e+01 -1.272251308900523981e+01 2.647899999999999907e-02
-6.250000000000000000e+01 -1.178010471204188825e+01 6.020609999999999573e-01
-6.250000000000000000e+01 -1.083769633507853669e+01 4.749539999999999873e-01
-6.250000000000000000e+01 -9.895287958115185134e+00 9.874039999999999484e-01
-6.250000000000000000e+01 -8.952879581151833577e+00 7.829829999999999846e-01
-6.250000000000000000e+01 -8.010471204188482020e+00 6.975120000000000209e-01
-6.250000000000000000e+01 -7.068062827225130462e+00 8.822560000000000402e-01
-6.250000000000000000e+01 -6.125654450261779793e+00 5.009780000000000344e-01
-6.250000000000000000e+01 -5.183246073298429124e+00 9.336999999999999814e-03
-6.250000000000000000e+01 -4.240837696335078455e+00 4.678300000000000236e-01
-6.250000000000000000e+01 -3.298429319371727786e+00 3.772299999999999959e-02
-6.250000000000000000e+01 -2.356020942408377117e+00 5.186600000000000238e-02
-6.250000000000000000e+01 -1.413612565445026226e+00 2.820840000000000014e-01
-6.250000000000000000e+01 -4.712041884816753901e-01 1.685000000000000039e-02
-6.250000000000000000e+01 4.712041884816753901e-01 1.685000000000000039e-02
-6.250000000000000000e+01 1.413612565445026226e+00 1.440869999999999929e-01
-6.250000000000000000e+01 2.356020942408377117e+00 5.726799999999999946e-02
-6.250000000000000000e+01 3.298429319371727786e+00 3.425000000000000093e-03
-6.125000000000000000e+01 -1.837696335078534560e+01 2.214000000000000135e-01
-6.125000000000000000e+01 -1.743455497382199582e+01 4.955879999999999730e-01
-6.125000000000000000e+01 -1.649214659685864603e+01 4.647410000000000152e-01
-6.125000000000000000e+01 -1.554973821989529448e+01 4.647410000000000152e-01
-6.125000000000000000e+01 -1.460732984293194114e+01 1.208489999999999981e-01
-6.125000000000000000e+01 -1.366492146596859136e+01 8.442700000000000204e-02
-6.125000000000000000e+01 -1.272251308900523981e+01 7.653910000000000435e-01
-6.125000000000000000e+01 -1.178010471204188825e+01 8.202610000000000179e-01
-6.125000000000000000e+01 -1.083769633507853669e+01 5.436020000000000296e-01
-6.125000000000000000e+01 -9.895287958115185134e+00 7.160260000000000513e-01
-6.125000000000000000e+01 -8.952879581151833577e+00 6.416490000000000249e-01
-6.125000000000000000e+01 -8.010471204188482020e+00 6.693210000000000548e-01
-6.125000000000000000e+01 -7.068062827225130462e+00 2.533429999999999849e-01
-6.125000000000000000e+01 -6.125654450261779793e+00 3.692670000000000119e-01
-6.125000000000000000e+01 -5.183246073298429124e+00 3.727010000000000045e-01
-6.125000000000000000e+01 -4.240837696335078455e+00 7.509249999999999536e-01
-6.125000000000000000e+01 -3.298429319371727786e+00 6.169440000000000479e-01
-6.125000000000000000e+01 -2.356020942408377117e+00 4.029900000000000149e-02
-6.125000000000000000e+01 -1.413612565445026226e+00 2.120299999999999963e-01
-6.125000000000000000e+01 -4.712041884816753901e-01 3.368200000000000083e-01
-6.125000000000000000e+01 4.712041884816753901e-01 3.368200000000000083e-01
-6.125000000000000000e+01 1.413612565445026226e+00 5.295189999999999619e-01
-6.125000000000000000e+01 2.356020942408377117e+00 9.044149999999999689e-01
-6.125000000000000000e+01 3.298429319371727786e+00 3.038199999999999790e-01
-6.125000000000000000e+01 4.240837696335078455e+00 1.635979999999999934e-01
-6.000000000000000000e+01 -1.554973821989529448e+01 1.924480000000000079e-01
-6.000000000000000000e+01 -1.460732984293194114e+01 4.911030000000000117e-01
-6.000000000000000000e+01 -1.366492146596859136e+01 6.739239999999999675e-01
-6.000000000000000000e+01 -1.272251308900523981e+01 5.617689999999999628e-01
-6.000000000000000000e+01 -1.178010471204188825e+01 2.088780000000000081e-01
-6.000000000000000000e+01 -1.083769633507853669e+01 5.872800000000000242e-02
-6.000000000000000000e+01 -9.895287958115185134e+00 5.645860000000000323e-01
-6.000000000000000000e+01 -8.952879581151833577e+00 6.132919999999999483e-01
-6.000000000000000000e+01 -8.010471204188482020e+00 3.549990000000000090e-01
-6.000000000000000000e+01 -7.068062827225130462e+00 8.500490000000000546e-01
-6.000000000000000000e+01 -6.125654450261779793e+00 5.137709999999999777e-01
-6.000000000000000000e+01 -5.183246073298429124e+00 4.370979999999999865e-01
-6.000000000000000000e+01 -4.240837696335078455e+00 8.449229999999999796e-01
-6.000000000000000000e+01 -3.298429319371727786e+00 8.998340000000000227e-01
-6.000000000000000000e+01 -2.356020942408377117e+00 9.643329999999999957e-01
-6.000000000000000000e+01 -1.413612565445026226e+00 5.851480000000000015e-01
-6.000000000000000000e+01 -4.712041884816753901e-01 1.406610000000000082e-01
-6.000000000000000000e+01 4.712041884816753901e-01 1.406610000000000082e-01
-6.000000000000000000e+01 1.413612565445026226e+00 8.608200000000000296e-01
-6.000000000000000000e+01 2.356020942408377117e+00 5.173590000000000133e-01
-6.000000000000000000e+01 3.298429319371727786e+00 1.455009999999999915e-01
-6.000000000000000000e+01 4.240837696335078455e+00 3.043300000000000172e-02
-6.000000000000000000e+01 5.183246073298429124e+00 3.685100000000000181e-02
-5.875000000000000000e+01 -1.366492146596859136e+01 7.067299999999999971e-02
-5.875000000000000000e+01 -1.272251308900523981e+01 2.137100000000000111e-02
-5.875000000000000000e+01 -1.178010471204188825e+01 3.383999999999999786e-01
-5.875000000000000000e+01 -1.083769633507853669e+01 8.248959999999999626e-01
-5.875000000000000000e+01 -9.895287958115185134e+00 9.135389999999999899e-01
-5.875000000000000000e+01 -8.952879581151833577e+00 6.697899999999999965e-01
-5.875000000000000000e+01 -8.010471204188482020e+00 1.236830000000000013e-01
-5.875000000000000000e+01 -7.068062827225130462e+00 7.727159999999999584e-01
-5.875000000000000000e+01 -6.125654450261779793e+00 1.734600000000000031e-01
-5.875000000000000000e+01 -5.183246073298429124e+00 7.786000000000000386e-03
-5.875000000000000000e+01 -4.240837696335078455e+00 5.073429999999999884e-01
-5.875000000000000000e+01 -3.298429319371727786e+00 8.903100000000000458e-01
-5.875000000000000000e+01 -2.356020942408377117e+00 5.155830000000000135e-01
-5.875000000000000000e+01 -1.413612565445026226e+00 7.745599999999999707e-02
-5.875000000000000000e+01 -4.712041884816753901e-01 2.072200000000000084e-02
-5.875000000000000000e+01 4.712041884816753901e-01 2.072200000000000084e-02
-5.750000000000000000e+01 -1.366492146596859136e+01 6.761499999999999455e-02
-5.750000000000000000e+01 -1.272251308900523981e+01 1.254349999999999909e-01
-5.750000000000000000e+01 -1.178010471204188825e+01 7.380409999999999471e-01
-5.750000000000000000e+01 -1.083769633507853669e+01 7.227999999999999980e-01
-5.750000000000000000e+01 -9.895287958115185134e+00 9.624000000000000332e-01
-5.750000000000000000e+01 -8.952879581151833577e+00 5.716860000000000275e-01
-5.750000000000000000e+01 -8.010471204188482020e+00 4.753299999999999748e-01
-5.750000000000000000e+01 -7.068062827225130462e+00 1.171449999999999991e-01
-5.750000000000000000e+01 -6.125654450261779793e+00 6.980229999999999491e-01
-5.750000000000000000e+01 -5.183246073298429124e+00 2.247429999999999983e-01
-5.750000000000000000e+01 -4.240837696335078455e+00 3.992249999999999965e-01
-5.750000000000000000e+01 -3.298429319371727786e+00 5.462369999999999726e-01
-5.750000000000000000e+01 -2.356020942408377117e+00 3.018700000000000272e-01
-5.750000000000000000e+01 -1.413612565445026226e+00 4.379000000000000253e-02
-5.750000000000000000e+01 -4.712041884816753901e-01 3.038159999999999750e-01
-5.750000000000000000e+01 4.712041884816753901e-01 3.038159999999999750e-01
-5.750000000000000000e+01 1.413612565445026226e+00 3.952300000000000257e-01
-5.625000000000000000e+01 -1.366492146596859136e+01 4.651980000000000004e-01
-5.625000000000000000e+01 -1.272251308900523981e+01 4.063760000000000150e-01
-5.625000000000000000e+01 -1.178010471204188825e+01 8.785960000000000436e-01
-5.625000000000000000e+01 -1.083769633507853669e+01 6.962180000000000035e-01
-5.625000000000000000e+01 -9.895287958115185134e+00 9.931870000000000420e-01
-5.625000000000000000e+01 -8.952879581151833577e+00 2.478219999999999867e-01
-5.625000000000000000e+01 -8.010471204188482020e+00 3.273280000000000078e-01
-5.625000000000000000e+01 -7.068062827225130462e+00 6.008000000000000007e-01
-5.625000000000000000e+01 -6.125654450261779793e+00 6.761209999999999720e-01
-5.625000000000000000e+01 -5.183246073298429124e+00 7.380889999999999951e-01
-5.625000000000000000e+01 -4.240837696335078455e+00 6.224690000000000500e-01
-5.625000000000000000e+01 -3.298429319371727786e+00 5.820809999999999595e-01
-5.625000000000000000e+01 -2.356020942408377117e+00 5.423080000000000123e-01
-5.625000000000000000e+01 -1.413612565445026226e+00 2.890780000000000016e-01
-5.625000000000000000e+01 -4.712041884816753901e-01 1.352730000000000044e-01
-5.625000000000000000e+01 4.712041884816753901e-01 1.352730000000000044e-01
-5.625000000000000000e+01 1.413612565445026226e+00 3.619300000000000295e-02
-5.500000000000000000e+01 -1.460732984293194114e+01 1.917149999999999965e-01
-5.500000000000000000e+01 -1.366492146596859136e+01 7.571100000000000052e-02
-5.500000000000000000e+01 -1.272251308900523981e+01 7.032909999999999995e-01
-5.500000000000000000e+01 -1.178010471204188825e+01 9.705840000000000023e-01
-5.500000000000000000e+01 -1.083769633507853669e+01 9.645899999999999475e-01
-5.500000000000000000e+01 -9.895287958115185134e+00 9.315459999999999852e-01
-5.500000000000000000e+01 -8.952879581151833577e+00 3.766760000000000108e-01
-5.500000000000000000e+01 -8.010471204188482020e+00 8.473800000000000221e-01
-5.500000000000000000e+01 -7.068062827225130462e+00 7.547880000000000145e-01
-5.500000000000000000e+01 -6.125654450261779793e+00 5.964080000000000492e-01
-5.500000000000000000e+01 -5.183246073298429124e+00 5.589460000000000539e-01
-5.500000000000000000e+01 -4.240837696335078455e+00 8.661820000000000075e-01
-5.500000000000000000e+01 -3.298429319371727786e+00 8.573560000000000070e-01
-5.500000000000000000e+01 -2.356020942408377117e+00 7.475530000000000230e-01
-5.500000000000000000e+01 -1.413612565445026226e+00 5.401650000000000063e-01
-5.500000000000000000e+01 -4.712041884816753901e-01 4.726600000000000246e-02
-5.500000000000000000e+01 4.712041884816753901e-01 4.726600000000000246e-02
-5.500000000000000000e+01 1.413612565445026226e+00 3.225000000000000002e-03
-5.500000000000000000e+01 2.356020942408377117e+00 7.115200000000000691e-02
-5.375000000000000000e+01 -1.460732984293194114e+01 6.690999999999999899e-03
-5.375000000000000000e+01 -1.366492146596859136e+01 7.329800000000000204e-02
-5.375000000000000000e+01 -1.272251308900523981e+01 5.919269999999999810e-01
-5.375000000000000000e+01 -1.178010471204188825e+01 4.207359999999999989e-01
-5.375000000000000000e+01 -1.083769633507853669e+01 7.315049999999999608e-01
-5.375000000000000000e+01 -9.895287958115185134e+00 7.447099999999999831e-01
-5.375000000000000000e+01 -8.952879581151833577e+00 2.039960000000000107e-01
-5.375000000000000000e+01 -8.010471204188482020e+00 4.732999999999999707e-02
-5.375000000000000000e+01 -7.068062827225130462e+00 5.362369999999999637e-01
-5.375000000000000000e+01 -6.125654450261779793e+00 7.495319999999999760e-01
-5.375000000000000000e+01 -5.183246073298429124e+00 8.667099999999999804e-01
-5.375000000000000000e+01 -4.240837696335078455e+00 7.787269999999999470e-01
-5.375000000000000000e+01 -3.298429319371727786e+00 9.729710000000000303e-01
-5.375000000000000000e+01 -2.356020942408377117e+00 6.397439999999999793e-01
-5.375000000000000000e+01 -1.413612565445026226e+00 7.173599999999999977e-01
-5.375000000000000000e+01 -4.712041884816753901e-01 3.142510000000000026e-01
-5.375000000000000000e+01 4.712041884816753901e-01 3.142510000000000026e-01
-5.375000000000000000e+01 1.413612565445026226e+00 5.316610000000000502e-01
-5.375000000000000000e+01 2.356020942408377117e+00 3.652719999999999856e-01
-5.250000000000000000e+01 -1.366492146596859136e+01 1.586800000000000016e-02
-5.250000000000000000e+01 -1.272251308900523981e+01 4.307119999999999838e-01
-5.250000000000000000e+01 -1.178010471204188825e+01 2.677760000000000140e-01
-5.250000000000000000e+01 -1.083769633507853669e+01 4.229890000000000039e-01
-5.250000000000000000e+01 -9.895287958115185134e+00 3.219810000000000172e-01
-5.250000000000000000e+01 -8.952879581151833577e+00 9.177499999999999547e-02
-5.250000000000000000e+01 -8.010471204188482020e+00 2.333909999999999874e-01
-5.250000000000000000e+01 -7.068062827225130462e+00 7.715619999999999701e-01
-5.250000000000000000e+01 -6.125654450261779793e+00 8.770710000000000450e-01
-5.250000000000000000e+01 -5.183246073298429124e+00 4.329520000000000035e-01
-5.250000000000000000e+01 -4.240837696335078455e+00 5.808140000000000525e-01
-5.250000000000000000e+01 -3.298429319371727786e+00 9.159760000000000124e-01
-5.250000000000000000e+01 -2.356020942408377117e+00 3.921890000000000098e-01
-5.250000000000000000e+01 -1.413612565445026226e+00 8.705570000000000253e-01
-5.250000000000000000e+01 -4.712041884816753901e-01 5.156519999999999992e-01
-5.250000000000000000e+01 4.712041884816753901e-01 5.156519999999999992e-01
-5.125000000000000000e+01 -8.952879581151833577e+00 8.748590000000000533e-01
-5.125000000000000000e+01 -8.010471204188482020e+00 5.758750000000000258e-01
-5.125000000000000000e+01 -7.068062827225130462e+00 7.075029999999999930e-01
-5.125000000000000000e+01 -5.183246073298429124e+00 5.210460000000000091e-01
-5.125000000000000000e+01 -4.240837696335078455e+00 7.657389999999999475e-01
-5.125000000000000000e+01 -3.298429319371727786e+00 9.860889999999999933e-01
-5.125000000000000000e+01 -2.356020942408377117e+00 8.290250000000000119e-01
-5.000000000000000000e+01 -3.298429319371727786e+00 9.461310000000000553e-01
