-7.875000000000000000e+01 -6.125654450261779793e+00 5.065739999999999688e-01
-7.875000000000000000e+01 -5.183246073298429124e+00 2.481629999999999947e-01
-7.875000000000000000e+01 -4.240837696335078455e+00 3.669850000000000056e-01
-7.875000000000000000e+01 -3.298429319371727786e+00 4.973219999999999863e-01
-7.875000000000000000e+01 -2.356020942408377117e+00 0.000000000000000000e+00
-7.875000000000000000e+01 -1.413612565445026226e+00 0.000000000000000000e+00
-7.750000000000000000e+01 -8.952879581151833577e+00 1.875680000000000125e-01
-7.750000000000000000e+01 -8.010471204188482020e+00 1.435049999999999937e-01
-7.750000000000000000e+01 -7.068062827225130462e+00 2.860090000000000132e-01
-7.750000000000000000e+01 -6.125654450261779793e+00 5.347929999999999628e-01
-7.750000000000000000e+01 -5.183246073298429124e+00 1.882409999999999917e-01
-7.750000000000000000e+01 -4.240837696335078455e+00 5.271900000000000197e-02
-7.750000000000000000e+01 -3.298429319371727786e+00 4.376249999999999862e-01
-7.750000000000000000e+01 -2.356020942408377117e+00 2.601879999999999749e-01
-7.750000000000000000e+01 -1.413612565445026226e+00 3.921689999999999898e-01
-7.750000000000000000e+01 -4.712041884816753901e-01 2.234460000000000057e-01
-7.750000000000000000e+01 4.712041884816753901e-01 2.234460000000000057e-01
-7.625000000000000000e+01 -1.083769633507853669e+01 7.219299999999999329e-02
-7.625000000000000000e+01 -9.895287958115185134e+00 1.459580000000000044e-01
-7.625000000000000000e+01 -8.952879581151833577e+00 4.814939999999999776e-01
-7.625000000000000000e+01 -8.010471204188482020e+00 1.837229999999999974e-01
-7.625000000000000000e+01 -7.068062827225130462e+00 2.678260000000000085e-01
-7.625000000000000000e+01 -6.125654450261779793e+00 4.723490000000000189e-01
-7.625000000000000000e+01 -5.183246073298429124e+00 4.002700000000000008e-02
-7.625000000000000000e+01 -4.240837696335078455e+00 1.472000000000000001e-03
-7.625000000000000000e+01 -3.298429319371727786e+00 3.983000000000000429e-03
-7.625000000000000000e+01 -2.356020942408377117e+00 2.553000000000000148e-03
-7.625000000000000000e+01 -1.413612565445026226e+00 6.282000000000000257e-03
-7.625000000000000000e+01 -4.712041884816753901e-01 2.106049999999999867e-01
-7.625000000000000000e+01 4.712041884816753901e-01 2.106049999999999867e-01
-7.625000000000000000e+01 1.413612565445026226e+00 8.588989999999999680e-01
-7.500000000000000000e+01 -1.366492146596859136e+01 7.814200000000000312e-02
-7.500000000000000000e+01 -1.272251308900523981e+01 1.417779999999999874e-01
-7.500000000000000000e+01 -1.178010471204188825e+01 1.237540000000000029e-01
-7.500000000000000000e+01 -1.083769633507853669e+01 3.745060000000000056e-01
-7.500000000000000000e+01 -9.895287958115185134e+00 2.076050000000000118e-01
-7.500000000000000000e+01 -8.952879581151833577e+00 5.375590000000000090e-01
-7.500000000000000000e+01 -8.010471204188482020e+00 2.487910000000000121e-01
-7.500000000000000000e+01 -7.068062827225130462e+00 3.826600000000000140e-02
-7.500000000000000000e+01 -6.125654450261779793e+00 6.070300000000000001e-02
-7.500000000000000000e+01 -5.183246073298429124e+00 4.566900000000000126e-02
-7.500000000000000000e+01 -4.240837696335078455e+00 2.003299999999999872e-02
-7.500000000000000000e+01 -3.298429319371727786e+00 2.305999999999999890e-03
-7.500000000000000000e+01 -2.356020942408377117e+00 6.376999999999999856e-03
-7.500000000000000000e+01 -1.413612565445026226e+00 5.597000000000000412e-03
-7.500000000000000000e+01 -4.712041884816753901e-01 3.748900000000000149e-02
-7.500000000000000000e+01 4.712041884816753901e-01 3.748900000000000149e-02
-7.500000000000000000e+01 1.413612565445026226e+00 5.659950000000000259e-01
-7.500000000000000000e+01 2.356020942408377117e+00 9.176349999999999785e-01
-7.375000000000000000e+01 -1.460732984293194114e+01 0.000000000000000000e+00
-7.375000000000000000e+01 -1.366492146596859136e+01 1.302490000000000037e-01
-7.375000000000000000e+01 -1.272251308900523981e+01 8.345600000000000240e-02
-7.375000000000000000e+01 -1.178010471204188825e+01 1.022620000000000057e-01
-7.375000000000000000e+01 -1.083769633507853669e+01 9.910099999999999465e-02
-7.375000000000000000e+01 -9.895287958115185134e+00 5.901700000000000002e-02
-7.375000000000000000e+01 -8.952879581151833577e+00 1.078660000000000035e-01
-7.375000000000000000e+01 -8.010471204188482020e+00 1.785460000000000103e-01
-7.375000000000000000e+01 -7.068062827225130462e+00 9.659600000000000131e-02
-7.375000000000000000e+01 -6.125654450261779793e+00 2.464699999999999877e-02
-7.375000000000000000e+01 -5.183246073298429124e+00 7.177999999999999658e-02
-7.375000000000000000e+01 -4.240837696335078455e+00 2.272499999999999867e-02
-7.375000000000000000e+01 -3.298429319371727786e+00 7.262000000000000226e-03
-7.375000000000000000e+01 -2.356020942408377117e+00 5.409999999999999878e-03
-7.375000000000000000e+01 -1.413612565445026226e+00 1.155640000000000001e-01
-7.375000000000000000e+01 -4.712041884816753901e-01 2.467000000000000009e-03
-7.375000000000000000e+01 4.712041884816753901e-01 2.467000000000000009e-03
-7.375000000000000000e+01 1.413612565445026226e+00 5.048600000000000310e-02
-7.250000000000000000e+01 -1.460732984293194114e+01 5.432000000000000196e-03
-7.250000000000000000e+01 -1.366492146596859136e+01 1.374849999999999961e-01
-7.250000000000000000e+01 -1.272251308900523981e+01 1.788990000000000025e-01
-7.250000000000000000e+01 -1.178010471204188825e+01 4.293199999999999794e-02
-7.250000000000000000e+01 -1.083769633507853669e+01 6.879999999999999831e-03
-7.250000000000000000e+01 -9.895287958115185134e+00 0.000000000000000000e+00
-7.250000000000000000e+01 -8.952879581151833577e+00 2.457300000000000109e-02
-7.250000000000000000e+01 -8.010471204188482020e+00 5.438269999999999493e-01
-7.250000000000000000e+01 -7.068062827225130462e+00 3.132440000000000224e-01
-7.250000000000000000e+01 -6.125654450261779793e+00 9.730000000000000151e-04
-7.250000000000000000e+01 -5.183246073298429124e+00 9.737000000000000863e-03
-7.250000000000000000e+01 -4.240837696335078455e+00 1.123389999999999944e-01
-7.250000000000000000e+01 -3.298429319371727786e+00 2.123999999999999846e-02
-7.250000000000000000e+01 -2.356020942408377117e+00 5.664899999999999797e-02
-7.250000000000000000e+01 -1.413612565445026226e+00 1.266300000000000064e-02
-7.250000000000000000e+01 -4.712041884816753901e-01 6.908000000000000078e-03
-7.250000000000000000e+01 4.712041884816753901e-01 6.908000000000000078e-03
-7.250000000000000000e+01 1.413612565445026226e+00 1.173100000000000011e-02
-7.125000000000000000e+01 -1.460732984293194114e+01 9.079900000000000471e-02
-7.125000000000000000e+01 -1.366492146596859136e+01 2.504899999999999835e-02
-7.125000000000000000e+01 -1.272251308900523981e+01 2.587409999999999988e-01
-7.125000000000000000e+01 -1.178010471204188825e+01 8.368999999999999703e-03
-7.125000000000000000e+01 -1.083769633507853669e+01 8.199999999999999824e-04
-7.125000000000000000e+01 -9.895287958115185134e+00 6.791000000000000161e-03
-7.125000000000000000e+01 -8.952879581151833577e+00 1.542580000000000062e-01
-7.125000000000000000e+01 -8.010471204188482020e+00 7.018489999999999451e-01
-7.125000000000000000e+01 -7.068062827225130462e+00 1.416769999999999974e-01
-7.125000000000000000e+01 -6.125654450261779793e+00 6.099000000000000254e-03
-7.125000000000000000e+01 -5.183246073298429124e+00 2.429999999999999977e-04
-7.125000000000000000e+01 -4.240837696335078455e+00 3.517800000000000094e-02
-7.125000000000000000e+01 -3.298429319371727786e+00 1.589999999999999888e-04
-7.125000000000000000e+01 -2.356020942408377117e+00 5.006900000000000239e-02
-7.125000000000000000e+01 -1.413612565445026226e+00 3.592000000000000141e-03
-7.125000000000000000e+01 -4.712041884816753901e-01 0.000000000000000000e+00
-7.125000000000000000e+01 4.712041884816753901e-01 0.000000000000000000e+00
-7.125000000000000000e+01 1.413612565445026226e+00 1.020889999999999992e-01
-7.000000000000000000e+01 -1.366492146596859136e+01 1.025799999999999976e-02
-7.000000000000000000e+01 -1.272251308900523981e+01 3.627150000000000096e-01
-7.000000000000000000e+01 -1.178010471204188825e+01 1.119620000000000060e-01
-7.000000000000000000e+01 -1.083769633507853669e+01 4.036410000000000275e-01
-7.000000000000000000e+01 -9.895287958115185134e+00 4.268099999999999672e-02
-7.000000000000000000e+01 -8.952879581151833577e+00 3.719810000000000061e-01
-7.000000000000000000e+01 -8.010471204188482020e+00 5.003260000000000485e-01
-7.000000000000000000e+01 -7.068062827225130462e+00 7.121099999999999652e-02
-7.000000000000000000e+01 -6.125654450261779793e+00 1.861000000000000024e-03
-7.000000000000000000e+01 -5.183246073298429124e+00 8.040000000000000271e-04
-7.000000000000000000e+01 -4.240837696335078455e+00 1.263479999999999881e-01
-7.000000000000000000e+01 -3.298429319371727786e+00 5.361699999999999799e-02
-7.000000000000000000e+01 -2.356020942408377117e+00 1.992599999999999927e-02
-7.000000000000000000e+01 -1.413612565445026226e+00 3.387899999999999939e-02
-7.000000000000000000e+01 -4.712041884816753901e-01 1.220300000000000031e-02
-7.000000000000000000e+01 4.712041884816753901e-01 1.220300000000000031e-02
-7.000000000000000000e+01 1.413612565445026226e+00 7.551999999999999685e-03
-6.875000000000000000e+01 -1.554973821989529448e+01 1.353999999999999952e-03
-6.875000000000000000e+01 -1.460732984293194114e+01 3.926099999999999729e-02
-6.875000000000000000e+01 -1.366492146596859136e+01 1.850299999999999861e-02
-6.875000000000000000e+01 -1.272251308900523981e+01 1.713349999999999873e-01
-6.875000000000000000e+01 -1.178010471204188825e+01 5.102630000000000221e-01
-6.875000000000000000e+01 -1.083769633507853669e+01 7.206099999999999728e-01
-6.875000000000000000e+01 -9.895287958115185134e+00 2.739110000000000156e-01
-6.875000000000000000e+01 -8.952879581151833577e+00 7.745419999999999527e-01
-6.875000000000000000e+01 -8.010471204188482020e+00 3.980100000000000304e-02
-6.875000000000000000e+01 -7.068062827225130462e+00 2.047999999999999907e-03
-6.875000000000000000e+01 -6.125654450261779793e+00 1.129999999999999928e-03
-6.875000000000000000e+01 -5.183246073298429124e+00 4.840000000000000010e-04
-6.875000000000000000e+01 -4.240837696335078455e+00 4.423999999999999981e-03
-6.875000000000000000e+01 -3.298429319371727786e+00 7.030999999999999923e-03
-6.875000000000000000e+01 -2.356020942408377117e+00 4.833999999999999755e-03
-6.875000000000000000e+01 -1.413612565445026226e+00 1.112400000000000021e-02
-6.875000000000000000e+01 -4.712041884816753901e-01 1.129100000000000069e-02
-6.875000000000000000e+01 4.712041884816753901e-01 1.129100000000000069e-02
-6.875000000000000000e+01 1.413612565445026226e+00 1.501700000000000083e-02
-6.875000000000000000e+01 2.356020942408377117e+00 6.295000000000000248e-03
-6.750000000000000000e+01 -1.649214659685864603e+01 3.994519999999999738e-01
-6.750000000000000000e+01 -1.554973821989529448e+01 3.994519999999999738e-01
-6.750000000000000000e+01 -1.460732984293194114e+01 1.923900000000000055e-01
-6.750000000000000000e+01 -1.366492146596859136e+01 1.520489999999999897e-01
-6.750000000000000000e+01 -1.272251308900523981e+01 2.756199999999999969e-02
-6.750000000000000000e+01 -1.178010471204188825e+01 5.268300000000000066e-02
-6.750000000000000000e+01 -1.083769633507853669e+01 4.674090000000000189e-01
-6.750000000000000000e+01 -9.895287958115185134e+00 9.118669999999999831e-01
-6.750000000000000000e+01 -8.952879581151833577e+00 4.621509999999999785e-01
-6.750000000000000000e+01 -8.010471204188482020e+00 4.634000000000000098e-03
-6.750000000000000000e+01 -7.068062827225130462e+00 4.134999999999999787e-03
-6.750000000000000000e+01 -6.125654450261779793e+00 6.113000000000000378e-03
-6.750000000000000000e+01 -5.183246073298429124e+00 1.128000000000000096e-03
-6.750000000000000000e+01 -4.240837696335078455e+00 8.059999999999999673e-04
-6.750000000000000000e+01 -3.298429319371727786e+00 1.623499999999999943e-02
-6.750000000000000000e+01 -2.356020942408377117e+00 3.310000000000000225e-04
-6.750000000000000000e+01 -1.413612565445026226e+00 8.000000000000000654e-05
-6.750000000000000000e+01 -4.712041884816753901e-01 8.989999999999999511e-04
-6.750000000000000000e+01 4.712041884816753901e-01 8.989999999999999511e-04
-6.750000000000000000e+01 1.413612565445026226e+00 9.324999999999999956e-03
-6.750000000000000000e+01 2.356020942408377117e+00 4.050399999999999834e-02
-6.625000000000000000e+01 -1.837696335078534560e+01 8.390400000000000635e-02
-6.625000000000000000e+01 -1.743455497382199582e+01 3.358160000000000034e-01
-6.625000000000000000e+01 -1.649214659685864603e+01 2.640299999999999939e-02
-6.625000000000000000e+01 -1.554973821989529448e+01 2.640299999999999939e-02
-6.625000000000000000e+01 -1.460732984293194114e+01 1.654900000000000121e-02
-6.625000000000000000e+01 -1.366492146596859136e+01 1.134000000000000025e-03
-6.625000000000000000e+01 -1.272251308900523981e+01 0.000000000000000000e+00
-6.625000000000000000e+01 -1.178010471204188825e+01 1.163800000000000077e-02
-6.625000000000000000e+01 -1.083769633507853669e+01 1.750790000000000124e-01
-6.625000000000000000e+01 -9.895287958115185134e+00 3.372510000000000230e-01
-6.625000000000000000e+01 -8.952879581151833577e+00 3.088560000000000194e-01
-6.625000000000000000e+01 -8.010471204188482020e+00 3.319099999999999828e-02
-6.625000000000000000e+01 -7.068062827225130462e+00 1.054999999999999948e-03
-6.625000000000000000e+01 -6.125654450261779793e+00 1.610000000000000103e-04
-6.625000000000000000e+01 -5.183246073298429124e+00 3.260000000000000094e-04
-6.625000000000000000e+01 -4.240837696335078455e+00 3.536000000000000081e-03
-6.625000000000000000e+01 -3.298429319371727786e+00 1.730800000000000047e-02
-6.625000000000000000e+01 -2.356020942408377117e+00 6.369999999999999794e-03
-6.625000000000000000e+01 -1.413612565445026226e+00 0.000000000000000000e+00
-6.625000000000000000e+01 -4.712041884816753901e-01 3.429000000000000190e-03
-6.625000000000000000e+01 4.712041884816753901e-01 3.429000000000000190e-03
-6.625000000000000000e+01 1.413612565445026226e+00 8.433699999999999530e-02
-6.625000000000000000e+01 2.356020942408377117e+00 7.327200000000000379e-02
-6.500000000000000000e+01 -1.837696335078534560e+01 2.998699999999999977e-02
-6.500000000000000000e+01 -1.743455497382199582e+01 5.579309999999999548e-01
-6.500000000000000000e+01 -1.649214659685864603e+01 6.770400000000000029e-02
-6.500000000000000000e+01 -1.554973821989529448e+01 6.770400000000000029e-02
-6.500000000000000000e+01 -1.460732984293194114e+01 1.196999999999999974e-02
-6.500000000000000000e+01 -1.366492146596859136e+01 5.432000000000000196e-03
-6.500000000000000000e+01 -1.272251308900523981e+01 1.992999999999999980e-03
-6.500000000000000000e+01 -1.178010471204188825e+01 8.316500000000000281e-02
-6.500000000000000000e+01 -1.083769633507853669e+01 3.668049999999999922e-01
-6.500000000000000000e+01 -9.895287958115185134e+00 7.830230000000000246e-01
-6.500000000000000000e+01 -8.952879581151833577e+00 4.829999999999999849e-01
-6.500000000000000000e+01 -8.010471204188482020e+00 1.569899999999999907e-01
-6.500000000000000000e+01 -7.068062827225130462e+00 1.632909999999999917e-01
-6.500000000000000000e+01 -6.125654450261779793e+00 1.147999999999999932e-03
-6.500000000000000000e+01 -5.183246073298429124e+00 8.995799999999999630e-02
-6.500000000000000000e+01 -4.240837696335078455e+00 1.272230000000000028e-01
-6.500000000000000000e+01 -3.298429319371727786e+00 1.338070000000000093e-01
-6.500000000000000000e+01 -2.356020942408377117e+00 4.329999999999999648e-03
-6.500000000000000000e+01 -1.413612565445026226e+00 1.791999999999999973e-03
-6.500000000000000000e+01 -4.712041884816753901e-01 9.018999999999999240e-03
-6.500000000000000000e+01 4.712041884816753901e-01 9.018999999999999240e-03
-6.500000000000000000e+01 1.413612565445026226e+00 2.658999999999999905e-03
-6.375000000000000000e+01 -2.026178010471204516e+01 5.000000000000000000e-01
-6.375000000000000000e+01 -1.931937172774869538e+01 3.460170000000000190e-01
-6.375000000000000000e+01 -1.837696335078534560e+01 2.219289999999999874e-01
-6.375000000000000000e+01 -1.743455497382199582e+01 6.862099999999999866e-01
-6.375000000000000000e+01 -1.649214659685864603e+01 7.636800000000000532e-02
-6.375000000000000000e+01 -1.554973821989529448e+01 7.636800000000000532e-02
-6.375000000000000000e+01 -1.460732984293194114e+01 4.472799999999999693e-02
-6.375000000000000000e+01 -1.366492146596859136e+01 3.468999999999999861e-03
-6.375000000000000000e+01 -1.272251308900523981e+01 7.106000000000000337e-03
-6.375000000000000000e+01 -1.178010471204188825e+01 6.388070000000000137e-01
-6.375000000000000000e+01 -1.083769633507853669e+01 1.556530000000000136e-01
-6.375000000000000000e+01 -9.895287958115185134e+00 7.331769999999999676e-01
-6.375000000000000000e+01 -8.952879581151833577e+00 9.169230000000000436e-01
-6.375000000000000000e+01 -8.010471204188482020e+00 6.662869999999999626e-01
-6.375000000000000000e+01 -7.068062827225130462e+00 2.672379999999999756e-01
-6.375000000000000000e+01 -6.125654450261779793e+00 5.053000000000000200e-03
-6.375000000000000000e+01 -5.183246073298429124e+00 4.387200000000000127e-02
-6.375000000000000000e+01 -4.240837696335078455e+00 2.660930000000000240e-01
-6.375000000000000000e+01 -3.298429319371727786e+00 1.807000000000000012e-03
-6.375000000000000000e+01 -2.356020942408377117e+00 3.249999999999999851e-04
-6.375000000000000000e+01 -1.413612565445026226e+00 3.240000000000000150e-04
-6.375000000000000000e+01 -4.712041884816753901e-01 1.828999999999999897e-03
-6.375000000000000000e+01 4.712041884816753901e-01 1.828999999999999897e-03
-6.375000000000000000e+01 1.413612565445026226e+00 1.382800000000000001e-02
-6.375000000000000000e+01 3.298429319371727786e+00 2.834700000000000067e-02
-6.250000000000000000e+01 -1.931937172774869538e+01 4.057160000000000211e-01
-6.250000000000000000e+01 -1.837696335078534560e+01 7.248820000000000263e-01
-6.250000000000000000e+01 -1.743455497382199582e+01 8.505409999999999915e-01
-6.250000000000000000e+01 -1.649214659685864603e+01 2.024910000000000043e-01
-6.250000000000000000e+01 -1.554973821989529448e+01 2.024910000000000043e-01
-6.250000000000000000e+01 -1.460732984293194114e+01 1.122100000000000007e-02
-6.250000000000000000e+01 -1.366492146596859136e+01 4.043999999999999852e-03
-6.250000000000000000e+01 -1.272251308900523981e+01 2.292100000000000040e-02
-6.250000000000000000e+01 -1.178010471204188825e+01 5.993239999999999679e-01
-6.250000000000000000e+01 -1.083769633507853669e+01 4.727759999999999740e-01
-6.250000000000000000e+01 -9.895287958115185134e+00 9.862739999999999840e-01
-6.250000000000000000e+01 -8.952879581151833577e+00 6.834270000000000067e-01
-6.250000000000000000e+01 -8.010471204188482020e+00 5.797619999999999996e-01
-6.250000000000000000e+01 -7.068062827225130462e+00 8.384319999999999551e-01
-6.250000000000000000e+01 -6.125654450261779793e+00 3.586570000000000036e-01
-6.250000000000000000e+01 -5.183246073298429124e+00 2.396000000000000126e-03
-6.250000000000000000e+01 -4.240837696335078455e+00 3.457250000000000045e-01
-6.250000000000000000e+01 -3.298429319371727786e+00 2.397499999999999978e-02
-6.250000000000000000e+01 -2.356020942408377117e+00 7.235000000000000112e-03
-6.250000000000000000e+01 -1.413612565445026226e+00 1.674529999999999907e-01
-6.250000000000000000e+01 -4.712041884816753901e-01 6.509999999999999945e-04
-6.250000000000000000e+01 4.712041884816753901e-01 6.509999999999999945e-04
-6.250000000000000000e+01 1.413612565445026226e+00 9.409000000000000696e-03
-6.250000000000000000e+01 2.356020942408377117e+00 1.642000000000000057e-02
-6.250000000000000000e+01 3.298429319371727786e+00 0.000000000000000000e+00
-6.125000000000000000e+01 -1.837696335078534560e+01 2.134669999999999901e-01
-6.125000000000000000e+01 -1.743455497382199582e+01 3.964380000000000126e-01
-6.125000000000000000e+01 -1.649214659685864603e+01 3.949529999999999985e-01
-6.125000000000000000e+01 -1.554973821989529448e+01 3.949529999999999985e-01
-6.125000000000000000e+01 -1.460732984293194114e+01 9.120399999999999341e-02
-6.125000000000000000e+01 -1.366492146596859136e+01 7.855900000000000383e-02
-6.125000000000000000e+01 -1.272251308900523981e+01 7.483210000000000139e-01
-6.125000000000000000e+01 -1.178010471204188825e+01 8.177470000000000017e-01
-6.125000000000000000e+01 -1.083769633507853669e+01 5.366229999999999611e-01
-6.125000000000000000e+01 -9.895287958115185134e+00 6.597709999999999964e-01
-6.125000000000000000e+01 -8.952879581151833577e+00 4.760220000000000007e-01
-6.125000000000000000e+01 -8.010471204188482020e+00 4.272830000000000239e-01
-6.125000000000000000e+01 -7.068062827225130462e+00 1.628000000000000003e-01
-6.125000000000000000e+01 -6.125654450261779793e+00 2.564330000000000220e-01
-6.125000000000000000e+01 -5.183246073298429124e+00 2.011550000000000005e-01
-6.125000000000000000e+01 -4.240837696335078455e+00 5.673340000000000050e-01
-6.125000000000000000e+01 -3.298429319371727786e+00 5.199430000000000440e-01
-6.125000000000000000e+01 -2.356020942408377117e+00 1.415699999999999945e-02
-6.125000000000000000e+01 -1.413612565445026226e+00 1.018529999999999991e-01
-6.125000000000000000e+01 -4.712041884816753901e-01 2.793260000000000187e-01
-6.125000000000000000e+01 4.712041884816753901e-01 2.793260000000000187e-01
-6.125000000000000000e+01 1.413612565445026226e+00 4.356709999999999749e-01
-6.125000000000000000e+01 2.356020942408377117e+00 8.640349999999999975e-01
-6.125000000000000000e+01 3.298429319371727786e+00 2.967830000000000190e-01
-6.125000000000000000e+01 4.240837696335078455e+00 1.346749999999999892e-01
-6.000000000000000000e+01 -1.554973821989529448e+01 1.666060000000000041e-01
-6.000000000000000000e+01 -1.460732984293194114e+01 4.736369999999999747e-01
-6.000000000000000000e+01 -1.366492146596859136e+01 6.465480000000000116e-01
-6.000000000000000000e+01 -1.272251308900523981e+01 5.324470000000000036e-01
-6.000000000000000000e+01 -1.178010471204188825e+01 1.933819999999999983e-01
-6.000000000000000000e+01 -1.083769633507853669e+01 4.869799999999999823e-02
-6.000000000000000000e+01 -9.895287958115185134e+00 4.839530000000000221e-01
-6.000000000000000000e+01 -8.952879581151833577e+00 3.878249999999999753e-01
-6.000000000000000000e+01 -8.010471204188482020e+00 1.738699999999999968e-01
-6.000000000000000000e+01 -7.068062827225130462e+00 6.748619999999999619e-01
-6.000000000000000000e+01 -6.125654450261779793e+00 2.996789999999999732e-01
-6.000000000000000000e+01 -5.183246073298429124e+00 2.886889999999999734e-01
-6.000000000000000000e+01 -4.240837696335078455e+00 6.995000000000000107e-01
-6.000000000000000000e+01 -3.298429319371727786e+00 8.880390000000000228e-01
-6.000000000000000000e+01 -2.356020942408377117e+00 9.328889999999999683e-01
-6.000000000000000000e+01 -1.413612565445026226e+00 4.369120000000000226e-01
-6.000000000000000000e+01 -4.712041884816753901e-01 1.148310000000000025e-01
-6.000000000000000000e+01 4.712041884816753901e-01 1.148310000000000025e-01
-6.000000000000000000e+01 1.413612565445026226e+00 8.221720000000000139e-01
-6.000000000000000000e+01 2.356020942408377117e+00 4.541689999999999894e-01
-6.000000000000000000e+01 3.298429319371727786e+00 1.383449999999999958e-01
-6.000000000000000000e+01 4.240837696335078455e+00 1.968200000000000158e-02
-6.000000000000000000e+01 5.183246073298429124e+00 2.056399999999999895e-02
-5.875000000000000000e+01 -1.366492146596859136e+01 6.513599999999999945e-02
-5.875000000000000000e+01 -1.272251308900523981e+01 1.201600000000000064e-02
-5.875000000000000000e+01 -1.178010471204188825e+01 3.023089999999999944e-01
-5.875000000000000000e+01 -1.083769633507853669e+01 7.759559999999999791e-01
-5.875000000000000000e+01 -9.895287958115185134e+00 8.756869999999999932e-01
-5.875000000000000000e+01 -8.952879581151833577e+00 4.659760000000000013e-01
-5.875000000000000000e+01 -8.010471204188482020e+00 6.076299999999999757e-02
-5.875000000000000000e+01 -7.068062827225130462e+00 5.150109999999999966e-01
-5.875000000000000000e+01 -6.125654450261779793e+00 6.239399999999999807e-02
-5.875000000000000000e+01 -5.183246073298429124e+00 6.229000000000000162e-03
-5.875000000000000000e+01 -4.240837696335078455e+00 4.338230000000000142e-01
-5.875000000000000000e+01 -3.298429319371727786e+00 8.753689999999999527e-01
-5.875000000000000000e+01 -2.356020942408377117e+00 3.736579999999999901e-01
-5.875000000000000000e+01 -1.413612565445026226e+00 4.182600000000000207e-02
-5.875000000000000000e+01 -4.712041884816753901e-01 1.040199999999999979e-02
-5.875000000000000000e+01 4.712041884816753901e-01 1.040199999999999979e-02
-5.750000000000000000e+01 -1.366492146596859136e+01 6.252499999999999725e-02
-5.750000000000000000e+01 -1.272251308900523981e+01 1.080249999999999960e-01
-5.750000000000000000e+01 -1.178010471204188825e+01 7.067759999999999598e-01
-5.750000000000000000e+01 -1.083769633507853669e+01 6.692369999999999708e-01
-5.750000000000000000e+01 -9.895287958115185134e+00 9.444169999999999510e-01
-5.750000000000000000e+01 -8.952879581151833577e+00 4.081719999999999793e-01
-5.750000000000000000e+01 -8.010471204188482020e+00 3.556110000000000104e-01
-5.750000000000000000e+01 -7.068062827225130462e+00 3.088000000000000120e-02
-5.750000000000000000e+01 -6.125654450261779793e+00 4.920419999999999794e-01
-5.750000000000000000e+01 -5.183246073298429124e+00 1.255920000000000092e-01
-5.750000000000000000e+01 -4.240837696335078455e+00 2.389149999999999885e-01
-5.750000000000000000e+01 -3.298429319371727786e+00 5.152170000000000361e-01
-5.750000000000000000e+01 -2.356020942408377117e+00 1.698379999999999890e-01
-5.750000000000000000e+01 -1.413612565445026226e+00 2.344100000000000003e-02
-5.750000000000000000e+01 -4.712041884816753901e-01 1.728919999999999901e-01
-5.750000000000000000e+01 4.712041884816753901e-01 1.728919999999999901e-01
-5.750000000000000000e+01 1.413612565445026226e+00 2.605009999999999826e-01
-5.625000000000000000e+01 -1.366492146596859136e+01 4.505919999999999925e-01
-5.625000000000000000e+01 -1.272251308900523981e+01 3.949960000000000138e-01
-5.625000000000000000e+01 -1.178010471204188825e+01 8.584969999999999546e-01
-5.625000000000000000e+01 -1.083769633507853669e+01 6.752869999999999706e-01
-5.625000000000000000e+01 -9.895287958115185134e+00 9.902320000000000011e-01
-5.625000000000000000e+01 -8.952879581151833577e+00 1.862060000000000104e-01
-5.625000000000000000e+01 -8.010471204188482020e+00 1.997770000000000101e-01
-5.625000000000000000e+01 -7.068062827225130462e+00 4.506600000000000050e-01
-5.625000000000000000e+01 -6.125654450261779793e+00 5.317169999999999952e-01
-5.625000000000000000e+01 -5.183246073298429124e+00 6.357519999999999838e-01
-5.625000000000000000e+01 -4.240837696335078455e+00 5.506109999999999616e-01
-5.625000000000000000e+01 -3.298429319371727786e+00 4.065659999999999830e-01
-5.625000000000000000e+01 -2.356020942408377117e+00 4.970749999999999891e-01
-5.625000000000000000e+01 -1.413612565445026226e+00 1.465829999999999911e-01
-5.625000000000000000e+01 -4.712041884816753901e-01 1.750900000000000026e-02
-5.625000000000000000e+01 4.712041884816753901e-01 1.750900000000000026e-02
-5.625000000000000000e+01 1.413612565445026226e+00 3.268000000000000071e-03
-5.500000000000000000e+01 -1.460732984293194114e+01 1.900129999999999875e-01
-5.500000000000000000e+01 -1.366492146596859136e+01 6.771099999999999342e-02
-5.500000000000000000e+01 -1.272251308900523981e+01 6.740770000000000373e-01
-5.500000000000000000e+01 -1.178010471204188825e+01 9.458710000000000173e-01
-5.500000000000000000e+01 -1.083769633507853669e+01 9.538299999999999557e-01
-5.500000000000000000e+01 -9.895287958115185134e+00 9.275569999999999649e-01
-5.500000000000000000e+01 -8.952879581151833577e+00 3.534970000000000057e-01
-5.500000000000000000e+01 -8.010471204188482020e+00 7.713560000000000416e-01
-5.500000000000000000e+01 -7.068062827225130462e+00 5.888679999999999470e-01
-5.500000000000000000e+01 -6.125654450261779793e+00 4.016680000000000250e-01
-5.500000000000000000e+01 -5.183246073298429124e+00 3.535159999999999969e-01
-5.500000000000000000e+01 -4.240837696335078455e+00 7.727789999999999937e-01
-5.500000000000000000e+01 -3.298429319371727786e+00 7.876640000000000308e-01
-5.500000000000000000e+01 -2.356020942408377117e+00 7.172770000000000534e-01
-5.500000000000000000e+01 -1.413612565445026226e+00 3.420270000000000254e-01
-5.500000000000000000e+01 -4.712041884816753901e-01 5.474999999999999832e-03
-5.500000000000000000e+01 4.712041884816753901e-01 5.474999999999999832e-03
-5.500000000000000000e+01 1.413612565445026226e+00 2.740999999999999947e-03
-5.500000000000000000e+01 2.356020942408377117e+00 4.721600000000000102e-02
-5.375000000000000000e+01 -1.460732984293194114e+01 4.896000000000000178e-03
-5.375000000000000000e+01 -1.366492146596859136e+01 6.273499999999999910e-02
-5.375000000000000000e+01 -1.272251308900523981e+01 5.306959999999999456e-01
-5.375000000000000000e+01 -1.178010471204188825e+01 3.850649999999999906e-01
-5.375000000000000000e+01 -1.083769633507853669e+01 6.816799999999999526e-01
-5.375000000000000000e+01 -9.895287958115185134e+00 7.020669999999999966e-01
-5.375000000000000000e+01 -8.952879581151833577e+00 1.132770000000000027e-01
-5.375000000000000000e+01 -8.010471204188482020e+00 6.876000000000000167e-03
-5.375000000000000000e+01 -7.068062827225130462e+00 3.753739999999999855e-01
-5.375000000000000000e+01 -6.125654450261779793e+00 5.131419999999999870e-01
-5.375000000000000000e+01 -5.183246073298429124e+00 7.180779999999999941e-01
-5.375000000000000000e+01 -4.240837696335078455e+00 6.874190000000000023e-01
-5.375000000000000000e+01 -3.298429319371727786e+00 9.323460000000000081e-01
-5.375000000000000000e+01 -2.356020942408377117e+00 6.098029999999999839e-01
-5.375000000000000000e+01 -1.413612565445026226e+00 5.852610000000000312e-01
-5.375000000000000000e+01 -4.712041884816753901e-01 2.559509999999999841e-01
-5.375000000000000000e+01 4.712041884816753901e-01 2.559509999999999841e-01
-5.375000000000000000e+01 1.413612565445026226e+00 5.077120000000000521e-01
-5.375000000000000000e+01 2.356020942408377117e+00 2.049290000000000000e-01
-5.250000000000000000e+01 -1.366492146596859136e+01 1.514300000000000021e-02
-5.250000000000000000e+01 -1.272251308900523981e+01 4.003399999999999737e-01
-5.250000000000000000e+01 -1.178010471204188825e+01 2.361199999999999966e-01
-5.250000000000000000e+01 -1.083769633507853669e+01 3.958809999999999829e-01
-5.250000000000000000e+01 -9.895287958115185134e+00 2.785099999999999798e-01
-5.250000000000000000e+01 -8.952879581151833577e+00 3.126999999999999919e-02
-5.250000000000000000e+01 -8.010471204188482020e+00 1.196819999999999967e-01
-5.250000000000000000e+01 -7.068062827225130462e+00 7.086890000000000134e-01
-5.250000000000000000e+01 -6.125654450261779793e+00 7.923569999999999780e-01
-5.250000000000000000e+01 -5.183246073298429124e+00 2.435460000000000125e-01
-5.250000000000000000e+01 -4.240837696335078455e+00 4.398830000000000240e-01
-5.250000000000000000e+01 -3.298429319371727786e+00 8.812980000000000258e-01
-5.250000000000000000e+01 -2.356020942408377117e+00 3.659789999999999988e-01
-5.250000000000000000e+01 -1.413612565445026226e+00 8.677780000000000493e-01
-5.250000000000000000e+01 -4.712041884816753901e-01 4.502140000000000031e-01
-5.250000000000000000e+01 4.712041884816753901e-01 4.502140000000000031e-01
-5.125000000000000000e+01 -8.952879581151833577e+00 8.552779999999999827e-01
-5.125000000000000000e+01 -8.010471204188482020e+00 5.633439999999999559e-01
-5.125000000000000000e+01 -7.068062827225130462e+00 6.966579999999999995e-01
-5.125000000000000000e+01 -5.183246073298429124e+00 4.897960000000000091e-01
-5.125000000000000000e+01 -4.240837696335078455e+00 7.209879999999999622e-01
-5.125000000000000000e+01 -3.298429319371727786e+00 9.858440000000000536e-01
-5.125000000000000000e+01 -2.356020942408377117e+00 8.142270000000000341e-01
-5.000000000000000000e+01 -3.298429319371727786e+00 9.456109999999999793e-01
