-7.875000000000000000e+01 -6.125654450261779793e+00 5.027540000000000342e-01
-7.875000000000000000e+01 -5.183246073298429124e+00 2.128970000000000029e-01
-7.875000000000000000e+01 -4.240837696335078455e+00 3.157460000000000266e-01
-7.875000000000000000e+01 -3.298429319371727786e+00 4.455549999999999788e-01
-7.875000000000000000e+01 -2.356020942408377117e+00 0.000000000000000000e+00
-7.875000000000000000e+01 -1.413612565445026226e+00 0.000000000000000000e+00
-7.750000000000000000e+01 -8.952879581151833577e+00 1.875680000000000125e-01
-7.750000000000000000e+01 -8.010471204188482020e+00 1.435049999999999937e-01
-7.750000000000000000e+01 -7.068062827225130462e+00 2.855139999999999900e-01
-7.750000000000000000e+01 -6.125654450261779793e+00 5.100459999999999994e-01
-7.750000000000000000e+01 -5.183246073298429124e+00 1.645260000000000056e-01
-7.750000000000000000e+01 -4.240837696335078455e+00 4.222399999999999765e-02
-7.750000000000000000e+01 -3.298429319371727786e+00 3.824319999999999942e-01
-7.750000000000000000e+01 -2.356020942408377117e+00 2.212270000000000070e-01
-7.750000000000000000e+01 -1.413612565445026226e+00 3.502600000000000158e-01
-7.750000000000000000e+01 -4.712041884816753901e-01 2.063470000000000026e-01
-7.750000000000000000e+01 4.712041884816753901e-01 2.063470000000000026e-01
-7.625000000000000000e+01 -1.083769633507853669e+01 6.662600000000000466e-02
-7.625000000000000000e+01 -9.895287958115185134e+00 1.380129999999999968e-01
-7.625000000000000000e+01 -8.952879581151833577e+00 4.344750000000000001e-01
-7.625000000000000000e+01 -8.010471204188482020e+00 1.433560000000000112e-01
-7.625000000000000000e+01 -7.068062827225130462e+00 2.440029999999999977e-01
-7.625000000000000000e+01 -6.125654450261779793e+00 3.910120000000000262e-01
-7.625000000000000000e+01 -5.183246073298429124e+00 4.002700000000000008e-02
-7.625000000000000000e+01 -4.240837696335078455e+00 1.472000000000000001e-03
-7.625000000000000000e+01 -3.298429319371727786e+00 3.983000000000000429e-03
-7.625000000000000000e+01 -2.356020942408377117e+00 2.553000000000000148e-03
-7.625000000000000000e+01 -1.413612565445026226e+00 4.895000000000000046e-03
-7.625000000000000000e+01 -4.712041884816753901e-01 1.545719999999999872e-01
-7.625000000000000000e+01 4.712041884816753901e-01 1.545719999999999872e-01
-7.625000000000000000e+01 1.413612565445026226e+00 7.951939999999999564e-01
-7.500000000000000000e+01 -1.366492146596859136e+01 7.814200000000000312e-02
-7.500000000000000000e+01 -1.272251308900523981e+01 1.417779999999999874e-01
-7.500000000000000000e+01 -1.178010471204188825e+01 1.237540000000000029e-01
-7.500000000000000000e+01 -1.083769633507853669e+01 3.454430000000000001e-01
-7.500000000000000000e+01 -9.895287958115185134e+00 1.807979999999999865e-01
-7.500000000000000000e+01 -8.952879581151833577e+00 4.904049999999999798e-01
-7.500000000000000000e+01 -8.010471204188482020e+00 2.327770000000000117e-01
-7.500000000000000000e+01 -7.068062827225130462e+00 3.568799999999999750e-02
-7.500000000000000000e+01 -6.125654450261779793e+00 6.070300000000000001e-02
-7.500000000000000000e+01 -5.183246073298429124e+00 4.566900000000000126e-02
-7.500000000000000000e+01 -4.240837696335078455e+00 2.003299999999999872e-02
-7.500000000000000000e+01 -3.298429319371727786e+00 2.305999999999999890e-03
-7.500000000000000000e+01 -2.356020942408377117e+00 6.376999999999999856e-03
-7.500000000000000000e+01 -1.413612565445026226e+00 5.597000000000000412e-03
-7.500000000000000000e+01 -4.712041884816753901e-01 2.579400000000000096e-02
-7.500000000000000000e+01 4.712041884816753901e-01 2.579400000000000096e-02
-7.500000000000000000e+01 1.413612565445026226e+00 4.833390000000000186e-01
-7.500000000000000000e+01 2.356020942408377117e+00 8.853600000000000358e-01
-7.375000000000000000e+01 -1.460732984293194114e+01 0.000000000000000000e+00
-7.375000000000000000e+01 -1.366492146596859136e+01 1.302490000000000037e-01
-7.375000000000000000e+01 -1.272251308900523981e+01 8.214699999999999780e-02
-7.375000000000000000e+01 -1.178010471204188825e+01 9.914800000000000002e-02
-7.375000000000000000e+01 -1.083769633507853669e+01 9.144599999999999951e-02
-7.375000000000000000e+01 -9.895287958115185134e+00 5.901700000000000002e-02
-7.375000000000000000e+01 -8.952879581151833577e+00 9.514599999999999447e-02
-7.375000000000000000e+01 -8.010471204188482020e+00 1.297709999999999975e-01
-7.375000000000000000e+01 -7.068062827225130462e+00 6.026999999999999719e-02
-7.375000000000000000e+01 -6.125654450261779793e+00 2.464699999999999877e-02
-7.375000000000000000e+01 -5.183246073298429124e+00 7.177999999999999658e-02
-7.375000000000000000e+01 -4.240837696335078455e+00 2.272499999999999867e-02
-7.375000000000000000e+01 -3.298429319371727786e+00 7.262000000000000226e-03
-7.375000000000000000e+01 -2.356020942408377117e+00 5.409999999999999878e-03
-7.375000000000000000e+01 -1.413612565445026226e+00 9.429999999999999494e-02
-7.375000000000000000e+01 -4.712041884816753901e-01 2.467000000000000009e-03
-7.375000000000000000e+01 4.712041884816753901e-01 2.467000000000000009e-03
-7.375000000000000000e+01 1.413612565445026226e+00 3.994799999999999740e-02
-7.250000000000000000e+01 -1.460732984293194114e+01 5.432000000000000196e-03
-7.250000000000000000e+01 -1.366492146596859136e+01 1.374849999999999961e-01
-7.250000000000000000e+01 -1.272251308900523981e+01 1.717829999999999913e-01
-7.250000000000000000e+01 -1.178010471204188825e+01 4.293199999999999794e-02
-7.250000000000000000e+01 -1.083769633507853669e+01 6.879999999999999831e-03
-7.250000000000000000e+01 -9.895287958115185134e+00 0.000000000000000000e+00
-7.250000000000000000e+01 -8.952879581151833577e+00 1.134800000000000045e-02
-7.250000000000000000e+01 -8.010471204188482020e+00 4.549579999999999735e-01
-7.250000000000000000e+01 -7.068062827225130462e+00 2.194409999999999972e-01
-7.250000000000000000e+01 -6.125654450261779793e+00 9.730000000000000151e-04
-7.250000000000000000e+01 -5.183246073298429124e+00 9.737000000000000863e-03
-7.250000000000000000e+01 -4.240837696335078455e+00 1.123389999999999944e-01
-7.250000000000000000e+01 -3.298429319371727786e+00 2.123999999999999846e-02
-7.250000000000000000e+01 -2.356020942408377117e+00 4.581500000000000156e-02
-7.250000000000000000e+01 -1.413612565445026226e+00 8.798999999999999530e-03
-7.250000000000000000e+01 -4.712041884816753901e-01 6.908000000000000078e-03
-7.250000000000000000e+01 4.712041884816753901e-01 6.908000000000000078e-03
-7.250000000000000000e+01 1.413612565445026226e+00 1.052499999999999963e-02
-7.125000000000000000e+01 -1.460732984293194114e+01 9.079900000000000471e-02
-7.125000000000000000e+01 -1.366492146596859136e+01 2.439500000000000002e-02
-7.125000000000000000e+01 -1.272251308900523981e+01 2.063379999999999936e-01
-7.125000000000000000e+01 -1.178010471204188825e+01 5.087000000000000376e-03
-7.125000000000000000e+01 -1.083769633507853669e+01 0.000000000000000000e+00
-7.125000000000000000e+01 -9.895287958115185134e+00 6.791000000000000161e-03
-7.125000000000000000e+01 -8.952879581151833577e+00 1.083540000000000059e-01
-7.125000000000000000e+01 -8.010471204188482020e+00 5.735010000000000385e-01
-7.125000000000000000e+01 -7.068062827225130462e+00 6.476700000000000512e-02
-7.125000000000000000e+01 -6.125654450261779793e+00 4.655000000000000283e-03
-7.125000000000000000e+01 -5.183246073298429124e+00 2.429999999999999977e-04
-7.125000000000000000e+01 -4.240837696335078455e+00 3.187299999999999855e-02
-7.125000000000000000e+01 -3.298429319371727786e+00 1.589999999999999888e-04
-7.125000000000000000e+01 -2.356020942408377117e+00 4.296300000000000119e-02
-7.125000000000000000e+01 -1.413612565445026226e+00 3.592000000000000141e-03
-7.125000000000000000e+01 -4.712041884816753901e-01 0.000000000000000000e+00
-7.125000000000000000e+01 4.712041884816753901e-01 0.000000000000000000e+00
-7.125000000000000000e+01 1.413612565445026226e+00 8.846099999999999797e-02
-7.000000000000000000e+01 -1.366492146596859136e+01 8.580000000000000820e-03
-7.000000000000000000e+01 -1.272251308900523981e+01 2.925010000000000110e-01
-7.000000000000000000e+01 -1.178010471204188825e+01 5.186899999999999844e-02
-7.000000000000000000e+01 -1.083769633507853669e+01 3.251979999999999871e-01
-7.000000000000000000e+01 -9.895287958115185134e+00 8.007999999999999494e-03
-7.000000000000000000e+01 -8.952879581151833577e+00 2.644929999999999781e-01
-7.000000000000000000e+01 -8.010471204188482020e+00 3.707599999999999785e-01
-7.000000000000000000e+01 -7.068062827225130462e+00 3.717100000000000265e-02
-7.000000000000000000e+01 -6.125654450261779793e+00 1.861000000000000024e-03
-7.000000000000000000e+01 -5.183246073298429124e+00 8.040000000000000271e-04
-7.000000000000000000e+01 -4.240837696335078455e+00 1.126090000000000008e-01
-7.000000000000000000e+01 -3.298429319371727786e+00 4.487100000000000116e-02
-7.000000000000000000e+01 -2.356020942408377117e+00 1.520499999999999977e-02
-7.000000000000000000e+01 -1.413612565445026226e+00 2.906299999999999856e-02
-7.000000000000000000e+01 -4.712041884816753901e-01 1.220300000000000031e-02
-7.000000000000000000e+01 4.712041884816753901e-01 1.220300000000000031e-02
-7.000000000000000000e+01 1.413612565445026226e+00 6.983999999999999757e-03
-6.875000000000000000e+01 -1.554973821989529448e+01 1.353999999999999952e-03
-6.875000000000000000e+01 -1.460732984293194114e+01 3.046499999999999903e-02
-6.875000000000000000e+01 -1.366492146596859136e+01 1.647500000000000006e-02
-6.875000000000000000e+01 -1.272251308900523981e+01 1.558110000000000051e-01
-6.875000000000000000e+01 -1.178010471204188825e+01 4.379339999999999899e-01
-6.875000000000000000e+01 -1.083769633507853669e+01 6.357599999999999918e-01
-6.875000000000000000e+01 -9.895287958115185134e+00 1.751149999999999929e-01
-6.875000000000000000e+01 -8.952879581151833577e+00 6.335899999999999865e-01
-6.875000000000000000e+01 -8.010471204188482020e+00 6.245999999999999816e-03
-6.875000000000000000e+01 -7.068062827225130462e+00 2.047999999999999907e-03
-6.875000000000000000e+01 -6.125654450261779793e+00 1.129999999999999928e-03
-6.875000000000000000e+01 -5.183246073298429124e+00 4.840000000000000010e-04
-6.875000000000000000e+01 -4.240837696335078455e+00 4.423999999999999981e-03
-6.875000000000000000e+01 -3.298429319371727786e+00 7.030999999999999923e-03
-6.875000000000000000e+01 -2.356020942408377117e+00 4.833999999999999755e-03
-6.875000000000000000e+01 -1.413612565445026226e+00 7.415999999999999849e-03
-6.875000000000000000e+01 -4.712041884816753901e-01 1.129100000000000069e-02
-6.875000000000000000e+01 4.712041884816753901e-01 1.129100000000000069e-02
-6.875000000000000000e+01 1.413612565445026226e+00 1.477200000000000041e-02
-6.875000000000000000e+01 2.356020942408377117e+00 6.295000000000000248e-03
-6.750000000000000000e+01 -1.649214659685864603e+01 3.437439999999999940e-01
-6.750000000000000000e+01 -1.554973821989529448e+01 3.437439999999999940e-01
-6.750000000000000000e+01 -1.460732984293194114e+01 1.554969999999999963e-01
-6.750000000000000000e+01 -1.366492146596859136e+01 1.306289999999999951e-01
-6.750000000000000000e+01 -1.272251308900523981e+01 2.149999999999999828e-02
-6.750000000000000000e+01 -1.178010471204188825e+01 3.182299999999999712e-02
-6.750000000000000000e+01 -1.083769633507853669e+01 3.984869999999999801e-01
-6.750000000000000000e+01 -9.895287958115185134e+00 8.667859999999999454e-01
-6.750000000000000000e+01 -8.952879581151833577e+00 3.495409999999999906e-01
-6.750000000000000000e+01 -8.010471204188482020e+00 2.876999999999999783e-03
-6.750000000000000000e+01 -7.068062827225130462e+00 8.919999999999999978e-04
-6.750000000000000000e+01 -6.125654450261779793e+00 5.297999999999999758e-03
-6.750000000000000000e+01 -5.183246073298429124e+00 1.128000000000000096e-03
-6.750000000000000000e+01 -4.240837696335078455e+00 8.059999999999999673e-04
-6.750000000000000000e+01 -3.298429319371727786e+00 1.441199999999999946e-02
-6.750000000000000000e+01 -2.356020942408377117e+00 3.310000000000000225e-04
-6.750000000000000000e+01 -1.413612565445026226e+00 8.000000000000000654e-05
-6.750000000000000000e+01 -4.712041884816753901e-01 8.989999999999999511e-04
-6.750000000000000000e+01 4.712041884816753901e-01 8.989999999999999511e-04
-6.750000000000000000e+01 1.413612565445026226e+00 6.081999999999999733e-03
-6.750000000000000000e+01 2.356020942408377117e+00 6.335999999999999618e-03
-6.625000000000000000e+01 -1.837696335078534560e+01 8.382100000000000661e-02
-6.625000000000000000e+01 -1.743455497382199582e+01 2.873220000000000218e-01
-6.625000000000000000e+01 -1.649214659685864603e+01 1.202399999999999997e-02
-6.625000000000000000e+01 -1.554973821989529448e+01 1.202399999999999997e-02
-6.625000000000000000e+01 -1.460732984293194114e+01 1.030299999999999966e-02
-6.625000000000000000e+01 -1.366492146596859136e+01 1.134000000000000025e-03
-6.625000000000000000e+01 -1.272251308900523981e+01 0.000000000000000000e+00
-6.625000000000000000e+01 -1.178010471204188825e+01 9.778999999999999498e-03
-6.625000000000000000e+01 -1.083769633507853669e+01 1.531190000000000051e-01
-6.625000000000000000e+01 -9.895287958115185134e+00 3.114770000000000039e-01
-6.625000000000000000e+01 -8.952879581151833577e+00 2.165789999999999937e-01
-6.625000000000000000e+01 -8.010471204188482020e+00 9.015000000000000444e-03
-6.625000000000000000e+01 -7.068062827225130462e+00 8.109999999999999805e-04
-6.625000000000000000e+01 -6.125654450261779793e+00 1.610000000000000103e-04
-6.625000000000000000e+01 -5.183246073298429124e+00 3.260000000000000094e-04
-6.625000000000000000e+01 -4.240837696335078455e+00 3.536000000000000081e-03
-6.625000000000000000e+01 -3.298429319371727786e+00 1.426900000000000043e-02
-6.625000000000000000e+01 -2.356020942408377117e+00 6.283999999999999655e-03
-6.625000000000000000e+01 -1.413612565445026226e+00 0.000000000000000000e+00
-6.625000000000000000e+01 -4.712041884816753901e-01 2.425000000000000072e-03
-6.625000000000000000e+01 4.712041884816753901e-01 2.425000000000000072e-03
-6.625000000000000000e+01 1.413612565445026226e+00 8.223500000000000254e-02
-6.625000000000000000e+01 2.356020942408377117e+00 6.887600000000000666e-02
-6.500000000000000000e+01 -1.837696335078534560e+01 2.827599999999999905e-02
-6.500000000000000000e+01 -1.743455497382199582e+01 5.208350000000000479e-01
-6.500000000000000000e+01 -1.649214659685864603e+01 4.701700000000000323e-02
-6.500000000000000000e+01 -1.554973821989529448e+01 4.701700000000000323e-02
-6.500000000000000000e+01 -1.460732984293194114e+01 9.039999999999999425e-03
-6.500000000000000000e+01 -1.366492146596859136e+01 4.837000000000000154e-03
-6.500000000000000000e+01 -1.272251308900523981e+01 1.992999999999999980e-03
-6.500000000000000000e+01 -1.178010471204188825e+01 4.520199999999999912e-02
-6.500000000000000000e+01 -1.083769633507853669e+01 2.895170000000000243e-01
-6.500000000000000000e+01 -9.895287958115185134e+00 7.103110000000000257e-01
-6.500000000000000000e+01 -8.952879581151833577e+00 3.638410000000000255e-01
-6.500000000000000000e+01 -8.010471204188482020e+00 8.133300000000000252e-02
-6.500000000000000000e+01 -7.068062827225130462e+00 1.177350000000000063e-01
-6.500000000000000000e+01 -6.125654450261779793e+00 1.147999999999999932e-03
-6.500000000000000000e+01 -5.183246073298429124e+00 3.374499999999999722e-02
-6.500000000000000000e+01 -4.240837696335078455e+00 5.303000000000000075e-02
-6.500000000000000000e+01 -3.298429319371727786e+00 9.590600000000000513e-02
-6.500000000000000000e+01 -2.356020942408377117e+00 4.329999999999999648e-03
-6.500000000000000000e+01 -1.413612565445026226e+00 1.791999999999999973e-03
-6.500000000000000000e+01 -4.712041884816753901e-01 8.082999999999999907e-03
-6.500000000000000000e+01 4.712041884816753901e-01 8.082999999999999907e-03
-6.500000000000000000e+01 1.413612565445026226e+00 2.658999999999999905e-03
-6.375000000000000000e+01 -2.026178010471204516e+01 5.000000000000000000e-01
-6.375000000000000000e+01 -1.931937172774869538e+01 2.913200000000000234e-01
-6.375000000000000000e+01 -1.837696335078534560e+01 1.890689999999999871e-01
-6.375000000000000000e+01 -1.743455497382199582e+01 6.200660000000000061e-01
-6.375000000000000000e+01 -1.649214659685864603e+01 6.990599999999999592e-02
-6.375000000000000000e+01 -1.554973821989529448e+01 6.990599999999999592e-02
-6.375000000000000000e+01 -1.460732984293194114e+01 3.336100000000000176e-02
-6.375000000000000000e+01 -1.366492146596859136e+01 3.468999999999999861e-03
-6.375000000000000000e+01 -1.272251308900523981e+01 5.852000000000000431e-03
-6.375000000000000000e+01 -1.178010471204188825e+01 5.938219999999999610e-01
-6.375000000000000000e+01 -1.083769633507853669e+01 9.791099999999999803e-02
-6.375000000000000000e+01 -9.895287958115185134e+00 6.387089999999999712e-01
-6.375000000000000000e+01 -8.952879581151833577e+00 8.728089999999999460e-01
-6.375000000000000000e+01 -8.010471204188482020e+00 5.672880000000000145e-01
-6.375000000000000000e+01 -7.068062827225130462e+00 1.454209999999999947e-01
-6.375000000000000000e+01 -6.125654450261779793e+00 4.970999999999999724e-03
-6.375000000000000000e+01 -5.183246073298429124e+00 3.685900000000000287e-02
-6.375000000000000000e+01 -4.240837696335078455e+00 1.476240000000000052e-01
-6.375000000000000000e+01 -3.298429319371727786e+00 1.724000000000000055e-03
-6.375000000000000000e+01 -2.356020942408377117e+00 3.249999999999999851e-04
-6.375000000000000000e+01 -1.413612565445026226e+00 3.240000000000000150e-04
-6.375000000000000000e+01 -4.712041884816753901e-01 1.828999999999999897e-03
-6.375000000000000000e+01 4.712041884816753901e-01 1.828999999999999897e-03
-6.375000000000000000e+01 1.413612565445026226e+00 0.000000000000000000e+00
-6.375000000000000000e+01 3.298429319371727786e+00 1.870899999999999994e-02
-6.250000000000000000e+01 -1.931937172774869538e+01 4.016649999999999943e-01
-6.250000000000000000e+01 -1.837696335078534560e+01 7.218590000000000284e-01
-6.250000000000000000e+01 -1.743455497382199582e+01 8.356850000000000112e-01
-6.250000000000000000e+01 -1.649214659685864603e+01 1.563549999999999940e-01
-6.250000000000000000e+01 -1.554973821989529448e+01 1.563549999999999940e-01
-6.250000000000000000e+01 -1.460732984293194114e+01 8.959999999999999215e-03
-6.250000000000000000e+01 -1.366492146596859136e+01 2.263999999999999953e-03
-6.250000000000000000e+01 -1.272251308900523981e+01 1.985900000000000165e-02
-6.250000000000000000e+01 -1.178010471204188825e+01 5.899830000000000352e-01
-6.250000000000000000e+01 -1.083769633507853669e+01 4.651129999999999987e-01
-6.250000000000000000e+01 -9.895287958115185134e+00 9.833669999999999911e-01
-6.250000000000000000e+01 -8.952879581151833577e+00 5.977580000000000116e-01
-6.250000000000000000e+01 -8.010471204188482020e+00 4.514440000000000119e-01
-6.250000000000000000e+01 -7.068062827225130462e+00 7.485530000000000239e-01
-6.250000000000000000e+01 -6.125654450261779793e+00 2.341870000000000063e-01
-6.250000000000000000e+01 -5.183246073298429124e+00 2.396000000000000126e-03
-6.250000000000000000e+01 -4.240837696335078455e+00 2.292440000000000033e-01
-6.250000000000000000e+01 -3.298429319371727786e+00 1.802300000000000083e-02
-6.250000000000000000e+01 -2.356020942408377117e+00 1.056999999999999997e-03
-6.250000000000000000e+01 -1.413612565445026226e+00 9.411899999999999433e-02
-6.250000000000000000e+01 -4.712041884816753901e-01 6.509999999999999945e-04
-6.250000000000000000e+01 4.712041884816753901e-01 6.509999999999999945e-04
-6.250000000000000000e+01 1.413612565445026226e+00 1.992999999999999980e-03
-6.250000000000000000e+01 2.356020942408377117e+00 6.956000000000000377e-03
-6.250000000000000000e+01 3.298429319371727786e+00 0.000000000000000000e+00
-6.125000000000000000e+01 -1.837696335078534560e+01 2.035959999999999992e-01
-6.125000000000000000e+01 -1.743455497382199582e+01 3.170220000000000260e-01
-6.125000000000000000e+01 -1.649214659685864603e+01 3.307640000000000025e-01
-6.125000000000000000e+01 -1.554973821989529448e+01 3.307640000000000025e-01
-6.125000000000000000e+01 -1.460732984293194114e+01 6.253000000000000225e-02
-6.125000000000000000e+01 -1.366492146596859136e+01 7.138799999999999313e-02
-6.125000000000000000e+01 -1.272251308900523981e+01 7.233230000000000492e-01
-6.125000000000000000e+01 -1.178010471204188825e+01 8.145839999999999748e-01
-6.125000000000000000e+01 -1.083769633507853669e+01 5.283590000000000231e-01
-6.125000000000000000e+01 -9.895287958115185134e+00 5.995089999999999586e-01
-6.125000000000000000e+01 -8.952879581151833577e+00 3.075220000000000176e-01
-6.125000000000000000e+01 -8.010471204188482020e+00 2.412249999999999950e-01
-6.125000000000000000e+01 -7.068062827225130462e+00 9.924299999999999788e-02
-6.125000000000000000e+01 -6.125654450261779793e+00 1.821579999999999866e-01
-6.125000000000000000e+01 -5.183246073298429124e+00 1.331960000000000088e-01
-6.125000000000000000e+01 -4.240837696335078455e+00 4.185440000000000271e-01
-6.125000000000000000e+01 -3.298429319371727786e+00 4.412179999999999991e-01
-6.125000000000000000e+01 -2.356020942408377117e+00 7.642999999999999620e-03
-6.125000000000000000e+01 -1.413612565445026226e+00 5.280300000000000271e-02
-6.125000000000000000e+01 -4.712041884816753901e-01 2.394789999999999974e-01
-6.125000000000000000e+01 4.712041884816753901e-01 2.394789999999999974e-01
-6.125000000000000000e+01 1.413612565445026226e+00 3.283449999999999980e-01
-6.125000000000000000e+01 2.356020942408377117e+00 7.945780000000000065e-01
-6.125000000000000000e+01 3.298429319371727786e+00 2.815380000000000105e-01
-6.125000000000000000e+01 4.240837696335078455e+00 1.028189999999999937e-01
-6.000000000000000000e+01 -1.554973821989529448e+01 1.473160000000000025e-01
-6.000000000000000000e+01 -1.460732984293194114e+01 4.489060000000000272e-01
-6.000000000000000000e+01 -1.366492146596859136e+01 6.057679999999999731e-01
-6.000000000000000000e+01 -1.272251308900523981e+01 4.955939999999999790e-01
-6.000000000000000000e+01 -1.178010471204188825e+01 1.780470000000000108e-01
-6.000000000000000000e+01 -1.083769633507853669e+01 4.214500000000000191e-02
-6.000000000000000000e+01 -9.895287958115185134e+00 4.035610000000000031e-01
-6.000000000000000000e+01 -8.952879581151833577e+00 2.225149999999999906e-01
-6.000000000000000000e+01 -8.010471204188482020e+00 3.678000000000000019e-02
-6.000000000000000000e+01 -7.068062827225130462e+00 4.741969999999999796e-01
-6.000000000000000000e+01 -6.125654450261779793e+00 1.906599999999999961e-01
-6.000000000000000000e+01 -5.183246073298429124e+00 1.937010000000000121e-01
-6.000000000000000000e+01 -4.240837696335078455e+00 5.655970000000000164e-01
-6.000000000000000000e+01 -3.298429319371727786e+00 8.584589999999999721e-01
-6.000000000000000000e+01 -2.356020942408377117e+00 8.690630000000000299e-01
-6.000000000000000000e+01 -1.413612565445026226e+00 3.249980000000000091e-01
-6.000000000000000000e+01 -4.712041884816753901e-01 8.030900000000000538e-02
-6.000000000000000000e+01 4.712041884816753901e-01 8.030900000000000538e-02
-6.000000000000000000e+01 1.413612565445026226e+00 7.706150000000000500e-01
-6.000000000000000000e+01 2.356020942408377117e+00 3.813270000000000270e-01
-6.000000000000000000e+01 3.298429319371727786e+00 1.301200000000000134e-01
-6.000000000000000000e+01 4.240837696335078455e+00 1.389300000000000083e-02
-6.000000000000000000e+01 5.183246073298429124e+00 1.488899999999999946e-02
-5.875000000000000000e+01 -1.366492146596859136e+01 5.951800000000000146e-02
-5.875000000000000000e+01 -1.272251308900523981e+01 9.273999999999999258e-03
-5.875000000000000000e+01 -1.178010471204188825e+01 2.665420000000000011e-01
-5.875000000000000000e+01 -1.083769633507853669e+01 7.255709999999999660e-01
-5.875000000000000000e+01 -9.895287958115185134e+00 7.988520000000000065e-01
-5.875000000000000000e+01 -8.952879581151833577e+00 2.726000000000000090e-01
-5.875000000000000000e+01 -8.010471204188482020e+00 1.069900000000000018e-02
-5.875000000000000000e+01 -7.068062827225130462e+00 2.839639999999999942e-01
-5.875000000000000000e+01 -6.125654450261779793e+00 1.896799999999999875e-02
-5.875000000000000000e+01 -5.183246073298429124e+00 3.851999999999999955e-03
-5.875000000000000000e+01 -4.240837696335078455e+00 3.385850000000000248e-01
-5.875000000000000000e+01 -3.298429319371727786e+00 8.221349999999999492e-01
-5.875000000000000000e+01 -2.356020942408377117e+00 2.714860000000000051e-01
-5.875000000000000000e+01 -1.413612565445026226e+00 2.087200000000000166e-02
-5.875000000000000000e+01 -4.712041884816753901e-01 4.434999999999999706e-03
-5.875000000000000000e+01 4.712041884816753901e-01 4.434999999999999706e-03
-5.750000000000000000e+01 -1.366492146596859136e+01 6.018300000000000038e-02
-5.750000000000000000e+01 -1.272251308900523981e+01 8.859000000000000208e-02
-5.750000000000000000e+01 -1.178010471204188825e+01 6.688159999999999661e-01
-5.750000000000000000e+01 -1.083769633507853669e+01 5.982399999999999940e-01
-5.750000000000000000e+01 -9.895287958115185134e+00 8.401990000000000292e-01
-5.750000000000000000e+01 -8.952879581151833577e+00 2.482600000000000084e-01
-5.750000000000000000e+01 -8.010471204188482020e+00 2.186470000000000080e-01
-5.750000000000000000e+01 -7.068062827225130462e+00 1.779899999999999885e-02
-5.750000000000000000e+01 -6.125654450261779793e+00 2.705649999999999999e-01
-5.750000000000000000e+01 -5.183246073298429124e+00 4.488299999999999929e-02
-5.750000000000000000e+01 -4.240837696335078455e+00 1.173479999999999940e-01
-5.750000000000000000e+01 -3.298429319371727786e+00 4.875229999999999841e-01
-5.750000000000000000e+01 -2.356020942408377117e+00 1.086830000000000018e-01
-5.750000000000000000e+01 -1.413612565445026226e+00 1.912700000000000164e-02
-5.750000000000000000e+01 -4.712041884816753901e-01 7.405000000000000471e-02
-5.750000000000000000e+01 4.712041884816753901e-01 7.405000000000000471e-02
-5.750000000000000000e+01 1.413612565445026226e+00 1.327740000000000031e-01
-5.625000000000000000e+01 -1.366492146596859136e+01 4.217049999999999965e-01
-5.625000000000000000e+01 -1.272251308900523981e+01 3.823239999999999972e-01
-5.625000000000000000e+01 -1.178010471204188825e+01 8.339410000000000434e-01
-5.625000000000000000e+01 -1.083769633507853669e+01 6.426380000000000425e-01
-5.625000000000000000e+01 -9.895287958115185134e+00 9.867029999999999967e-01
-5.625000000000000000e+01 -8.952879581151833577e+00 1.444900000000000073e-01
-5.625000000000000000e+01 -8.010471204188482020e+00 1.144769999999999954e-01
-5.625000000000000000e+01 -7.068062827225130462e+00 3.409360000000000168e-01
-5.625000000000000000e+01 -6.125654450261779793e+00 3.992729999999999890e-01
-5.625000000000000000e+01 -5.183246073298429124e+00 5.312829999999999497e-01
-5.625000000000000000e+01 -4.240837696335078455e+00 5.044340000000000490e-01
-5.625000000000000000e+01 -3.298429319371727786e+00 2.490199999999999914e-01
-5.625000000000000000e+01 -2.356020942408377117e+00 4.595440000000000080e-01
-5.625000000000000000e+01 -1.413612565445026226e+00 8.436899999999999955e-02
-5.625000000000000000e+01 -4.712041884816753901e-01 2.877999999999999916e-03
-5.625000000000000000e+01 4.712041884816753901e-01 2.877999999999999916e-03
-5.625000000000000000e+01 1.413612565445026226e+00 0.000000000000000000e+00
-5.500000000000000000e+01 -1.460732984293194114e+01 1.876619999999999955e-01
-5.500000000000000000e+01 -1.366492146596859136e+01 6.061899999999999927e-02
-5.500000000000000000e+01 -1.272251308900523981e+01 6.321029999999999704e-01
-5.500000000000000000e+01 -1.178010471204188825e+01 9.133449999999999624e-01
-5.500000000000000000e+01 -1.083769633507853669e+01 9.336759999999999504e-01
-5.500000000000000000e+01 -9.895287958115185134e+00 9.186210000000000209e-01
-5.500000000000000000e+01 -8.952879581151833577e+00 3.211109999999999798e-01
-5.500000000000000000e+01 -8.010471204188482020e+00 6.521700000000000275e-01
-5.500000000000000000e+01 -7.068062827225130462e+00 4.356610000000000205e-01
-5.500000000000000000e+01 -6.125654450261779793e+00 2.384350000000000080e-01
-5.500000000000000000e+01 -5.183246073298429124e+00 1.679479999999999862e-01
-5.500000000000000000e+01 -4.240837696335078455e+00 6.715379999999999683e-01
-5.500000000000000000e+01 -3.298429319371727786e+00 7.188109999999999777e-01
-5.500000000000000000e+01 -2.356020942408377117e+00 6.829049999999999843e-01
-5.500000000000000000e+01 -1.413612565445026226e+00 1.517529999999999990e-01
-5.500000000000000000e+01 -4.712041884816753901e-01 3.220000000000000206e-04
-5.500000000000000000e+01 4.712041884816753901e-01 3.220000000000000206e-04
-5.500000000000000000e+01 1.413612565445026226e+00 2.420000000000000005e-04
-5.500000000000000000e+01 2.356020942408377117e+00 1.234000000000000071e-03
-5.375000000000000000e+01 -1.460732984293194114e+01 2.773999999999999990e-03
-5.375000000000000000e+01 -1.366492146596859136e+01 5.601300000000000029e-02
-5.375000000000000000e+01 -1.272251308900523981e+01 4.650340000000000029e-01
-5.375000000000000000e+01 -1.178010471204188825e+01 3.423260000000000192e-01
-5.375000000000000000e+01 -1.083769633507853669e+01 6.195789999999999909e-01
-5.375000000000000000e+01 -9.895287958115185134e+00 6.375349999999999628e-01
-5.375000000000000000e+01 -8.952879581151833577e+00 7.202699999999999381e-02
-5.375000000000000000e+01 -8.010471204188482020e+00 8.000000000000000654e-05
-5.375000000000000000e+01 -7.068062827225130462e+00 1.932619999999999894e-01
-5.375000000000000000e+01 -6.125654450261779793e+00 2.812270000000000048e-01
-5.375000000000000000e+01 -5.183246073298429124e+00 4.623749999999999805e-01
-5.375000000000000000e+01 -4.240837696335078455e+00 6.131180000000000518e-01
-5.375000000000000000e+01 -3.298429319371727786e+00 8.422760000000000247e-01
-5.375000000000000000e+01 -2.356020942408377117e+00 5.771910000000000096e-01
-5.375000000000000000e+01 -1.413612565445026226e+00 4.148200000000000220e-01
-5.375000000000000000e+01 -4.712041884816753901e-01 1.246960000000000013e-01
-5.375000000000000000e+01 4.712041884816753901e-01 1.246960000000000013e-01
-5.375000000000000000e+01 1.413612565445026226e+00 4.378960000000000075e-01
-5.375000000000000000e+01 2.356020942408377117e+00 6.468899999999999650e-02
-5.250000000000000000e+01 -1.366492146596859136e+01 1.417599999999999937e-02
-5.250000000000000000e+01 -1.272251308900523981e+01 3.646229999999999749e-01
-5.250000000000000000e+01 -1.178010471204188825e+01 2.005679999999999963e-01
-5.250000000000000000e+01 -1.083769633507853669e+01 3.705629999999999757e-01
-5.250000000000000000e+01 -9.895287958115185134e+00 2.200570000000000026e-01
-5.250000000000000000e+01 -8.952879581151833577e+00 1.009799999999999934e-02
-5.250000000000000000e+01 -8.010471204188482020e+00 6.162399999999999822e-02
-5.250000000000000000e+01 -7.068062827225130462e+00 5.882640000000000091e-01
-5.250000000000000000e+01 -6.125654450261779793e+00 6.716419999999999613e-01
-5.250000000000000000e+01 -5.183246073298429124e+00 9.449399999999999467e-02
-5.250000000000000000e+01 -4.240837696335078455e+00 3.025590000000000224e-01
-5.250000000000000000e+01 -3.298429319371727786e+00 7.690529999999999866e-01
-5.250000000000000000e+01 -2.356020942408377117e+00 2.862140000000000239e-01
-5.250000000000000000e+01 -1.413612565445026226e+00 8.460410000000000430e-01
-5.250000000000000000e+01 -4.712041884816753901e-01 3.479740000000000055e-01
-5.250000000000000000e+01 4.712041884816753901e-01 3.479740000000000055e-01
-5.125000000000000000e+01 -8.952879581151833577e+00 8.169220000000000370e-01
-5.125000000000000000e+01 -8.010471204188482020e+00 5.431319999999999482e-01
-5.125000000000000000e+01 -7.068062827225130462e+00 6.763339999999999907e-01
-5.125000000000000000e+01 -5.183246073298429124e+00 4.478639999999999843e-01
-5.125000000000000000e+01 -4.240837696335078455e+00 6.609990000000000032e-01
-5.125000000000000000e+01 -3.298429319371727786e+00 9.761630000000000029e-01
-5.125000000000000000e+01 -2.356020942408377117e+00 7.463009999999999922e-01
-5.000000000000000000e+01 -3.298429319371727786e+00 9.412730000000000263e-01
