-7.875000000000000000e+01 -6.125654450261779793e+00 5.135929999999999662e-01
-7.875000000000000000e+01 -5.183246073298429124e+00 2.510160000000000169e-01
-7.875000000000000000e+01 -4.240837696335078455e+00 3.917740000000000111e-01
-7.875000000000000000e+01 -3.298429319371727786e+00 4.869689999999999852e-01
-7.875000000000000000e+01 -2.356020942408377117e+00 0.000000000000000000e+00
-7.875000000000000000e+01 -1.413612565445026226e+00 0.000000000000000000e+00
-7.750000000000000000e+01 -8.952879581151833577e+00 1.897490000000000010e-01
-7.750000000000000000e+01 -8.010471204188482020e+00 1.435049999999999937e-01
-7.750000000000000000e+01 -7.068062827225130462e+00 2.963210000000000011e-01
-7.750000000000000000e+01 -6.125654450261779793e+00 5.819990000000000441e-01
-7.750000000000000000e+01 -5.183246073298429124e+00 1.860999999999999877e-01
-7.750000000000000000e+01 -4.240837696335078455e+00 6.478299999999999337e-02
-7.750000000000000000e+01 -3.298429319371727786e+00 3.952910000000000035e-01
-7.750000000000000000e+01 -2.356020942408377117e+00 2.879530000000000145e-01
-7.750000000000000000e+01 -1.413612565445026226e+00 3.639240000000000252e-01
-7.750000000000000000e+01 -4.712041884816753901e-01 2.111149999999999971e-01
-7.750000000000000000e+01 4.712041884816753901e-01 2.111149999999999971e-01
-7.625000000000000000e+01 -1.083769633507853669e+01 6.836599999999999622e-02
-7.625000000000000000e+01 -9.895287958115185134e+00 1.376850000000000018e-01
-7.625000000000000000e+01 -8.952879581151833577e+00 4.552999999999999825e-01
-7.625000000000000000e+01 -8.010471204188482020e+00 1.744640000000000080e-01
-7.625000000000000000e+01 -7.068062827225130462e+00 3.181109999999999771e-01
-7.625000000000000000e+01 -6.125654450261779793e+00 4.556009999999999782e-01
-7.625000000000000000e+01 -5.183246073298429124e+00 4.686699999999999894e-02
-7.625000000000000000e+01 -4.240837696335078455e+00 1.472000000000000001e-03
-7.625000000000000000e+01 -3.298429319371727786e+00 3.983000000000000429e-03
-7.625000000000000000e+01 -2.356020942408377117e+00 2.553000000000000148e-03
-7.625000000000000000e+01 -1.413612565445026226e+00 2.611000000000000040e-03
-7.625000000000000000e+01 -4.712041884816753901e-01 7.941499999999999948e-02
-7.625000000000000000e+01 4.712041884816753901e-01 7.941499999999999948e-02
-7.625000000000000000e+01 1.413612565445026226e+00 8.717519999999999714e-01
-7.500000000000000000e+01 -1.366492146596859136e+01 7.814200000000000312e-02
-7.500000000000000000e+01 -1.272251308900523981e+01 1.417779999999999874e-01
-7.500000000000000000e+01 -1.178010471204188825e+01 1.241629999999999956e-01
-7.500000000000000000e+01 -1.083769633507853669e+01 3.908130000000000215e-01
-7.500000000000000000e+01 -9.895287958115185134e+00 1.921809999999999907e-01
-7.500000000000000000e+01 -8.952879581151833577e+00 5.072170000000000289e-01
-7.500000000000000000e+01 -8.010471204188482020e+00 2.590489999999999737e-01
-7.500000000000000000e+01 -7.068062827225130462e+00 3.560399999999999676e-02
-7.500000000000000000e+01 -6.125654450261779793e+00 6.070300000000000001e-02
-7.500000000000000000e+01 -5.183246073298429124e+00 4.566900000000000126e-02
-7.500000000000000000e+01 -4.240837696335078455e+00 2.003299999999999872e-02
-7.500000000000000000e+01 -3.298429319371727786e+00 2.305999999999999890e-03
-7.500000000000000000e+01 -2.356020942408377117e+00 6.376999999999999856e-03
-7.500000000000000000e+01 -1.413612565445026226e+00 5.597000000000000412e-03
-7.500000000000000000e+01 -4.712041884816753901e-01 3.035600000000000104e-02
-7.500000000000000000e+01 4.712041884816753901e-01 3.035600000000000104e-02
-7.500000000000000000e+01 1.413612565445026226e+00 6.079320000000000279e-01
-7.500000000000000000e+01 2.356020942408377117e+00 9.208190000000000541e-01
-7.375000000000000000e+01 -1.460732984293194114e+01 0.000000000000000000e+00
-7.375000000000000000e+01 -1.366492146596859136e+01 1.302490000000000037e-01
-7.375000000000000000e+01 -1.272251308900523981e+01 8.918299999999999839e-02
-7.375000000000000000e+01 -1.178010471204188825e+01 9.750899999999999845e-02
-7.375000000000000000e+01 -1.083769633507853669e+01 1.038440000000000057e-01
-7.375000000000000000e+01 -9.895287958115185134e+00 5.654499999999999804e-02
-7.375000000000000000e+01 -8.952879581151833577e+00 9.497899999999999399e-02
-7.375000000000000000e+01 -8.010471204188482020e+00 1.550020000000000009e-01
-7.375000000000000000e+01 -7.068062827225130462e+00 4.846099999999999713e-02
-7.375000000000000000e+01 -6.125654450261779793e+00 2.464699999999999877e-02
-7.375000000000000000e+01 -5.183246073298429124e+00 7.177999999999999658e-02
-7.375000000000000000e+01 -4.240837696335078455e+00 2.272499999999999867e-02
-7.375000000000000000e+01 -3.298429319371727786e+00 7.262000000000000226e-03
-7.375000000000000000e+01 -2.356020942408377117e+00 5.409999999999999878e-03
-7.375000000000000000e+01 -1.413612565445026226e+00 1.345379999999999909e-01
-7.375000000000000000e+01 -4.712041884816753901e-01 2.467000000000000009e-03
-7.375000000000000000e+01 4.712041884816753901e-01 2.467000000000000009e-03
-7.375000000000000000e+01 1.413612565445026226e+00 3.978399999999999992e-02
-7.250000000000000000e+01 -1.460732984293194114e+01 5.432000000000000196e-03
-7.250000000000000000e+01 -1.366492146596859136e+01 1.374849999999999961e-01
-7.250000000000000000e+01 -1.272251308900523981e+01 1.771619999999999862e-01
-7.250000000000000000e+01 -1.178010471204188825e+01 4.374800000000000216e-02
-7.250000000000000000e+01 -1.083769633507853669e+01 6.879999999999999831e-03
-7.250000000000000000e+01 -9.895287958115185134e+00 0.000000000000000000e+00
-7.250000000000000000e+01 -8.952879581151833577e+00 1.094000000000000007e-02
-7.250000000000000000e+01 -8.010471204188482020e+00 4.618439999999999768e-01
-7.250000000000000000e+01 -7.068062827225130462e+00 1.661400000000000099e-01
-7.250000000000000000e+01 -6.125654450261779793e+00 9.730000000000000151e-04
-7.250000000000000000e+01 -5.183246073298429124e+00 9.737000000000000863e-03
-7.250000000000000000e+01 -4.240837696335078455e+00 1.123389999999999944e-01
-7.250000000000000000e+01 -3.298429319371727786e+00 2.123999999999999846e-02
-7.250000000000000000e+01 -2.356020942408377117e+00 7.500800000000000523e-02
-7.250000000000000000e+01 -1.413612565445026226e+00 2.359999999999999945e-02
-7.250000000000000000e+01 -4.712041884816753901e-01 6.908000000000000078e-03
-7.250000000000000000e+01 4.712041884816753901e-01 6.908000000000000078e-03
-7.250000000000000000e+01 1.413612565445026226e+00 1.020399999999999953e-02
-7.125000000000000000e+01 -1.460732984293194114e+01 9.079900000000000471e-02
-7.125000000000000000e+01 -1.366492146596859136e+01 2.439500000000000002e-02
-7.125000000000000000e+01 -1.272251308900523981e+01 2.187010000000000065e-01
-7.125000000000000000e+01 -1.178010471204188825e+01 0.000000000000000000e+00
-7.125000000000000000e+01 -1.083769633507853669e+01 0.000000000000000000e+00
-7.125000000000000000e+01 -9.895287958115185134e+00 6.791000000000000161e-03
-7.125000000000000000e+01 -8.952879581151833577e+00 9.789100000000000579e-02
-7.125000000000000000e+01 -8.010471204188482020e+00 5.911990000000000300e-01
-7.125000000000000000e+01 -7.068062827225130462e+00 3.885999999999999871e-02
-7.125000000000000000e+01 -6.125654450261779793e+00 4.655000000000000283e-03
-7.125000000000000000e+01 -5.183246073298429124e+00 2.429999999999999977e-04
-7.125000000000000000e+01 -4.240837696335078455e+00 3.797600000000000281e-02
-7.125000000000000000e+01 -3.298429319371727786e+00 3.190000000000000019e-04
-7.125000000000000000e+01 -2.356020942408377117e+00 4.998799999999999771e-02
-7.125000000000000000e+01 -1.413612565445026226e+00 3.592000000000000141e-03
-7.125000000000000000e+01 -4.712041884816753901e-01 0.000000000000000000e+00
-7.125000000000000000e+01 4.712041884816753901e-01 0.000000000000000000e+00
-7.125000000000000000e+01 1.413612565445026226e+00 1.146559999999999940e-01
-7.000000000000000000e+01 -1.366492146596859136e+01 8.673000000000000154e-03
-7.000000000000000000e+01 -1.272251308900523981e+01 4.003349999999999964e-01
-7.000000000000000000e+01 -1.178010471204188825e+01 6.571100000000000552e-02
-7.000000000000000000e+01 -1.083769633507853669e+01 3.558080000000000132e-01
-7.000000000000000000e+01 -9.895287958115185134e+00 3.155000000000000165e-02
-7.000000000000000000e+01 -8.952879581151833577e+00 2.742499999999999938e-01
-7.000000000000000000e+01 -8.010471204188482020e+00 3.967709999999999848e-01
-7.000000000000000000e+01 -7.068062827225130462e+00 4.837999999999999939e-02
-7.000000000000000000e+01 -6.125654450261779793e+00 1.861000000000000024e-03
-7.000000000000000000e+01 -5.183246073298429124e+00 8.040000000000000271e-04
-7.000000000000000000e+01 -4.240837696335078455e+00 1.383479999999999988e-01
-7.000000000000000000e+01 -3.298429319371727786e+00 8.148800000000000487e-02
-7.000000000000000000e+01 -2.356020942408377117e+00 3.144999999999999879e-02
-7.000000000000000000e+01 -1.413612565445026226e+00 4.193299999999999805e-02
-7.000000000000000000e+01 -4.712041884816753901e-01 1.220300000000000031e-02
-7.000000000000000000e+01 4.712041884816753901e-01 1.220300000000000031e-02
-7.000000000000000000e+01 1.413612565445026226e+00 8.446000000000000382e-03
-6.875000000000000000e+01 -1.554973821989529448e+01 6.769999999999999759e-04
-6.875000000000000000e+01 -1.460732984293194114e+01 3.964299999999999768e-02
-6.875000000000000000e+01 -1.366492146596859136e+01 1.582499999999999879e-02
-6.875000000000000000e+01 -1.272251308900523981e+01 1.312530000000000086e-01
-6.875000000000000000e+01 -1.178010471204188825e+01 4.005980000000000096e-01
-6.875000000000000000e+01 -1.083769633507853669e+01 6.409249999999999670e-01
-6.875000000000000000e+01 -9.895287958115185134e+00 1.257179999999999964e-01
-6.875000000000000000e+01 -8.952879581151833577e+00 4.968910000000000271e-01
-6.875000000000000000e+01 -8.010471204188482020e+00 1.369399999999999958e-02
-6.875000000000000000e+01 -7.068062827225130462e+00 2.047999999999999907e-03
-6.875000000000000000e+01 -6.125654450261779793e+00 1.129999999999999928e-03
-6.875000000000000000e+01 -5.183246073298429124e+00 4.840000000000000010e-04
-6.875000000000000000e+01 -4.240837696335078455e+00 4.423999999999999981e-03
-6.875000000000000000e+01 -3.298429319371727786e+00 7.030999999999999923e-03
-6.875000000000000000e+01 -2.356020942408377117e+00 6.226999999999999896e-03
-6.875000000000000000e+01 -1.413612565445026226e+00 1.200999999999999984e-02
-6.875000000000000000e+01 -4.712041884816753901e-01 1.129100000000000069e-02
-6.875000000000000000e+01 4.712041884816753901e-01 1.129100000000000069e-02
-6.875000000000000000e+01 1.413612565445026226e+00 1.681200000000000055e-02
-6.875000000000000000e+01 2.356020942408377117e+00 6.131000000000000165e-03
-6.750000000000000000e+01 -1.649214659685864603e+01 3.048759999999999803e-01
-6.750000000000000000e+01 -1.554973821989529448e+01 3.048759999999999803e-01
-6.750000000000000000e+01 -1.460732984293194114e+01 1.609440000000000037e-01
-6.750000000000000000e+01 -1.366492146596859136e+01 1.232449999999999934e-01
-6.750000000000000000e+01 -1.272251308900523981e+01 1.939899999999999958e-02
-6.750000000000000000e+01 -1.178010471204188825e+01 2.061500000000000138e-02
-6.750000000000000000e+01 -1.083769633507853669e+01 4.308279999999999887e-01
-6.750000000000000000e+01 -9.895287958115185134e+00 8.230039999999999578e-01
-6.750000000000000000e+01 -8.952879581151833577e+00 2.632729999999999793e-01
-6.750000000000000000e+01 -8.010471204188482020e+00 2.716999999999999797e-03
-6.750000000000000000e+01 -7.068062827225130462e+00 8.919999999999999978e-04
-6.750000000000000000e+01 -6.125654450261779793e+00 7.254000000000000031e-03
-6.750000000000000000e+01 -5.183246073298429124e+00 1.128000000000000096e-03
-6.750000000000000000e+01 -4.240837696335078455e+00 8.059999999999999673e-04
-6.750000000000000000e+01 -3.298429319371727786e+00 1.675600000000000006e-02
-6.750000000000000000e+01 -2.356020942408377117e+00 3.310000000000000225e-04
-6.750000000000000000e+01 -1.413612565445026226e+00 8.000000000000000654e-05
-6.750000000000000000e+01 -4.712041884816753901e-01 8.989999999999999511e-04
-6.750000000000000000e+01 4.712041884816753901e-01 8.989999999999999511e-04
-6.750000000000000000e+01 1.413612565445026226e+00 6.081999999999999733e-03
-6.750000000000000000e+01 2.356020942408377117e+00 8.819999999999999715e-04
-6.625000000000000000e+01 -1.837696335078534560e+01 8.382100000000000661e-02
-6.625000000000000000e+01 -1.743455497382199582e+01 2.798740000000000117e-01
-6.625000000000000000e+01 -1.649214659685864603e+01 1.786999999999999960e-03
-6.625000000000000000e+01 -1.554973821989529448e+01 1.786999999999999960e-03
-6.625000000000000000e+01 -1.460732984293194114e+01 1.792799999999999949e-02
-6.625000000000000000e+01 -1.366492146596859136e+01 1.134000000000000025e-03
-6.625000000000000000e+01 -1.272251308900523981e+01 0.000000000000000000e+00
-6.625000000000000000e+01 -1.178010471204188825e+01 1.390100000000000016e-02
-6.625000000000000000e+01 -1.083769633507853669e+01 2.036769999999999969e-01
-6.625000000000000000e+01 -9.895287958115185134e+00 2.535259999999999736e-01
-6.625000000000000000e+01 -8.952879581151833577e+00 2.039630000000000054e-01
-6.625000000000000000e+01 -8.010471204188482020e+00 2.295000000000000165e-03
-6.625000000000000000e+01 -7.068062827225130462e+00 8.109999999999999805e-04
-6.625000000000000000e+01 -6.125654450261779793e+00 1.610000000000000103e-04
-6.625000000000000000e+01 -5.183246073298429124e+00 3.260000000000000094e-04
-6.625000000000000000e+01 -4.240837696335078455e+00 3.615999999999999857e-03
-6.625000000000000000e+01 -3.298429319371727786e+00 1.764599999999999849e-02
-6.625000000000000000e+01 -2.356020942408377117e+00 6.369999999999999794e-03
-6.625000000000000000e+01 -1.413612565445026226e+00 0.000000000000000000e+00
-6.625000000000000000e+01 -4.712041884816753901e-01 2.425000000000000072e-03
-6.625000000000000000e+01 4.712041884816753901e-01 2.425000000000000072e-03
-6.625000000000000000e+01 1.413612565445026226e+00 9.654699999999999394e-02
-6.625000000000000000e+01 2.356020942408377117e+00 1.318080000000000085e-01
-6.500000000000000000e+01 -1.837696335078534560e+01 2.526099999999999873e-02
-6.500000000000000000e+01 -1.743455497382199582e+01 5.070280000000000342e-01
-6.500000000000000000e+01 -1.649214659685864603e+01 7.223499999999999366e-02
-6.500000000000000000e+01 -1.554973821989529448e+01 7.223499999999999366e-02
-6.500000000000000000e+01 -1.460732984293194114e+01 1.439700000000000008e-02
-6.500000000000000000e+01 -1.366492146596859136e+01 1.001400000000000033e-02
-6.500000000000000000e+01 -1.272251308900523981e+01 2.824000000000000121e-03
-6.500000000000000000e+01 -1.178010471204188825e+01 9.428000000000000616e-03
-6.500000000000000000e+01 -1.083769633507853669e+01 2.150579999999999992e-01
-6.500000000000000000e+01 -9.895287958115185134e+00 6.890269999999999451e-01
-6.500000000000000000e+01 -8.952879581151833577e+00 1.778119999999999978e-01
-6.500000000000000000e+01 -8.010471204188482020e+00 8.189999999999999364e-03
-6.500000000000000000e+01 -7.068062827225130462e+00 6.548199999999999854e-02
-6.500000000000000000e+01 -6.125654450261779793e+00 1.147999999999999932e-03
-6.500000000000000000e+01 -5.183246073298429124e+00 1.299939999999999984e-01
-6.500000000000000000e+01 -4.240837696335078455e+00 3.400899999999999757e-02
-6.500000000000000000e+01 -3.298429319371727786e+00 7.700100000000000000e-02
-6.500000000000000000e+01 -2.356020942408377117e+00 4.329999999999999648e-03
-6.500000000000000000e+01 -1.413612565445026226e+00 1.791999999999999973e-03
-6.500000000000000000e+01 -4.712041884816753901e-01 7.742999999999999883e-03
-6.500000000000000000e+01 4.712041884816753901e-01 7.742999999999999883e-03
-6.500000000000000000e+01 1.413612565445026226e+00 2.658999999999999905e-03
-6.375000000000000000e+01 -2.026178010471204516e+01 8.333329999999999904e-01
-6.375000000000000000e+01 -1.931937172774869538e+01 3.399860000000000104e-01
-6.375000000000000000e+01 -1.837696335078534560e+01 1.555479999999999918e-01
-6.375000000000000000e+01 -1.743455497382199582e+01 6.004129999999999745e-01
-6.375000000000000000e+01 -1.649214659685864603e+01 7.133299999999999363e-02
-6.375000000000000000e+01 -1.554973821989529448e+01 7.133299999999999363e-02
-6.375000000000000000e+01 -1.460732984293194114e+01 4.678700000000000220e-02
-6.375000000000000000e+01 -1.366492146596859136e+01 4.129999999999999991e-03
-6.375000000000000000e+01 -1.272251308900523981e+01 3.510999999999999798e-03
-6.375000000000000000e+01 -1.178010471204188825e+01 2.307440000000000047e-01
-6.375000000000000000e+01 -1.083769633507853669e+01 6.357300000000000451e-02
-6.375000000000000000e+01 -9.895287958115185134e+00 5.469910000000000050e-01
-6.375000000000000000e+01 -8.952879581151833577e+00 8.352579999999999449e-01
-6.375000000000000000e+01 -8.010471204188482020e+00 4.912480000000000180e-01
-6.375000000000000000e+01 -7.068062827225130462e+00 1.931940000000000046e-01
-6.375000000000000000e+01 -6.125654450261779793e+00 4.970999999999999724e-03
-6.375000000000000000e+01 -5.183246073298429124e+00 4.705199999999999660e-02
-6.375000000000000000e+01 -4.240837696335078455e+00 1.928509999999999946e-01
-6.375000000000000000e+01 -3.298429319371727786e+00 4.713400000000000228e-02
-6.375000000000000000e+01 -2.356020942408377117e+00 3.249999999999999851e-04
-6.375000000000000000e+01 -1.413612565445026226e+00 1.214000000000000018e-03
-6.375000000000000000e+01 -4.712041884816753901e-01 1.968100000000000058e-02
-6.375000000000000000e+01 4.712041884816753901e-01 1.968100000000000058e-02
-6.375000000000000000e+01 1.413612565445026226e+00 8.442500000000000004e-02
-6.375000000000000000e+01 3.298429319371727786e+00 2.664599999999999955e-02
-6.250000000000000000e+01 -1.931937172774869538e+01 4.076279999999999903e-01
-6.250000000000000000e+01 -1.837696335078534560e+01 7.274960000000000315e-01
-6.250000000000000000e+01 -1.743455497382199582e+01 8.370880000000000543e-01
-6.250000000000000000e+01 -1.649214659685864603e+01 1.280830000000000024e-01
-6.250000000000000000e+01 -1.554973821989529448e+01 1.280830000000000024e-01
-6.250000000000000000e+01 -1.460732984293194114e+01 7.910999999999999630e-03
-6.250000000000000000e+01 -1.366492146596859136e+01 2.263999999999999953e-03
-6.250000000000000000e+01 -1.272251308900523981e+01 1.157999999999999958e-03
-6.250000000000000000e+01 -1.178010471204188825e+01 3.397209999999999952e-01
-6.250000000000000000e+01 -1.083769633507853669e+01 3.390340000000000020e-01
-6.250000000000000000e+01 -9.895287958115185134e+00 9.776340000000000030e-01
-6.250000000000000000e+01 -8.952879581151833577e+00 4.402240000000000042e-01
-6.250000000000000000e+01 -8.010471204188482020e+00 2.939999999999999836e-01
-6.250000000000000000e+01 -7.068062827225130462e+00 5.526710000000000234e-01
-6.250000000000000000e+01 -6.125654450261779793e+00 2.247309999999999863e-01
-6.250000000000000000e+01 -5.183246073298429124e+00 2.396000000000000126e-03
-6.250000000000000000e+01 -4.240837696335078455e+00 1.953100000000000114e-01
-6.250000000000000000e+01 -3.298429319371727786e+00 2.556800000000000045e-02
-6.250000000000000000e+01 -2.356020942408377117e+00 7.073000000000000294e-03
-6.250000000000000000e+01 -1.413612565445026226e+00 1.441280000000000061e-01
-6.250000000000000000e+01 -4.712041884816753901e-01 6.509999999999999945e-04
-6.250000000000000000e+01 4.712041884816753901e-01 6.509999999999999945e-04
-6.250000000000000000e+01 1.413612565445026226e+00 3.507999999999999834e-03
-6.250000000000000000e+01 2.356020942408377117e+00 1.383200000000000054e-02
-6.250000000000000000e+01 3.298429319371727786e+00 0.000000000000000000e+00
-6.125000000000000000e+01 -1.837696335078534560e+01 2.155829999999999969e-01
-6.125000000000000000e+01 -1.743455497382199582e+01 4.124019999999999908e-01
-6.125000000000000000e+01 -1.649214659685864603e+01 3.597339999999999982e-01
-6.125000000000000000e+01 -1.554973821989529448e+01 3.597339999999999982e-01
-6.125000000000000000e+01 -1.460732984293194114e+01 9.088000000000000245e-02
-6.125000000000000000e+01 -1.366492146596859136e+01 3.887199999999999683e-02
-6.125000000000000000e+01 -1.272251308900523981e+01 6.153220000000000356e-01
-6.125000000000000000e+01 -1.178010471204188825e+01 7.726499999999999480e-01
-6.125000000000000000e+01 -1.083769633507853669e+01 4.174889999999999990e-01
-6.125000000000000000e+01 -9.895287958115185134e+00 2.392479999999999885e-01
-6.125000000000000000e+01 -8.952879581151833577e+00 1.300709999999999922e-01
-6.125000000000000000e+01 -8.010471204188482020e+00 2.773809999999999887e-01
-6.125000000000000000e+01 -7.068062827225130462e+00 9.859800000000000508e-02
-6.125000000000000000e+01 -6.125654450261779793e+00 9.952099999999999835e-02
-6.125000000000000000e+01 -5.183246073298429124e+00 2.091550000000000076e-01
-6.125000000000000000e+01 -4.240837696335078455e+00 5.803629999999999622e-01
-6.125000000000000000e+01 -3.298429319371727786e+00 5.032839999999999536e-01
-6.125000000000000000e+01 -2.356020942408377117e+00 1.346200000000000001e-02
-6.125000000000000000e+01 -1.413612565445026226e+00 3.672600000000000170e-02
-6.125000000000000000e+01 -4.712041884816753901e-01 2.568869999999999765e-01
-6.125000000000000000e+01 4.712041884816753901e-01 2.568869999999999765e-01
-6.125000000000000000e+01 1.413612565445026226e+00 2.585580000000000100e-01
-6.125000000000000000e+01 2.356020942408377117e+00 6.181510000000000060e-01
-6.125000000000000000e+01 3.298429319371727786e+00 2.581669999999999798e-01
-6.125000000000000000e+01 4.240837696335078455e+00 3.592999999999999666e-02
-6.000000000000000000e+01 -1.554973821989529448e+01 9.745199999999999696e-02
-6.000000000000000000e+01 -1.460732984293194114e+01 3.995270000000000210e-01
-6.000000000000000000e+01 -1.366492146596859136e+01 4.282699999999999840e-01
-6.000000000000000000e+01 -1.272251308900523981e+01 3.625220000000000109e-01
-6.000000000000000000e+01 -1.178010471204188825e+01 1.192899999999999933e-01
-6.000000000000000000e+01 -1.083769633507853669e+01 1.132999999999999893e-03
-6.000000000000000000e+01 -9.895287958115185134e+00 5.444700000000000234e-02
-6.000000000000000000e+01 -8.952879581151833577e+00 5.904000000000000394e-03
-6.000000000000000000e+01 -8.010471204188482020e+00 6.638399999999999856e-02
-6.000000000000000000e+01 -7.068062827225130462e+00 6.663419999999999899e-01
-6.000000000000000000e+01 -6.125654450261779793e+00 1.272709999999999952e-01
-6.000000000000000000e+01 -5.183246073298429124e+00 1.250419999999999865e-01
-6.000000000000000000e+01 -4.240837696335078455e+00 6.578300000000000258e-01
-6.000000000000000000e+01 -3.298429319371727786e+00 7.986550000000000038e-01
-6.000000000000000000e+01 -2.356020942408377117e+00 7.859019999999999895e-01
-6.000000000000000000e+01 -1.413612565445026226e+00 3.692119999999999846e-01
-6.000000000000000000e+01 -4.712041884816753901e-01 1.289129999999999998e-01
-6.000000000000000000e+01 4.712041884816753901e-01 1.289129999999999998e-01
-6.000000000000000000e+01 1.413612565445026226e+00 7.420529999999999626e-01
-6.000000000000000000e+01 2.356020942408377117e+00 1.697760000000000102e-01
-6.000000000000000000e+01 3.298429319371727786e+00 1.364529999999999910e-01
-6.000000000000000000e+01 4.240837696335078455e+00 1.976500000000000132e-02
-6.000000000000000000e+01 5.183246073298429124e+00 1.299699999999999987e-02
-5.875000000000000000e+01 -1.366492146596859136e+01 5.121300000000000158e-02
-5.875000000000000000e+01 -1.272251308900523981e+01 4.676999999999999734e-03
-5.875000000000000000e+01 -1.178010471204188825e+01 2.015119999999999967e-01
-5.875000000000000000e+01 -1.083769633507853669e+01 4.085500000000000242e-01
-5.875000000000000000e+01 -9.895287958115185134e+00 3.451960000000000028e-01
-5.875000000000000000e+01 -8.952879581151833577e+00 7.207399999999999918e-02
-5.875000000000000000e+01 -8.010471204188482020e+00 1.301500000000000053e-02
-5.875000000000000000e+01 -7.068062827225130462e+00 4.971579999999999888e-01
-5.875000000000000000e+01 -6.125654450261779793e+00 6.449299999999999478e-02
-5.875000000000000000e+01 -5.183246073298429124e+00 3.033000000000000106e-03
-5.875000000000000000e+01 -4.240837696335078455e+00 3.955500000000000127e-01
-5.875000000000000000e+01 -3.298429319371727786e+00 8.602490000000000414e-01
-5.875000000000000000e+01 -2.356020942408377117e+00 3.728859999999999952e-01
-5.875000000000000000e+01 -1.413612565445026226e+00 1.377899999999999958e-02
-5.875000000000000000e+01 -4.712041884816753901e-01 3.225000000000000002e-03
-5.875000000000000000e+01 4.712041884816753901e-01 3.225000000000000002e-03
-5.750000000000000000e+01 -1.366492146596859136e+01 5.436599999999999766e-02
-5.750000000000000000e+01 -1.272251308900523981e+01 6.478299999999999337e-02
-5.750000000000000000e+01 -1.178010471204188825e+01 5.129799999999999915e-01
-5.750000000000000000e+01 -1.083769633507853669e+01 3.871749999999999914e-01
-5.750000000000000000e+01 -9.895287958115185134e+00 6.214650000000000452e-01
-5.750000000000000000e+01 -8.952879581151833577e+00 3.340699999999999920e-02
-5.750000000000000000e+01 -8.010471204188482020e+00 3.217999999999999940e-03
-5.750000000000000000e+01 -7.068062827225130462e+00 2.276699999999999904e-02
-5.750000000000000000e+01 -6.125654450261779793e+00 4.325680000000000081e-01
-5.750000000000000000e+01 -5.183246073298429124e+00 4.129300000000000331e-02
-5.750000000000000000e+01 -4.240837696335078455e+00 2.267760000000000054e-01
-5.750000000000000000e+01 -3.298429319371727786e+00 5.275469999999999882e-01
-5.750000000000000000e+01 -2.356020942408377117e+00 1.352720000000000034e-01
-5.750000000000000000e+01 -1.413612565445026226e+00 1.912700000000000164e-02
-5.750000000000000000e+01 -4.712041884816753901e-01 6.781199999999999728e-02
-5.750000000000000000e+01 4.712041884816753901e-01 6.781199999999999728e-02
-5.750000000000000000e+01 1.413612565445026226e+00 2.351030000000000064e-01
-5.625000000000000000e+01 -1.366492146596859136e+01 3.726639999999999953e-01
-5.625000000000000000e+01 -1.272251308900523981e+01 3.472959999999999936e-01
-5.625000000000000000e+01 -1.178010471204188825e+01 7.543560000000000265e-01
-5.625000000000000000e+01 -1.083769633507853669e+01 5.176180000000000225e-01
-5.625000000000000000e+01 -9.895287958115185134e+00 8.102270000000000305e-01
-5.625000000000000000e+01 -8.952879581151833577e+00 4.762999999999999873e-02
-5.625000000000000000e+01 -8.010471204188482020e+00 1.275500000000000071e-02
-5.625000000000000000e+01 -7.068062827225130462e+00 1.707079999999999986e-01
-5.625000000000000000e+01 -6.125654450261779793e+00 3.886060000000000070e-01
-5.625000000000000000e+01 -5.183246073298429124e+00 5.019270000000000120e-01
-5.625000000000000000e+01 -4.240837696335078455e+00 4.898779999999999801e-01
-5.625000000000000000e+01 -3.298429319371727786e+00 1.346779999999999922e-01
-5.625000000000000000e+01 -2.356020942408377117e+00 4.746540000000000203e-01
-5.625000000000000000e+01 -1.413612565445026226e+00 5.003300000000000108e-02
-5.625000000000000000e+01 -4.712041884816753901e-01 9.513999999999999888e-03
-5.625000000000000000e+01 4.712041884816753901e-01 9.513999999999999888e-03
-5.625000000000000000e+01 1.413612565445026226e+00 0.000000000000000000e+00
-5.500000000000000000e+01 -1.460732984293194114e+01 1.837709999999999899e-01
-5.500000000000000000e+01 -1.366492146596859136e+01 4.329899999999999721e-02
-5.500000000000000000e+01 -1.272251308900523981e+01 4.600319999999999965e-01
-5.500000000000000000e+01 -1.178010471204188825e+01 7.712050000000000294e-01
-5.500000000000000000e+01 -1.083769633507853669e+01 8.423000000000000487e-01
-5.500000000000000000e+01 -9.895287958115185134e+00 7.662360000000000282e-01
-5.500000000000000000e+01 -8.952879581151833577e+00 9.610699999999999799e-02
-5.500000000000000000e+01 -8.010471204188482020e+00 3.377749999999999919e-01
-5.500000000000000000e+01 -7.068062827225130462e+00 3.354249999999999732e-01
-5.500000000000000000e+01 -6.125654450261779793e+00 8.963400000000000534e-02
-5.500000000000000000e+01 -5.183246073298429124e+00 4.460999999999999688e-02
-5.500000000000000000e+01 -4.240837696335078455e+00 5.936479999999999535e-01
-5.500000000000000000e+01 -3.298429319371727786e+00 5.868820000000000148e-01
-5.500000000000000000e+01 -2.356020942408377117e+00 6.432959999999999789e-01
-5.500000000000000000e+01 -1.413612565445026226e+00 4.558199999999999752e-02
-5.500000000000000000e+01 -4.712041884816753901e-01 2.420000000000000005e-04
-5.500000000000000000e+01 4.712041884816753901e-01 2.420000000000000005e-04
-5.500000000000000000e+01 1.413612565445026226e+00 2.420000000000000005e-04
-5.500000000000000000e+01 2.356020942408377117e+00 5.760000000000000146e-04
-5.375000000000000000e+01 -1.460732984293194114e+01 4.079999999999999968e-04
-5.375000000000000000e+01 -1.366492146596859136e+01 4.145000000000000073e-02
-5.375000000000000000e+01 -1.272251308900523981e+01 2.134220000000000006e-01
-5.375000000000000000e+01 -1.178010471204188825e+01 2.067120000000000068e-01
-5.375000000000000000e+01 -1.083769633507853669e+01 2.836420000000000052e-01
-5.375000000000000000e+01 -9.895287958115185134e+00 3.524930000000000008e-01
-5.375000000000000000e+01 -8.952879581151833577e+00 1.337400000000000047e-02
-5.375000000000000000e+01 -8.010471204188482020e+00 8.000000000000000654e-05
-5.375000000000000000e+01 -7.068062827225130462e+00 2.101000000000000003e-03
-5.375000000000000000e+01 -6.125654450261779793e+00 6.347000000000000211e-03
-5.375000000000000000e+01 -5.183246073298429124e+00 3.327999999999999795e-03
-5.375000000000000000e+01 -4.240837696335078455e+00 5.619300000000000406e-01
-5.375000000000000000e+01 -3.298429319371727786e+00 6.436030000000000362e-01
-5.375000000000000000e+01 -2.356020942408377117e+00 4.964239999999999764e-01
-5.375000000000000000e+01 -1.413612565445026226e+00 1.118750000000000022e-01
-5.375000000000000000e+01 -4.712041884816753901e-01 9.719999999999999907e-04
-5.375000000000000000e+01 4.712041884816753901e-01 9.719999999999999907e-04
-5.375000000000000000e+01 1.413612565445026226e+00 1.217999999999999899e-03
-5.375000000000000000e+01 2.356020942408377117e+00 1.054000000000000032e-03
-5.250000000000000000e+01 -1.366492146596859136e+01 1.288800000000000015e-02
-5.250000000000000000e+01 -1.272251308900523981e+01 2.161659999999999970e-01
-5.250000000000000000e+01 -1.178010471204188825e+01 1.395289999999999864e-01
-5.250000000000000000e+01 -1.083769633507853669e+01 3.143929999999999780e-01
-5.250000000000000000e+01 -9.895287958115185134e+00 1.002050000000000024e-01
-5.250000000000000000e+01 -8.952879581151833577e+00 5.699999999999999772e-04
-5.250000000000000000e+01 -8.010471204188482020e+00 1.825000000000000016e-03
-5.250000000000000000e+01 -7.068062827225130462e+00 1.878099999999999908e-02
-5.250000000000000000e+01 -6.125654450261779793e+00 4.149599999999999816e-02
-5.250000000000000000e+01 -5.183246073298429124e+00 1.755000000000000050e-03
-5.250000000000000000e+01 -4.240837696335078455e+00 1.610270000000000035e-01
-5.250000000000000000e+01 -3.298429319371727786e+00 4.016259999999999830e-01
-5.250000000000000000e+01 -2.356020942408377117e+00 4.604199999999999959e-02
-5.250000000000000000e+01 -1.413612565445026226e+00 5.060879999999999823e-01
-5.250000000000000000e+01 -4.712041884816753901e-01 7.263600000000000612e-02
-5.250000000000000000e+01 4.712041884816753901e-01 7.263600000000000612e-02
-5.125000000000000000e+01 -8.952879581151833577e+00 5.962929999999999620e-01
-5.125000000000000000e+01 -8.010471204188482020e+00 4.196779999999999955e-01
-5.125000000000000000e+01 -7.068062827225130462e+00 4.634480000000000266e-01
-5.125000000000000000e+01 -5.183246073298429124e+00 1.905290000000000039e-01
-5.125000000000000000e+01 -4.240837696335078455e+00 3.560030000000000139e-01
-5.125000000000000000e+01 -3.298429319371727786e+00 5.440120000000000511e-01
-5.125000000000000000e+01 -2.356020942408377117e+00 1.453019999999999867e-01
-5.000000000000000000e+01 -3.298429319371727786e+00 6.835529999999999662e-01
