-7.875000000000000000e+01 -6.125654450261779793e+00 4.826759999999999939e-01
-7.875000000000000000e+01 -5.183246073298429124e+00 1.573170000000000124e-01
-7.875000000000000000e+01 -4.240837696335078455e+00 1.476250000000000062e-01
-7.875000000000000000e+01 -3.298429319371727786e+00 2.213499999999999912e-01
-7.875000000000000000e+01 -2.356020942408377117e+00 0.000000000000000000e+00
-7.875000000000000000e+01 -1.413612565445026226e+00 0.000000000000000000e+00
-7.750000000000000000e+01 -8.952879581151833577e+00 1.875680000000000125e-01
-7.750000000000000000e+01 -8.010471204188482020e+00 1.435049999999999937e-01
-7.750000000000000000e+01 -7.068062827225130462e+00 2.785839999999999983e-01
-7.750000000000000000e+01 -6.125654450261779793e+00 3.308559999999999834e-01
-7.750000000000000000e+01 -5.183246073298429124e+00 2.281000000000000041e-02
-7.750000000000000000e+01 -4.240837696335078455e+00 2.065799999999999928e-02
-7.750000000000000000e+01 -3.298429319371727786e+00 1.042079999999999951e-01
-7.750000000000000000e+01 -2.356020942408377117e+00 8.535600000000000132e-02
-7.750000000000000000e+01 -1.413612565445026226e+00 1.473440000000000027e-01
-7.750000000000000000e+01 -4.712041884816753901e-01 1.839860000000000106e-01
-7.750000000000000000e+01 4.712041884816753901e-01 1.839860000000000106e-01
-7.625000000000000000e+01 -1.083769633507853669e+01 5.236099999999999782e-02
-7.625000000000000000e+01 -9.895287958115185134e+00 1.163899999999999935e-01
-7.625000000000000000e+01 -8.952879581151833577e+00 2.423329999999999929e-01
-7.625000000000000000e+01 -8.010471204188482020e+00 6.546499999999999542e-02
-7.625000000000000000e+01 -7.068062827225130462e+00 1.661030000000000006e-01
-7.625000000000000000e+01 -6.125654450261779793e+00 1.455930000000000002e-01
-7.625000000000000000e+01 -5.183246073298429124e+00 4.002700000000000008e-02
-7.625000000000000000e+01 -4.240837696335078455e+00 1.472000000000000001e-03
-7.625000000000000000e+01 -3.298429319371727786e+00 3.983000000000000429e-03
-7.625000000000000000e+01 -2.356020942408377117e+00 2.553000000000000148e-03
-7.625000000000000000e+01 -1.413612565445026226e+00 2.611000000000000040e-03
-7.625000000000000000e+01 -4.712041884816753901e-01 2.212899999999999937e-02
-7.625000000000000000e+01 4.712041884816753901e-01 2.212899999999999937e-02
-7.625000000000000000e+01 1.413612565445026226e+00 3.960139999999999771e-01
-7.500000000000000000e+01 -1.366492146596859136e+01 7.814200000000000312e-02
-7.500000000000000000e+01 -1.272251308900523981e+01 1.417779999999999874e-01
-7.500000000000000000e+01 -1.178010471204188825e+01 1.235910000000000064e-01
-7.500000000000000000e+01 -1.083769633507853669e+01 2.315329999999999888e-01
-7.500000000000000000e+01 -9.895287958115185134e+00 1.125040000000000068e-01
-7.500000000000000000e+01 -8.952879581151833577e+00 1.934559999999999891e-01
-7.500000000000000000e+01 -8.010471204188482020e+00 1.454550000000000010e-01
-7.500000000000000000e+01 -7.068062827225130462e+00 3.468899999999999761e-02
-7.500000000000000000e+01 -6.125654450261779793e+00 6.070300000000000001e-02
-7.500000000000000000e+01 -5.183246073298429124e+00 4.566900000000000126e-02
-7.500000000000000000e+01 -4.240837696335078455e+00 2.003299999999999872e-02
-7.500000000000000000e+01 -3.298429319371727786e+00 2.305999999999999890e-03
-7.500000000000000000e+01 -2.356020942408377117e+00 6.376999999999999856e-03
-7.500000000000000000e+01 -1.413612565445026226e+00 5.597000000000000412e-03
-7.500000000000000000e+01 -4.712041884816753901e-01 2.222800000000000123e-02
-7.500000000000000000e+01 4.712041884816753901e-01 2.222800000000000123e-02
-7.500000000000000000e+01 1.413612565445026226e+00 3.667099999999999804e-01
-7.500000000000000000e+01 2.356020942408377117e+00 5.376539999999999653e-01
-7.375000000000000000e+01 -1.460732984293194114e+01 0.000000000000000000e+00
-7.375000000000000000e+01 -1.366492146596859136e+01 1.302490000000000037e-01
-7.375000000000000000e+01 -1.272251308900523981e+01 7.642000000000000182e-02
-7.375000000000000000e+01 -1.178010471204188825e+01 9.292000000000000259e-02
-7.375000000000000000e+01 -1.083769633507853669e+01 6.872999999999999943e-02
-7.375000000000000000e+01 -9.895287958115185134e+00 5.654499999999999804e-02
-7.375000000000000000e+01 -8.952879581151833577e+00 6.518799999999999595e-02
-7.375000000000000000e+01 -8.010471204188482020e+00 3.977499999999999786e-02
-7.375000000000000000e+01 -7.068062827225130462e+00 9.365999999999999326e-03
-7.375000000000000000e+01 -6.125654450261779793e+00 2.464699999999999877e-02
-7.375000000000000000e+01 -5.183246073298429124e+00 7.177999999999999658e-02
-7.375000000000000000e+01 -4.240837696335078455e+00 2.272499999999999867e-02
-7.375000000000000000e+01 -3.298429319371727786e+00 7.262000000000000226e-03
-7.375000000000000000e+01 -2.356020942408377117e+00 5.244000000000000397e-03
-7.375000000000000000e+01 -1.413612565445026226e+00 3.435000000000000119e-03
-7.375000000000000000e+01 -4.712041884816753901e-01 2.467000000000000009e-03
-7.375000000000000000e+01 4.712041884816753901e-01 2.467000000000000009e-03
-7.375000000000000000e+01 1.413612565445026226e+00 3.635300000000000337e-02
-7.250000000000000000e+01 -1.460732984293194114e+01 5.432000000000000196e-03
-7.250000000000000000e+01 -1.366492146596859136e+01 1.374849999999999961e-01
-7.250000000000000000e+01 -1.272251308900523981e+01 1.549030000000000129e-01
-7.250000000000000000e+01 -1.178010471204188825e+01 4.293199999999999794e-02
-7.250000000000000000e+01 -1.083769633507853669e+01 6.879999999999999831e-03
-7.250000000000000000e+01 -9.895287958115185134e+00 0.000000000000000000e+00
-7.250000000000000000e+01 -8.952879581151833577e+00 9.388999999999999777e-03
-7.250000000000000000e+01 -8.010471204188482020e+00 1.032079999999999942e-01
-7.250000000000000000e+01 -7.068062827225130462e+00 3.305000000000000299e-02
-7.250000000000000000e+01 -6.125654450261779793e+00 9.730000000000000151e-04
-7.250000000000000000e+01 -5.183246073298429124e+00 9.737000000000000863e-03
-7.250000000000000000e+01 -4.240837696335078455e+00 1.123389999999999944e-01
-7.250000000000000000e+01 -3.298429319371727786e+00 2.123999999999999846e-02
-7.250000000000000000e+01 -2.356020942408377117e+00 3.472999999999999959e-03
-7.250000000000000000e+01 -1.413612565445026226e+00 1.315999999999999896e-03
-7.250000000000000000e+01 -4.712041884816753901e-01 6.908000000000000078e-03
-7.250000000000000000e+01 4.712041884816753901e-01 6.908000000000000078e-03
-7.250000000000000000e+01 1.413612565445026226e+00 1.020399999999999953e-02
-7.125000000000000000e+01 -1.460732984293194114e+01 9.079900000000000471e-02
-7.125000000000000000e+01 -1.366492146596859136e+01 2.439500000000000002e-02
-7.125000000000000000e+01 -1.272251308900523981e+01 3.561799999999999689e-02
-7.125000000000000000e+01 -1.178010471204188825e+01 0.000000000000000000e+00
-7.125000000000000000e+01 -1.083769633507853669e+01 0.000000000000000000e+00
-7.125000000000000000e+01 -9.895287958115185134e+00 6.791000000000000161e-03
-7.125000000000000000e+01 -8.952879581151833577e+00 2.287099999999999897e-02
-7.125000000000000000e+01 -8.010471204188482020e+00 7.932100000000000262e-02
-7.125000000000000000e+01 -7.068062827225130462e+00 3.642999999999999971e-03
-7.125000000000000000e+01 -6.125654450261779793e+00 4.655000000000000283e-03
-7.125000000000000000e+01 -5.183246073298429124e+00 2.429999999999999977e-04
-7.125000000000000000e+01 -4.240837696335078455e+00 1.669899999999999857e-02
-7.125000000000000000e+01 -3.298429319371727786e+00 1.589999999999999888e-04
-7.125000000000000000e+01 -2.356020942408377117e+00 4.656000000000000416e-03
-7.125000000000000000e+01 -1.413612565445026226e+00 3.510000000000000099e-03
-7.125000000000000000e+01 -4.712041884816753901e-01 0.000000000000000000e+00
-7.125000000000000000e+01 4.712041884816753901e-01 0.000000000000000000e+00
-7.125000000000000000e+01 1.413612565445026226e+00 6.202000000000000048e-03
-7.000000000000000000e+01 -1.366492146596859136e+01 8.580000000000000820e-03
-7.000000000000000000e+01 -1.272251308900523981e+01 2.237099999999999853e-02
-7.000000000000000000e+01 -1.178010471204188825e+01 0.000000000000000000e+00
-7.000000000000000000e+01 -1.083769633507853669e+01 1.803899999999999948e-02
-7.000000000000000000e+01 -9.895287958115185134e+00 3.200000000000000262e-04
-7.000000000000000000e+01 -8.952879581151833577e+00 9.268999999999999462e-03
-7.000000000000000000e+01 -8.010471204188482020e+00 5.039099999999999829e-02
-7.000000000000000000e+01 -7.068062827225130462e+00 2.868199999999999916e-02
-7.000000000000000000e+01 -6.125654450261779793e+00 1.861000000000000024e-03
-7.000000000000000000e+01 -5.183246073298429124e+00 8.040000000000000271e-04
-7.000000000000000000e+01 -4.240837696335078455e+00 3.339099999999999707e-02
-7.000000000000000000e+01 -3.298429319371727786e+00 5.640000000000000048e-03
-7.000000000000000000e+01 -2.356020942408377117e+00 1.920999999999999965e-03
-7.000000000000000000e+01 -1.413612565445026226e+00 3.820000000000000045e-03
-7.000000000000000000e+01 -4.712041884816753901e-01 1.220300000000000031e-02
-7.000000000000000000e+01 4.712041884816753901e-01 1.220300000000000031e-02
-7.000000000000000000e+01 1.413612565445026226e+00 2.111000000000000029e-03
-6.875000000000000000e+01 -1.554973821989529448e+01 6.769999999999999759e-04
-6.875000000000000000e+01 -1.460732984293194114e+01 1.822800000000000115e-02
-6.875000000000000000e+01 -1.366492146596859136e+01 3.651999999999999864e-03
-6.875000000000000000e+01 -1.272251308900523981e+01 4.041100000000000247e-02
-6.875000000000000000e+01 -1.178010471204188825e+01 4.598399999999999710e-02
-6.875000000000000000e+01 -1.083769633507853669e+01 2.093790000000000096e-01
-6.875000000000000000e+01 -9.895287958115185134e+00 1.835200000000000026e-02
-6.875000000000000000e+01 -8.952879581151833577e+00 7.869800000000000406e-02
-6.875000000000000000e+01 -8.010471204188482020e+00 3.200000000000000262e-04
-6.875000000000000000e+01 -7.068062827225130462e+00 2.047999999999999907e-03
-6.875000000000000000e+01 -6.125654450261779793e+00 1.129999999999999928e-03
-6.875000000000000000e+01 -5.183246073298429124e+00 4.840000000000000010e-04
-6.875000000000000000e+01 -4.240837696335078455e+00 4.423999999999999981e-03
-6.875000000000000000e+01 -3.298429319371727786e+00 7.030999999999999923e-03
-6.875000000000000000e+01 -2.356020942408377117e+00 5.739999999999999660e-04
-6.875000000000000000e+01 -1.413612565445026226e+00 6.449999999999999570e-04
-6.875000000000000000e+01 -4.712041884816753901e-01 1.129100000000000069e-02
-6.875000000000000000e+01 4.712041884816753901e-01 1.129100000000000069e-02
-6.875000000000000000e+01 1.413612565445026226e+00 1.012000000000000052e-02
-6.875000000000000000e+01 2.356020942408377117e+00 6.131000000000000165e-03
-6.750000000000000000e+01 -1.649214659685864603e+01 7.763899999999999968e-02
-6.750000000000000000e+01 -1.554973821989529448e+01 7.763899999999999968e-02
-6.750000000000000000e+01 -1.460732984293194114e+01 2.178899999999999934e-02
-6.750000000000000000e+01 -1.366492146596859136e+01 2.344800000000000009e-02
-6.750000000000000000e+01 -1.272251308900523981e+01 5.739000000000000178e-03
-6.750000000000000000e+01 -1.178010471204188825e+01 1.366200000000000053e-02
-6.750000000000000000e+01 -1.083769633507853669e+01 1.275360000000000105e-01
-6.750000000000000000e+01 -9.895287958115185134e+00 4.335959999999999814e-01
-6.750000000000000000e+01 -8.952879581151833577e+00 2.967699999999999852e-02
-6.750000000000000000e+01 -8.010471204188482020e+00 9.590000000000000000e-04
-6.750000000000000000e+01 -7.068062827225130462e+00 8.919999999999999978e-04
-6.750000000000000000e+01 -6.125654450261779793e+00 5.134999999999999808e-03
-6.750000000000000000e+01 -5.183246073298429124e+00 1.128000000000000096e-03
-6.750000000000000000e+01 -4.240837696335078455e+00 8.059999999999999673e-04
-6.750000000000000000e+01 -3.298429319371727786e+00 1.389100000000000057e-02
-6.750000000000000000e+01 -2.356020942408377117e+00 3.310000000000000225e-04
-6.750000000000000000e+01 -1.413612565445026226e+00 8.000000000000000654e-05
-6.750000000000000000e+01 -4.712041884816753901e-01 8.989999999999999511e-04
-6.750000000000000000e+01 4.712041884816753901e-01 8.989999999999999511e-04
-6.750000000000000000e+01 1.413612565445026226e+00 6.081999999999999733e-03
-6.750000000000000000e+01 2.356020942408377117e+00 7.219999999999999855e-04
-6.625000000000000000e+01 -1.837696335078534560e+01 8.382100000000000661e-02
-6.625000000000000000e+01 -1.743455497382199582e+01 6.071900000000000214e-02
-6.625000000000000000e+01 -1.649214659685864603e+01 1.786999999999999960e-03
-6.625000000000000000e+01 -1.554973821989529448e+01 1.786999999999999960e-03
-6.625000000000000000e+01 -1.460732984293194114e+01 6.328000000000000291e-03
-6.625000000000000000e+01 -1.366492146596859136e+01 1.134000000000000025e-03
-6.625000000000000000e+01 -1.272251308900523981e+01 0.000000000000000000e+00
-6.625000000000000000e+01 -1.178010471204188825e+01 5.414999999999999675e-03
-6.625000000000000000e+01 -1.083769633507853669e+01 3.183199999999999918e-02
-6.625000000000000000e+01 -9.895287958115185134e+00 8.356299999999999839e-02
-6.625000000000000000e+01 -8.952879581151833577e+00 9.461999999999999925e-03
-6.625000000000000000e+01 -8.010471204188482020e+00 2.295000000000000165e-03
-6.625000000000000000e+01 -7.068062827225130462e+00 8.109999999999999805e-04
-6.625000000000000000e+01 -6.125654450261779793e+00 1.610000000000000103e-04
-6.625000000000000000e+01 -5.183246073298429124e+00 3.260000000000000094e-04
-6.625000000000000000e+01 -4.240837696335078455e+00 3.536000000000000081e-03
-6.625000000000000000e+01 -3.298429319371727786e+00 1.376199999999999993e-02
-6.625000000000000000e+01 -2.356020942408377117e+00 6.198000000000000384e-03
-6.625000000000000000e+01 -1.413612565445026226e+00 0.000000000000000000e+00
-6.625000000000000000e+01 -4.712041884816753901e-01 2.425000000000000072e-03
-6.625000000000000000e+01 4.712041884816753901e-01 2.425000000000000072e-03
-6.625000000000000000e+01 1.413612565445026226e+00 6.889299999999999591e-02
-6.625000000000000000e+01 2.356020942408377117e+00 6.521200000000000607e-02
-6.500000000000000000e+01 -1.837696335078534560e+01 1.890500000000000166e-02
-6.500000000000000000e+01 -1.743455497382199582e+01 1.657659999999999967e-01
-6.500000000000000000e+01 -1.649214659685864603e+01 9.317999999999999894e-03
-6.500000000000000000e+01 -1.554973821989529448e+01 9.317999999999999894e-03
-6.500000000000000000e+01 -1.460732984293194114e+01 4.185000000000000352e-03
-6.500000000000000000e+01 -1.366492146596859136e+01 2.969999999999999984e-03
-6.500000000000000000e+01 -1.272251308900523981e+01 1.412000000000000061e-03
-6.500000000000000000e+01 -1.178010471204188825e+01 7.238999999999999775e-03
-6.500000000000000000e+01 -1.083769633507853669e+01 1.044930000000000025e-01
-6.500000000000000000e+01 -9.895287958115185134e+00 1.660459999999999992e-01
-6.500000000000000000e+01 -8.952879581151833577e+00 3.134100000000000080e-02
-6.500000000000000000e+01 -8.010471204188482020e+00 2.351999999999999924e-03
-6.500000000000000000e+01 -7.068062827225130462e+00 1.504800000000000061e-02
-6.500000000000000000e+01 -6.125654450261779793e+00 1.147999999999999932e-03
-6.500000000000000000e+01 -5.183246073298429124e+00 1.630000000000000047e-04
-6.500000000000000000e+01 -4.240837696335078455e+00 3.540999999999999877e-03
-6.500000000000000000e+01 -3.298429319371727786e+00 9.221999999999999295e-03
-6.500000000000000000e+01 -2.356020942408377117e+00 4.329999999999999648e-03
-6.500000000000000000e+01 -1.413612565445026226e+00 1.791999999999999973e-03
-6.500000000000000000e+01 -4.712041884816753901e-01 7.742999999999999883e-03
-6.500000000000000000e+01 4.712041884816753901e-01 7.742999999999999883e-03
-6.500000000000000000e+01 1.413612565445026226e+00 2.658999999999999905e-03
-6.375000000000000000e+01 -2.026178010471204516e+01 0.000000000000000000e+00
-6.375000000000000000e+01 -1.931937172774869538e+01 3.159499999999999809e-02
-6.375000000000000000e+01 -1.837696335078534560e+01 7.348100000000000465e-02
-6.375000000000000000e+01 -1.743455497382199582e+01 3.313789999999999791e-01
-6.375000000000000000e+01 -1.649214659685864603e+01 4.582100000000000062e-02
-6.375000000000000000e+01 -1.554973821989529448e+01 4.582100000000000062e-02
-6.375000000000000000e+01 -1.460732984293194114e+01 2.306400000000000117e-02
-6.375000000000000000e+01 -1.366492146596859136e+01 2.972999999999999948e-03
-6.375000000000000000e+01 -1.272251308900523981e+01 1.337999999999999997e-03
-6.375000000000000000e+01 -1.178010471204188825e+01 1.656009999999999982e-01
-6.375000000000000000e+01 -1.083769633507853669e+01 3.457999999999999963e-02
-6.375000000000000000e+01 -9.895287958115185134e+00 2.669849999999999723e-01
-6.375000000000000000e+01 -8.952879581151833577e+00 2.876130000000000075e-01
-6.375000000000000000e+01 -8.010471204188482020e+00 2.735500000000000084e-02
-6.375000000000000000e+01 -7.068062827225130462e+00 3.072000000000000078e-03
-6.375000000000000000e+01 -6.125654450261779793e+00 4.970999999999999724e-03
-6.375000000000000000e+01 -5.183246073298429124e+00 1.794000000000000022e-03
-6.375000000000000000e+01 -4.240837696335078455e+00 2.775100000000000136e-02
-6.375000000000000000e+01 -3.298429319371727786e+00 1.724000000000000055e-03
-6.375000000000000000e+01 -2.356020942408377117e+00 3.249999999999999851e-04
-6.375000000000000000e+01 -1.413612565445026226e+00 3.240000000000000150e-04
-6.375000000000000000e+01 -4.712041884816753901e-01 1.828999999999999897e-03
-6.375000000000000000e+01 4.712041884816753901e-01 1.828999999999999897e-03
-6.375000000000000000e+01 1.413612565445026226e+00 0.000000000000000000e+00
-6.375000000000000000e+01 3.298429319371727786e+00 1.077200000000000032e-02
-6.250000000000000000e+01 -1.931937172774869538e+01 2.466250000000000109e-01
-6.250000000000000000e+01 -1.837696335078534560e+01 5.447640000000000260e-01
-6.250000000000000000e+01 -1.743455497382199582e+01 5.890900000000000025e-01
-6.250000000000000000e+01 -1.649214659685864603e+01 6.736000000000000321e-02
-6.250000000000000000e+01 -1.554973821989529448e+01 6.736000000000000321e-02
-6.250000000000000000e+01 -1.460732984293194114e+01 7.910999999999999630e-03
-6.250000000000000000e+01 -1.366492146596859136e+01 2.263999999999999953e-03
-6.250000000000000000e+01 -1.272251308900523981e+01 1.157999999999999958e-03
-6.250000000000000000e+01 -1.178010471204188825e+01 2.529989999999999739e-01
-6.250000000000000000e+01 -1.083769633507853669e+01 3.017670000000000075e-01
-6.250000000000000000e+01 -9.895287958115185134e+00 6.869600000000000151e-01
-6.250000000000000000e+01 -8.952879581151833577e+00 1.970220000000000027e-01
-6.250000000000000000e+01 -8.010471204188482020e+00 3.486700000000000216e-02
-6.250000000000000000e+01 -7.068062827225130462e+00 2.001000000000000001e-02
-6.250000000000000000e+01 -6.125654450261779793e+00 6.357999999999999936e-03
-6.250000000000000000e+01 -5.183246073298429124e+00 2.396000000000000126e-03
-6.250000000000000000e+01 -4.240837696335078455e+00 2.297199999999999936e-02
-6.250000000000000000e+01 -3.298429319371727786e+00 5.029999999999999749e-03
-6.250000000000000000e+01 -2.356020942408377117e+00 1.056999999999999997e-03
-6.250000000000000000e+01 -1.413612565445026226e+00 2.269000000000000183e-03
-6.250000000000000000e+01 -4.712041884816753901e-01 6.509999999999999945e-04
-6.250000000000000000e+01 4.712041884816753901e-01 6.509999999999999945e-04
-6.250000000000000000e+01 1.413612565445026226e+00 1.435000000000000078e-03
-6.250000000000000000e+01 2.356020942408377117e+00 8.090000000000000403e-04
-6.250000000000000000e+01 3.298429319371727786e+00 0.000000000000000000e+00
-6.125000000000000000e+01 -1.837696335078534560e+01 1.071740000000000054e-01
-6.125000000000000000e+01 -1.743455497382199582e+01 4.620599999999999707e-02
-6.125000000000000000e+01 -1.649214659685864603e+01 6.637999999999999456e-02
-6.125000000000000000e+01 -1.554973821989529448e+01 6.637999999999999456e-02
-6.125000000000000000e+01 -1.460732984293194114e+01 8.423999999999999197e-03
-6.125000000000000000e+01 -1.366492146596859136e+01 3.357500000000000068e-02
-6.125000000000000000e+01 -1.272251308900523981e+01 5.562660000000000382e-01
-6.125000000000000000e+01 -1.178010471204188825e+01 4.763569999999999749e-01
-6.125000000000000000e+01 -1.083769633507853669e+01 3.215399999999999925e-01
-6.125000000000000000e+01 -9.895287958115185134e+00 8.233899999999999553e-02
-6.125000000000000000e+01 -8.952879581151833577e+00 1.437000000000000083e-02
-6.125000000000000000e+01 -8.010471204188482020e+00 1.413700000000000026e-02
-6.125000000000000000e+01 -7.068062827225130462e+00 1.208000000000000089e-03
-6.125000000000000000e+01 -6.125654450261779793e+00 3.409399999999999931e-02
-6.125000000000000000e+01 -5.183246073298429124e+00 9.731999999999999332e-03
-6.125000000000000000e+01 -4.240837696335078455e+00 2.202399999999999844e-02
-6.125000000000000000e+01 -3.298429319371727786e+00 2.065699999999999828e-02
-6.125000000000000000e+01 -2.356020942408377117e+00 1.302999999999999905e-03
-6.125000000000000000e+01 -1.413612565445026226e+00 4.899999999999999842e-04
-6.125000000000000000e+01 -4.712041884816753901e-01 1.437399999999999962e-02
-6.125000000000000000e+01 4.712041884816753901e-01 1.437399999999999962e-02
-6.125000000000000000e+01 1.413612565445026226e+00 1.843900000000000053e-02
-6.125000000000000000e+01 2.356020942408377117e+00 1.724140000000000117e-01
-6.125000000000000000e+01 3.298429319371727786e+00 9.432100000000000206e-02
-6.125000000000000000e+01 4.240837696335078455e+00 7.903000000000000302e-03
-6.000000000000000000e+01 -1.554973821989529448e+01 8.298500000000000321e-02
-6.000000000000000000e+01 -1.460732984293194114e+01 3.206820000000000226e-01
-6.000000000000000000e+01 -1.366492146596859136e+01 2.961820000000000008e-01
-6.000000000000000000e+01 -1.272251308900523981e+01 2.331360000000000099e-01
-6.000000000000000000e+01 -1.178010471204188825e+01 3.664200000000000096e-02
-6.000000000000000000e+01 -1.083769633507853669e+01 9.709999999999999664e-04
-6.000000000000000000e+01 -9.895287958115185134e+00 4.103500000000000203e-02
-6.000000000000000000e+01 -8.952879581151833577e+00 5.824000000000000184e-03
-6.000000000000000000e+01 -8.010471204188482020e+00 0.000000000000000000e+00
-6.000000000000000000e+01 -7.068062827225130462e+00 8.130500000000000227e-02
-6.000000000000000000e+01 -6.125654450261779793e+00 5.673000000000000091e-03
-6.000000000000000000e+01 -5.183246073298429124e+00 1.371499999999999976e-02
-6.000000000000000000e+01 -4.240837696335078455e+00 6.038799999999999724e-02
-6.000000000000000000e+01 -3.298429319371727786e+00 1.542570000000000052e-01
-6.000000000000000000e+01 -2.356020942408377117e+00 6.570299999999999752e-02
-6.000000000000000000e+01 -1.413612565445026226e+00 1.435799999999999924e-02
-6.000000000000000000e+01 -4.712041884816753901e-01 3.701999999999999996e-03
-6.000000000000000000e+01 4.712041884816753901e-01 3.701999999999999996e-03
-6.000000000000000000e+01 1.413612565445026226e+00 1.671779999999999933e-01
-6.000000000000000000e+01 2.356020942408377117e+00 2.725500000000000145e-02
-6.000000000000000000e+01 3.298429319371727786e+00 3.355799999999999755e-02
-6.000000000000000000e+01 4.240837696335078455e+00 1.091600000000000036e-02
-6.000000000000000000e+01 5.183246073298429124e+00 1.274999999999999918e-02
-5.875000000000000000e+01 -1.366492146596859136e+01 9.445000000000000270e-03
-5.875000000000000000e+01 -1.272251308900523981e+01 4.029999999999999837e-04
-5.875000000000000000e+01 -1.178010471204188825e+01 1.026659999999999934e-01
-5.875000000000000000e+01 -1.083769633507853669e+01 3.674859999999999793e-01
-5.875000000000000000e+01 -9.895287958115185134e+00 1.680689999999999962e-01
-5.875000000000000000e+01 -8.952879581151833577e+00 3.476300000000000223e-02
-5.875000000000000000e+01 -8.010471204188482020e+00 2.400000000000000061e-04
-5.875000000000000000e+01 -7.068062827225130462e+00 7.204999999999999599e-03
-5.875000000000000000e+01 -6.125654450261779793e+00 5.649999999999999641e-04
-5.875000000000000000e+01 -5.183246073298429124e+00 1.229000000000000058e-03
-5.875000000000000000e+01 -4.240837696335078455e+00 7.886100000000000054e-02
-5.875000000000000000e+01 -3.298429319371727786e+00 1.503089999999999982e-01
-5.875000000000000000e+01 -2.356020942408377117e+00 4.636000000000000364e-03
-5.875000000000000000e+01 -1.413612565445026226e+00 0.000000000000000000e+00
-5.875000000000000000e+01 -4.712041884816753901e-01 0.000000000000000000e+00
-5.875000000000000000e+01 4.712041884816753901e-01 0.000000000000000000e+00
-5.750000000000000000e+01 -1.366492146596859136e+01 3.554399999999999921e-02
-5.750000000000000000e+01 -1.272251308900523981e+01 4.405200000000000088e-02
-5.750000000000000000e+01 -1.178010471204188825e+01 3.027759999999999896e-01
-5.750000000000000000e+01 -1.083769633507853669e+01 3.097230000000000261e-01
-5.750000000000000000e+01 -9.895287958115185134e+00 1.987899999999999945e-01
-5.750000000000000000e+01 -8.952879581151833577e+00 1.809499999999999997e-02
-5.750000000000000000e+01 -8.010471204188482020e+00 1.814999999999999990e-03
-5.750000000000000000e+01 -7.068062827225130462e+00 1.490000000000000005e-03
-5.750000000000000000e+01 -6.125654450261779793e+00 6.282000000000000257e-03
-5.750000000000000000e+01 -5.183246073298429124e+00 1.631999999999999987e-03
-5.750000000000000000e+01 -4.240837696335078455e+00 4.322000000000000147e-02
-5.750000000000000000e+01 -3.298429319371727786e+00 1.769249999999999989e-01
-5.750000000000000000e+01 -2.356020942408377117e+00 2.260099999999999956e-02
-5.750000000000000000e+01 -1.413612565445026226e+00 6.511000000000000294e-03
-5.750000000000000000e+01 -4.712041884816753901e-01 0.000000000000000000e+00
-5.750000000000000000e+01 4.712041884816753901e-01 0.000000000000000000e+00
-5.750000000000000000e+01 1.413612565445026226e+00 8.100000000000000375e-05
-5.625000000000000000e+01 -1.366492146596859136e+01 1.818029999999999924e-01
-5.625000000000000000e+01 -1.272251308900523981e+01 2.198549999999999949e-01
-5.625000000000000000e+01 -1.178010471204188825e+01 4.299379999999999868e-01
-5.625000000000000000e+01 -1.083769633507853669e+01 3.022469999999999879e-01
-5.625000000000000000e+01 -9.895287958115185134e+00 6.455720000000000347e-01
-5.625000000000000000e+01 -8.952879581151833577e+00 3.452399999999999913e-02
-5.625000000000000000e+01 -8.010471204188482020e+00 3.108999999999999785e-03
-5.625000000000000000e+01 -7.068062827225130462e+00 2.761100000000000013e-02
-5.625000000000000000e+01 -6.125654450261779793e+00 2.828299999999999911e-02
-5.625000000000000000e+01 -5.183246073298429124e+00 8.364099999999999313e-02
-5.625000000000000000e+01 -4.240837696335078455e+00 2.706210000000000004e-01
-5.625000000000000000e+01 -3.298429319371727786e+00 1.886600000000000082e-02
-5.625000000000000000e+01 -2.356020942408377117e+00 3.104890000000000150e-01
-5.625000000000000000e+01 -1.413612565445026226e+00 2.534300000000000094e-02
-5.625000000000000000e+01 -4.712041884816753901e-01 8.000000000000000654e-05
-5.625000000000000000e+01 4.712041884816753901e-01 8.000000000000000654e-05
-5.625000000000000000e+01 1.413612565445026226e+00 0.000000000000000000e+00
-5.500000000000000000e+01 -1.460732984293194114e+01 1.731520000000000004e-01
-5.500000000000000000e+01 -1.366492146596859136e+01 4.090699999999999892e-02
-5.500000000000000000e+01 -1.272251308900523981e+01 1.947830000000000117e-01
-5.500000000000000000e+01 -1.178010471204188825e+01 3.230230000000000046e-01
-5.500000000000000000e+01 -1.083769633507853669e+01 5.068249999999999700e-01
-5.500000000000000000e+01 -9.895287958115185134e+00 5.962180000000000257e-01
-5.500000000000000000e+01 -8.952879581151833577e+00 4.127000000000000113e-02
-5.500000000000000000e+01 -8.010471204188482020e+00 7.945699999999999985e-02
-5.500000000000000000e+01 -7.068062827225130462e+00 6.926899999999999724e-02
-5.500000000000000000e+01 -6.125654450261779793e+00 4.809999999999999823e-04
-5.500000000000000000e+01 -5.183246073298429124e+00 4.809999999999999823e-04
-5.500000000000000000e+01 -4.240837696335078455e+00 1.928479999999999916e-01
-5.500000000000000000e+01 -3.298429319371727786e+00 2.873379999999999823e-01
-5.500000000000000000e+01 -2.356020942408377117e+00 5.223079999999999945e-01
-5.500000000000000000e+01 -1.413612565445026226e+00 1.059299999999999999e-02
-5.500000000000000000e+01 -4.712041884816753901e-01 2.420000000000000005e-04
-5.500000000000000000e+01 4.712041884816753901e-01 2.420000000000000005e-04
-5.500000000000000000e+01 1.413612565445026226e+00 2.420000000000000005e-04
-5.500000000000000000e+01 2.356020942408377117e+00 5.760000000000000146e-04
-5.375000000000000000e+01 -1.460732984293194114e+01 4.079999999999999968e-04
-5.375000000000000000e+01 -1.366492146596859136e+01 3.832900000000000196e-02
-5.375000000000000000e+01 -1.272251308900523981e+01 1.898970000000000102e-01
-5.375000000000000000e+01 -1.178010471204188825e+01 6.703499999999999737e-02
-5.375000000000000000e+01 -1.083769633507853669e+01 1.634249999999999869e-01
-5.375000000000000000e+01 -9.895287958115185134e+00 1.798949999999999994e-01
-5.375000000000000000e+01 -8.952879581151833577e+00 1.933999999999999955e-03
-5.375000000000000000e+01 -8.010471204188482020e+00 8.000000000000000654e-05
-5.375000000000000000e+01 -7.068062827225130462e+00 2.101000000000000003e-03
-5.375000000000000000e+01 -6.125654450261779793e+00 6.347000000000000211e-03
-5.375000000000000000e+01 -5.183246073298429124e+00 2.922000000000000118e-03
-5.375000000000000000e+01 -4.240837696335078455e+00 1.947429999999999994e-01
-5.375000000000000000e+01 -3.298429319371727786e+00 8.537699999999999456e-02
-5.375000000000000000e+01 -2.356020942408377117e+00 4.253839999999999844e-01
-5.375000000000000000e+01 -1.413612565445026226e+00 6.641299999999999981e-02
-5.375000000000000000e+01 -4.712041884816753901e-01 9.719999999999999907e-04
-5.375000000000000000e+01 4.712041884816753901e-01 9.719999999999999907e-04
-5.375000000000000000e+01 1.413612565445026226e+00 1.217999999999999899e-03
-5.375000000000000000e+01 2.356020942408377117e+00 1.054000000000000032e-03
-5.250000000000000000e+01 -1.366492146596859136e+01 1.192099999999999931e-02
-5.250000000000000000e+01 -1.272251308900523981e+01 2.131689999999999974e-01
-5.250000000000000000e+01 -1.178010471204188825e+01 9.050300000000000011e-02
-5.250000000000000000e+01 -1.083769633507853669e+01 2.408009999999999873e-01
-5.250000000000000000e+01 -9.895287958115185134e+00 7.531699999999999506e-02
-5.250000000000000000e+01 -8.952879581151833577e+00 5.699999999999999772e-04
-5.250000000000000000e+01 -8.010471204188482020e+00 7.460000000000000268e-04
-5.250000000000000000e+01 -7.068062827225130462e+00 1.692700000000000107e-02
-5.250000000000000000e+01 -6.125654450261779793e+00 3.919999999999999873e-02
-5.250000000000000000e+01 -5.183246073298429124e+00 1.755000000000000050e-03
-5.250000000000000000e+01 -4.240837696335078455e+00 6.844699999999999396e-02
-5.250000000000000000e+01 -3.298429319371727786e+00 1.630260000000000042e-01
-5.250000000000000000e+01 -2.356020942408377117e+00 3.066599999999999882e-02
-5.250000000000000000e+01 -1.413612565445026226e+00 1.211900000000000061e-01
-5.250000000000000000e+01 -4.712041884816753901e-01 1.051999999999999984e-03
-5.250000000000000000e+01 4.712041884816753901e-01 1.051999999999999984e-03
-5.125000000000000000e+01 -8.952879581151833577e+00 4.059630000000000183e-01
-5.125000000000000000e+01 -8.010471204188482020e+00 3.479670000000000263e-01
-5.125000000000000000e+01 -7.068062827225130462e+00 4.204689999999999817e-01
-5.125000000000000000e+01 -5.183246073298429124e+00 8.864800000000000457e-02
-5.125000000000000000e+01 -4.240837696335078455e+00 2.082769999999999899e-01
-5.125000000000000000e+01 -3.298429319371727786e+00 7.744900000000000395e-02
-5.125000000000000000e+01 -2.356020942408377117e+00 5.544700000000000323e-02
-5.000000000000000000e+01 -3.298429319371727786e+00 1.912729999999999986e-01
