-7.875000000000000000e+01 -6.125654450261779793e+00 5.020430000000000170e-01
-7.875000000000000000e+01 -5.183246073298429124e+00 2.050309999999999910e-01
-7.875000000000000000e+01 -4.240837696335078455e+00 2.848640000000000061e-01
-7.875000000000000000e+01 -3.298429319371727786e+00 3.902180000000000093e-01
-7.875000000000000000e+01 -2.356020942408377117e+00 0.000000000000000000e+00
-7.875000000000000000e+01 -1.413612565445026226e+00 0.000000000000000000e+00
-7.750000000000000000e+01 -8.952879581151833577e+00 1.897490000000000010e-01
-7.750000000000000000e+01 -8.010471204188482020e+00 1.435049999999999937e-01
-7.750000000000000000e+01 -7.068062827225130462e+00 2.841940000000000022e-01
-7.750000000000000000e+01 -6.125654450261779793e+00 5.197650000000000325e-01
-7.750000000000000000e+01 -5.183246073298429124e+00 1.326579999999999981e-01
-7.750000000000000000e+01 -4.240837696335078455e+00 4.643900000000000111e-02
-7.750000000000000000e+01 -3.298429319371727786e+00 2.542590000000000128e-01
-7.750000000000000000e+01 -2.356020942408377117e+00 2.000899999999999901e-01
-7.750000000000000000e+01 -1.413612565445026226e+00 3.018250000000000099e-01
-7.750000000000000000e+01 -4.712041884816753901e-01 1.931930000000000036e-01
-7.750000000000000000e+01 4.712041884816753901e-01 1.931930000000000036e-01
-7.625000000000000000e+01 -1.083769633507853669e+01 6.297300000000000120e-02
-7.625000000000000000e+01 -9.895287958115185134e+00 1.308870000000000033e-01
-7.625000000000000000e+01 -8.952879581151833577e+00 3.655740000000000101e-01
-7.625000000000000000e+01 -8.010471204188482020e+00 1.103800000000000059e-01
-7.625000000000000000e+01 -7.068062827225130462e+00 2.304009999999999947e-01
-7.625000000000000000e+01 -6.125654450261779793e+00 3.094270000000000076e-01
-7.625000000000000000e+01 -5.183246073298429124e+00 4.002700000000000008e-02
-7.625000000000000000e+01 -4.240837696335078455e+00 1.472000000000000001e-03
-7.625000000000000000e+01 -3.298429319371727786e+00 3.983000000000000429e-03
-7.625000000000000000e+01 -2.356020942408377117e+00 2.553000000000000148e-03
-7.625000000000000000e+01 -1.413612565445026226e+00 2.611000000000000040e-03
-7.625000000000000000e+01 -4.712041884816753901e-01 4.484300000000000092e-02
-7.625000000000000000e+01 4.712041884816753901e-01 4.484300000000000092e-02
-7.625000000000000000e+01 1.413612565445026226e+00 6.857600000000000362e-01
-7.500000000000000000e+01 -1.366492146596859136e+01 7.814200000000000312e-02
-7.500000000000000000e+01 -1.272251308900523981e+01 1.417779999999999874e-01
-7.500000000000000000e+01 -1.178010471204188825e+01 1.241629999999999956e-01
-7.500000000000000000e+01 -1.083769633507853669e+01 3.401950000000000252e-01
-7.500000000000000000e+01 -9.895287958115185134e+00 1.516830000000000123e-01
-7.500000000000000000e+01 -8.952879581151833577e+00 4.180740000000000012e-01
-7.500000000000000000e+01 -8.010471204188482020e+00 2.207669999999999910e-01
-7.500000000000000000e+01 -7.068062827225130462e+00 3.560399999999999676e-02
-7.500000000000000000e+01 -6.125654450261779793e+00 6.070300000000000001e-02
-7.500000000000000000e+01 -5.183246073298429124e+00 4.566900000000000126e-02
-7.500000000000000000e+01 -4.240837696335078455e+00 2.003299999999999872e-02
-7.500000000000000000e+01 -3.298429319371727786e+00 2.305999999999999890e-03
-7.500000000000000000e+01 -2.356020942408377117e+00 6.376999999999999856e-03
-7.500000000000000000e+01 -1.413612565445026226e+00 5.597000000000000412e-03
-7.500000000000000000e+01 -4.712041884816753901e-01 2.239400000000000071e-02
-7.500000000000000000e+01 4.712041884816753901e-01 2.239400000000000071e-02
-7.500000000000000000e+01 1.413612565445026226e+00 4.765119999999999911e-01
-7.500000000000000000e+01 2.356020942408377117e+00 8.019619999999999527e-01
-7.375000000000000000e+01 -1.460732984293194114e+01 0.000000000000000000e+00
-7.375000000000000000e+01 -1.366492146596859136e+01 1.302490000000000037e-01
-7.375000000000000000e+01 -1.272251308900523981e+01 8.378299999999999637e-02
-7.375000000000000000e+01 -1.178010471204188825e+01 9.529700000000000670e-02
-7.375000000000000000e+01 -1.083769633507853669e+01 8.578800000000000314e-02
-7.375000000000000000e+01 -9.895287958115185134e+00 5.654499999999999804e-02
-7.375000000000000000e+01 -8.952879581151833577e+00 7.782400000000000428e-02
-7.375000000000000000e+01 -8.010471204188482020e+00 8.396900000000000197e-02
-7.375000000000000000e+01 -7.068062827225130462e+00 1.343899999999999956e-02
-7.375000000000000000e+01 -6.125654450261779793e+00 2.464699999999999877e-02
-7.375000000000000000e+01 -5.183246073298429124e+00 7.177999999999999658e-02
-7.375000000000000000e+01 -4.240837696335078455e+00 2.272499999999999867e-02
-7.375000000000000000e+01 -3.298429319371727786e+00 7.262000000000000226e-03
-7.375000000000000000e+01 -2.356020942408377117e+00 5.409999999999999878e-03
-7.375000000000000000e+01 -1.413612565445026226e+00 7.777900000000000091e-02
-7.375000000000000000e+01 -4.712041884816753901e-01 2.467000000000000009e-03
-7.375000000000000000e+01 4.712041884816753901e-01 2.467000000000000009e-03
-7.375000000000000000e+01 1.413612565445026226e+00 3.635300000000000337e-02
-7.250000000000000000e+01 -1.460732984293194114e+01 5.432000000000000196e-03
-7.250000000000000000e+01 -1.366492146596859136e+01 1.374849999999999961e-01
-7.250000000000000000e+01 -1.272251308900523981e+01 1.704589999999999994e-01
-7.250000000000000000e+01 -1.178010471204188825e+01 4.293199999999999794e-02
-7.250000000000000000e+01 -1.083769633507853669e+01 6.879999999999999831e-03
-7.250000000000000000e+01 -9.895287958115185134e+00 0.000000000000000000e+00
-7.250000000000000000e+01 -8.952879581151833577e+00 9.797000000000000153e-03
-7.250000000000000000e+01 -8.010471204188482020e+00 3.379780000000000006e-01
-7.250000000000000000e+01 -7.068062827225130462e+00 9.647600000000000620e-02
-7.250000000000000000e+01 -6.125654450261779793e+00 9.730000000000000151e-04
-7.250000000000000000e+01 -5.183246073298429124e+00 9.737000000000000863e-03
-7.250000000000000000e+01 -4.240837696335078455e+00 1.123389999999999944e-01
-7.250000000000000000e+01 -3.298429319371727786e+00 2.123999999999999846e-02
-7.250000000000000000e+01 -2.356020942408377117e+00 4.118399999999999839e-02
-7.250000000000000000e+01 -1.413612565445026226e+00 1.225200000000000074e-02
-7.250000000000000000e+01 -4.712041884816753901e-01 6.908000000000000078e-03
-7.250000000000000000e+01 4.712041884816753901e-01 6.908000000000000078e-03
-7.250000000000000000e+01 1.413612565445026226e+00 1.020399999999999953e-02
-7.125000000000000000e+01 -1.460732984293194114e+01 9.079900000000000471e-02
-7.125000000000000000e+01 -1.366492146596859136e+01 2.439500000000000002e-02
-7.125000000000000000e+01 -1.272251308900523981e+01 1.130759999999999960e-01
-7.125000000000000000e+01 -1.178010471204188825e+01 0.000000000000000000e+00
-7.125000000000000000e+01 -1.083769633507853669e+01 0.000000000000000000e+00
-7.125000000000000000e+01 -9.895287958115185134e+00 6.791000000000000161e-03
-7.125000000000000000e+01 -8.952879581151833577e+00 4.987799999999999873e-02
-7.125000000000000000e+01 -8.010471204188482020e+00 3.903860000000000108e-01
-7.125000000000000000e+01 -7.068062827225130462e+00 5.910000000000000323e-03
-7.125000000000000000e+01 -6.125654450261779793e+00 4.655000000000000283e-03
-7.125000000000000000e+01 -5.183246073298429124e+00 2.429999999999999977e-04
-7.125000000000000000e+01 -4.240837696335078455e+00 2.712600000000000081e-02
-7.125000000000000000e+01 -3.298429319371727786e+00 2.390000000000000089e-04
-7.125000000000000000e+01 -2.356020942408377117e+00 3.283500000000000307e-02
-7.125000000000000000e+01 -1.413612565445026226e+00 3.592000000000000141e-03
-7.125000000000000000e+01 -4.712041884816753901e-01 0.000000000000000000e+00
-7.125000000000000000e+01 4.712041884816753901e-01 0.000000000000000000e+00
-7.125000000000000000e+01 1.413612565445026226e+00 7.181300000000000183e-02
-7.000000000000000000e+01 -1.366492146596859136e+01 8.580000000000000820e-03
-7.000000000000000000e+01 -1.272251308900523981e+01 2.533719999999999861e-01
-7.000000000000000000e+01 -1.178010471204188825e+01 8.713000000000000259e-03
-7.000000000000000000e+01 -1.083769633507853669e+01 2.470819999999999961e-01
-7.000000000000000000e+01 -9.895287958115185134e+00 1.145099999999999937e-02
-7.000000000000000000e+01 -8.952879581151833577e+00 1.087889999999999968e-01
-7.000000000000000000e+01 -8.010471204188482020e+00 2.171399999999999997e-01
-7.000000000000000000e+01 -7.068062827225130462e+00 3.247300000000000186e-02
-7.000000000000000000e+01 -6.125654450261779793e+00 1.861000000000000024e-03
-7.000000000000000000e+01 -5.183246073298429124e+00 8.040000000000000271e-04
-7.000000000000000000e+01 -4.240837696335078455e+00 1.062609999999999943e-01
-7.000000000000000000e+01 -3.298429319371727786e+00 5.002000000000000196e-02
-7.000000000000000000e+01 -2.356020942408377117e+00 1.472500000000000024e-02
-7.000000000000000000e+01 -1.413612565445026226e+00 2.690400000000000083e-02
-7.000000000000000000e+01 -4.712041884816753901e-01 1.220300000000000031e-02
-7.000000000000000000e+01 4.712041884816753901e-01 1.220300000000000031e-02
-7.000000000000000000e+01 1.413612565445026226e+00 6.740000000000000331e-03
-6.875000000000000000e+01 -1.554973821989529448e+01 6.769999999999999759e-04
-6.875000000000000000e+01 -1.460732984293194114e+01 3.033800000000000038e-02
-6.875000000000000000e+01 -1.366492146596859136e+01 5.599999999999999943e-03
-6.875000000000000000e+01 -1.272251308900523981e+01 1.103900000000000020e-01
-6.875000000000000000e+01 -1.178010471204188825e+01 2.832549999999999790e-01
-6.875000000000000000e+01 -1.083769633507853669e+01 5.164779999999999927e-01
-6.875000000000000000e+01 -9.895287958115185134e+00 6.839699999999999946e-02
-6.875000000000000000e+01 -8.952879581151833577e+00 3.183079999999999798e-01
-6.875000000000000000e+01 -8.010471204188482020e+00 7.209999999999999612e-04
-6.875000000000000000e+01 -7.068062827225130462e+00 2.047999999999999907e-03
-6.875000000000000000e+01 -6.125654450261779793e+00 1.129999999999999928e-03
-6.875000000000000000e+01 -5.183246073298429124e+00 4.840000000000000010e-04
-6.875000000000000000e+01 -4.240837696335078455e+00 4.423999999999999981e-03
-6.875000000000000000e+01 -3.298429319371727786e+00 7.030999999999999923e-03
-6.875000000000000000e+01 -2.356020942408377117e+00 4.588000000000000064e-03
-6.875000000000000000e+01 -1.413612565445026226e+00 8.222000000000000142e-03
-6.875000000000000000e+01 -4.712041884816753901e-01 1.129100000000000069e-02
-6.875000000000000000e+01 4.712041884816753901e-01 1.129100000000000069e-02
-6.875000000000000000e+01 1.413612565445026226e+00 1.444499999999999951e-02
-6.875000000000000000e+01 2.356020942408377117e+00 6.131000000000000165e-03
-6.750000000000000000e+01 -1.649214659685864603e+01 2.529859999999999887e-01
-6.750000000000000000e+01 -1.554973821989529448e+01 2.529859999999999887e-01
-6.750000000000000000e+01 -1.460732984293194114e+01 1.093599999999999989e-01
-6.750000000000000000e+01 -1.366492146596859136e+01 8.348899999999999377e-02
-6.750000000000000000e+01 -1.272251308900523981e+01 9.294999999999999443e-03
-6.750000000000000000e+01 -1.178010471204188825e+01 1.636100000000000054e-02
-6.750000000000000000e+01 -1.083769633507853669e+01 3.170930000000000137e-01
-6.750000000000000000e+01 -9.895287958115185134e+00 7.570470000000000255e-01
-6.750000000000000000e+01 -8.952879581151833577e+00 1.552159999999999929e-01
-6.750000000000000000e+01 -8.010471204188482020e+00 1.038999999999999993e-03
-6.750000000000000000e+01 -7.068062827225130462e+00 8.919999999999999978e-04
-6.750000000000000000e+01 -6.125654450261779793e+00 5.134999999999999808e-03
-6.750000000000000000e+01 -5.183246073298429124e+00 1.128000000000000096e-03
-6.750000000000000000e+01 -4.240837696335078455e+00 8.059999999999999673e-04
-6.750000000000000000e+01 -3.298429319371727786e+00 1.528000000000000018e-02
-6.750000000000000000e+01 -2.356020942408377117e+00 3.310000000000000225e-04
-6.750000000000000000e+01 -1.413612565445026226e+00 8.000000000000000654e-05
-6.750000000000000000e+01 -4.712041884816753901e-01 8.989999999999999511e-04
-6.750000000000000000e+01 4.712041884816753901e-01 8.989999999999999511e-04
-6.750000000000000000e+01 1.413612565445026226e+00 6.081999999999999733e-03
-6.750000000000000000e+01 2.356020942408377117e+00 7.219999999999999855e-04
-6.625000000000000000e+01 -1.837696335078534560e+01 8.382100000000000661e-02
-6.625000000000000000e+01 -1.743455497382199582e+01 2.153500000000000136e-01
-6.625000000000000000e+01 -1.649214659685864603e+01 1.786999999999999960e-03
-6.625000000000000000e+01 -1.554973821989529448e+01 1.786999999999999960e-03
-6.625000000000000000e+01 -1.460732984293194114e+01 9.978000000000000758e-03
-6.625000000000000000e+01 -1.366492146596859136e+01 1.134000000000000025e-03
-6.625000000000000000e+01 -1.272251308900523981e+01 0.000000000000000000e+00
-6.625000000000000000e+01 -1.178010471204188825e+01 1.018299999999999934e-02
-6.625000000000000000e+01 -1.083769633507853669e+01 1.380540000000000100e-01
-6.625000000000000000e+01 -9.895287958115185134e+00 2.086240000000000039e-01
-6.625000000000000000e+01 -8.952879581151833577e+00 1.276990000000000069e-01
-6.625000000000000000e+01 -8.010471204188482020e+00 2.295000000000000165e-03
-6.625000000000000000e+01 -7.068062827225130462e+00 8.109999999999999805e-04
-6.625000000000000000e+01 -6.125654450261779793e+00 1.610000000000000103e-04
-6.625000000000000000e+01 -5.183246073298429124e+00 3.260000000000000094e-04
-6.625000000000000000e+01 -4.240837696335078455e+00 3.536000000000000081e-03
-6.625000000000000000e+01 -3.298429319371727786e+00 1.477499999999999994e-02
-6.625000000000000000e+01 -2.356020942408377117e+00 6.283999999999999655e-03
-6.625000000000000000e+01 -1.413612565445026226e+00 0.000000000000000000e+00
-6.625000000000000000e+01 -4.712041884816753901e-01 2.425000000000000072e-03
-6.625000000000000000e+01 4.712041884816753901e-01 2.425000000000000072e-03
-6.625000000000000000e+01 1.413612565445026226e+00 8.886600000000000055e-02
-6.625000000000000000e+01 2.356020942408377117e+00 8.898499999999999466e-02
-6.500000000000000000e+01 -1.837696335078534560e+01 2.436400000000000024e-02
-6.500000000000000000e+01 -1.743455497382199582e+01 4.295100000000000029e-01
-6.500000000000000000e+01 -1.649214659685864603e+01 4.094699999999999729e-02
-6.500000000000000000e+01 -1.554973821989529448e+01 4.094699999999999729e-02
-6.500000000000000000e+01 -1.460732984293194114e+01 8.788999999999999937e-03
-6.500000000000000000e+01 -1.366492146596859136e+01 4.922000000000000160e-03
-6.500000000000000000e+01 -1.272251308900523981e+01 2.407999999999999984e-03
-6.500000000000000000e+01 -1.178010471204188825e+01 7.238999999999999775e-03
-6.500000000000000000e+01 -1.083769633507853669e+01 1.896839999999999915e-01
-6.500000000000000000e+01 -9.895287958115185134e+00 5.710969999999999658e-01
-6.500000000000000000e+01 -8.952879581151833577e+00 1.164199999999999957e-01
-6.500000000000000000e+01 -8.010471204188482020e+00 6.324999999999999893e-03
-6.500000000000000000e+01 -7.068062827225130462e+00 4.687899999999999706e-02
-6.500000000000000000e+01 -6.125654450261779793e+00 1.147999999999999932e-03
-6.500000000000000000e+01 -5.183246073298429124e+00 7.190000000000000210e-03
-6.500000000000000000e+01 -4.240837696335078455e+00 1.548099999999999997e-02
-6.500000000000000000e+01 -3.298429319371727786e+00 3.919199999999999767e-02
-6.500000000000000000e+01 -2.356020942408377117e+00 4.329999999999999648e-03
-6.500000000000000000e+01 -1.413612565445026226e+00 1.791999999999999973e-03
-6.500000000000000000e+01 -4.712041884816753901e-01 7.742999999999999883e-03
-6.500000000000000000e+01 4.712041884816753901e-01 7.742999999999999883e-03
-6.500000000000000000e+01 1.413612565445026226e+00 2.658999999999999905e-03
-6.375000000000000000e+01 -2.026178010471204516e+01 6.666670000000000096e-01
-6.375000000000000000e+01 -1.931937172774869538e+01 2.131820000000000104e-01
-6.375000000000000000e+01 -1.837696335078534560e+01 1.362289999999999890e-01
-6.375000000000000000e+01 -1.743455497382199582e+01 5.107350000000000501e-01
-6.375000000000000000e+01 -1.649214659685864603e+01 6.151399999999999924e-02
-6.375000000000000000e+01 -1.554973821989529448e+01 6.151399999999999924e-02
-6.375000000000000000e+01 -1.460732984293194114e+01 3.163099999999999939e-02
-6.375000000000000000e+01 -1.366492146596859136e+01 3.552000000000000036e-03
-6.375000000000000000e+01 -1.272251308900523981e+01 2.256999999999999892e-03
-6.375000000000000000e+01 -1.178010471204188825e+01 2.287770000000000081e-01
-6.375000000000000000e+01 -1.083769633507853669e+01 5.741799999999999682e-02
-6.375000000000000000e+01 -9.895287958115185134e+00 4.887580000000000258e-01
-6.375000000000000000e+01 -8.952879581151833577e+00 7.800949999999999829e-01
-6.375000000000000000e+01 -8.010471204188482020e+00 3.272820000000000173e-01
-6.375000000000000000e+01 -7.068062827225130462e+00 9.110000000000000042e-02
-6.375000000000000000e+01 -6.125654450261779793e+00 4.970999999999999724e-03
-6.375000000000000000e+01 -5.183246073298429124e+00 1.590099999999999847e-02
-6.375000000000000000e+01 -4.240837696335078455e+00 8.237500000000000377e-02
-6.375000000000000000e+01 -3.298429319371727786e+00 6.486999999999999711e-03
-6.375000000000000000e+01 -2.356020942408377117e+00 3.249999999999999851e-04
-6.375000000000000000e+01 -1.413612565445026226e+00 3.240000000000000150e-04
-6.375000000000000000e+01 -4.712041884816753901e-01 1.828999999999999897e-03
-6.375000000000000000e+01 4.712041884816753901e-01 1.828999999999999897e-03
-6.375000000000000000e+01 1.413612565445026226e+00 1.536000000000000039e-03
-6.375000000000000000e+01 3.298429319371727786e+00 2.041000000000000106e-02
-6.250000000000000000e+01 -1.931937172774869538e+01 3.840009999999999812e-01
-6.250000000000000000e+01 -1.837696335078534560e+01 7.198989999999999556e-01
-6.250000000000000000e+01 -1.743455497382199582e+01 8.023439999999999461e-01
-6.250000000000000000e+01 -1.649214659685864603e+01 9.087900000000000145e-02
-6.250000000000000000e+01 -1.554973821989529448e+01 9.087900000000000145e-02
-6.250000000000000000e+01 -1.460732984293194114e+01 7.910999999999999630e-03
-6.250000000000000000e+01 -1.366492146596859136e+01 2.263999999999999953e-03
-6.250000000000000000e+01 -1.272251308900523981e+01 1.157999999999999958e-03
-6.250000000000000000e+01 -1.178010471204188825e+01 3.397209999999999952e-01
-6.250000000000000000e+01 -1.083769633507853669e+01 3.385500000000000176e-01
-6.250000000000000000e+01 -9.895287958115185134e+00 9.630199999999999871e-01
-6.250000000000000000e+01 -8.952879581151833577e+00 3.839199999999999835e-01
-6.250000000000000000e+01 -8.010471204188482020e+00 2.201049999999999951e-01
-6.250000000000000000e+01 -7.068062827225130462e+00 3.956509999999999749e-01
-6.250000000000000000e+01 -6.125654450261779793e+00 8.787100000000000466e-02
-6.250000000000000000e+01 -5.183246073298429124e+00 2.396000000000000126e-03
-6.250000000000000000e+01 -4.240837696335078455e+00 9.884700000000000431e-02
-6.250000000000000000e+01 -3.298429319371727786e+00 1.257400000000000011e-02
-6.250000000000000000e+01 -2.356020942408377117e+00 1.056999999999999997e-03
-6.250000000000000000e+01 -1.413612565445026226e+00 1.896899999999999975e-02
-6.250000000000000000e+01 -4.712041884816753901e-01 6.509999999999999945e-04
-6.250000000000000000e+01 4.712041884816753901e-01 6.509999999999999945e-04
-6.250000000000000000e+01 1.413612565445026226e+00 1.435000000000000078e-03
-6.250000000000000000e+01 2.356020942408377117e+00 8.089000000000000704e-03
-6.250000000000000000e+01 3.298429319371727786e+00 0.000000000000000000e+00
-6.125000000000000000e+01 -1.837696335078534560e+01 1.883479999999999877e-01
-6.125000000000000000e+01 -1.743455497382199582e+01 2.391300000000000092e-01
-6.125000000000000000e+01 -1.649214659685864603e+01 2.376040000000000096e-01
-6.125000000000000000e+01 -1.554973821989529448e+01 2.376040000000000096e-01
-6.125000000000000000e+01 -1.460732984293194114e+01 4.584499999999999686e-02
-6.125000000000000000e+01 -1.366492146596859136e+01 3.854599999999999693e-02
-6.125000000000000000e+01 -1.272251308900523981e+01 6.137850000000000250e-01
-6.125000000000000000e+01 -1.178010471204188825e+01 7.689190000000000191e-01
-6.125000000000000000e+01 -1.083769633507853669e+01 4.169269999999999921e-01
-6.125000000000000000e+01 -9.895287958115185134e+00 2.382670000000000066e-01
-6.125000000000000000e+01 -8.952879581151833577e+00 5.682399999999999951e-02
-6.125000000000000000e+01 -8.010471204188482020e+00 9.107899999999999330e-02
-6.125000000000000000e+01 -7.068062827225130462e+00 3.093299999999999869e-02
-6.125000000000000000e+01 -6.125654450261779793e+00 5.868999999999999911e-02
-6.125000000000000000e+01 -5.183246073298429124e+00 8.915499999999999814e-02
-6.125000000000000000e+01 -4.240837696335078455e+00 3.029589999999999783e-01
-6.125000000000000000e+01 -3.298429319371727786e+00 3.302240000000000175e-01
-6.125000000000000000e+01 -2.356020942408377117e+00 4.950000000000000407e-03
-6.125000000000000000e+01 -1.413612565445026226e+00 1.779199999999999879e-02
-6.125000000000000000e+01 -4.712041884816753901e-01 1.819050000000000111e-01
-6.125000000000000000e+01 4.712041884816753901e-01 1.819050000000000111e-01
-6.125000000000000000e+01 1.413612565445026226e+00 1.969569999999999932e-01
-6.125000000000000000e+01 2.356020942408377117e+00 5.660579999999999501e-01
-6.125000000000000000e+01 3.298429319371727786e+00 2.430059999999999998e-01
-6.125000000000000000e+01 4.240837696335078455e+00 2.990100000000000049e-02
-6.000000000000000000e+01 -1.554973821989529448e+01 9.344900000000000428e-02
-6.000000000000000000e+01 -1.460732984293194114e+01 3.876100000000000101e-01
-6.000000000000000000e+01 -1.366492146596859136e+01 4.162469999999999781e-01
-6.000000000000000000e+01 -1.272251308900523981e+01 3.575550000000000117e-01
-6.000000000000000000e+01 -1.178010471204188825e+01 1.172720000000000012e-01
-6.000000000000000000e+01 -1.083769633507853669e+01 1.132999999999999893e-03
-6.000000000000000000e+01 -9.895287958115185134e+00 5.412700000000000150e-02
-6.000000000000000000e+01 -8.952879581151833577e+00 5.904000000000000394e-03
-6.000000000000000000e+01 -8.010471204188482020e+00 5.708999999999999665e-03
-6.000000000000000000e+01 -7.068062827225130462e+00 2.938169999999999948e-01
-6.000000000000000000e+01 -6.125654450261779793e+00 5.360499999999999987e-02
-6.000000000000000000e+01 -5.183246073298429124e+00 6.628900000000000070e-02
-6.000000000000000000e+01 -4.240837696335078455e+00 4.288980000000000015e-01
-6.000000000000000000e+01 -3.298429319371727786e+00 7.317550000000000443e-01
-6.000000000000000000e+01 -2.356020942408377117e+00 6.604090000000000238e-01
-6.000000000000000000e+01 -1.413612565445026226e+00 2.066179999999999961e-01
-6.000000000000000000e+01 -4.712041884816753901e-01 7.837800000000000322e-02
-6.000000000000000000e+01 4.712041884816753901e-01 7.837800000000000322e-02
-6.000000000000000000e+01 1.413612565445026226e+00 6.722609999999999975e-01
-6.000000000000000000e+01 2.356020942408377117e+00 1.349770000000000136e-01
-6.000000000000000000e+01 3.298429319371727786e+00 1.121069999999999983e-01
-6.000000000000000000e+01 4.240837696335078455e+00 1.174299999999999997e-02
-6.000000000000000000e+01 5.183246073298429124e+00 1.274999999999999918e-02
-5.875000000000000000e+01 -1.366492146596859136e+01 4.852599999999999969e-02
-5.875000000000000000e+01 -1.272251308900523981e+01 4.274000000000000021e-03
-5.875000000000000000e+01 -1.178010471204188825e+01 1.975290000000000101e-01
-5.875000000000000000e+01 -1.083769633507853669e+01 4.059789999999999788e-01
-5.875000000000000000e+01 -9.895287958115185134e+00 2.038979999999999959e-01
-5.875000000000000000e+01 -8.952879581151833577e+00 4.076300000000000062e-02
-5.875000000000000000e+01 -8.010471204188482020e+00 2.400000000000000061e-04
-5.875000000000000000e+01 -7.068062827225130462e+00 1.014329999999999954e-01
-5.875000000000000000e+01 -6.125654450261779793e+00 4.601000000000000055e-03
-5.875000000000000000e+01 -5.183246073298429124e+00 1.229000000000000058e-03
-5.875000000000000000e+01 -4.240837696335078455e+00 2.756560000000000121e-01
-5.875000000000000000e+01 -3.298429319371727786e+00 7.404490000000000238e-01
-5.875000000000000000e+01 -2.356020942408377117e+00 1.767839999999999967e-01
-5.875000000000000000e+01 -1.413612565445026226e+00 1.059999999999999961e-03
-5.875000000000000000e+01 -4.712041884816753901e-01 0.000000000000000000e+00
-5.875000000000000000e+01 4.712041884816753901e-01 0.000000000000000000e+00
-5.750000000000000000e+01 -1.366492146596859136e+01 5.210399999999999754e-02
-5.750000000000000000e+01 -1.272251308900523981e+01 6.405399999999999983e-02
-5.750000000000000000e+01 -1.178010471204188825e+01 4.958370000000000277e-01
-5.750000000000000000e+01 -1.083769633507853669e+01 3.791280000000000205e-01
-5.750000000000000000e+01 -9.895287958115185134e+00 2.805300000000000016e-01
-5.750000000000000000e+01 -8.952879581151833577e+00 1.915999999999999995e-02
-5.750000000000000000e+01 -8.010471204188482020e+00 2.145000000000000205e-03
-5.750000000000000000e+01 -7.068062827225130462e+00 7.948000000000000204e-03
-5.750000000000000000e+01 -6.125654450261779793e+00 1.427370000000000028e-01
-5.750000000000000000e+01 -5.183246073298429124e+00 1.631999999999999987e-03
-5.750000000000000000e+01 -4.240837696335078455e+00 1.192420000000000008e-01
-5.750000000000000000e+01 -3.298429319371727786e+00 4.532729999999999815e-01
-5.750000000000000000e+01 -2.356020942408377117e+00 7.046099999999999586e-02
-5.750000000000000000e+01 -1.413612565445026226e+00 1.163900000000000004e-02
-5.750000000000000000e+01 -4.712041884816753901e-01 1.539000000000000003e-03
-5.750000000000000000e+01 4.712041884816753901e-01 1.539000000000000003e-03
-5.750000000000000000e+01 1.413612565445026226e+00 7.896000000000000241e-03
-5.625000000000000000e+01 -1.366492146596859136e+01 3.432069999999999843e-01
-5.625000000000000000e+01 -1.272251308900523981e+01 3.349480000000000235e-01
-5.625000000000000000e+01 -1.178010471204188825e+01 7.267200000000000326e-01
-5.625000000000000000e+01 -1.083769633507853669e+01 5.033130000000000104e-01
-5.625000000000000000e+01 -9.895287958115185134e+00 8.090779999999999639e-01
-5.625000000000000000e+01 -8.952879581151833577e+00 4.091700000000000198e-02
-5.625000000000000000e+01 -8.010471204188482020e+00 5.819999999999999653e-03
-5.625000000000000000e+01 -7.068062827225130462e+00 9.651899999999999369e-02
-5.625000000000000000e+01 -6.125654450261779793e+00 2.422630000000000061e-01
-5.625000000000000000e+01 -5.183246073298429124e+00 3.757280000000000064e-01
-5.625000000000000000e+01 -4.240837696335078455e+00 4.371760000000000090e-01
-5.625000000000000000e+01 -3.298429319371727786e+00 6.476600000000000412e-02
-5.625000000000000000e+01 -2.356020942408377117e+00 4.163580000000000059e-01
-5.625000000000000000e+01 -1.413612565445026226e+00 2.665100000000000108e-02
-5.625000000000000000e+01 -4.712041884816753901e-01 8.000000000000000654e-05
-5.625000000000000000e+01 4.712041884816753901e-01 8.000000000000000654e-05
-5.625000000000000000e+01 1.413612565445026226e+00 0.000000000000000000e+00
-5.500000000000000000e+01 -1.460732984293194114e+01 1.821500000000000064e-01
-5.500000000000000000e+01 -1.366492146596859136e+01 4.329899999999999721e-02
-5.500000000000000000e+01 -1.272251308900523981e+01 4.393259999999999943e-01
-5.500000000000000000e+01 -1.178010471204188825e+01 7.370060000000000500e-01
-5.500000000000000000e+01 -1.083769633507853669e+01 8.174879999999999924e-01
-5.500000000000000000e+01 -9.895287958115185134e+00 7.616079999999999517e-01
-5.500000000000000000e+01 -8.952879581151833577e+00 9.182700000000000584e-02
-5.500000000000000000e+01 -8.010471204188482020e+00 2.917520000000000113e-01
-5.500000000000000000e+01 -7.068062827225130462e+00 2.980200000000000071e-01
-5.500000000000000000e+01 -6.125654450261779793e+00 4.714200000000000335e-02
-5.500000000000000000e+01 -5.183246073298429124e+00 1.609800000000000120e-02
-5.500000000000000000e+01 -4.240837696335078455e+00 4.843239999999999768e-01
-5.500000000000000000e+01 -3.298429319371727786e+00 5.524080000000000101e-01
-5.500000000000000000e+01 -2.356020942408377117e+00 6.049400000000000333e-01
-5.500000000000000000e+01 -1.413612565445026226e+00 2.656299999999999981e-02
-5.500000000000000000e+01 -4.712041884816753901e-01 2.420000000000000005e-04
-5.500000000000000000e+01 4.712041884816753901e-01 2.420000000000000005e-04
-5.500000000000000000e+01 1.413612565445026226e+00 2.420000000000000005e-04
-5.500000000000000000e+01 2.356020942408377117e+00 5.760000000000000146e-04
-5.375000000000000000e+01 -1.460732984293194114e+01 4.079999999999999968e-04
-5.375000000000000000e+01 -1.366492146596859136e+01 4.080999999999999905e-02
-5.375000000000000000e+01 -1.272251308900523981e+01 2.091520000000000046e-01
-5.375000000000000000e+01 -1.178010471204188825e+01 1.849349999999999883e-01
-5.375000000000000000e+01 -1.083769633507853669e+01 2.720029999999999948e-01
-5.375000000000000000e+01 -9.895287958115185134e+00 3.501420000000000088e-01
-5.375000000000000000e+01 -8.952879581151833577e+00 1.321300000000000079e-02
-5.375000000000000000e+01 -8.010471204188482020e+00 8.000000000000000654e-05
-5.375000000000000000e+01 -7.068062827225130462e+00 2.101000000000000003e-03
-5.375000000000000000e+01 -6.125654450261779793e+00 6.347000000000000211e-03
-5.375000000000000000e+01 -5.183246073298429124e+00 3.327999999999999795e-03
-5.375000000000000000e+01 -4.240837696335078455e+00 4.715170000000000194e-01
-5.375000000000000000e+01 -3.298429319371727786e+00 4.764100000000000001e-01
-5.375000000000000000e+01 -2.356020942408377117e+00 4.830740000000000034e-01
-5.375000000000000000e+01 -1.413612565445026226e+00 9.019599999999999840e-02
-5.375000000000000000e+01 -4.712041884816753901e-01 9.719999999999999907e-04
-5.375000000000000000e+01 4.712041884816753901e-01 9.719999999999999907e-04
-5.375000000000000000e+01 1.413612565445026226e+00 1.217999999999999899e-03
-5.375000000000000000e+01 2.356020942408377117e+00 1.054000000000000032e-03
-5.250000000000000000e+01 -1.366492146596859136e+01 1.288800000000000015e-02
-5.250000000000000000e+01 -1.272251308900523981e+01 2.155990000000000129e-01
-5.250000000000000000e+01 -1.178010471204188825e+01 1.273539999999999950e-01
-5.250000000000000000e+01 -1.083769633507853669e+01 2.971340000000000092e-01
-5.250000000000000000e+01 -9.895287958115185134e+00 9.766700000000000381e-02
-5.250000000000000000e+01 -8.952879581151833577e+00 5.699999999999999772e-04
-5.250000000000000000e+01 -8.010471204188482020e+00 1.825000000000000016e-03
-5.250000000000000000e+01 -7.068062827225130462e+00 1.878099999999999908e-02
-5.250000000000000000e+01 -6.125654450261779793e+00 4.149599999999999816e-02
-5.250000000000000000e+01 -5.183246073298429124e+00 1.755000000000000050e-03
-5.250000000000000000e+01 -4.240837696335078455e+00 1.465130000000000043e-01
-5.250000000000000000e+01 -3.298429319371727786e+00 3.895890000000000186e-01
-5.250000000000000000e+01 -2.356020942408377117e+00 4.141199999999999742e-02
-5.250000000000000000e+01 -1.413612565445026226e+00 4.835340000000000193e-01
-5.250000000000000000e+01 -4.712041884816753901e-01 6.365800000000000625e-02
-5.250000000000000000e+01 4.712041884816753901e-01 6.365800000000000625e-02
-5.125000000000000000e+01 -8.952879581151833577e+00 5.868649999999999700e-01
-5.125000000000000000e+01 -8.010471204188482020e+00 4.177379999999999982e-01
-5.125000000000000000e+01 -7.068062827225130462e+00 4.633680000000000021e-01
-5.125000000000000000e+01 -5.183246073298429124e+00 1.902899999999999869e-01
-5.125000000000000000e+01 -4.240837696335078455e+00 3.535969999999999946e-01
-5.125000000000000000e+01 -3.298429319371727786e+00 5.182229999999999892e-01
-5.125000000000000000e+01 -2.356020942408377117e+00 1.401320000000000066e-01
-5.000000000000000000e+01 -3.298429319371727786e+00 6.617800000000000349e-01
