-7.875000000000000000e+01 -6.125654450261779793e+00 5.016880000000000228e-01
-7.875000000000000000e+01 -5.183246073298429124e+00 2.028699999999999948e-01
-7.875000000000000000e+01 -4.240837696335078455e+00 3.017589999999999995e-01
-7.875000000000000000e+01 -3.298429319371727786e+00 4.305610000000000270e-01
-7.875000000000000000e+01 -2.356020942408377117e+00 0.000000000000000000e+00
-7.875000000000000000e+01 -1.413612565445026226e+00 0.000000000000000000e+00
-7.750000000000000000e+01 -8.952879581151833577e+00 1.875680000000000125e-01
-7.750000000000000000e+01 -8.010471204188482020e+00 1.435049999999999937e-01
-7.750000000000000000e+01 -7.068062827225130462e+00 2.852660000000000196e-01
-7.750000000000000000e+01 -6.125654450261779793e+00 5.039200000000000346e-01
-7.750000000000000000e+01 -5.183246073298429124e+00 1.569500000000000062e-01
-7.750000000000000000e+01 -4.240837696335078455e+00 3.834100000000000008e-02
-7.750000000000000000e+01 -3.298429319371727786e+00 3.661490000000000022e-01
-7.750000000000000000e+01 -2.356020942408377117e+00 2.050160000000000038e-01
-7.750000000000000000e+01 -1.413612565445026226e+00 3.373099999999999987e-01
-7.750000000000000000e+01 -4.712041884816753901e-01 2.009209999999999885e-01
-7.750000000000000000e+01 4.712041884816753901e-01 2.009209999999999885e-01
-7.625000000000000000e+01 -1.083769633507853669e+01 6.558200000000000141e-02
-7.625000000000000000e+01 -9.895287958115185134e+00 1.335899999999999865e-01
-7.625000000000000000e+01 -8.952879581151833577e+00 4.231679999999999886e-01
-7.625000000000000000e+01 -8.010471204188482020e+00 1.307669999999999944e-01
-7.625000000000000000e+01 -7.068062827225130462e+00 2.337809999999999888e-01
-7.625000000000000000e+01 -6.125654450261779793e+00 3.657239999999999935e-01
-7.625000000000000000e+01 -5.183246073298429124e+00 4.002700000000000008e-02
-7.625000000000000000e+01 -4.240837696335078455e+00 1.472000000000000001e-03
-7.625000000000000000e+01 -3.298429319371727786e+00 3.983000000000000429e-03
-7.625000000000000000e+01 -2.356020942408377117e+00 2.553000000000000148e-03
-7.625000000000000000e+01 -1.413612565445026226e+00 4.486999999999999669e-03
-7.625000000000000000e+01 -4.712041884816753901e-01 1.397079999999999989e-01
-7.625000000000000000e+01 4.712041884816753901e-01 1.397079999999999989e-01
-7.625000000000000000e+01 1.413612565445026226e+00 7.735870000000000246e-01
-7.500000000000000000e+01 -1.366492146596859136e+01 7.814200000000000312e-02
-7.500000000000000000e+01 -1.272251308900523981e+01 1.417779999999999874e-01
-7.500000000000000000e+01 -1.178010471204188825e+01 1.237540000000000029e-01
-7.500000000000000000e+01 -1.083769633507853669e+01 3.384190000000000254e-01
-7.500000000000000000e+01 -9.895287958115185134e+00 1.713959999999999928e-01
-7.500000000000000000e+01 -8.952879581151833577e+00 4.716250000000000164e-01
-7.500000000000000000e+01 -8.010471204188482020e+00 2.268560000000000021e-01
-7.500000000000000000e+01 -7.068062827225130462e+00 3.502199999999999758e-02
-7.500000000000000000e+01 -6.125654450261779793e+00 6.070300000000000001e-02
-7.500000000000000000e+01 -5.183246073298429124e+00 4.566900000000000126e-02
-7.500000000000000000e+01 -4.240837696335078455e+00 2.003299999999999872e-02
-7.500000000000000000e+01 -3.298429319371727786e+00 2.305999999999999890e-03
-7.500000000000000000e+01 -2.356020942408377117e+00 6.376999999999999856e-03
-7.500000000000000000e+01 -1.413612565445026226e+00 5.597000000000000412e-03
-7.500000000000000000e+01 -4.712041884816753901e-01 2.513100000000000056e-02
-7.500000000000000000e+01 4.712041884816753901e-01 2.513100000000000056e-02
-7.500000000000000000e+01 1.413612565445026226e+00 4.613129999999999731e-01
-7.500000000000000000e+01 2.356020942408377117e+00 8.739989999999999704e-01
-7.375000000000000000e+01 -1.460732984293194114e+01 0.000000000000000000e+00
-7.375000000000000000e+01 -1.366492146596859136e+01 1.302490000000000037e-01
-7.375000000000000000e+01 -1.272251308900523981e+01 8.157399999999999374e-02
-7.375000000000000000e+01 -1.178010471204188825e+01 9.824600000000000000e-02
-7.375000000000000000e+01 -1.083769633507853669e+01 9.069699999999999984e-02
-7.375000000000000000e+01 -9.895287958115185134e+00 5.868799999999999711e-02
-7.375000000000000000e+01 -8.952879581151833577e+00 9.062800000000000022e-02
-7.375000000000000000e+01 -8.010471204188482020e+00 1.173970000000000014e-01
-7.375000000000000000e+01 -7.068062827225130462e+00 5.074100000000000138e-02
-7.375000000000000000e+01 -6.125654450261779793e+00 2.464699999999999877e-02
-7.375000000000000000e+01 -5.183246073298429124e+00 7.177999999999999658e-02
-7.375000000000000000e+01 -4.240837696335078455e+00 2.272499999999999867e-02
-7.375000000000000000e+01 -3.298429319371727786e+00 7.262000000000000226e-03
-7.375000000000000000e+01 -2.356020942408377117e+00 5.409999999999999878e-03
-7.375000000000000000e+01 -1.413612565445026226e+00 8.718399999999999761e-02
-7.375000000000000000e+01 -4.712041884816753901e-01 2.467000000000000009e-03
-7.375000000000000000e+01 4.712041884816753901e-01 2.467000000000000009e-03
-7.375000000000000000e+01 1.413612565445026226e+00 3.855900000000000299e-02
-7.250000000000000000e+01 -1.460732984293194114e+01 5.432000000000000196e-03
-7.250000000000000000e+01 -1.366492146596859136e+01 1.374849999999999961e-01
-7.250000000000000000e+01 -1.272251308900523981e+01 1.702940000000000009e-01
-7.250000000000000000e+01 -1.178010471204188825e+01 4.293199999999999794e-02
-7.250000000000000000e+01 -1.083769633507853669e+01 6.879999999999999831e-03
-7.250000000000000000e+01 -9.895287958115185134e+00 0.000000000000000000e+00
-7.250000000000000000e+01 -8.952879581151833577e+00 1.028699999999999927e-02
-7.250000000000000000e+01 -8.010471204188482020e+00 4.228779999999999761e-01
-7.250000000000000000e+01 -7.068062827225130462e+00 1.936819999999999931e-01
-7.250000000000000000e+01 -6.125654450261779793e+00 9.730000000000000151e-04
-7.250000000000000000e+01 -5.183246073298429124e+00 9.737000000000000863e-03
-7.250000000000000000e+01 -4.240837696335078455e+00 1.123389999999999944e-01
-7.250000000000000000e+01 -3.298429319371727786e+00 2.123999999999999846e-02
-7.250000000000000000e+01 -2.356020942408377117e+00 4.085300000000000042e-02
-7.250000000000000000e+01 -1.413612565445026226e+00 8.552000000000000574e-03
-7.250000000000000000e+01 -4.712041884816753901e-01 6.908000000000000078e-03
-7.250000000000000000e+01 4.712041884816753901e-01 6.908000000000000078e-03
-7.250000000000000000e+01 1.413612565445026226e+00 1.044499999999999942e-02
-7.125000000000000000e+01 -1.460732984293194114e+01 9.079900000000000471e-02
-7.125000000000000000e+01 -1.366492146596859136e+01 2.439500000000000002e-02
-7.125000000000000000e+01 -1.272251308900523981e+01 1.861130000000000007e-01
-7.125000000000000000e+01 -1.178010471204188825e+01 4.512999999999999651e-03
-7.125000000000000000e+01 -1.083769633507853669e+01 0.000000000000000000e+00
-7.125000000000000000e+01 -9.895287958115185134e+00 6.791000000000000161e-03
-7.125000000000000000e+01 -8.952879581151833577e+00 9.124100000000000266e-02
-7.125000000000000000e+01 -8.010471204188482020e+00 5.243139999999999468e-01
-7.125000000000000000e+01 -7.068062827225130462e+00 4.015500000000000319e-02
-7.125000000000000000e+01 -6.125654450261779793e+00 4.655000000000000283e-03
-7.125000000000000000e+01 -5.183246073298429124e+00 2.429999999999999977e-04
-7.125000000000000000e+01 -4.240837696335078455e+00 3.051600000000000146e-02
-7.125000000000000000e+01 -3.298429319371727786e+00 1.589999999999999888e-04
-7.125000000000000000e+01 -2.356020942408377117e+00 4.108500000000000346e-02
-7.125000000000000000e+01 -1.413612565445026226e+00 3.592000000000000141e-03
-7.125000000000000000e+01 -4.712041884816753901e-01 0.000000000000000000e+00
-7.125000000000000000e+01 4.712041884816753901e-01 0.000000000000000000e+00
-7.125000000000000000e+01 1.413612565445026226e+00 8.405400000000000371e-02
-7.000000000000000000e+01 -1.366492146596859136e+01 8.580000000000000820e-03
-7.000000000000000000e+01 -1.272251308900523981e+01 2.702140000000000097e-01
-7.000000000000000000e+01 -1.178010471204188825e+01 3.525799999999999768e-02
-7.000000000000000000e+01 -1.083769633507853669e+01 2.963839999999999808e-01
-7.000000000000000000e+01 -9.895287958115185134e+00 4.244000000000000376e-03
-7.000000000000000000e+01 -8.952879581151833577e+00 2.366050000000000098e-01
-7.000000000000000000e+01 -8.010471204188482020e+00 3.245270000000000099e-01
-7.000000000000000000e+01 -7.068062827225130462e+00 3.461600000000000094e-02
-7.000000000000000000e+01 -6.125654450261779793e+00 1.861000000000000024e-03
-7.000000000000000000e+01 -5.183246073298429124e+00 8.040000000000000271e-04
-7.000000000000000000e+01 -4.240837696335078455e+00 1.097390000000000032e-01
-7.000000000000000000e+01 -3.298429319371727786e+00 4.168399999999999883e-02
-7.000000000000000000e+01 -2.356020942408377117e+00 1.360399999999999977e-02
-7.000000000000000000e+01 -1.413612565445026226e+00 2.773400000000000171e-02
-7.000000000000000000e+01 -4.712041884816753901e-01 1.220300000000000031e-02
-7.000000000000000000e+01 4.712041884816753901e-01 1.220300000000000031e-02
-7.000000000000000000e+01 1.413612565445026226e+00 6.821999999999999939e-03
-6.875000000000000000e+01 -1.554973821989529448e+01 1.353999999999999952e-03
-6.875000000000000000e+01 -1.460732984293194114e+01 2.970000000000000070e-02
-6.875000000000000000e+01 -1.366492146596859136e+01 1.525699999999999973e-02
-6.875000000000000000e+01 -1.272251308900523981e+01 1.498970000000000025e-01
-6.875000000000000000e+01 -1.178010471204188825e+01 4.115079999999999849e-01
-6.875000000000000000e+01 -1.083769633507853669e+01 6.037879999999999914e-01
-6.875000000000000000e+01 -9.895287958115185134e+00 1.536909999999999943e-01
-6.875000000000000000e+01 -8.952879581151833577e+00 5.737889999999999935e-01
-6.875000000000000000e+01 -8.010471204188482020e+00 2.402000000000000055e-03
-6.875000000000000000e+01 -7.068062827225130462e+00 2.047999999999999907e-03
-6.875000000000000000e+01 -6.125654450261779793e+00 1.129999999999999928e-03
-6.875000000000000000e+01 -5.183246073298429124e+00 4.840000000000000010e-04
-6.875000000000000000e+01 -4.240837696335078455e+00 4.423999999999999981e-03
-6.875000000000000000e+01 -3.298429319371727786e+00 7.030999999999999923e-03
-6.875000000000000000e+01 -2.356020942408377117e+00 4.669999999999999672e-03
-6.875000000000000000e+01 -1.413612565445026226e+00 6.447999999999999739e-03
-6.875000000000000000e+01 -4.712041884816753901e-01 1.129100000000000069e-02
-6.875000000000000000e+01 4.712041884816753901e-01 1.129100000000000069e-02
-6.875000000000000000e+01 1.413612565445026226e+00 1.477200000000000041e-02
-6.875000000000000000e+01 2.356020942408377117e+00 6.295000000000000248e-03
-6.750000000000000000e+01 -1.649214659685864603e+01 3.247499999999999831e-01
-6.750000000000000000e+01 -1.554973821989529448e+01 3.247499999999999831e-01
-6.750000000000000000e+01 -1.460732984293194114e+01 1.431169999999999942e-01
-6.750000000000000000e+01 -1.366492146596859136e+01 1.218660000000000021e-01
-6.750000000000000000e+01 -1.272251308900523981e+01 1.818600000000000078e-02
-6.750000000000000000e+01 -1.178010471204188825e+01 2.707800000000000137e-02
-6.750000000000000000e+01 -1.083769633507853669e+01 3.761220000000000119e-01
-6.750000000000000000e+01 -9.895287958115185134e+00 8.483469999999999622e-01
-6.750000000000000000e+01 -8.952879581151833577e+00 3.069359999999999866e-01
-6.750000000000000000e+01 -8.010471204188482020e+00 2.236999999999999839e-03
-6.750000000000000000e+01 -7.068062827225130462e+00 8.919999999999999978e-04
-6.750000000000000000e+01 -6.125654450261779793e+00 5.134999999999999808e-03
-6.750000000000000000e+01 -5.183246073298429124e+00 1.128000000000000096e-03
-6.750000000000000000e+01 -4.240837696335078455e+00 8.059999999999999673e-04
-6.750000000000000000e+01 -3.298429319371727786e+00 1.441199999999999946e-02
-6.750000000000000000e+01 -2.356020942408377117e+00 3.310000000000000225e-04
-6.750000000000000000e+01 -1.413612565445026226e+00 8.000000000000000654e-05
-6.750000000000000000e+01 -4.712041884816753901e-01 8.989999999999999511e-04
-6.750000000000000000e+01 4.712041884816753901e-01 8.989999999999999511e-04
-6.750000000000000000e+01 1.413612565445026226e+00 6.081999999999999733e-03
-6.750000000000000000e+01 2.356020942408377117e+00 5.212999999999999752e-03
-6.625000000000000000e+01 -1.837696335078534560e+01 8.382100000000000661e-02
-6.625000000000000000e+01 -1.743455497382199582e+01 2.717780000000000196e-01
-6.625000000000000000e+01 -1.649214659685864603e+01 9.749000000000000721e-03
-6.625000000000000000e+01 -1.554973821989529448e+01 9.749000000000000721e-03
-6.625000000000000000e+01 -1.460732984293194114e+01 9.572000000000000647e-03
-6.625000000000000000e+01 -1.366492146596859136e+01 1.134000000000000025e-03
-6.625000000000000000e+01 -1.272251308900523981e+01 0.000000000000000000e+00
-6.625000000000000000e+01 -1.178010471204188825e+01 8.729000000000000647e-03
-6.625000000000000000e+01 -1.083769633507853669e+01 1.452890000000000015e-01
-6.625000000000000000e+01 -9.895287958115185134e+00 3.023989999999999734e-01
-6.625000000000000000e+01 -8.952879581151833577e+00 1.897290000000000088e-01
-6.625000000000000000e+01 -8.010471204188482020e+00 4.426000000000000247e-03
-6.625000000000000000e+01 -7.068062827225130462e+00 8.109999999999999805e-04
-6.625000000000000000e+01 -6.125654450261779793e+00 1.610000000000000103e-04
-6.625000000000000000e+01 -5.183246073298429124e+00 3.260000000000000094e-04
-6.625000000000000000e+01 -4.240837696335078455e+00 3.536000000000000081e-03
-6.625000000000000000e+01 -3.298429319371727786e+00 1.418400000000000043e-02
-6.625000000000000000e+01 -2.356020942408377117e+00 6.283999999999999655e-03
-6.625000000000000000e+01 -1.413612565445026226e+00 0.000000000000000000e+00
-6.625000000000000000e+01 -4.712041884816753901e-01 2.425000000000000072e-03
-6.625000000000000000e+01 4.712041884816753901e-01 2.425000000000000072e-03
-6.625000000000000000e+01 1.413612565445026226e+00 8.183100000000000096e-02
-6.625000000000000000e+01 2.356020942408377117e+00 6.830600000000000560e-02
-6.500000000000000000e+01 -1.837696335078534560e+01 2.803100000000000036e-02
-6.500000000000000000e+01 -1.743455497382199582e+01 5.061959999999999793e-01
-6.500000000000000000e+01 -1.649214659685864603e+01 3.940799999999999859e-02
-6.500000000000000000e+01 -1.554973821989529448e+01 3.940799999999999859e-02
-6.500000000000000000e+01 -1.460732984293194114e+01 8.453999999999999709e-03
-6.500000000000000000e+01 -1.366492146596859136e+01 4.837000000000000154e-03
-6.500000000000000000e+01 -1.272251308900523981e+01 1.992999999999999980e-03
-6.500000000000000000e+01 -1.178010471204188825e+01 3.476400000000000323e-02
-6.500000000000000000e+01 -1.083769633507853669e+01 2.658070000000000155e-01
-6.500000000000000000e+01 -9.895287958115185134e+00 6.819049999999999834e-01
-6.500000000000000000e+01 -8.952879581151833577e+00 3.287950000000000039e-01
-6.500000000000000000e+01 -8.010471204188482020e+00 5.895199999999999746e-02
-6.500000000000000000e+01 -7.068062827225130462e+00 9.979300000000000670e-02
-6.500000000000000000e+01 -6.125654450261779793e+00 1.147999999999999932e-03
-6.500000000000000000e+01 -5.183246073298429124e+00 2.385800000000000073e-02
-6.500000000000000000e+01 -4.240837696335078455e+00 4.076099999999999862e-02
-6.500000000000000000e+01 -3.298429319371727786e+00 8.585399999999999976e-02
-6.500000000000000000e+01 -2.356020942408377117e+00 4.329999999999999648e-03
-6.500000000000000000e+01 -1.413612565445026226e+00 1.791999999999999973e-03
-6.500000000000000000e+01 -4.712041884816753901e-01 8.082999999999999907e-03
-6.500000000000000000e+01 4.712041884816753901e-01 8.082999999999999907e-03
-6.500000000000000000e+01 1.413612565445026226e+00 2.658999999999999905e-03
-6.375000000000000000e+01 -2.026178010471204516e+01 5.000000000000000000e-01
-6.375000000000000000e+01 -1.931937172774869538e+01 2.730589999999999962e-01
-6.375000000000000000e+01 -1.837696335078534560e+01 1.803170000000000051e-01
-6.375000000000000000e+01 -1.743455497382199582e+01 5.977700000000000236e-01
-6.375000000000000000e+01 -1.649214659685864603e+01 6.780799999999999328e-02
-6.375000000000000000e+01 -1.554973821989529448e+01 6.780799999999999328e-02
-6.375000000000000000e+01 -1.460732984293194114e+01 3.064300000000000010e-02
-6.375000000000000000e+01 -1.366492146596859136e+01 3.468999999999999861e-03
-6.375000000000000000e+01 -1.272251308900523981e+01 5.100000000000000366e-03
-6.375000000000000000e+01 -1.178010471204188825e+01 5.725989999999999691e-01
-6.375000000000000000e+01 -1.083769633507853669e+01 8.657299999999999718e-02
-6.375000000000000000e+01 -9.895287958115185134e+00 6.068419999999999925e-01
-6.375000000000000000e+01 -8.952879581151833577e+00 8.561929999999999819e-01
-6.375000000000000000e+01 -8.010471204188482020e+00 5.234879999999999534e-01
-6.375000000000000000e+01 -7.068062827225130462e+00 1.113900000000000029e-01
-6.375000000000000000e+01 -6.125654450261779793e+00 4.970999999999999724e-03
-6.375000000000000000e+01 -5.183246073298429124e+00 3.335199999999999970e-02
-6.375000000000000000e+01 -4.240837696335078455e+00 1.237380000000000008e-01
-6.375000000000000000e+01 -3.298429319371727786e+00 1.724000000000000055e-03
-6.375000000000000000e+01 -2.356020942408377117e+00 3.249999999999999851e-04
-6.375000000000000000e+01 -1.413612565445026226e+00 3.240000000000000150e-04
-6.375000000000000000e+01 -4.712041884816753901e-01 1.828999999999999897e-03
-6.375000000000000000e+01 4.712041884816753901e-01 1.828999999999999897e-03
-6.375000000000000000e+01 1.413612565445026226e+00 0.000000000000000000e+00
-6.375000000000000000e+01 3.298429319371727786e+00 1.668400000000000091e-02
-6.250000000000000000e+01 -1.931937172774869538e+01 4.004280000000000062e-01
-6.250000000000000000e+01 -1.837696335078534560e+01 7.203889999999999461e-01
-6.250000000000000000e+01 -1.743455497382199582e+01 8.304040000000000310e-01
-6.250000000000000000e+01 -1.649214659685864603e+01 1.457839999999999969e-01
-6.250000000000000000e+01 -1.554973821989529448e+01 1.457839999999999969e-01
-6.250000000000000000e+01 -1.460732984293194114e+01 8.637000000000000580e-03
-6.250000000000000000e+01 -1.366492146596859136e+01 2.263999999999999953e-03
-6.250000000000000000e+01 -1.272251308900523981e+01 1.886600000000000082e-02
-6.250000000000000000e+01 -1.178010471204188825e+01 5.845080000000000275e-01
-6.250000000000000000e+01 -1.083769633507853669e+01 4.614019999999999788e-01
-6.250000000000000000e+01 -9.895287958115185134e+00 9.815099999999999936e-01
-6.250000000000000000e+01 -8.952879581151833577e+00 5.654649999999999954e-01
-6.250000000000000000e+01 -8.010471204188482020e+00 4.077560000000000073e-01
-6.250000000000000000e+01 -7.068062827225130462e+00 6.938149999999999595e-01
-6.250000000000000000e+01 -6.125654450261779793e+00 2.003590000000000093e-01
-6.250000000000000000e+01 -5.183246073298429124e+00 2.396000000000000126e-03
-6.250000000000000000e+01 -4.240837696335078455e+00 2.046520000000000006e-01
-6.250000000000000000e+01 -3.298429319371727786e+00 1.768799999999999886e-02
-6.250000000000000000e+01 -2.356020942408377117e+00 1.056999999999999997e-03
-6.250000000000000000e+01 -1.413612565445026226e+00 7.932500000000000662e-02
-6.250000000000000000e+01 -4.712041884816753901e-01 6.509999999999999945e-04
-6.250000000000000000e+01 4.712041884816753901e-01 6.509999999999999945e-04
-6.250000000000000000e+01 1.413612565445026226e+00 1.913999999999999903e-03
-6.250000000000000000e+01 2.356020942408377117e+00 5.257999999999999653e-03
-6.250000000000000000e+01 3.298429319371727786e+00 0.000000000000000000e+00
-6.125000000000000000e+01 -1.837696335078534560e+01 1.995419999999999972e-01
-6.125000000000000000e+01 -1.743455497382199582e+01 2.903899999999999815e-01
-6.125000000000000000e+01 -1.649214659685864603e+01 3.091780000000000084e-01
-6.125000000000000000e+01 -1.554973821989529448e+01 3.091780000000000084e-01
-6.125000000000000000e+01 -1.460732984293194114e+01 5.451199999999999796e-02
-6.125000000000000000e+01 -1.366492146596859136e+01 6.918799999999999950e-02
-6.125000000000000000e+01 -1.272251308900523981e+01 7.130490000000000439e-01
-6.125000000000000000e+01 -1.178010471204188825e+01 8.135289999999999466e-01
-6.125000000000000000e+01 -1.083769633507853669e+01 5.253109999999999724e-01
-6.125000000000000000e+01 -9.895287958115185134e+00 5.748980000000000201e-01
-6.125000000000000000e+01 -8.952879581151833577e+00 2.476599999999999913e-01
-6.125000000000000000e+01 -8.010471204188482020e+00 1.768770000000000064e-01
-6.125000000000000000e+01 -7.068062827225130462e+00 7.370699999999999474e-02
-6.125000000000000000e+01 -6.125654450261779793e+00 1.673030000000000073e-01
-6.125000000000000000e+01 -5.183246073298429124e+00 1.223090000000000011e-01
-6.125000000000000000e+01 -4.240837696335078455e+00 3.750000000000000000e-01
-6.125000000000000000e+01 -3.298429319371727786e+00 4.213230000000000031e-01
-6.125000000000000000e+01 -2.356020942408377117e+00 5.472000000000000301e-03
-6.125000000000000000e+01 -1.413612565445026226e+00 4.627400000000000263e-02
-6.125000000000000000e+01 -4.712041884816753901e-01 2.243870000000000031e-01
-6.125000000000000000e+01 4.712041884816753901e-01 2.243870000000000031e-01
-6.125000000000000000e+01 1.413612565445026226e+00 2.994049999999999767e-01
-6.125000000000000000e+01 2.356020942408377117e+00 7.640270000000000117e-01
-6.125000000000000000e+01 3.298429319371727786e+00 2.754229999999999734e-01
-6.125000000000000000e+01 4.240837696335078455e+00 9.353100000000000303e-02
-6.000000000000000000e+01 -1.554973821989529448e+01 1.428570000000000118e-01
-6.000000000000000000e+01 -1.460732984293194114e+01 4.405810000000000004e-01
-6.000000000000000000e+01 -1.366492146596859136e+01 5.904960000000000209e-01
-6.000000000000000000e+01 -1.272251308900523981e+01 4.781290000000000262e-01
-6.000000000000000000e+01 -1.178010471204188825e+01 1.736880000000000090e-01
-6.000000000000000000e+01 -1.083769633507853669e+01 4.060799999999999826e-02
-6.000000000000000000e+01 -9.895287958115185134e+00 3.754589999999999872e-01
-6.000000000000000000e+01 -8.952879581151833577e+00 1.668260000000000021e-01
-6.000000000000000000e+01 -8.010471204188482020e+00 2.046999999999999861e-02
-6.000000000000000000e+01 -7.068062827225130462e+00 3.964619999999999811e-01
-6.000000000000000000e+01 -6.125654450261779793e+00 1.658310000000000062e-01
-6.000000000000000000e+01 -5.183246073298429124e+00 1.745680000000000009e-01
-6.000000000000000000e+01 -4.240837696335078455e+00 5.210470000000000379e-01
-6.000000000000000000e+01 -3.298429319371727786e+00 8.428860000000000241e-01
-6.000000000000000000e+01 -2.356020942408377117e+00 8.432509999999999728e-01
-6.000000000000000000e+01 -1.413612565445026226e+00 2.913379999999999859e-01
-6.000000000000000000e+01 -4.712041884816753901e-01 7.379099999999999548e-02
-6.000000000000000000e+01 4.712041884816753901e-01 7.379099999999999548e-02
-6.000000000000000000e+01 1.413612565445026226e+00 7.489109999999999934e-01
-6.000000000000000000e+01 2.356020942408377117e+00 3.484749999999999792e-01
-6.000000000000000000e+01 3.298429319371727786e+00 1.266660000000000008e-01
-6.000000000000000000e+01 4.240837696335078455e+00 1.348000000000000066e-02
-6.000000000000000000e+01 5.183246073298429124e+00 1.398399999999999990e-02
-5.875000000000000000e+01 -1.366492146596859136e+01 5.609800000000000203e-02
-5.875000000000000000e+01 -1.272251308900523981e+01 7.015999999999999667e-03
-5.875000000000000000e+01 -1.178010471204188825e+01 2.578440000000000176e-01
-5.875000000000000000e+01 -1.083769633507853669e+01 7.042749999999999844e-01
-5.875000000000000000e+01 -9.895287958115185134e+00 7.635070000000000467e-01
-5.875000000000000000e+01 -8.952879581151833577e+00 2.159760000000000013e-01
-5.875000000000000000e+01 -8.010471204188482020e+00 2.635000000000000189e-03
-5.875000000000000000e+01 -7.068062827225130462e+00 2.013449999999999962e-01
-5.875000000000000000e+01 -6.125654450261779793e+00 1.113899999999999960e-02
-5.875000000000000000e+01 -5.183246073298429124e+00 3.523999999999999789e-03
-5.875000000000000000e+01 -4.240837696335078455e+00 3.158880000000000021e-01
-5.875000000000000000e+01 -3.298429319371727786e+00 7.997670000000000057e-01
-5.875000000000000000e+01 -2.356020942408377117e+00 2.412640000000000062e-01
-5.875000000000000000e+01 -1.413612565445026226e+00 1.728499999999999828e-02
-5.875000000000000000e+01 -4.712041884816753901e-01 1.693000000000000060e-03
-5.875000000000000000e+01 4.712041884816753901e-01 1.693000000000000060e-03
-5.750000000000000000e+01 -1.366492146596859136e+01 5.880900000000000016e-02
-5.750000000000000000e+01 -1.272251308900523981e+01 8.510800000000000309e-02
-5.750000000000000000e+01 -1.178010471204188825e+01 6.535509999999999931e-01
-5.750000000000000000e+01 -1.083769633507853669e+01 5.721709999999999852e-01
-5.750000000000000000e+01 -9.895287958115185134e+00 7.702309999999999990e-01
-5.750000000000000000e+01 -8.952879581151833577e+00 2.034719999999999862e-01
-5.750000000000000000e+01 -8.010471204188482020e+00 1.708749999999999991e-01
-5.750000000000000000e+01 -7.068062827225130462e+00 1.606099999999999889e-02
-5.750000000000000000e+01 -6.125654450261779793e+00 2.012899999999999967e-01
-5.750000000000000000e+01 -5.183246073298429124e+00 1.713699999999999946e-02
-5.750000000000000000e+01 -4.240837696335078455e+00 9.083099999999999508e-02
-5.750000000000000000e+01 -3.298429319371727786e+00 4.780309999999999837e-01
-5.750000000000000000e+01 -2.356020942408377117e+00 1.001250000000000057e-01
-5.750000000000000000e+01 -1.413612565445026226e+00 1.782500000000000057e-02
-5.750000000000000000e+01 -4.712041884816753901e-01 4.164299999999999946e-02
-5.750000000000000000e+01 4.712041884816753901e-01 4.164299999999999946e-02
-5.750000000000000000e+01 1.413612565445026226e+00 8.515100000000000446e-02
-5.625000000000000000e+01 -1.366492146596859136e+01 4.139530000000000154e-01
-5.625000000000000000e+01 -1.272251308900523981e+01 3.757869999999999822e-01
-5.625000000000000000e+01 -1.178010471204188825e+01 8.247830000000000439e-01
-5.625000000000000000e+01 -1.083769633507853669e+01 6.310000000000000053e-01
-5.625000000000000000e+01 -9.895287958115185134e+00 9.831729999999999636e-01
-5.625000000000000000e+01 -8.952879581151833577e+00 1.352190000000000059e-01
-5.625000000000000000e+01 -8.010471204188482020e+00 9.327199999999999380e-02
-5.625000000000000000e+01 -7.068062827225130462e+00 3.057219999999999938e-01
-5.625000000000000000e+01 -6.125654450261779793e+00 3.585450000000000026e-01
-5.625000000000000000e+01 -5.183246073298429124e+00 4.948750000000000093e-01
-5.625000000000000000e+01 -4.240837696335078455e+00 4.878700000000000259e-01
-5.625000000000000000e+01 -3.298429319371727786e+00 2.033649999999999902e-01
-5.625000000000000000e+01 -2.356020942408377117e+00 4.509650000000000047e-01
-5.625000000000000000e+01 -1.413612565445026226e+00 7.406799999999999495e-02
-5.625000000000000000e+01 -4.712041884816753901e-01 8.790000000000000070e-04
-5.625000000000000000e+01 4.712041884816753901e-01 8.790000000000000070e-04
-5.625000000000000000e+01 1.413612565445026226e+00 0.000000000000000000e+00
-5.500000000000000000e+01 -1.460732984293194114e+01 1.866889999999999938e-01
-5.500000000000000000e+01 -1.366492146596859136e+01 5.913399999999999906e-02
-5.500000000000000000e+01 -1.272251308900523981e+01 6.150879999999999681e-01
-5.500000000000000000e+01 -1.178010471204188825e+01 8.957270000000000509e-01
-5.500000000000000000e+01 -1.083769633507853669e+01 9.250840000000000174e-01
-5.500000000000000000e+01 -9.895287958115185134e+00 9.126379999999999493e-01
-5.500000000000000000e+01 -8.952879581151833577e+00 3.077050000000000063e-01
-5.500000000000000000e+01 -8.010471204188482020e+00 6.178369999999999695e-01
-5.500000000000000000e+01 -7.068062827225130462e+00 4.030639999999999779e-01
-5.500000000000000000e+01 -6.125654450261779793e+00 1.907320000000000126e-01
-5.500000000000000000e+01 -5.183246073298429124e+00 1.244590000000000002e-01
-5.500000000000000000e+01 -4.240837696335078455e+00 6.272039999999999837e-01
-5.500000000000000000e+01 -3.298429319371727786e+00 6.904869999999999619e-01
-5.500000000000000000e+01 -2.356020942408377117e+00 6.717509999999999870e-01
-5.500000000000000000e+01 -1.413612565445026226e+00 1.039240000000000025e-01
-5.500000000000000000e+01 -4.712041884816753901e-01 2.420000000000000005e-04
-5.500000000000000000e+01 4.712041884816753901e-01 2.420000000000000005e-04
-5.500000000000000000e+01 1.413612565445026226e+00 2.420000000000000005e-04
-5.500000000000000000e+01 2.356020942408377117e+00 5.760000000000000146e-04
-5.375000000000000000e+01 -1.460732984293194114e+01 2.693000000000000081e-03
-5.375000000000000000e+01 -1.366492146596859136e+01 5.321300000000000335e-02
-5.375000000000000000e+01 -1.272251308900523981e+01 4.375600000000000045e-01
-5.375000000000000000e+01 -1.178010471204188825e+01 3.278619999999999868e-01
-5.375000000000000000e+01 -1.083769633507853669e+01 5.915179999999999882e-01
-5.375000000000000000e+01 -9.895287958115185134e+00 6.104579999999999451e-01
-5.375000000000000000e+01 -8.952879581151833577e+00 6.276199999999999835e-02
-5.375000000000000000e+01 -8.010471204188482020e+00 8.000000000000000654e-05
-5.375000000000000000e+01 -7.068062827225130462e+00 1.240200000000000052e-01
-5.375000000000000000e+01 -6.125654450261779793e+00 2.162910000000000110e-01
-5.375000000000000000e+01 -5.183246073298429124e+00 3.593640000000000168e-01
-5.375000000000000000e+01 -4.240837696335078455e+00 5.896810000000000107e-01
-5.375000000000000000e+01 -3.298429319371727786e+00 7.942059999999999675e-01
-5.375000000000000000e+01 -2.356020942408377117e+00 5.641270000000000451e-01
-5.375000000000000000e+01 -1.413612565445026226e+00 3.498620000000000063e-01
-5.375000000000000000e+01 -4.712041884816753901e-01 6.850199999999999345e-02
-5.375000000000000000e+01 4.712041884816753901e-01 6.850199999999999345e-02
-5.375000000000000000e+01 1.413612565445026226e+00 3.990099999999999758e-01
-5.375000000000000000e+01 2.356020942408377117e+00 1.977999999999999897e-02
-5.250000000000000000e+01 -1.366492146596859136e+01 1.417599999999999937e-02
-5.250000000000000000e+01 -1.272251308900523981e+01 3.506110000000000060e-01
-5.250000000000000000e+01 -1.178010471204188825e+01 1.896919999999999995e-01
-5.250000000000000000e+01 -1.083769633507853669e+01 3.604689999999999839e-01
-5.250000000000000000e+01 -9.895287958115185134e+00 1.964799999999999880e-01
-5.250000000000000000e+01 -8.952879581151833577e+00 5.374999999999999570e-03
-5.250000000000000000e+01 -8.010471204188482020e+00 4.594800000000000273e-02
-5.250000000000000000e+01 -7.068062827225130462e+00 5.315980000000000150e-01
-5.250000000000000000e+01 -6.125654450261779793e+00 6.198949999999999738e-01
-5.250000000000000000e+01 -5.183246073298429124e+00 6.090700000000000280e-02
-5.250000000000000000e+01 -4.240837696335078455e+00 2.682930000000000037e-01
-5.250000000000000000e+01 -3.298429319371727786e+00 7.148440000000000349e-01
-5.250000000000000000e+01 -2.356020942408377117e+00 2.409580000000000055e-01
-5.250000000000000000e+01 -1.413612565445026226e+00 8.331290000000000084e-01
-5.250000000000000000e+01 -4.712041884816753901e-01 3.001699999999999924e-01
-5.250000000000000000e+01 4.712041884816753901e-01 3.001699999999999924e-01
-5.125000000000000000e+01 -8.952879581151833577e+00 7.996779999999999999e-01
-5.125000000000000000e+01 -8.010471204188482020e+00 5.335919999999999552e-01
-5.125000000000000000e+01 -7.068062827225130462e+00 6.668539999999999468e-01
-5.125000000000000000e+01 -5.183246073298429124e+00 4.304049999999999820e-01
-5.125000000000000000e+01 -4.240837696335078455e+00 6.449589999999999490e-01
-5.125000000000000000e+01 -3.298429319371727786e+00 9.649370000000000447e-01
-5.125000000000000000e+01 -2.356020942408377117e+00 6.968269999999999742e-01
-5.000000000000000000e+01 -3.298429319371727786e+00 9.338999999999999524e-01
