-7.875000000000000000e+01 -6.125654450261779793e+00 5.084400000000000031e-01
-7.875000000000000000e+01 -5.183246073298429124e+00 2.829110000000000236e-01
-7.875000000000000000e+01 -4.240837696335078455e+00 4.039610000000000145e-01
-7.875000000000000000e+01 -3.298429319371727786e+00 5.283830000000000471e-01
-7.875000000000000000e+01 -2.356020942408377117e+00 0.000000000000000000e+00
-7.875000000000000000e+01 -1.413612565445026226e+00 0.000000000000000000e+00
-7.750000000000000000e+01 -8.952879581151833577e+00 1.875680000000000125e-01
-7.750000000000000000e+01 -8.010471204188482020e+00 1.435049999999999937e-01
-7.750000000000000000e+01 -7.068062827225130462e+00 2.870809999999999751e-01
-7.750000000000000000e+01 -6.125654450261779793e+00 5.538220000000000365e-01
-7.750000000000000000e+01 -5.183246073298429124e+00 2.134389999999999898e-01
-7.750000000000000000e+01 -4.240837696335078455e+00 5.726300000000000140e-02
-7.750000000000000000e+01 -3.298429319371727786e+00 4.883100000000000218e-01
-7.750000000000000000e+01 -2.356020942408377117e+00 3.054189999999999960e-01
-7.750000000000000000e+01 -1.413612565445026226e+00 4.239829999999999988e-01
-7.750000000000000000e+01 -4.712041884816753901e-01 2.397239999999999926e-01
-7.750000000000000000e+01 4.712041884816753901e-01 2.397239999999999926e-01
-7.625000000000000000e+01 -1.083769633507853669e+01 7.645499999999999519e-02
-7.625000000000000000e+01 -9.895287958115185134e+00 1.551309999999999911e-01
-7.625000000000000000e+01 -8.952879581151833577e+00 5.113480000000000247e-01
-7.625000000000000000e+01 -8.010471204188482020e+00 2.142630000000000090e-01
-7.625000000000000000e+01 -7.068062827225130462e+00 2.883519999999999972e-01
-7.625000000000000000e+01 -6.125654450261779793e+00 5.317140000000000200e-01
-7.625000000000000000e+01 -5.183246073298429124e+00 4.171600000000000308e-02
-7.625000000000000000e+01 -4.240837696335078455e+00 1.472000000000000001e-03
-7.625000000000000000e+01 -3.298429319371727786e+00 3.983000000000000429e-03
-7.625000000000000000e+01 -2.356020942408377117e+00 2.553000000000000148e-03
-7.625000000000000000e+01 -1.413612565445026226e+00 9.381999999999999715e-03
-7.625000000000000000e+01 -4.712041884816753901e-01 2.594569999999999932e-01
-7.625000000000000000e+01 4.712041884816753901e-01 2.594569999999999932e-01
-7.625000000000000000e+01 1.413612565445026226e+00 8.911240000000000272e-01
-7.500000000000000000e+01 -1.366492146596859136e+01 7.814200000000000312e-02
-7.500000000000000000e+01 -1.272251308900523981e+01 1.417779999999999874e-01
-7.500000000000000000e+01 -1.178010471204188825e+01 1.238360000000000016e-01
-7.500000000000000000e+01 -1.083769633507853669e+01 4.055059999999999776e-01
-7.500000000000000000e+01 -9.895287958115185134e+00 2.371330000000000104e-01
-7.500000000000000000e+01 -8.952879581151833577e+00 5.690499999999999448e-01
-7.500000000000000000e+01 -8.010471204188482020e+00 2.654710000000000125e-01
-7.500000000000000000e+01 -7.068062827225130462e+00 4.325799999999999784e-02
-7.500000000000000000e+01 -6.125654450261779793e+00 6.070300000000000001e-02
-7.500000000000000000e+01 -5.183246073298429124e+00 4.566900000000000126e-02
-7.500000000000000000e+01 -4.240837696335078455e+00 2.003299999999999872e-02
-7.500000000000000000e+01 -3.298429319371727786e+00 2.305999999999999890e-03
-7.500000000000000000e+01 -2.356020942408377117e+00 6.376999999999999856e-03
-7.500000000000000000e+01 -1.413612565445026226e+00 5.597000000000000412e-03
-7.500000000000000000e+01 -4.712041884816753901e-01 5.905300000000000132e-02
-7.500000000000000000e+01 4.712041884816753901e-01 5.905300000000000132e-02
-7.500000000000000000e+01 1.413612565445026226e+00 6.447500000000000453e-01
-7.500000000000000000e+01 2.356020942408377117e+00 9.342460000000000209e-01
-7.375000000000000000e+01 -1.460732984293194114e+01 0.000000000000000000e+00
-7.375000000000000000e+01 -1.366492146596859136e+01 1.302490000000000037e-01
-7.375000000000000000e+01 -1.272251308900523981e+01 8.566500000000000503e-02
-7.375000000000000000e+01 -1.178010471204188825e+01 1.043919999999999987e-01
-7.375000000000000000e+01 -1.083769633507853669e+01 1.060910000000000047e-01
-7.375000000000000000e+01 -9.895287958115185134e+00 5.951200000000000240e-02
-7.375000000000000000e+01 -8.952879581151833577e+00 1.159000000000000030e-01
-7.375000000000000000e+01 -8.010471204188482020e+00 2.253110000000000113e-01
-7.375000000000000000e+01 -7.068062827225130462e+00 1.427759999999999863e-01
-7.375000000000000000e+01 -6.125654450261779793e+00 2.464699999999999877e-02
-7.375000000000000000e+01 -5.183246073298429124e+00 7.177999999999999658e-02
-7.375000000000000000e+01 -4.240837696335078455e+00 2.272499999999999867e-02
-7.375000000000000000e+01 -3.298429319371727786e+00 7.262000000000000226e-03
-7.375000000000000000e+01 -2.356020942408377117e+00 5.409999999999999878e-03
-7.375000000000000000e+01 -1.413612565445026226e+00 1.252959999999999907e-01
-7.375000000000000000e+01 -4.712041884816753901e-01 2.467000000000000009e-03
-7.375000000000000000e+01 4.712041884816753901e-01 2.467000000000000009e-03
-7.375000000000000000e+01 1.413612565445026226e+00 6.723300000000000110e-02
-7.250000000000000000e+01 -1.460732984293194114e+01 5.432000000000000196e-03
-7.250000000000000000e+01 -1.366492146596859136e+01 1.374849999999999961e-01
-7.250000000000000000e+01 -1.272251308900523981e+01 1.826230000000000075e-01
-7.250000000000000000e+01 -1.178010471204188825e+01 4.293199999999999794e-02
-7.250000000000000000e+01 -1.083769633507853669e+01 6.879999999999999831e-03
-7.250000000000000000e+01 -9.895287958115185134e+00 0.000000000000000000e+00
-7.250000000000000000e+01 -8.952879581151833577e+00 5.608599999999999697e-02
-7.250000000000000000e+01 -8.010471204188482020e+00 6.091220000000000523e-01
-7.250000000000000000e+01 -7.068062827225130462e+00 3.934389999999999832e-01
-7.250000000000000000e+01 -6.125654450261779793e+00 9.730000000000000151e-04
-7.250000000000000000e+01 -5.183246073298429124e+00 9.737000000000000863e-03
-7.250000000000000000e+01 -4.240837696335078455e+00 1.123389999999999944e-01
-7.250000000000000000e+01 -3.298429319371727786e+00 2.123999999999999846e-02
-7.250000000000000000e+01 -2.356020942408377117e+00 6.053599999999999953e-02
-7.250000000000000000e+01 -1.413612565445026226e+00 1.480099999999999992e-02
-7.250000000000000000e+01 -4.712041884816753901e-01 6.908000000000000078e-03
-7.250000000000000000e+01 4.712041884816753901e-01 6.908000000000000078e-03
-7.250000000000000000e+01 1.413612565445026226e+00 1.582799999999999832e-02
-7.125000000000000000e+01 -1.460732984293194114e+01 9.079900000000000471e-02
-7.125000000000000000e+01 -1.366492146596859136e+01 2.551600000000000049e-02
-7.125000000000000000e+01 -1.272251308900523981e+01 2.937850000000000183e-01
-7.125000000000000000e+01 -1.178010471204188825e+01 1.443999999999999971e-02
-7.125000000000000000e+01 -1.083769633507853669e+01 4.017999999999999870e-03
-7.125000000000000000e+01 -9.895287958115185134e+00 7.690999999999999920e-03
-7.125000000000000000e+01 -8.952879581151833577e+00 2.100569999999999937e-01
-7.125000000000000000e+01 -8.010471204188482020e+00 7.680960000000000010e-01
-7.125000000000000000e+01 -7.068062827225130462e+00 2.223120000000000096e-01
-7.125000000000000000e+01 -6.125654450261779793e+00 1.300100000000000040e-02
-7.125000000000000000e+01 -5.183246073298429124e+00 2.429999999999999977e-04
-7.125000000000000000e+01 -4.240837696335078455e+00 3.704299999999999954e-02
-7.125000000000000000e+01 -3.298429319371727786e+00 1.589999999999999888e-04
-7.125000000000000000e+01 -2.356020942408377117e+00 5.317299999999999804e-02
-7.125000000000000000e+01 -1.413612565445026226e+00 3.592000000000000141e-03
-7.125000000000000000e+01 -4.712041884816753901e-01 0.000000000000000000e+00
-7.125000000000000000e+01 4.712041884816753901e-01 0.000000000000000000e+00
-7.125000000000000000e+01 1.413612565445026226e+00 1.104949999999999960e-01
-7.000000000000000000e+01 -1.366492146596859136e+01 1.137699999999999996e-02
-7.000000000000000000e+01 -1.272251308900523981e+01 4.164220000000000144e-01
-7.000000000000000000e+01 -1.178010471204188825e+01 1.915149999999999908e-01
-7.000000000000000000e+01 -1.083769633507853669e+01 4.669820000000000082e-01
-7.000000000000000000e+01 -9.895287958115185134e+00 9.272900000000000587e-02
-7.000000000000000000e+01 -8.952879581151833577e+00 4.533699999999999952e-01
-7.000000000000000000e+01 -8.010471204188482020e+00 5.848830000000000418e-01
-7.000000000000000000e+01 -7.068062827225130462e+00 1.633560000000000012e-01
-7.000000000000000000e+01 -6.125654450261779793e+00 1.861000000000000024e-03
-7.000000000000000000e+01 -5.183246073298429124e+00 8.040000000000000271e-04
-7.000000000000000000e+01 -4.240837696335078455e+00 1.476520000000000055e-01
-7.000000000000000000e+01 -3.298429319371727786e+00 5.737600000000000339e-02
-7.000000000000000000e+01 -2.356020942408377117e+00 2.232699999999999962e-02
-7.000000000000000000e+01 -1.413612565445026226e+00 3.570500000000000063e-02
-7.000000000000000000e+01 -4.712041884816753901e-01 1.220300000000000031e-02
-7.000000000000000000e+01 4.712041884816753901e-01 1.220300000000000031e-02
-7.000000000000000000e+01 1.413612565445026226e+00 8.120999999999999747e-03
-6.875000000000000000e+01 -1.554973821989529448e+01 1.353999999999999952e-03
-6.875000000000000000e+01 -1.460732984293194114e+01 4.448699999999999877e-02
-6.875000000000000000e+01 -1.366492146596859136e+01 2.264199999999999893e-02
-6.875000000000000000e+01 -1.272251308900523981e+01 1.897330000000000128e-01
-6.875000000000000000e+01 -1.178010471204188825e+01 5.549539999999999473e-01
-6.875000000000000000e+01 -1.083769633507853669e+01 7.734050000000000091e-01
-6.875000000000000000e+01 -9.895287958115185134e+00 3.721400000000000263e-01
-6.875000000000000000e+01 -8.952879581151833577e+00 8.646920000000000162e-01
-6.875000000000000000e+01 -8.010471204188482020e+00 1.186829999999999968e-01
-6.875000000000000000e+01 -7.068062827225130462e+00 2.047999999999999907e-03
-6.875000000000000000e+01 -6.125654450261779793e+00 1.129999999999999928e-03
-6.875000000000000000e+01 -5.183246073298429124e+00 4.840000000000000010e-04
-6.875000000000000000e+01 -4.240837696335078455e+00 4.423999999999999981e-03
-6.875000000000000000e+01 -3.298429319371727786e+00 7.203000000000000201e-03
-6.875000000000000000e+01 -2.356020942408377117e+00 4.997999999999999839e-03
-6.875000000000000000e+01 -1.413612565445026226e+00 1.200999999999999984e-02
-6.875000000000000000e+01 -4.712041884816753901e-01 1.129100000000000069e-02
-6.875000000000000000e+01 4.712041884816753901e-01 1.129100000000000069e-02
-6.875000000000000000e+01 1.413612565445026226e+00 1.526199999999999952e-02
-6.875000000000000000e+01 2.356020942408377117e+00 1.316200000000000009e-02
-6.750000000000000000e+01 -1.649214659685864603e+01 4.413549999999999973e-01
-6.750000000000000000e+01 -1.554973821989529448e+01 4.413549999999999973e-01
-6.750000000000000000e+01 -1.460732984293194114e+01 2.146750000000000047e-01
-6.750000000000000000e+01 -1.366492146596859136e+01 1.722519999999999885e-01
-6.750000000000000000e+01 -1.272251308900523981e+01 3.443299999999999833e-02
-6.750000000000000000e+01 -1.178010471204188825e+01 7.149899999999999312e-02
-6.750000000000000000e+01 -1.083769633507853669e+01 5.244429999999999925e-01
-6.750000000000000000e+01 -9.895287958115185134e+00 9.364799999999999791e-01
-6.750000000000000000e+01 -8.952879581151833577e+00 5.450850000000000417e-01
-6.750000000000000000e+01 -8.010471204188482020e+00 1.174599999999999950e-02
-6.750000000000000000e+01 -7.068062827225130462e+00 7.605599999999999861e-02
-6.750000000000000000e+01 -6.125654450261779793e+00 8.966000000000000011e-03
-6.750000000000000000e+01 -5.183246073298429124e+00 1.128000000000000096e-03
-6.750000000000000000e+01 -4.240837696335078455e+00 8.059999999999999673e-04
-6.750000000000000000e+01 -3.298429319371727786e+00 2.161799999999999833e-02
-6.750000000000000000e+01 -2.356020942408377117e+00 3.310000000000000225e-04
-6.750000000000000000e+01 -1.413612565445026226e+00 8.000000000000000654e-05
-6.750000000000000000e+01 -4.712041884816753901e-01 8.989999999999999511e-04
-6.750000000000000000e+01 4.712041884816753901e-01 8.989999999999999511e-04
-6.750000000000000000e+01 1.413612565445026226e+00 2.221899999999999917e-02
-6.750000000000000000e+01 2.356020942408377117e+00 1.318580000000000030e-01
-6.625000000000000000e+01 -1.837696335078534560e+01 8.390400000000000635e-02
-6.625000000000000000e+01 -1.743455497382199582e+01 3.797769999999999757e-01
-6.625000000000000000e+01 -1.649214659685864603e+01 3.818300000000000166e-02
-6.625000000000000000e+01 -1.554973821989529448e+01 3.818300000000000166e-02
-6.625000000000000000e+01 -1.460732984293194114e+01 2.393100000000000088e-02
-6.625000000000000000e+01 -1.366492146596859136e+01 1.134000000000000025e-03
-6.625000000000000000e+01 -1.272251308900523981e+01 0.000000000000000000e+00
-6.625000000000000000e+01 -1.178010471204188825e+01 1.551800000000000054e-02
-6.625000000000000000e+01 -1.083769633507853669e+01 1.929530000000000134e-01
-6.625000000000000000e+01 -9.895287958115185134e+00 3.544329999999999981e-01
-6.625000000000000000e+01 -8.952879581151833577e+00 3.993530000000000135e-01
-6.625000000000000000e+01 -8.010471204188482020e+00 7.441399999999999404e-02
-6.625000000000000000e+01 -7.068062827225130462e+00 2.783400000000000110e-02
-6.625000000000000000e+01 -6.125654450261779793e+00 1.610000000000000103e-04
-6.625000000000000000e+01 -5.183246073298429124e+00 3.260000000000000094e-04
-6.625000000000000000e+01 -4.240837696335078455e+00 3.536000000000000081e-03
-6.625000000000000000e+01 -3.298429319371727786e+00 2.136100000000000151e-02
-6.625000000000000000e+01 -2.356020942408377117e+00 6.455999999999999933e-03
-6.625000000000000000e+01 -1.413612565445026226e+00 0.000000000000000000e+00
-6.625000000000000000e+01 -4.712041884816753901e-01 2.675999999999999907e-02
-6.625000000000000000e+01 4.712041884816753901e-01 2.675999999999999907e-02
-6.625000000000000000e+01 1.413612565445026226e+00 8.660099999999999743e-02
-6.625000000000000000e+01 2.356020942408377117e+00 8.190200000000000258e-02
-6.500000000000000000e+01 -1.837696335078534560e+01 3.243200000000000249e-02
-6.500000000000000000e+01 -1.743455497382199582e+01 5.971060000000000256e-01
-6.500000000000000000e+01 -1.649214659685864603e+01 8.163800000000000223e-02
-6.500000000000000000e+01 -1.554973821989529448e+01 8.163800000000000223e-02
-6.500000000000000000e+01 -1.460732984293194114e+01 1.414600000000000059e-02
-6.500000000000000000e+01 -1.366492146596859136e+01 6.194999999999999986e-03
-6.500000000000000000e+01 -1.272251308900523981e+01 2.242000000000000069e-03
-6.500000000000000000e+01 -1.178010471204188825e+01 1.176770000000000038e-01
-6.500000000000000000e+01 -1.083769633507853669e+01 4.262900000000000023e-01
-6.500000000000000000e+01 -9.895287958115185134e+00 8.188819999999999988e-01
-6.500000000000000000e+01 -8.952879581151833577e+00 5.692880000000000162e-01
-6.500000000000000000e+01 -8.010471204188482020e+00 2.330520000000000092e-01
-6.500000000000000000e+01 -7.068062827225130462e+00 2.426619999999999888e-01
-6.500000000000000000e+01 -6.125654450261779793e+00 4.918999999999999762e-03
-6.500000000000000000e+01 -5.183246073298429124e+00 2.112100000000000088e-01
-6.500000000000000000e+01 -4.240837696335078455e+00 2.391300000000000092e-01
-6.500000000000000000e+01 -3.298429319371727786e+00 1.657140000000000002e-01
-6.500000000000000000e+01 -2.356020942408377117e+00 4.329999999999999648e-03
-6.500000000000000000e+01 -1.413612565445026226e+00 1.791999999999999973e-03
-6.500000000000000000e+01 -4.712041884816753901e-01 1.148599999999999968e-02
-6.500000000000000000e+01 4.712041884816753901e-01 1.148599999999999968e-02
-6.500000000000000000e+01 1.413612565445026226e+00 2.658999999999999905e-03
-6.375000000000000000e+01 -2.026178010471204516e+01 8.333329999999999904e-01
-6.375000000000000000e+01 -1.931937172774869538e+01 3.850859999999999839e-01
-6.375000000000000000e+01 -1.837696335078534560e+01 2.508259999999999934e-01
-6.375000000000000000e+01 -1.743455497382199582e+01 7.342689999999999495e-01
-6.375000000000000000e+01 -1.649214659685864603e+01 8.467600000000000127e-02
-6.375000000000000000e+01 -1.554973821989529448e+01 8.467600000000000127e-02
-6.375000000000000000e+01 -1.460732984293194114e+01 5.766099999999999698e-02
-6.375000000000000000e+01 -1.366492146596859136e+01 3.468999999999999861e-03
-6.375000000000000000e+01 -1.272251308900523981e+01 7.774999999999999793e-03
-6.375000000000000000e+01 -1.178010471204188825e+01 6.627340000000000453e-01
-6.375000000000000000e+01 -1.083769633507853669e+01 2.005180000000000018e-01
-6.375000000000000000e+01 -9.895287958115185134e+00 7.944029999999999703e-01
-6.375000000000000000e+01 -8.952879581151833577e+00 9.382740000000000524e-01
-6.375000000000000000e+01 -8.010471204188482020e+00 7.248229999999999951e-01
-6.375000000000000000e+01 -7.068062827225130462e+00 4.309270000000000045e-01
-6.375000000000000000e+01 -6.125654450261779793e+00 1.101800000000000002e-02
-6.375000000000000000e+01 -5.183246073298429124e+00 5.463599999999999707e-02
-6.375000000000000000e+01 -4.240837696335078455e+00 3.804339999999999944e-01
-6.375000000000000000e+01 -3.298429319371727786e+00 1.807000000000000012e-03
-6.375000000000000000e+01 -2.356020942408377117e+00 3.249999999999999851e-04
-6.375000000000000000e+01 -1.413612565445026226e+00 3.240000000000000150e-04
-6.375000000000000000e+01 -4.712041884816753901e-01 1.828999999999999897e-03
-6.375000000000000000e+01 4.712041884816753901e-01 1.828999999999999897e-03
-6.375000000000000000e+01 1.413612565445026226e+00 7.520599999999999508e-02
-6.375000000000000000e+01 3.298429319371727786e+00 3.595999999999999891e-02
-6.250000000000000000e+01 -1.931937172774869538e+01 4.083030000000000270e-01
-6.250000000000000000e+01 -1.837696335078534560e+01 7.261889999999999734e-01
-6.250000000000000000e+01 -1.743455497382199582e+01 8.573899999999999855e-01
-6.250000000000000000e+01 -1.649214659685864603e+01 2.442840000000000011e-01
-6.250000000000000000e+01 -1.554973821989529448e+01 2.442840000000000011e-01
-6.250000000000000000e+01 -1.460732984293194114e+01 1.775900000000000048e-02
-6.250000000000000000e+01 -1.366492146596859136e+01 8.411000000000000074e-03
-6.250000000000000000e+01 -1.272251308900523981e+01 2.540299999999999850e-02
-6.250000000000000000e+01 -1.178010471204188825e+01 6.015779999999999461e-01
-6.250000000000000000e+01 -1.083769633507853669e+01 4.744700000000000029e-01
-6.250000000000000000e+01 -9.895287958115185134e+00 9.870809999999999862e-01
-6.250000000000000000e+01 -8.952879581151833577e+00 7.610639999999999628e-01
-6.250000000000000000e+01 -8.010471204188482020e+00 6.719650000000000345e-01
-6.250000000000000000e+01 -7.068062827225130462e+00 8.758890000000000287e-01
-6.250000000000000000e+01 -6.125654450261779793e+00 4.523150000000000226e-01
-6.250000000000000000e+01 -5.183246073298429124e+00 3.965999999999999907e-03
-6.250000000000000000e+01 -4.240837696335078455e+00 4.245539999999999869e-01
-6.250000000000000000e+01 -3.298429319371727786e+00 3.143599999999999867e-02
-6.250000000000000000e+01 -2.356020942408377117e+00 3.609500000000000208e-02
-6.250000000000000000e+01 -1.413612565445026226e+00 2.413319999999999910e-01
-6.250000000000000000e+01 -4.712041884816753901e-01 1.302400000000000085e-02
-6.250000000000000000e+01 4.712041884816753901e-01 1.302400000000000085e-02
-6.250000000000000000e+01 1.413612565445026226e+00 1.045370000000000049e-01
-6.250000000000000000e+01 2.356020942408377117e+00 4.109000000000000152e-02
-6.250000000000000000e+01 3.298429319371727786e+00 1.794000000000000022e-03
-6.125000000000000000e+01 -1.837696335078534560e+01 2.183150000000000091e-01
-6.125000000000000000e+01 -1.743455497382199582e+01 4.672709999999999919e-01
-6.125000000000000000e+01 -1.649214659685864603e+01 4.448590000000000044e-01
-6.125000000000000000e+01 -1.554973821989529448e+01 4.448590000000000044e-01
-6.125000000000000000e+01 -1.460732984293194114e+01 1.108859999999999985e-01
-6.125000000000000000e+01 -1.366492146596859136e+01 8.344899999999999540e-02
-6.125000000000000000e+01 -1.272251308900523981e+01 7.611839999999999717e-01
-6.125000000000000000e+01 -1.178010471204188825e+01 8.200180000000000247e-01
-6.125000000000000000e+01 -1.083769633507853669e+01 5.419169999999999821e-01
-6.125000000000000000e+01 -9.895287958115185134e+00 7.011450000000000182e-01
-6.125000000000000000e+01 -8.952879581151833577e+00 5.983739999999999615e-01
-6.125000000000000000e+01 -8.010471204188482020e+00 6.014789999999999859e-01
-6.125000000000000000e+01 -7.068062827225130462e+00 2.191069999999999962e-01
-6.125000000000000000e+01 -6.125654450261779793e+00 3.316020000000000079e-01
-6.125000000000000000e+01 -5.183246073298429124e+00 3.067219999999999946e-01
-6.125000000000000000e+01 -4.240837696335078455e+00 7.001509999999999678e-01
-6.125000000000000000e+01 -3.298429319371727786e+00 5.925749999999999629e-01
-6.125000000000000000e+01 -2.356020942408377117e+00 2.979000000000000051e-02
-6.125000000000000000e+01 -1.413612565445026226e+00 1.789769999999999972e-01
-6.125000000000000000e+01 -4.712041884816753901e-01 3.182940000000000214e-01
-6.125000000000000000e+01 4.712041884816753901e-01 3.182940000000000214e-01
-6.125000000000000000e+01 1.413612565445026226e+00 5.106659999999999533e-01
-6.125000000000000000e+01 2.356020942408377117e+00 8.958960000000000257e-01
-6.125000000000000000e+01 3.298429319371727786e+00 3.023959999999999981e-01
-6.125000000000000000e+01 4.240837696335078455e+00 1.577320000000000111e-01
-6.000000000000000000e+01 -1.554973821989529448e+01 1.879889999999999894e-01
-6.000000000000000000e+01 -1.460732984293194114e+01 4.862879999999999980e-01
-6.000000000000000000e+01 -1.366492146596859136e+01 6.692120000000000291e-01
-6.000000000000000000e+01 -1.272251308900523981e+01 5.543179999999999774e-01
-6.000000000000000000e+01 -1.178010471204188825e+01 2.039549999999999974e-01
-6.000000000000000000e+01 -1.083769633507853669e+01 5.484499999999999792e-02
-6.000000000000000000e+01 -9.895287958115185134e+00 5.483789999999999498e-01
-6.000000000000000000e+01 -8.952879581151833577e+00 5.390139999999999931e-01
-6.000000000000000000e+01 -8.010471204188482020e+00 3.156089999999999729e-01
-6.000000000000000000e+01 -7.068062827225130462e+00 8.076109999999999678e-01
-6.000000000000000000e+01 -6.125654450261779793e+00 4.373920000000000030e-01
-6.000000000000000000e+01 -5.183246073298429124e+00 3.929900000000000060e-01
-6.000000000000000000e+01 -4.240837696335078455e+00 8.084189999999999987e-01
-6.000000000000000000e+01 -3.298429319371727786e+00 8.994659999999999878e-01
-6.000000000000000000e+01 -2.356020942408377117e+00 9.611410000000000231e-01
-6.000000000000000000e+01 -1.413612565445026226e+00 5.471139999999999892e-01
-6.000000000000000000e+01 -4.712041884816753901e-01 1.358330000000000093e-01
-6.000000000000000000e+01 4.712041884816753901e-01 1.358330000000000093e-01
-6.000000000000000000e+01 1.413612565445026226e+00 8.513800000000000257e-01
-6.000000000000000000e+01 2.356020942408377117e+00 5.030010000000000314e-01
-6.000000000000000000e+01 3.298429319371727786e+00 1.439380000000000104e-01
-6.000000000000000000e+01 4.240837696335078455e+00 2.828299999999999911e-02
-6.000000000000000000e+01 5.183246073298429124e+00 3.027099999999999930e-02
-5.875000000000000000e+01 -1.366492146596859136e+01 6.945099999999999885e-02
-5.875000000000000000e+01 -1.272251308900523981e+01 1.871000000000000094e-02
-5.875000000000000000e+01 -1.178010471204188825e+01 3.284020000000000272e-01
-5.875000000000000000e+01 -1.083769633507853669e+01 8.116360000000000241e-01
-5.875000000000000000e+01 -9.895287958115185134e+00 9.068260000000000209e-01
-5.875000000000000000e+01 -8.952879581151833577e+00 6.143159999999999732e-01
-5.875000000000000000e+01 -8.010471204188482020e+00 9.613499999999999823e-02
-5.875000000000000000e+01 -7.068062827225130462e+00 6.957010000000000138e-01
-5.875000000000000000e+01 -6.125654450261779793e+00 1.370570000000000122e-01
-5.875000000000000000e+01 -5.183246073298429124e+00 7.131000000000000186e-03
-5.875000000000000000e+01 -4.240837696335078455e+00 4.927460000000000173e-01
-5.875000000000000000e+01 -3.298429319371727786e+00 8.878949999999999898e-01
-5.875000000000000000e+01 -2.356020942408377117e+00 4.704220000000000068e-01
-5.875000000000000000e+01 -1.413612565445026226e+00 6.506299999999999584e-02
-5.875000000000000000e+01 -4.712041884816753901e-01 1.781999999999999904e-02
-5.875000000000000000e+01 4.712041884816753901e-01 1.781999999999999904e-02
-5.750000000000000000e+01 -1.366492146596859136e+01 6.583700000000000663e-02
-5.750000000000000000e+01 -1.272251308900523981e+01 1.198479999999999962e-01
-5.750000000000000000e+01 -1.178010471204188825e+01 7.293060000000000098e-01
-5.750000000000000000e+01 -1.083769633507853669e+01 7.125730000000000119e-01
-5.750000000000000000e+01 -9.895287958115185134e+00 9.592939999999999801e-01
-5.750000000000000000e+01 -8.952879581151833577e+00 5.273889999999999967e-01
-5.750000000000000000e+01 -8.010471204188482020e+00 4.433170000000000166e-01
-5.750000000000000000e+01 -7.068062827225130462e+00 8.874899999999999456e-02
-5.750000000000000000e+01 -6.125654450261779793e+00 6.507789999999999964e-01
-5.750000000000000000e+01 -5.183246073298429124e+00 1.896519999999999873e-01
-5.750000000000000000e+01 -4.240837696335078455e+00 3.475679999999999881e-01
-5.750000000000000000e+01 -3.298429319371727786e+00 5.385069999999999579e-01
-5.750000000000000000e+01 -2.356020942408377117e+00 2.530120000000000147e-01
-5.750000000000000000e+01 -1.413612565445026226e+00 3.377800000000000247e-02
-5.750000000000000000e+01 -4.712041884816753901e-01 2.680870000000000197e-01
-5.750000000000000000e+01 4.712041884816753901e-01 2.680870000000000197e-01
-5.750000000000000000e+01 1.413612565445026226e+00 3.583520000000000039e-01
-5.625000000000000000e+01 -1.366492146596859136e+01 4.622600000000000042e-01
-5.625000000000000000e+01 -1.272251308900523981e+01 4.037129999999999885e-01
-5.625000000000000000e+01 -1.178010471204188825e+01 8.724370000000000180e-01
-5.625000000000000000e+01 -1.083769633507853669e+01 6.914500000000000091e-01
-5.625000000000000000e+01 -9.895287958115185134e+00 9.930229999999999890e-01
-5.625000000000000000e+01 -8.952879581151833577e+00 2.280830000000000080e-01
-5.625000000000000000e+01 -8.010471204188482020e+00 2.904180000000000095e-01
-5.625000000000000000e+01 -7.068062827225130462e+00 5.569429999999999659e-01
-5.625000000000000000e+01 -6.125654450261779793e+00 6.378179999999999961e-01
-5.625000000000000000e+01 -5.183246073298429124e+00 7.081589999999999829e-01
-5.625000000000000000e+01 -4.240837696335078455e+00 5.945289999999999742e-01
-5.625000000000000000e+01 -3.298429319371727786e+00 5.230320000000000524e-01
-5.625000000000000000e+01 -2.356020942408377117e+00 5.335349999999999815e-01
-5.625000000000000000e+01 -1.413612565445026226e+00 2.432960000000000123e-01
-5.625000000000000000e+01 -4.712041884816753901e-01 7.954899999999999471e-02
-5.625000000000000000e+01 4.712041884816753901e-01 7.954899999999999471e-02
-5.625000000000000000e+01 1.413612565445026226e+00 2.088599999999999832e-02
-5.500000000000000000e+01 -1.460732984293194114e+01 1.912290000000000101e-01
-5.500000000000000000e+01 -1.366492146596859136e+01 7.364900000000000613e-02
-5.500000000000000000e+01 -1.272251308900523981e+01 6.962279999999999580e-01
-5.500000000000000000e+01 -1.178010471204188825e+01 9.638069999999999693e-01
-5.500000000000000000e+01 -1.083769633507853669e+01 9.630640000000000311e-01
-5.500000000000000000e+01 -9.895287958115185134e+00 9.309079999999999577e-01
-5.500000000000000000e+01 -8.952879581151833577e+00 3.685999999999999832e-01
-5.500000000000000000e+01 -8.010471204188482020e+00 8.298860000000000126e-01
-5.500000000000000000e+01 -7.068062827225130462e+00 7.226789999999999603e-01
-5.500000000000000000e+01 -6.125654450261779793e+00 5.471819999999999462e-01
-5.500000000000000000e+01 -5.183246073298429124e+00 5.154570000000000540e-01
-5.500000000000000000e+01 -4.240837696335078455e+00 8.452809999999999491e-01
-5.500000000000000000e+01 -3.298429319371727786e+00 8.404920000000000169e-01
-5.500000000000000000e+01 -2.356020942408377117e+00 7.428860000000000463e-01
-5.500000000000000000e+01 -1.413612565445026226e+00 4.905709999999999793e-01
-5.500000000000000000e+01 -4.712041884816753901e-01 2.737699999999999856e-02
-5.500000000000000000e+01 4.712041884816753901e-01 2.737699999999999856e-02
-5.500000000000000000e+01 1.413612565445026226e+00 3.225000000000000002e-03
-5.500000000000000000e+01 2.356020942408377117e+00 6.555900000000000616e-02
-5.375000000000000000e+01 -1.460732984293194114e+01 6.446000000000000341e-03
-5.375000000000000000e+01 -1.366492146596859136e+01 6.881700000000000317e-02
-5.375000000000000000e+01 -1.272251308900523981e+01 5.762969999999999482e-01
-5.375000000000000000e+01 -1.178010471204188825e+01 4.100920000000000121e-01
-5.375000000000000000e+01 -1.083769633507853669e+01 7.185909999999999798e-01
-5.375000000000000000e+01 -9.895287958115185134e+00 7.370090000000000252e-01
-5.375000000000000000e+01 -8.952879581151833577e+00 1.759590000000000043e-01
-5.375000000000000000e+01 -8.010471204188482020e+00 3.709599999999999703e-02
-5.375000000000000000e+01 -7.068062827225130462e+00 4.968090000000000006e-01
-5.375000000000000000e+01 -6.125654450261779793e+00 6.949300000000000477e-01
-5.375000000000000000e+01 -5.183246073298429124e+00 8.391100000000000225e-01
-5.375000000000000000e+01 -4.240837696335078455e+00 7.544760000000000355e-01
-5.375000000000000000e+01 -3.298429319371727786e+00 9.659299999999999553e-01
-5.375000000000000000e+01 -2.356020942408377117e+00 6.357390000000000541e-01
-5.375000000000000000e+01 -1.413612565445026226e+00 6.872669999999999613e-01
-5.375000000000000000e+01 -4.712041884816753901e-01 3.047770000000000201e-01
-5.375000000000000000e+01 4.712041884816753901e-01 3.047770000000000201e-01
-5.375000000000000000e+01 1.413612565445026226e+00 5.278450000000000086e-01
-5.375000000000000000e+01 2.356020942408377117e+00 3.205250000000000044e-01
-5.250000000000000000e+01 -1.366492146596859136e+01 1.578699999999999895e-02
-5.250000000000000000e+01 -1.272251308900523981e+01 4.234229999999999938e-01
-5.250000000000000000e+01 -1.178010471204188825e+01 2.603079999999999838e-01
-5.250000000000000000e+01 -1.083769633507853669e+01 4.150110000000000188e-01
-5.250000000000000000e+01 -9.895287958115185134e+00 3.139580000000000148e-01
-5.250000000000000000e+01 -8.952879581151833577e+00 7.328999999999999404e-02
-5.250000000000000000e+01 -8.010471204188482020e+00 2.023719999999999963e-01
-5.250000000000000000e+01 -7.068062827225130462e+00 7.589879999999999960e-01
-5.250000000000000000e+01 -6.125654450261779793e+00 8.592750000000000110e-01
-5.250000000000000000e+01 -5.183246073298429124e+00 3.875850000000000128e-01
-5.250000000000000000e+01 -4.240837696335078455e+00 5.474919999999999787e-01
-5.250000000000000000e+01 -3.298429319371727786e+00 9.103949999999999543e-01
-5.250000000000000000e+01 -2.356020942408377117e+00 3.884329999999999727e-01
-5.250000000000000000e+01 -1.413612565445026226e+00 8.703109999999999458e-01
-5.250000000000000000e+01 -4.712041884816753901e-01 4.946209999999999773e-01
-5.250000000000000000e+01 4.712041884816753901e-01 4.946209999999999773e-01
-5.125000000000000000e+01 -8.952879581151833577e+00 8.705880000000000285e-01
-5.125000000000000000e+01 -8.010471204188482020e+00 5.737729999999999775e-01
-5.125000000000000000e+01 -7.068062827225130462e+00 7.050130000000000008e-01
-5.125000000000000000e+01 -5.183246073298429124e+00 5.166610000000000369e-01
-5.125000000000000000e+01 -4.240837696335078455e+00 7.560350000000000126e-01
-5.125000000000000000e+01 -3.298429319371727786e+00 9.860889999999999933e-01
-5.125000000000000000e+01 -2.356020942408377117e+00 8.270640000000000214e-01
-5.000000000000000000e+01 -3.298429319371727786e+00 9.460439999999999960e-01
