-7.875000000000000000e+01 -6.125654450261779793e+00 5.077289999999999859e-01
-7.875000000000000000e+01 -5.183246073298429124e+00 2.694270000000000276e-01
-7.875000000000000000e+01 -4.240837696335078455e+00 3.872039999999999926e-01
-7.875000000000000000e+01 -3.298429319371727786e+00 5.219559999999999755e-01
-7.875000000000000000e+01 -2.356020942408377117e+00 0.000000000000000000e+00
-7.875000000000000000e+01 -1.413612565445026226e+00 0.000000000000000000e+00
-7.750000000000000000e+01 -8.952879581151833577e+00 1.875680000000000125e-01
-7.750000000000000000e+01 -8.010471204188482020e+00 1.435049999999999937e-01
-7.750000000000000000e+01 -7.068062827225130462e+00 2.870809999999999751e-01
-7.750000000000000000e+01 -6.125654450261779793e+00 5.459819999999999673e-01
-7.750000000000000000e+01 -5.183246073298429124e+00 2.042980000000000074e-01
-7.750000000000000000e+01 -4.240837696335078455e+00 5.519700000000000301e-02
-7.750000000000000000e+01 -3.298429319371727786e+00 4.691879999999999939e-01
-7.750000000000000000e+01 -2.356020942408377117e+00 2.875059999999999838e-01
-7.750000000000000000e+01 -1.413612565445026226e+00 4.111349999999999727e-01
-7.750000000000000000e+01 -4.712041884816753901e-01 2.338050000000000128e-01
-7.750000000000000000e+01 4.712041884816753901e-01 2.338050000000000128e-01
-7.625000000000000000e+01 -1.083769633507853669e+01 7.497600000000000098e-02
-7.625000000000000000e+01 -9.895287958115185134e+00 1.521009999999999862e-01
-7.625000000000000000e+01 -8.952879581151833577e+00 5.000409999999999577e-01
-7.625000000000000000e+01 -8.010471204188482020e+00 2.043530000000000069e-01
-7.625000000000000000e+01 -7.068062827225130462e+00 2.810159999999999880e-01
-7.625000000000000000e+01 -6.125654450261779793e+00 5.067570000000000130e-01
-7.625000000000000000e+01 -5.183246073298429124e+00 4.104000000000000009e-02
-7.625000000000000000e+01 -4.240837696335078455e+00 1.472000000000000001e-03
-7.625000000000000000e+01 -3.298429319371727786e+00 3.983000000000000429e-03
-7.625000000000000000e+01 -2.356020942408377117e+00 2.553000000000000148e-03
-7.625000000000000000e+01 -1.413612565445026226e+00 8.321999999999999537e-03
-7.625000000000000000e+01 -4.712041884816753901e-01 2.383299999999999863e-01
-7.625000000000000000e+01 4.712041884816753901e-01 2.383299999999999863e-01
-7.625000000000000000e+01 1.413612565445026226e+00 8.778989999999999849e-01
-7.500000000000000000e+01 -1.366492146596859136e+01 7.814200000000000312e-02
-7.500000000000000000e+01 -1.272251308900523981e+01 1.417779999999999874e-01
-7.500000000000000000e+01 -1.178010471204188825e+01 1.237540000000000029e-01
-7.500000000000000000e+01 -1.083769633507853669e+01 3.928309999999999858e-01
-7.500000000000000000e+01 -9.895287958115185134e+00 2.231110000000000038e-01
-7.500000000000000000e+01 -8.952879581151833577e+00 5.566670000000000229e-01
-7.500000000000000000e+01 -8.010471204188482020e+00 2.581319999999999726e-01
-7.500000000000000000e+01 -7.068062827225130462e+00 4.109499999999999958e-02
-7.500000000000000000e+01 -6.125654450261779793e+00 6.070300000000000001e-02
-7.500000000000000000e+01 -5.183246073298429124e+00 4.566900000000000126e-02
-7.500000000000000000e+01 -4.240837696335078455e+00 2.003299999999999872e-02
-7.500000000000000000e+01 -3.298429319371727786e+00 2.305999999999999890e-03
-7.500000000000000000e+01 -2.356020942408377117e+00 6.376999999999999856e-03
-7.500000000000000000e+01 -1.413612565445026226e+00 5.597000000000000412e-03
-7.500000000000000000e+01 -4.712041884816753901e-01 4.901699999999999807e-02
-7.500000000000000000e+01 4.712041884816753901e-01 4.901699999999999807e-02
-7.500000000000000000e+01 1.413612565445026226e+00 6.167099999999999804e-01
-7.500000000000000000e+01 2.356020942408377117e+00 9.282209999999999628e-01
-7.375000000000000000e+01 -1.460732984293194114e+01 0.000000000000000000e+00
-7.375000000000000000e+01 -1.366492146596859136e+01 1.302490000000000037e-01
-7.375000000000000000e+01 -1.272251308900523981e+01 8.476499999999999313e-02
-7.375000000000000000e+01 -1.178010471204188825e+01 1.034909999999999997e-01
-7.375000000000000000e+01 -1.083769633507853669e+01 1.024299999999999933e-01
-7.375000000000000000e+01 -9.895287958115185134e+00 5.918199999999999850e-02
-7.375000000000000000e+01 -8.952879581151833577e+00 1.124689999999999995e-01
-7.375000000000000000e+01 -8.010471204188482020e+00 2.062680000000000069e-01
-7.375000000000000000e+01 -7.068062827225130462e+00 1.233910000000000007e-01
-7.375000000000000000e+01 -6.125654450261779793e+00 2.464699999999999877e-02
-7.375000000000000000e+01 -5.183246073298429124e+00 7.177999999999999658e-02
-7.375000000000000000e+01 -4.240837696335078455e+00 2.272499999999999867e-02
-7.375000000000000000e+01 -3.298429319371727786e+00 7.262000000000000226e-03
-7.375000000000000000e+01 -2.356020942408377117e+00 5.409999999999999878e-03
-7.375000000000000000e+01 -1.413612565445026226e+00 1.208800000000000013e-01
-7.375000000000000000e+01 -4.712041884816753901e-01 2.467000000000000009e-03
-7.375000000000000000e+01 4.712041884816753901e-01 2.467000000000000009e-03
-7.375000000000000000e+01 1.413612565445026226e+00 5.963600000000000151e-02
-7.250000000000000000e+01 -1.460732984293194114e+01 5.432000000000000196e-03
-7.250000000000000000e+01 -1.366492146596859136e+01 1.374849999999999961e-01
-7.250000000000000000e+01 -1.272251308900523981e+01 1.812989999999999879e-01
-7.250000000000000000e+01 -1.178010471204188825e+01 4.293199999999999794e-02
-7.250000000000000000e+01 -1.083769633507853669e+01 6.879999999999999831e-03
-7.250000000000000000e+01 -9.895287958115185134e+00 0.000000000000000000e+00
-7.250000000000000000e+01 -8.952879581151833577e+00 4.057499999999999996e-02
-7.250000000000000000e+01 -8.010471204188482020e+00 5.836839999999999806e-01
-7.250000000000000000e+01 -7.068062827225130462e+00 3.627380000000000049e-01
-7.250000000000000000e+01 -6.125654450261779793e+00 9.730000000000000151e-04
-7.250000000000000000e+01 -5.183246073298429124e+00 9.737000000000000863e-03
-7.250000000000000000e+01 -4.240837696335078455e+00 1.123389999999999944e-01
-7.250000000000000000e+01 -3.298429319371727786e+00 2.123999999999999846e-02
-7.250000000000000000e+01 -2.356020942408377117e+00 5.838600000000000040e-02
-7.250000000000000000e+01 -1.413612565445026226e+00 1.389699999999999963e-02
-7.250000000000000000e+01 -4.712041884816753901e-01 6.908000000000000078e-03
-7.250000000000000000e+01 4.712041884816753901e-01 6.908000000000000078e-03
-7.250000000000000000e+01 1.413612565445026226e+00 1.397999999999999937e-02
-7.125000000000000000e+01 -1.460732984293194114e+01 9.079900000000000471e-02
-7.125000000000000000e+01 -1.366492146596859136e+01 2.523600000000000149e-02
-7.125000000000000000e+01 -1.272251308900523981e+01 2.809300000000000130e-01
-7.125000000000000000e+01 -1.178010471204188825e+01 1.214299999999999928e-02
-7.125000000000000000e+01 -1.083769633507853669e+01 2.213999999999999822e-03
-7.125000000000000000e+01 -9.895287958115185134e+00 6.791000000000000161e-03
-7.125000000000000000e+01 -8.952879581151833577e+00 1.891319999999999946e-01
-7.125000000000000000e+01 -8.010471204188482020e+00 7.464920000000000444e-01
-7.125000000000000000e+01 -7.068062827225130462e+00 1.867709999999999926e-01
-7.125000000000000000e+01 -6.125654450261779793e+00 8.507000000000000672e-03
-7.125000000000000000e+01 -5.183246073298429124e+00 2.429999999999999977e-04
-7.125000000000000000e+01 -4.240837696335078455e+00 3.602600000000000247e-02
-7.125000000000000000e+01 -3.298429319371727786e+00 1.589999999999999888e-04
-7.125000000000000000e+01 -2.356020942408377117e+00 5.178499999999999770e-02
-7.125000000000000000e+01 -1.413612565445026226e+00 3.592000000000000141e-03
-7.125000000000000000e+01 -4.712041884816753901e-01 0.000000000000000000e+00
-7.125000000000000000e+01 4.712041884816753901e-01 0.000000000000000000e+00
-7.125000000000000000e+01 1.413612565445026226e+00 1.076379999999999976e-01
-7.000000000000000000e+01 -1.366492146596859136e+01 1.109800000000000023e-02
-7.000000000000000000e+01 -1.272251308900523981e+01 3.939670000000000116e-01
-7.000000000000000000e+01 -1.178010471204188825e+01 1.582119999999999915e-01
-7.000000000000000000e+01 -1.083769633507853669e+01 4.412699999999999956e-01
-7.000000000000000000e+01 -9.895287958115185134e+00 7.150900000000000312e-02
-7.000000000000000000e+01 -8.952879581151833577e+00 4.184080000000000021e-01
-7.000000000000000000e+01 -8.010471204188482020e+00 5.514510000000000245e-01
-7.000000000000000000e+01 -7.068062827225130462e+00 1.188489999999999963e-01
-7.000000000000000000e+01 -6.125654450261779793e+00 1.861000000000000024e-03
-7.000000000000000000e+01 -5.183246073298429124e+00 8.040000000000000271e-04
-7.000000000000000000e+01 -4.240837696335078455e+00 1.370429999999999982e-01
-7.000000000000000000e+01 -3.298429319371727786e+00 5.647699999999999942e-02
-7.000000000000000000e+01 -2.356020942408377117e+00 2.112699999999999995e-02
-7.000000000000000000e+01 -1.413612565445026226e+00 3.429399999999999810e-02
-7.000000000000000000e+01 -4.712041884816753901e-01 1.220300000000000031e-02
-7.000000000000000000e+01 4.712041884816753901e-01 1.220300000000000031e-02
-7.000000000000000000e+01 1.413612565445026226e+00 7.877000000000000321e-03
-6.875000000000000000e+01 -1.554973821989529448e+01 1.353999999999999952e-03
-6.875000000000000000e+01 -1.460732984293194114e+01 4.308499999999999830e-02
-6.875000000000000000e+01 -1.366492146596859136e+01 2.142499999999999960e-02
-6.875000000000000000e+01 -1.272251308900523981e+01 1.824230000000000018e-01
-6.875000000000000000e+01 -1.178010471204188825e+01 5.399220000000000130e-01
-6.875000000000000000e+01 -1.083769633507853669e+01 7.554520000000000124e-01
-6.875000000000000000e+01 -9.895287958115185134e+00 3.297760000000000136e-01
-6.875000000000000000e+01 -8.952879581151833577e+00 8.310699999999999754e-01
-6.875000000000000000e+01 -8.010471204188482020e+00 8.729099999999999360e-02
-6.875000000000000000e+01 -7.068062827225130462e+00 2.047999999999999907e-03
-6.875000000000000000e+01 -6.125654450261779793e+00 1.129999999999999928e-03
-6.875000000000000000e+01 -5.183246073298429124e+00 4.840000000000000010e-04
-6.875000000000000000e+01 -4.240837696335078455e+00 4.423999999999999981e-03
-6.875000000000000000e+01 -3.298429319371727786e+00 7.030999999999999923e-03
-6.875000000000000000e+01 -2.356020942408377117e+00 4.997999999999999839e-03
-6.875000000000000000e+01 -1.413612565445026226e+00 1.184900000000000016e-02
-6.875000000000000000e+01 -4.712041884816753901e-01 1.129100000000000069e-02
-6.875000000000000000e+01 4.712041884816753901e-01 1.129100000000000069e-02
-6.875000000000000000e+01 1.413612565445026226e+00 1.526199999999999952e-02
-6.875000000000000000e+01 2.356020942408377117e+00 8.501999999999999141e-03
-6.750000000000000000e+01 -1.649214659685864603e+01 4.257879999999999998e-01
-6.750000000000000000e+01 -1.554973821989529448e+01 4.257879999999999998e-01
-6.750000000000000000e+01 -1.460732984293194114e+01 2.051830000000000043e-01
-6.750000000000000000e+01 -1.366492146596859136e+01 1.651120000000000088e-01
-6.750000000000000000e+01 -1.272251308900523981e+01 3.144199999999999773e-02
-6.750000000000000000e+01 -1.178010471204188825e+01 6.290900000000000658e-02
-6.750000000000000000e+01 -1.083769633507853669e+01 5.029930000000000234e-01
-6.750000000000000000e+01 -9.895287958115185134e+00 9.266510000000000025e-01
-6.750000000000000000e+01 -8.952879581151833577e+00 5.118300000000000072e-01
-6.750000000000000000e+01 -8.010471204188482020e+00 6.792000000000000294e-03
-6.750000000000000000e+01 -7.068062827225130462e+00 4.402799999999999769e-02
-6.750000000000000000e+01 -6.125654450261779793e+00 7.091000000000000081e-03
-6.750000000000000000e+01 -5.183246073298429124e+00 1.128000000000000096e-03
-6.750000000000000000e+01 -4.240837696335078455e+00 8.059999999999999673e-04
-6.750000000000000000e+01 -3.298429319371727786e+00 1.875299999999999884e-02
-6.750000000000000000e+01 -2.356020942408377117e+00 3.310000000000000225e-04
-6.750000000000000000e+01 -1.413612565445026226e+00 8.000000000000000654e-05
-6.750000000000000000e+01 -4.712041884816753901e-01 8.989999999999999511e-04
-6.750000000000000000e+01 4.712041884816753901e-01 8.989999999999999511e-04
-6.750000000000000000e+01 1.413612565445026226e+00 1.451500000000000012e-02
-6.750000000000000000e+01 2.356020942408377117e+00 9.969500000000000584e-02
-6.625000000000000000e+01 -1.837696335078534560e+01 8.390400000000000635e-02
-6.625000000000000000e+01 -1.743455497382199582e+01 3.643939999999999957e-01
-6.625000000000000000e+01 -1.649214659685864603e+01 3.273999999999999827e-02
-6.625000000000000000e+01 -1.554973821989529448e+01 3.273999999999999827e-02
-6.625000000000000000e+01 -1.460732984293194114e+01 2.101099999999999843e-02
-6.625000000000000000e+01 -1.366492146596859136e+01 1.134000000000000025e-03
-6.625000000000000000e+01 -1.272251308900523981e+01 0.000000000000000000e+00
-6.625000000000000000e+01 -1.178010471204188825e+01 1.301199999999999926e-02
-6.625000000000000000e+01 -1.083769633507853669e+01 1.856329999999999925e-01
-6.625000000000000000e+01 -9.895287958115185134e+00 3.479490000000000083e-01
-6.625000000000000000e+01 -8.952879581151833577e+00 3.619089999999999807e-01
-6.625000000000000000e+01 -8.010471204188482020e+00 5.326999999999999791e-02
-6.625000000000000000e+01 -7.068062827225130462e+00 1.395799999999999992e-02
-6.625000000000000000e+01 -6.125654450261779793e+00 1.610000000000000103e-04
-6.625000000000000000e+01 -5.183246073298429124e+00 3.260000000000000094e-04
-6.625000000000000000e+01 -4.240837696335078455e+00 3.536000000000000081e-03
-6.625000000000000000e+01 -3.298429319371727786e+00 1.958800000000000124e-02
-6.625000000000000000e+01 -2.356020942408377117e+00 6.455999999999999933e-03
-6.625000000000000000e+01 -1.413612565445026226e+00 0.000000000000000000e+00
-6.625000000000000000e+01 -4.712041884816753901e-01 1.714299999999999852e-02
-6.625000000000000000e+01 4.712041884816753901e-01 1.714299999999999852e-02
-6.625000000000000000e+01 1.413612565445026226e+00 8.538900000000000656e-02
-6.625000000000000000e+01 2.356020942408377117e+00 7.774999999999999967e-02
-6.500000000000000000e+01 -1.837696335078534560e+01 3.080199999999999952e-02
-6.500000000000000000e+01 -1.743455497382199582e+01 5.821340000000000403e-01
-6.500000000000000000e+01 -1.649214659685864603e+01 7.599599999999999411e-02
-6.500000000000000000e+01 -1.554973821989529448e+01 7.599599999999999411e-02
-6.500000000000000000e+01 -1.460732984293194114e+01 1.322500000000000064e-02
-6.500000000000000000e+01 -1.366492146596859136e+01 5.516000000000000070e-03
-6.500000000000000000e+01 -1.272251308900523981e+01 1.992999999999999980e-03
-6.500000000000000000e+01 -1.178010471204188825e+01 1.031989999999999991e-01
-6.500000000000000000e+01 -1.083769633507853669e+01 4.024130000000000207e-01
-6.500000000000000000e+01 -9.895287958115185134e+00 8.065419999999999812e-01
-6.500000000000000000e+01 -8.952879581151833577e+00 5.373029999999999751e-01
-6.500000000000000000e+01 -8.010471204188482020e+00 2.041030000000000066e-01
-6.500000000000000000e+01 -7.068062827225130462e+00 2.067799999999999916e-01
-6.500000000000000000e+01 -6.125654450261779793e+00 1.147999999999999932e-03
-6.500000000000000000e+01 -5.183246073298429124e+00 1.630850000000000077e-01
-6.500000000000000000e+01 -4.240837696335078455e+00 2.022400000000000031e-01
-6.500000000000000000e+01 -3.298429319371727786e+00 1.523420000000000052e-01
-6.500000000000000000e+01 -2.356020942408377117e+00 4.329999999999999648e-03
-6.500000000000000000e+01 -1.413612565445026226e+00 1.791999999999999973e-03
-6.500000000000000000e+01 -4.712041884816753901e-01 1.038000000000000034e-02
-6.500000000000000000e+01 4.712041884816753901e-01 1.038000000000000034e-02
-6.500000000000000000e+01 1.413612565445026226e+00 2.658999999999999905e-03
-6.375000000000000000e+01 -2.026178010471204516e+01 8.333329999999999904e-01
-6.375000000000000000e+01 -1.931937172774869538e+01 3.720060000000000033e-01
-6.375000000000000000e+01 -1.837696335078534560e+01 2.412479999999999902e-01
-6.375000000000000000e+01 -1.743455497382199582e+01 7.141210000000000058e-01
-6.375000000000000000e+01 -1.649214659685864603e+01 7.955700000000000272e-02
-6.375000000000000000e+01 -1.554973821989529448e+01 7.955700000000000272e-02
-6.375000000000000000e+01 -1.460732984293194114e+01 5.247099999999999681e-02
-6.375000000000000000e+01 -1.366492146596859136e+01 3.468999999999999861e-03
-6.375000000000000000e+01 -1.272251308900523981e+01 7.692000000000000053e-03
-6.375000000000000000e+01 -1.178010471204188825e+01 6.557690000000000463e-01
-6.375000000000000000e+01 -1.083769633507853669e+01 1.812439999999999884e-01
-6.375000000000000000e+01 -9.895287958115185134e+00 7.700580000000000203e-01
-6.375000000000000000e+01 -8.952879581151833577e+00 9.322089999999999543e-01
-6.375000000000000000e+01 -8.010471204188482020e+00 7.059349999999999792e-01
-6.375000000000000000e+01 -7.068062827225130462e+00 3.660169999999999813e-01
-6.375000000000000000e+01 -6.125654450261779793e+00 6.379000000000000122e-03
-6.375000000000000000e+01 -5.183246073298429124e+00 5.006900000000000239e-02
-6.375000000000000000e+01 -4.240837696335078455e+00 3.354699999999999904e-01
-6.375000000000000000e+01 -3.298429319371727786e+00 1.807000000000000012e-03
-6.375000000000000000e+01 -2.356020942408377117e+00 3.249999999999999851e-04
-6.375000000000000000e+01 -1.413612565445026226e+00 3.240000000000000150e-04
-6.375000000000000000e+01 -4.712041884816753901e-01 1.828999999999999897e-03
-6.375000000000000000e+01 4.712041884816753901e-01 1.828999999999999897e-03
-6.375000000000000000e+01 1.413612565445026226e+00 4.666000000000000009e-02
-6.375000000000000000e+01 3.298429319371727786e+00 3.231599999999999751e-02
-6.250000000000000000e+01 -1.931937172774869538e+01 4.076279999999999903e-01
-6.250000000000000000e+01 -1.837696335078534560e+01 7.258620000000000072e-01
-6.250000000000000000e+01 -1.743455497382199582e+01 8.559870000000000534e-01
-6.250000000000000000e+01 -1.649214659685864603e+01 2.265020000000000089e-01
-6.250000000000000000e+01 -1.554973821989529448e+01 2.265020000000000089e-01
-6.250000000000000000e+01 -1.460732984293194114e+01 1.493399999999999936e-02
-6.250000000000000000e+01 -1.366492146596859136e+01 7.278999999999999880e-03
-6.250000000000000000e+01 -1.272251308900523981e+01 2.407899999999999971e-02
-6.250000000000000000e+01 -1.178010471204188825e+01 6.012560000000000127e-01
-6.250000000000000000e+01 -1.083769633507853669e+01 4.741469999999999851e-01
-6.250000000000000000e+01 -9.895287958115185134e+00 9.869200000000000195e-01
-6.250000000000000000e+01 -8.952879581151833577e+00 7.283530000000000282e-01
-6.250000000000000000e+01 -8.010471204188482020e+00 6.405920000000000503e-01
-6.250000000000000000e+01 -7.068062827225130462e+00 8.639820000000000277e-01
-6.250000000000000000e+01 -6.125654450261779793e+00 4.127000000000000113e-01
-6.250000000000000000e+01 -5.183246073298429124e+00 3.056999999999999822e-03
-6.250000000000000000e+01 -4.240837696335078455e+00 3.923360000000000181e-01
-6.250000000000000000e+01 -3.298429319371727786e+00 2.841799999999999882e-02
-6.250000000000000000e+01 -2.356020942408377117e+00 1.804700000000000054e-02
-6.250000000000000000e+01 -1.413612565445026226e+00 2.067529999999999923e-01
-6.250000000000000000e+01 -4.712041884816753901e-01 6.268000000000000134e-03
-6.250000000000000000e+01 4.712041884816753901e-01 6.268000000000000134e-03
-6.250000000000000000e+01 1.413612565445026226e+00 5.645499999999999824e-02
-6.250000000000000000e+01 2.356020942408377117e+00 2.903800000000000131e-02
-6.250000000000000000e+01 3.298429319371727786e+00 4.079999999999999968e-04
-6.125000000000000000e+01 -1.837696335078534560e+01 2.164639999999999898e-01
-6.125000000000000000e+01 -1.743455497382199582e+01 4.395149999999999890e-01
-6.125000000000000000e+01 -1.649214659685864603e+01 4.274930000000000119e-01
-6.125000000000000000e+01 -1.554973821989529448e+01 4.274930000000000119e-01
-6.125000000000000000e+01 -1.460732984293194114e+01 1.021380000000000066e-01
-6.125000000000000000e+01 -1.366492146596859136e+01 8.165600000000000636e-02
-6.125000000000000000e+01 -1.272251308900523981e+01 7.574629999999999974e-01
-6.125000000000000000e+01 -1.178010471204188825e+01 8.196120000000000072e-01
-6.125000000000000000e+01 -1.083769633507853669e+01 5.392700000000000271e-01
-6.125000000000000000e+01 -9.895287958115185134e+00 6.842190000000000216e-01
-6.125000000000000000e+01 -8.952879581151833577e+00 5.482019999999999671e-01
-6.125000000000000000e+01 -8.010471204188482020e+00 5.312799999999999745e-01
-6.125000000000000000e+01 -7.068062827225130462e+00 1.909129999999999994e-01
-6.125000000000000000e+01 -6.125654450261779793e+00 2.989689999999999848e-01
-6.125000000000000000e+01 -5.183246073298429124e+00 2.594639999999999724e-01
-6.125000000000000000e+01 -4.240837696335078455e+00 6.425689999999999458e-01
-6.125000000000000000e+01 -3.298429319371727786e+00 5.617330000000000378e-01
-6.125000000000000000e+01 -2.356020942408377117e+00 2.067000000000000087e-02
-6.125000000000000000e+01 -1.413612565445026226e+00 1.467400000000000093e-01
-6.125000000000000000e+01 -4.712041884816753901e-01 3.023239999999999816e-01
-6.125000000000000000e+01 4.712041884816753901e-01 3.023239999999999816e-01
-6.125000000000000000e+01 1.413612565445026226e+00 4.814780000000000171e-01
-6.125000000000000000e+01 2.356020942408377117e+00 8.866410000000000124e-01
-6.125000000000000000e+01 3.298429319371727786e+00 3.011389999999999900e-01
-6.125000000000000000e+01 4.240837696335078455e+00 1.499919999999999864e-01
-6.000000000000000000e+01 -1.554973821989529448e+01 1.786169999999999980e-01
-6.000000000000000000e+01 -1.460732984293194114e+01 4.820439999999999725e-01
-6.000000000000000000e+01 -1.366492146596859136e+01 6.614130000000000287e-01
-6.000000000000000000e+01 -1.272251308900523981e+01 5.459859999999999713e-01
-6.000000000000000000e+01 -1.178010471204188825e+01 1.992740000000000067e-01
-6.000000000000000000e+01 -1.083769633507853669e+01 5.193300000000000000e-02
-6.000000000000000000e+01 -9.895287958115185134e+00 5.261059999999999626e-01
-6.000000000000000000e+01 -8.952879581151833577e+00 4.742299999999999849e-01
-6.000000000000000000e+01 -8.010471204188482020e+00 2.626809999999999978e-01
-6.000000000000000000e+01 -7.068062827225130462e+00 7.547869999999999857e-01
-6.000000000000000000e+01 -6.125654450261779793e+00 3.831289999999999973e-01
-6.000000000000000000e+01 -5.183246073298429124e+00 3.454960000000000253e-01
-6.000000000000000000e+01 -4.240837696335078455e+00 7.635300000000000420e-01
-6.000000000000000000e+01 -3.298429319371727786e+00 8.975300000000000500e-01
-6.000000000000000000e+01 -2.356020942408377117e+00 9.521309999999999496e-01
-6.000000000000000000e+01 -1.413612565445026226e+00 5.001430000000000042e-01
-6.000000000000000000e+01 -4.712041884816753901e-01 1.295570000000000055e-01
-6.000000000000000000e+01 4.712041884816753901e-01 1.295570000000000055e-01
-6.000000000000000000e+01 1.413612565445026226e+00 8.391960000000000530e-01
-6.000000000000000000e+01 2.356020942408377117e+00 4.888060000000000183e-01
-6.000000000000000000e+01 3.298429319371727786e+00 1.427869999999999973e-01
-6.000000000000000000e+01 4.240837696335078455e+00 2.547100000000000058e-02
-6.000000000000000000e+01 5.183246073298429124e+00 2.558200000000000057e-02
-5.875000000000000000e+01 -1.366492146596859136e+01 6.798600000000000476e-02
-5.875000000000000000e+01 -1.272251308900523981e+01 1.669400000000000051e-02
-5.875000000000000000e+01 -1.178010471204188825e+01 3.160459999999999936e-01
-5.875000000000000000e+01 -1.083769633507853669e+01 7.978140000000000231e-01
-5.875000000000000000e+01 -9.895287958115185134e+00 8.967969999999999553e-01
-5.875000000000000000e+01 -8.952879581151833577e+00 5.566240000000000077e-01
-5.875000000000000000e+01 -8.010471204188482020e+00 8.080500000000000183e-02
-5.875000000000000000e+01 -7.068062827225130462e+00 6.234889999999999599e-01
-5.875000000000000000e+01 -6.125654450261779793e+00 1.030750000000000000e-01
-5.875000000000000000e+01 -5.183246073298429124e+00 6.967000000000000103e-03
-5.875000000000000000e+01 -4.240837696335078455e+00 4.745880000000000098e-01
-5.875000000000000000e+01 -3.298429319371727786e+00 8.836000000000000520e-01
-5.875000000000000000e+01 -2.356020942408377117e+00 4.289520000000000000e-01
-5.875000000000000000e+01 -1.413612565445026226e+00 5.405599999999999988e-02
-5.875000000000000000e+01 -4.712041884816753901e-01 1.354600000000000075e-02
-5.875000000000000000e+01 4.712041884816753901e-01 1.354600000000000075e-02
-5.750000000000000000e+01 -1.366492146596859136e+01 6.486799999999999511e-02
-5.750000000000000000e+01 -1.272251308900523981e+01 1.157989999999999992e-01
-5.750000000000000000e+01 -1.178010471204188825e+01 7.223669999999999813e-01
-5.750000000000000000e+01 -1.083769633507853669e+01 6.971500000000000474e-01
-5.750000000000000000e+01 -9.895287958115185134e+00 9.543890000000000429e-01
-5.750000000000000000e+01 -8.952879581151833577e+00 4.851389999999999869e-01
-5.750000000000000000e+01 -8.010471204188482020e+00 4.135309999999999819e-01
-5.750000000000000000e+01 -7.068062827225130462e+00 6.573400000000000076e-02
-5.750000000000000000e+01 -6.125654450261779793e+00 5.927289999999999504e-01
-5.750000000000000000e+01 -5.183246073298429124e+00 1.600290000000000046e-01
-5.750000000000000000e+01 -4.240837696335078455e+00 3.059839999999999782e-01
-5.750000000000000000e+01 -3.298429319371727786e+00 5.309719999999999995e-01
-5.750000000000000000e+01 -2.356020942408377117e+00 2.152060000000000084e-01
-5.750000000000000000e+01 -1.413612565445026226e+00 2.726699999999999957e-02
-5.750000000000000000e+01 -4.712041884816753901e-01 2.267679999999999974e-01
-5.750000000000000000e+01 4.712041884816753901e-01 2.267679999999999974e-01
-5.750000000000000000e+01 1.413612565445026226e+00 3.158580000000000276e-01
-5.625000000000000000e+01 -1.366492146596859136e+01 4.587519999999999931e-01
-5.625000000000000000e+01 -1.272251308900523981e+01 4.007260000000000266e-01
-5.625000000000000000e+01 -1.178010471204188825e+01 8.686279999999999557e-01
-5.625000000000000000e+01 -1.083769633507853669e+01 6.866010000000000169e-01
-5.625000000000000000e+01 -9.895287958115185134e+00 9.918740000000000334e-01
-5.625000000000000000e+01 -8.952879581151833577e+00 2.089830000000000021e-01
-5.625000000000000000e+01 -8.010471204188482020e+00 2.539060000000000206e-01
-5.625000000000000000e+01 -7.068062827225130462e+00 5.138059999999999850e-01
-5.625000000000000000e+01 -6.125654450261779793e+00 5.957170000000000520e-01
-5.625000000000000000e+01 -5.183246073298429124e+00 6.826569999999999583e-01
-5.625000000000000000e+01 -4.240837696335078455e+00 5.726949999999999541e-01
-5.625000000000000000e+01 -3.298429319371727786e+00 4.751719999999999833e-01
-5.625000000000000000e+01 -2.356020942408377117e+00 5.220320000000000515e-01
-5.625000000000000000e+01 -1.413612565445026226e+00 1.973509999999999986e-01
-5.625000000000000000e+01 -4.712041884816753901e-01 4.565099999999999714e-02
-5.625000000000000000e+01 4.712041884816753901e-01 4.565099999999999714e-02
-5.625000000000000000e+01 1.413612565445026226e+00 1.148000000000000062e-02
-5.500000000000000000e+01 -1.460732984293194114e+01 1.910669999999999868e-01
-5.500000000000000000e+01 -1.366492146596859136e+01 7.158799999999999886e-02
-5.500000000000000000e+01 -1.272251308900523981e+01 6.882019999999999804e-01
-5.500000000000000000e+01 -1.178010471204188825e+01 9.567919999999999758e-01
-5.500000000000000000e+01 -1.083769633507853669e+01 9.588889999999999914e-01
-5.500000000000000000e+01 -9.895287958115185134e+00 9.301099999999999923e-01
-5.500000000000000000e+01 -8.952879581151833577e+00 3.633500000000000063e-01
-5.500000000000000000e+01 -8.010471204188482020e+00 8.107579999999999787e-01
-5.500000000000000000e+01 -7.068062827225130462e+00 6.800589999999999691e-01
-5.500000000000000000e+01 -6.125654450261779793e+00 4.897779999999999911e-01
-5.500000000000000000e+01 -5.183246073298429124e+00 4.591540000000000066e-01
-5.500000000000000000e+01 -4.240837696335078455e+00 8.163780000000000481e-01
-5.500000000000000000e+01 -3.298429319371727786e+00 8.219509999999999872e-01
-5.500000000000000000e+01 -2.356020942408377117e+00 7.348050000000000415e-01
-5.500000000000000000e+01 -1.413612565445026226e+00 4.357599999999999807e-01
-5.500000000000000000e+01 -4.712041884816753901e-01 1.497700000000000073e-02
-5.500000000000000000e+01 4.712041884816753901e-01 1.497700000000000073e-02
-5.500000000000000000e+01 1.413612565445026226e+00 3.225000000000000002e-03
-5.500000000000000000e+01 2.356020942408377117e+00 5.848500000000000226e-02
-5.375000000000000000e+01 -1.460732984293194114e+01 6.037999999999999964e-03
-5.375000000000000000e+01 -1.366492146596859136e+01 6.585599999999999787e-02
-5.375000000000000000e+01 -1.272251308900523981e+01 5.569610000000000394e-01
-5.375000000000000000e+01 -1.178010471204188825e+01 4.013979999999999770e-01
-5.375000000000000000e+01 -1.083769633507853669e+01 7.056759999999999700e-01
-5.375000000000000000e+01 -9.895287958115185134e+00 7.249290000000000456e-01
-5.375000000000000000e+01 -8.952879581151833577e+00 1.505799999999999916e-01
-5.375000000000000000e+01 -8.010471204188482020e+00 2.230599999999999944e-02
-5.375000000000000000e+01 -7.068062827225130462e+00 4.449380000000000002e-01
-5.375000000000000000e+01 -6.125654450261779793e+00 6.266580000000000483e-01
-5.375000000000000000e+01 -5.183246073298429124e+00 8.006330000000000391e-01
-5.375000000000000000e+01 -4.240837696335078455e+00 7.309569999999999679e-01
-5.375000000000000000e+01 -3.298429319371727786e+00 9.549239999999999950e-01
-5.375000000000000000e+01 -2.356020942408377117e+00 6.261090000000000266e-01
-5.375000000000000000e+01 -1.413612565445026226e+00 6.495710000000000095e-01
-5.375000000000000000e+01 -4.712041884816753901e-01 2.923890000000000100e-01
-5.375000000000000000e+01 4.712041884816753901e-01 2.923890000000000100e-01
-5.375000000000000000e+01 1.413612565445026226e+00 5.232179999999999609e-01
-5.375000000000000000e+01 2.356020942408377117e+00 2.746430000000000260e-01
-5.250000000000000000e+01 -1.366492146596859136e+01 1.546499999999999958e-02
-5.250000000000000000e+01 -1.272251308900523981e+01 4.134610000000000229e-01
-5.250000000000000000e+01 -1.178010471204188825e+01 2.507309999999999817e-01
-5.250000000000000000e+01 -1.083769633507853669e+01 4.074409999999999976e-01
-5.250000000000000000e+01 -9.895287958115185134e+00 3.033159999999999745e-01
-5.250000000000000000e+01 -8.952879581151833577e+00 5.154700000000000254e-02
-5.250000000000000000e+01 -8.010471204188482020e+00 1.609019999999999895e-01
-5.250000000000000000e+01 -7.068062827225130462e+00 7.429470000000000240e-01
-5.250000000000000000e+01 -6.125654450261779793e+00 8.385270000000000223e-01
-5.250000000000000000e+01 -5.183246073298429124e+00 3.392100000000000115e-01
-5.250000000000000000e+01 -4.240837696335078455e+00 5.112499999999999822e-01
-5.250000000000000000e+01 -3.298429319371727786e+00 9.013870000000000493e-01
-5.250000000000000000e+01 -2.356020942408377117e+00 3.821419999999999817e-01
-5.250000000000000000e+01 -1.413612565445026226e+00 8.700660000000000061e-01
-5.250000000000000000e+01 -4.712041884816753901e-01 4.757739999999999747e-01
-5.250000000000000000e+01 4.712041884816753901e-01 4.757739999999999747e-01
-5.125000000000000000e+01 -8.952879581151833577e+00 8.658339999999999925e-01
-5.125000000000000000e+01 -8.010471204188482020e+00 5.707010000000000138e-01
-5.125000000000000000e+01 -7.068062827225130462e+00 7.018799999999999484e-01
-5.125000000000000000e+01 -5.183246073298429124e+00 5.043849999999999723e-01
-5.125000000000000000e+01 -4.240837696335078455e+00 7.421609999999999596e-01
-5.125000000000000000e+01 -3.298429319371727786e+00 9.860069999999999668e-01
-5.125000000000000000e+01 -2.356020942408377117e+00 8.235869999999999580e-01
-5.000000000000000000e+01 -3.298429319371727786e+00 9.460439999999999960e-01
