-7.875000000000000000e+01 -6.125654450261779793e+00 4.848080000000000167e-01
-7.875000000000000000e+01 -5.183246073298429124e+00 1.624170000000000058e-01
-7.875000000000000000e+01 -4.240837696335078455e+00 1.634120000000000017e-01
-7.875000000000000000e+01 -3.298429319371727786e+00 2.577650000000000219e-01
-7.875000000000000000e+01 -2.356020942408377117e+00 0.000000000000000000e+00
-7.875000000000000000e+01 -1.413612565445026226e+00 0.000000000000000000e+00
-7.750000000000000000e+01 -8.952879581151833577e+00 1.875680000000000125e-01
-7.750000000000000000e+01 -8.010471204188482020e+00 1.435049999999999937e-01
-7.750000000000000000e+01 -7.068062827225130462e+00 2.790790000000000215e-01
-7.750000000000000000e+01 -6.125654450261779793e+00 3.656479999999999730e-01
-7.750000000000000000e+01 -5.183246073298429124e+00 3.565499999999999919e-02
-7.750000000000000000e+01 -4.240837696335078455e+00 2.065799999999999928e-02
-7.750000000000000000e+01 -3.298429319371727786e+00 1.190709999999999963e-01
-7.750000000000000000e+01 -2.356020942408377117e+00 9.413299999999999446e-02
-7.750000000000000000e+01 -1.413612565445026226e+00 1.768119999999999969e-01
-7.750000000000000000e+01 -4.712041884816753901e-01 1.844790000000000041e-01
-7.750000000000000000e+01 4.712041884816753901e-01 1.844790000000000041e-01
-7.625000000000000000e+01 -1.083769633507853669e+01 5.418800000000000006e-02
-7.625000000000000000e+01 -9.895287958115185134e+00 1.181910000000000044e-01
-7.625000000000000000e+01 -8.952879581151833577e+00 2.594969999999999777e-01
-7.625000000000000000e+01 -8.010471204188482020e+00 6.976899999999999769e-02
-7.625000000000000000e+01 -7.068062827225130462e+00 1.698949999999999905e-01
-7.625000000000000000e+01 -6.125654450261779793e+00 1.633360000000000090e-01
-7.625000000000000000e+01 -5.183246073298429124e+00 4.002700000000000008e-02
-7.625000000000000000e+01 -4.240837696335078455e+00 1.472000000000000001e-03
-7.625000000000000000e+01 -3.298429319371727786e+00 3.983000000000000429e-03
-7.625000000000000000e+01 -2.356020942408377117e+00 2.553000000000000148e-03
-7.625000000000000000e+01 -1.413612565445026226e+00 2.611000000000000040e-03
-7.625000000000000000e+01 -4.712041884816753901e-01 2.404999999999999846e-02
-7.625000000000000000e+01 4.712041884816753901e-01 2.404999999999999846e-02
-7.625000000000000000e+01 1.413612565445026226e+00 4.301019999999999843e-01
-7.500000000000000000e+01 -1.366492146596859136e+01 7.814200000000000312e-02
-7.500000000000000000e+01 -1.272251308900523981e+01 1.417779999999999874e-01
-7.500000000000000000e+01 -1.178010471204188825e+01 1.236730000000000051e-01
-7.500000000000000000e+01 -1.083769633507853669e+01 2.478400000000000047e-01
-7.500000000000000000e+01 -9.895287958115185134e+00 1.169580000000000064e-01
-7.500000000000000000e+01 -8.952879581151833577e+00 2.292929999999999968e-01
-7.500000000000000000e+01 -8.010471204188482020e+00 1.553789999999999893e-01
-7.500000000000000000e+01 -7.068062827225130462e+00 3.468899999999999761e-02
-7.500000000000000000e+01 -6.125654450261779793e+00 6.070300000000000001e-02
-7.500000000000000000e+01 -5.183246073298429124e+00 4.566900000000000126e-02
-7.500000000000000000e+01 -4.240837696335078455e+00 2.003299999999999872e-02
-7.500000000000000000e+01 -3.298429319371727786e+00 2.305999999999999890e-03
-7.500000000000000000e+01 -2.356020942408377117e+00 6.376999999999999856e-03
-7.500000000000000000e+01 -1.413612565445026226e+00 5.597000000000000412e-03
-7.500000000000000000e+01 -4.712041884816753901e-01 2.222800000000000123e-02
-7.500000000000000000e+01 4.712041884816753901e-01 2.222800000000000123e-02
-7.500000000000000000e+01 1.413612565445026226e+00 3.762190000000000256e-01
-7.500000000000000000e+01 2.356020942408377117e+00 5.916169999999999485e-01
-7.375000000000000000e+01 -1.460732984293194114e+01 0.000000000000000000e+00
-7.375000000000000000e+01 -1.366492146596859136e+01 1.302490000000000037e-01
-7.375000000000000000e+01 -1.272251308900523981e+01 7.707400000000000362e-02
-7.375000000000000000e+01 -1.178010471204188825e+01 9.292000000000000259e-02
-7.375000000000000000e+01 -1.083769633507853669e+01 7.230799999999999728e-02
-7.375000000000000000e+01 -9.895287958115185134e+00 5.654499999999999804e-02
-7.375000000000000000e+01 -8.952879581151833577e+00 6.753099999999999381e-02
-7.375000000000000000e+01 -8.010471204188482020e+00 4.443600000000000327e-02
-7.375000000000000000e+01 -7.068062827225130462e+00 9.365999999999999326e-03
-7.375000000000000000e+01 -6.125654450261779793e+00 2.464699999999999877e-02
-7.375000000000000000e+01 -5.183246073298429124e+00 7.177999999999999658e-02
-7.375000000000000000e+01 -4.240837696335078455e+00 2.272499999999999867e-02
-7.375000000000000000e+01 -3.298429319371727786e+00 7.262000000000000226e-03
-7.375000000000000000e+01 -2.356020942408377117e+00 5.327000000000000138e-03
-7.375000000000000000e+01 -1.413612565445026226e+00 7.605999999999999914e-03
-7.375000000000000000e+01 -4.712041884816753901e-01 2.467000000000000009e-03
-7.375000000000000000e+01 4.712041884816753901e-01 2.467000000000000009e-03
-7.375000000000000000e+01 1.413612565445026226e+00 3.635300000000000337e-02
-7.250000000000000000e+01 -1.460732984293194114e+01 5.432000000000000196e-03
-7.250000000000000000e+01 -1.366492146596859136e+01 1.374849999999999961e-01
-7.250000000000000000e+01 -1.272251308900523981e+01 1.564750000000000030e-01
-7.250000000000000000e+01 -1.178010471204188825e+01 4.293199999999999794e-02
-7.250000000000000000e+01 -1.083769633507853669e+01 6.879999999999999831e-03
-7.250000000000000000e+01 -9.895287958115185134e+00 0.000000000000000000e+00
-7.250000000000000000e+01 -8.952879581151833577e+00 9.388999999999999777e-03
-7.250000000000000000e+01 -8.010471204188482020e+00 1.245139999999999997e-01
-7.250000000000000000e+01 -7.068062827225130462e+00 3.944899999999999796e-02
-7.250000000000000000e+01 -6.125654450261779793e+00 9.730000000000000151e-04
-7.250000000000000000e+01 -5.183246073298429124e+00 9.737000000000000863e-03
-7.250000000000000000e+01 -4.240837696335078455e+00 1.123389999999999944e-01
-7.250000000000000000e+01 -3.298429319371727786e+00 2.123999999999999846e-02
-7.250000000000000000e+01 -2.356020942408377117e+00 5.210000000000000221e-03
-7.250000000000000000e+01 -1.413612565445026226e+00 1.809000000000000061e-03
-7.250000000000000000e+01 -4.712041884816753901e-01 6.908000000000000078e-03
-7.250000000000000000e+01 4.712041884816753901e-01 6.908000000000000078e-03
-7.250000000000000000e+01 1.413612565445026226e+00 1.020399999999999953e-02
-7.125000000000000000e+01 -1.460732984293194114e+01 9.079900000000000471e-02
-7.125000000000000000e+01 -1.366492146596859136e+01 2.439500000000000002e-02
-7.125000000000000000e+01 -1.272251308900523981e+01 3.799199999999999799e-02
-7.125000000000000000e+01 -1.178010471204188825e+01 0.000000000000000000e+00
-7.125000000000000000e+01 -1.083769633507853669e+01 0.000000000000000000e+00
-7.125000000000000000e+01 -9.895287958115185134e+00 6.791000000000000161e-03
-7.125000000000000000e+01 -8.952879581151833577e+00 2.287099999999999897e-02
-7.125000000000000000e+01 -8.010471204188482020e+00 9.287299999999999722e-02
-7.125000000000000000e+01 -7.068062827225130462e+00 3.642999999999999971e-03
-7.125000000000000000e+01 -6.125654450261779793e+00 4.655000000000000283e-03
-7.125000000000000000e+01 -5.183246073298429124e+00 2.429999999999999977e-04
-7.125000000000000000e+01 -4.240837696335078455e+00 1.830999999999999989e-02
-7.125000000000000000e+01 -3.298429319371727786e+00 1.589999999999999888e-04
-7.125000000000000000e+01 -2.356020942408377117e+00 8.330999999999999864e-03
-7.125000000000000000e+01 -1.413612565445026226e+00 3.510000000000000099e-03
-7.125000000000000000e+01 -4.712041884816753901e-01 0.000000000000000000e+00
-7.125000000000000000e+01 4.712041884816753901e-01 0.000000000000000000e+00
-7.125000000000000000e+01 1.413612565445026226e+00 1.036399999999999995e-02
-7.000000000000000000e+01 -1.366492146596859136e+01 8.580000000000000820e-03
-7.000000000000000000e+01 -1.272251308900523981e+01 3.384999999999999815e-02
-7.000000000000000000e+01 -1.178010471204188825e+01 0.000000000000000000e+00
-7.000000000000000000e+01 -1.083769633507853669e+01 4.318000000000000310e-02
-7.000000000000000000e+01 -9.895287958115185134e+00 3.200000000000000262e-04
-7.000000000000000000e+01 -8.952879581151833577e+00 9.837999999999999523e-03
-7.000000000000000000e+01 -8.010471204188482020e+00 5.756700000000000012e-02
-7.000000000000000000e+01 -7.068062827225130462e+00 2.868199999999999916e-02
-7.000000000000000000e+01 -6.125654450261779793e+00 1.861000000000000024e-03
-7.000000000000000000e+01 -5.183246073298429124e+00 8.040000000000000271e-04
-7.000000000000000000e+01 -4.240837696335078455e+00 4.356499999999999956e-02
-7.000000000000000000e+01 -3.298429319371727786e+00 1.046200000000000081e-02
-7.000000000000000000e+01 -2.356020942408377117e+00 3.040999999999999866e-03
-7.000000000000000000e+01 -1.413612565445026226e+00 4.733000000000000228e-03
-7.000000000000000000e+01 -4.712041884816753901e-01 1.220300000000000031e-02
-7.000000000000000000e+01 4.712041884816753901e-01 1.220300000000000031e-02
-7.000000000000000000e+01 1.413612565445026226e+00 2.760999999999999999e-03
-6.875000000000000000e+01 -1.554973821989529448e+01 6.769999999999999759e-04
-6.875000000000000000e+01 -1.460732984293194114e+01 1.861099999999999907e-02
-6.875000000000000000e+01 -1.366492146596859136e+01 3.651999999999999864e-03
-6.875000000000000000e+01 -1.272251308900523981e+01 5.683799999999999963e-02
-6.875000000000000000e+01 -1.178010471204188825e+01 8.299700000000000133e-02
-6.875000000000000000e+01 -1.083769633507853669e+01 2.668470000000000009e-01
-6.875000000000000000e+01 -9.895287958115185134e+00 1.996900000000000064e-02
-6.875000000000000000e+01 -8.952879581151833577e+00 9.088699999999999557e-02
-6.875000000000000000e+01 -8.010471204188482020e+00 3.200000000000000262e-04
-6.875000000000000000e+01 -7.068062827225130462e+00 2.047999999999999907e-03
-6.875000000000000000e+01 -6.125654450261779793e+00 1.129999999999999928e-03
-6.875000000000000000e+01 -5.183246073298429124e+00 4.840000000000000010e-04
-6.875000000000000000e+01 -4.240837696335078455e+00 4.423999999999999981e-03
-6.875000000000000000e+01 -3.298429319371727786e+00 7.030999999999999923e-03
-6.875000000000000000e+01 -2.356020942408377117e+00 9.829999999999999329e-04
-6.875000000000000000e+01 -1.413612565445026226e+00 8.059999999999999673e-04
-6.875000000000000000e+01 -4.712041884816753901e-01 1.129100000000000069e-02
-6.875000000000000000e+01 4.712041884816753901e-01 1.129100000000000069e-02
-6.875000000000000000e+01 1.413612565445026226e+00 1.060999999999999964e-02
-6.875000000000000000e+01 2.356020942408377117e+00 6.131000000000000165e-03
-6.750000000000000000e+01 -1.649214659685864603e+01 1.124929999999999958e-01
-6.750000000000000000e+01 -1.554973821989529448e+01 1.124929999999999958e-01
-6.750000000000000000e+01 -1.460732984293194114e+01 3.169399999999999995e-02
-6.750000000000000000e+01 -1.366492146596859136e+01 2.945199999999999901e-02
-6.750000000000000000e+01 -1.272251308900523981e+01 5.739000000000000178e-03
-6.750000000000000000e+01 -1.178010471204188825e+01 1.366200000000000053e-02
-6.750000000000000000e+01 -1.083769633507853669e+01 1.500670000000000059e-01
-6.750000000000000000e+01 -9.895287958115185134e+00 4.954919999999999880e-01
-6.750000000000000000e+01 -8.952879581151833577e+00 4.293000000000000288e-02
-6.750000000000000000e+01 -8.010471204188482020e+00 9.590000000000000000e-04
-6.750000000000000000e+01 -7.068062827225130462e+00 8.919999999999999978e-04
-6.750000000000000000e+01 -6.125654450261779793e+00 5.134999999999999808e-03
-6.750000000000000000e+01 -5.183246073298429124e+00 1.128000000000000096e-03
-6.750000000000000000e+01 -4.240837696335078455e+00 8.059999999999999673e-04
-6.750000000000000000e+01 -3.298429319371727786e+00 1.389100000000000057e-02
-6.750000000000000000e+01 -2.356020942408377117e+00 3.310000000000000225e-04
-6.750000000000000000e+01 -1.413612565445026226e+00 8.000000000000000654e-05
-6.750000000000000000e+01 -4.712041884816753901e-01 8.989999999999999511e-04
-6.750000000000000000e+01 4.712041884816753901e-01 8.989999999999999511e-04
-6.750000000000000000e+01 1.413612565445026226e+00 6.081999999999999733e-03
-6.750000000000000000e+01 2.356020942408377117e+00 7.219999999999999855e-04
-6.625000000000000000e+01 -1.837696335078534560e+01 8.382100000000000661e-02
-6.625000000000000000e+01 -1.743455497382199582e+01 9.115900000000000392e-02
-6.625000000000000000e+01 -1.649214659685864603e+01 1.786999999999999960e-03
-6.625000000000000000e+01 -1.554973821989529448e+01 1.786999999999999960e-03
-6.625000000000000000e+01 -1.460732984293194114e+01 6.328000000000000291e-03
-6.625000000000000000e+01 -1.366492146596859136e+01 1.134000000000000025e-03
-6.625000000000000000e+01 -1.272251308900523981e+01 0.000000000000000000e+00
-6.625000000000000000e+01 -1.178010471204188825e+01 5.656999999999999702e-03
-6.625000000000000000e+01 -1.083769633507853669e+01 4.494000000000000078e-02
-6.625000000000000000e+01 -9.895287958115185134e+00 1.056089999999999945e-01
-6.625000000000000000e+01 -8.952879581151833577e+00 1.051400000000000078e-02
-6.625000000000000000e+01 -8.010471204188482020e+00 2.295000000000000165e-03
-6.625000000000000000e+01 -7.068062827225130462e+00 8.109999999999999805e-04
-6.625000000000000000e+01 -6.125654450261779793e+00 1.610000000000000103e-04
-6.625000000000000000e+01 -5.183246073298429124e+00 3.260000000000000094e-04
-6.625000000000000000e+01 -4.240837696335078455e+00 3.536000000000000081e-03
-6.625000000000000000e+01 -3.298429319371727786e+00 1.376199999999999993e-02
-6.625000000000000000e+01 -2.356020942408377117e+00 6.198000000000000384e-03
-6.625000000000000000e+01 -1.413612565445026226e+00 0.000000000000000000e+00
-6.625000000000000000e+01 -4.712041884816753901e-01 2.425000000000000072e-03
-6.625000000000000000e+01 4.712041884816753901e-01 2.425000000000000072e-03
-6.625000000000000000e+01 1.413612565445026226e+00 6.986299999999999455e-02
-6.625000000000000000e+01 2.356020942408377117e+00 6.618899999999999784e-02
-6.500000000000000000e+01 -1.837696335078534560e+01 2.126799999999999871e-02
-6.500000000000000000e+01 -1.743455497382199582e+01 2.219079999999999941e-01
-6.500000000000000000e+01 -1.649214659685864603e+01 9.317999999999999894e-03
-6.500000000000000000e+01 -1.554973821989529448e+01 9.317999999999999894e-03
-6.500000000000000000e+01 -1.460732984293194114e+01 4.687000000000000194e-03
-6.500000000000000000e+01 -1.366492146596859136e+01 2.969999999999999984e-03
-6.500000000000000000e+01 -1.272251308900523981e+01 1.412000000000000061e-03
-6.500000000000000000e+01 -1.178010471204188825e+01 7.238999999999999775e-03
-6.500000000000000000e+01 -1.083769633507853669e+01 1.183860000000000051e-01
-6.500000000000000000e+01 -9.895287958115185134e+00 2.056310000000000082e-01
-6.500000000000000000e+01 -8.952879581151833577e+00 4.157299999999999884e-02
-6.500000000000000000e+01 -8.010471204188482020e+00 2.351999999999999924e-03
-6.500000000000000000e+01 -7.068062827225130462e+00 1.703199999999999853e-02
-6.500000000000000000e+01 -6.125654450261779793e+00 1.147999999999999932e-03
-6.500000000000000000e+01 -5.183246073298429124e+00 1.630000000000000047e-04
-6.500000000000000000e+01 -4.240837696335078455e+00 3.540999999999999877e-03
-6.500000000000000000e+01 -3.298429319371727786e+00 9.591000000000000567e-03
-6.500000000000000000e+01 -2.356020942408377117e+00 4.329999999999999648e-03
-6.500000000000000000e+01 -1.413612565445026226e+00 1.791999999999999973e-03
-6.500000000000000000e+01 -4.712041884816753901e-01 7.742999999999999883e-03
-6.500000000000000000e+01 4.712041884816753901e-01 7.742999999999999883e-03
-6.500000000000000000e+01 1.413612565445026226e+00 2.658999999999999905e-03
-6.375000000000000000e+01 -2.026178010471204516e+01 0.000000000000000000e+00
-6.375000000000000000e+01 -1.931937172774869538e+01 4.951599999999999752e-02
-6.375000000000000000e+01 -1.837696335078534560e+01 9.230499999999999816e-02
-6.375000000000000000e+01 -1.743455497382199582e+01 3.765479999999999938e-01
-6.375000000000000000e+01 -1.649214659685864603e+01 4.624000000000000332e-02
-6.375000000000000000e+01 -1.554973821989529448e+01 4.624000000000000332e-02
-6.375000000000000000e+01 -1.460732984293194114e+01 2.306400000000000117e-02
-6.375000000000000000e+01 -1.366492146596859136e+01 2.972999999999999948e-03
-6.375000000000000000e+01 -1.272251308900523981e+01 1.505000000000000044e-03
-6.375000000000000000e+01 -1.178010471204188825e+01 2.242709999999999981e-01
-6.375000000000000000e+01 -1.083769633507853669e+01 3.660499999999999865e-02
-6.375000000000000000e+01 -9.895287958115185134e+00 2.829990000000000006e-01
-6.375000000000000000e+01 -8.952879581151833577e+00 3.734319999999999862e-01
-6.375000000000000000e+01 -8.010471204188482020e+00 5.723400000000000015e-02
-6.375000000000000000e+01 -7.068062827225130462e+00 3.556999999999999832e-03
-6.375000000000000000e+01 -6.125654450261779793e+00 4.970999999999999724e-03
-6.375000000000000000e+01 -5.183246073298429124e+00 1.794000000000000022e-03
-6.375000000000000000e+01 -4.240837696335078455e+00 2.827800000000000105e-02
-6.375000000000000000e+01 -3.298429319371727786e+00 1.724000000000000055e-03
-6.375000000000000000e+01 -2.356020942408377117e+00 3.249999999999999851e-04
-6.375000000000000000e+01 -1.413612565445026226e+00 3.240000000000000150e-04
-6.375000000000000000e+01 -4.712041884816753901e-01 1.828999999999999897e-03
-6.375000000000000000e+01 4.712041884816753901e-01 1.828999999999999897e-03
-6.375000000000000000e+01 1.413612565445026226e+00 0.000000000000000000e+00
-6.375000000000000000e+01 3.298429319371727786e+00 1.093399999999999928e-02
-6.250000000000000000e+01 -1.931937172774869538e+01 2.799280000000000102e-01
-6.250000000000000000e+01 -1.837696335078534560e+01 6.015359999999999596e-01
-6.250000000000000000e+01 -1.743455497382199582e+01 6.337380000000000235e-01
-6.250000000000000000e+01 -1.649214659685864603e+01 6.793399999999999439e-02
-6.250000000000000000e+01 -1.554973821989529448e+01 6.793399999999999439e-02
-6.250000000000000000e+01 -1.460732984293194114e+01 7.910999999999999630e-03
-6.250000000000000000e+01 -1.366492146596859136e+01 2.263999999999999953e-03
-6.250000000000000000e+01 -1.272251308900523981e+01 1.157999999999999958e-03
-6.250000000000000000e+01 -1.178010471204188825e+01 3.229730000000000101e-01
-6.250000000000000000e+01 -1.083769633507853669e+01 3.295960000000000001e-01
-6.250000000000000000e+01 -9.895287958115185134e+00 7.724670000000000147e-01
-6.250000000000000000e+01 -8.952879581151833577e+00 2.350039999999999907e-01
-6.250000000000000000e+01 -8.010471204188482020e+00 5.716899999999999760e-02
-6.250000000000000000e+01 -7.068062827225130462e+00 3.017999999999999849e-02
-6.250000000000000000e+01 -6.125654450261779793e+00 7.498999999999999590e-03
-6.250000000000000000e+01 -5.183246073298429124e+00 2.396000000000000126e-03
-6.250000000000000000e+01 -4.240837696335078455e+00 2.649900000000000172e-02
-6.250000000000000000e+01 -3.298429319371727786e+00 5.029999999999999749e-03
-6.250000000000000000e+01 -2.356020942408377117e+00 1.056999999999999997e-03
-6.250000000000000000e+01 -1.413612565445026226e+00 2.451000000000000054e-03
-6.250000000000000000e+01 -4.712041884816753901e-01 6.509999999999999945e-04
-6.250000000000000000e+01 4.712041884816753901e-01 6.509999999999999945e-04
-6.250000000000000000e+01 1.413612565445026226e+00 1.435000000000000078e-03
-6.250000000000000000e+01 2.356020942408377117e+00 8.090000000000000403e-04
-6.250000000000000000e+01 3.298429319371727786e+00 0.000000000000000000e+00
-6.125000000000000000e+01 -1.837696335078534560e+01 1.252419999999999922e-01
-6.125000000000000000e+01 -1.743455497382199582e+01 5.543100000000000110e-02
-6.125000000000000000e+01 -1.649214659685864603e+01 8.058099999999999985e-02
-6.125000000000000000e+01 -1.554973821989529448e+01 8.058099999999999985e-02
-6.125000000000000000e+01 -1.460732984293194114e+01 1.198800000000000039e-02
-6.125000000000000000e+01 -1.366492146596859136e+01 3.528599999999999792e-02
-6.125000000000000000e+01 -1.272251308900523981e+01 5.713129999999999598e-01
-6.125000000000000000e+01 -1.178010471204188825e+01 5.759589999999999987e-01
-6.125000000000000000e+01 -1.083769633507853669e+01 3.503410000000000135e-01
-6.125000000000000000e+01 -9.895287958115185134e+00 1.040070000000000022e-01
-6.125000000000000000e+01 -8.952879581151833577e+00 2.176099999999999909e-02
-6.125000000000000000e+01 -8.010471204188482020e+00 1.592500000000000165e-02
-6.125000000000000000e+01 -7.068062827225130462e+00 1.288999999999999998e-03
-6.125000000000000000e+01 -6.125654450261779793e+00 3.742199999999999693e-02
-6.125000000000000000e+01 -5.183246073298429124e+00 1.088700000000000084e-02
-6.125000000000000000e+01 -4.240837696335078455e+00 2.706799999999999831e-02
-6.125000000000000000e+01 -3.298429319371727786e+00 2.989100000000000090e-02
-6.125000000000000000e+01 -2.356020942408377117e+00 1.302999999999999905e-03
-6.125000000000000000e+01 -1.413612565445026226e+00 5.710000000000000015e-04
-6.125000000000000000e+01 -4.712041884816753901e-01 2.147999999999999909e-02
-6.125000000000000000e+01 4.712041884816753901e-01 2.147999999999999909e-02
-6.125000000000000000e+01 1.413612565445026226e+00 2.819599999999999884e-02
-6.125000000000000000e+01 2.356020942408377117e+00 2.330250000000000099e-01
-6.125000000000000000e+01 3.298429319371727786e+00 1.254820000000000102e-01
-6.125000000000000000e+01 4.240837696335078455e+00 9.287999999999999381e-03
-6.000000000000000000e+01 -1.554973821989529448e+01 8.407599999999999796e-02
-6.000000000000000000e+01 -1.460732984293194114e+01 3.380670000000000064e-01
-6.000000000000000000e+01 -1.366492146596859136e+01 3.297320000000000251e-01
-6.000000000000000000e+01 -1.272251308900523981e+01 2.696680000000000188e-01
-6.000000000000000000e+01 -1.178010471204188825e+01 5.682000000000000245e-02
-6.000000000000000000e+01 -1.083769633507853669e+01 2.021999999999999926e-03
-6.000000000000000000e+01 -9.895287958115185134e+00 5.899700000000000083e-02
-6.000000000000000000e+01 -8.952879581151833577e+00 1.132900000000000053e-02
-6.000000000000000000e+01 -8.010471204188482020e+00 0.000000000000000000e+00
-6.000000000000000000e+01 -7.068062827225130462e+00 8.747199999999999420e-02
-6.000000000000000000e+01 -6.125654450261779793e+00 6.083999999999999998e-03
-6.000000000000000000e+01 -5.183246073298429124e+00 1.506900000000000080e-02
-6.000000000000000000e+01 -4.240837696335078455e+00 1.034130000000000049e-01
-6.000000000000000000e+01 -3.298429319371727786e+00 2.614259999999999917e-01
-6.000000000000000000e+01 -2.356020942408377117e+00 1.221140000000000003e-01
-6.000000000000000000e+01 -1.413612565445026226e+00 2.272499999999999867e-02
-6.000000000000000000e+01 -4.712041884816753901e-01 6.438000000000000146e-03
-6.000000000000000000e+01 4.712041884816753901e-01 6.438000000000000146e-03
-6.000000000000000000e+01 1.413612565445026226e+00 2.301920000000000077e-01
-6.000000000000000000e+01 2.356020942408377117e+00 3.358200000000000074e-02
-6.000000000000000000e+01 3.298429319371727786e+00 4.359299999999999981e-02
-6.000000000000000000e+01 4.240837696335078455e+00 1.091600000000000036e-02
-6.000000000000000000e+01 5.183246073298429124e+00 1.274999999999999918e-02
-5.875000000000000000e+01 -1.366492146596859136e+01 1.424800000000000025e-02
-5.875000000000000000e+01 -1.272251308900523981e+01 8.869999999999999846e-04
-5.875000000000000000e+01 -1.178010471204188825e+01 1.229070000000000024e-01
-5.875000000000000000e+01 -1.083769633507853669e+01 4.200420000000000265e-01
-5.875000000000000000e+01 -9.895287958115185134e+00 2.237139999999999962e-01
-5.875000000000000000e+01 -8.952879581151833577e+00 4.207799999999999735e-02
-5.875000000000000000e+01 -8.010471204188482020e+00 2.400000000000000061e-04
-5.875000000000000000e+01 -7.068062827225130462e+00 7.766000000000000333e-03
-5.875000000000000000e+01 -6.125654450261779793e+00 5.649999999999999641e-04
-5.875000000000000000e+01 -5.183246073298429124e+00 1.229000000000000058e-03
-5.875000000000000000e+01 -4.240837696335078455e+00 9.363599999999999701e-02
-5.875000000000000000e+01 -3.298429319371727786e+00 2.257309999999999872e-01
-5.875000000000000000e+01 -2.356020942408377117e+00 8.071000000000000049e-03
-5.875000000000000000e+01 -1.413612565445026226e+00 0.000000000000000000e+00
-5.875000000000000000e+01 -4.712041884816753901e-01 0.000000000000000000e+00
-5.875000000000000000e+01 4.712041884816753901e-01 0.000000000000000000e+00
-5.750000000000000000e+01 -1.366492146596859136e+01 4.047200000000000103e-02
-5.750000000000000000e+01 -1.272251308900523981e+01 4.672400000000000164e-02
-5.750000000000000000e+01 -1.178010471204188825e+01 3.403269999999999906e-01
-5.750000000000000000e+01 -1.083769633507853669e+01 3.268229999999999746e-01
-5.750000000000000000e+01 -9.895287958115185134e+00 2.181619999999999948e-01
-5.750000000000000000e+01 -8.952879581151833577e+00 2.161599999999999980e-02
-5.750000000000000000e+01 -8.010471204188482020e+00 1.814999999999999990e-03
-5.750000000000000000e+01 -7.068062827225130462e+00 1.655999999999999920e-03
-5.750000000000000000e+01 -6.125654450261779793e+00 7.622999999999999568e-03
-5.750000000000000000e+01 -5.183246073298429124e+00 1.631999999999999987e-03
-5.750000000000000000e+01 -4.240837696335078455e+00 4.330599999999999727e-02
-5.750000000000000000e+01 -3.298429319371727786e+00 1.926799999999999902e-01
-5.750000000000000000e+01 -2.356020942408377117e+00 2.376400000000000040e-02
-5.750000000000000000e+01 -1.413612565445026226e+00 6.511000000000000294e-03
-5.750000000000000000e+01 -4.712041884816753901e-01 0.000000000000000000e+00
-5.750000000000000000e+01 4.712041884816753901e-01 0.000000000000000000e+00
-5.750000000000000000e+01 1.413612565445026226e+00 8.100000000000000375e-05
-5.625000000000000000e+01 -1.366492146596859136e+01 2.226029999999999953e-01
-5.625000000000000000e+01 -1.272251308900523981e+01 2.523810000000000220e-01
-5.625000000000000000e+01 -1.178010471204188825e+01 5.093609999999999527e-01
-5.625000000000000000e+01 -1.083769633507853669e+01 3.464519999999999822e-01
-5.625000000000000000e+01 -9.895287958115185134e+00 7.191170000000000062e-01
-5.625000000000000000e+01 -8.952879581151833577e+00 4.075800000000000256e-02
-5.625000000000000000e+01 -8.010471204188482020e+00 4.943000000000000345e-03
-5.625000000000000000e+01 -7.068062827225130462e+00 3.313300000000000273e-02
-5.625000000000000000e+01 -6.125654450261779793e+00 3.620199999999999807e-02
-5.625000000000000000e+01 -5.183246073298429124e+00 1.064370000000000038e-01
-5.625000000000000000e+01 -4.240837696335078455e+00 3.103560000000000207e-01
-5.625000000000000000e+01 -3.298429319371727786e+00 2.058199999999999960e-02
-5.625000000000000000e+01 -2.356020942408377117e+00 3.162409999999999943e-01
-5.625000000000000000e+01 -1.413612565445026226e+00 2.534300000000000094e-02
-5.625000000000000000e+01 -4.712041884816753901e-01 8.000000000000000654e-05
-5.625000000000000000e+01 4.712041884816753901e-01 8.000000000000000654e-05
-5.625000000000000000e+01 1.413612565445026226e+00 0.000000000000000000e+00
-5.500000000000000000e+01 -1.460732984293194114e+01 1.751780000000000004e-01
-5.500000000000000000e+01 -1.366492146596859136e+01 4.148500000000000104e-02
-5.500000000000000000e+01 -1.272251308900523981e+01 2.573840000000000017e-01
-5.500000000000000000e+01 -1.178010471204188825e+01 4.362240000000000006e-01
-5.500000000000000000e+01 -1.083769633507853669e+01 6.029390000000000027e-01
-5.500000000000000000e+01 -9.895287958115185134e+00 6.624379999999999713e-01
-5.500000000000000000e+01 -8.952879581151833577e+00 4.506500000000000089e-02
-5.500000000000000000e+01 -8.010471204188482020e+00 9.065600000000000047e-02
-5.500000000000000000e+01 -7.068062827225130462e+00 8.067799999999999971e-02
-5.500000000000000000e+01 -6.125654450261779793e+00 5.609999999999999752e-04
-5.500000000000000000e+01 -5.183246073298429124e+00 4.809999999999999823e-04
-5.500000000000000000e+01 -4.240837696335078455e+00 2.193829999999999947e-01
-5.500000000000000000e+01 -3.298429319371727786e+00 3.478060000000000040e-01
-5.500000000000000000e+01 -2.356020942408377117e+00 5.311860000000000470e-01
-5.500000000000000000e+01 -1.413612565445026226e+00 1.107499999999999978e-02
-5.500000000000000000e+01 -4.712041884816753901e-01 2.420000000000000005e-04
-5.500000000000000000e+01 4.712041884816753901e-01 2.420000000000000005e-04
-5.500000000000000000e+01 1.413612565445026226e+00 2.420000000000000005e-04
-5.500000000000000000e+01 2.356020942408377117e+00 5.760000000000000146e-04
-5.375000000000000000e+01 -1.460732984293194114e+01 4.079999999999999968e-04
-5.375000000000000000e+01 -1.366492146596859136e+01 3.856899999999999912e-02
-5.375000000000000000e+01 -1.272251308900523981e+01 2.075410000000000033e-01
-5.375000000000000000e+01 -1.178010471204188825e+01 9.002999999999999892e-02
-5.375000000000000000e+01 -1.083769633507853669e+01 1.980230000000000046e-01
-5.375000000000000000e+01 -9.895287958115185134e+00 2.162139999999999895e-01
-5.375000000000000000e+01 -8.952879581151833577e+00 1.933999999999999955e-03
-5.375000000000000000e+01 -8.010471204188482020e+00 8.000000000000000654e-05
-5.375000000000000000e+01 -7.068062827225130462e+00 2.101000000000000003e-03
-5.375000000000000000e+01 -6.125654450261779793e+00 6.753999999999999587e-03
-5.375000000000000000e+01 -5.183246073298429124e+00 3.003000000000000027e-03
-5.375000000000000000e+01 -4.240837696335078455e+00 2.174480000000000024e-01
-5.375000000000000000e+01 -3.298429319371727786e+00 1.340939999999999910e-01
-5.375000000000000000e+01 -2.356020942408377117e+00 4.346329999999999916e-01
-5.375000000000000000e+01 -1.413612565445026226e+00 6.641299999999999981e-02
-5.375000000000000000e+01 -4.712041884816753901e-01 9.719999999999999907e-04
-5.375000000000000000e+01 4.712041884816753901e-01 9.719999999999999907e-04
-5.375000000000000000e+01 1.413612565445026226e+00 1.217999999999999899e-03
-5.375000000000000000e+01 2.356020942408377117e+00 1.054000000000000032e-03
-5.250000000000000000e+01 -1.366492146596859136e+01 1.200200000000000052e-02
-5.250000000000000000e+01 -1.272251308900523981e+01 2.236170000000000102e-01
-5.250000000000000000e+01 -1.178010471204188825e+01 9.537299999999999944e-02
-5.250000000000000000e+01 -1.083769633507853669e+01 2.550470000000000237e-01
-5.250000000000000000e+01 -9.895287958115185134e+00 7.957400000000000584e-02
-5.250000000000000000e+01 -8.952879581151833577e+00 5.699999999999999772e-04
-5.250000000000000000e+01 -8.010471204188482020e+00 9.950000000000000077e-04
-5.250000000000000000e+01 -7.068062827225130462e+00 2.909899999999999987e-02
-5.250000000000000000e+01 -6.125654450261779793e+00 6.273600000000000010e-02
-5.250000000000000000e+01 -5.183246073298429124e+00 1.755000000000000050e-03
-5.250000000000000000e+01 -4.240837696335078455e+00 7.248400000000000676e-02
-5.250000000000000000e+01 -3.298429319371727786e+00 1.757019999999999971e-01
-5.250000000000000000e+01 -2.356020942408377117e+00 3.110299999999999870e-02
-5.250000000000000000e+01 -1.413612565445026226e+00 1.485660000000000036e-01
-5.250000000000000000e+01 -4.712041884816753901e-01 1.051999999999999984e-03
-5.250000000000000000e+01 4.712041884816753901e-01 1.051999999999999984e-03
-5.125000000000000000e+01 -8.952879581151833577e+00 4.669619999999999882e-01
-5.125000000000000000e+01 -8.010471204188482020e+00 3.743230000000000168e-01
-5.125000000000000000e+01 -7.068062827225130462e+00 4.628050000000000219e-01
-5.125000000000000000e+01 -5.183246073298429124e+00 1.265940000000000121e-01
-5.125000000000000000e+01 -4.240837696335078455e+00 2.503810000000000202e-01
-5.125000000000000000e+01 -3.298429319371727786e+00 1.041330000000000033e-01
-5.125000000000000000e+01 -2.356020942408377117e+00 6.257799999999999474e-02
-5.000000000000000000e+01 -3.298429319371727786e+00 2.564190000000000080e-01
