-7.875000000000000000e+01 -6.125654450261779793e+00 4.948469999999999813e-01
-7.875000000000000000e+01 -5.183246073298429124e+00 1.780619999999999981e-01
-7.875000000000000000e+01 -4.240837696335078455e+00 2.300240000000000062e-01
-7.875000000000000000e+01 -3.298429319371727786e+00 3.520170000000000243e-01
-7.875000000000000000e+01 -2.356020942408377117e+00 0.000000000000000000e+00
-7.875000000000000000e+01 -1.413612565445026226e+00 0.000000000000000000e+00
-7.750000000000000000e+01 -8.952879581151833577e+00 1.875680000000000125e-01
-7.750000000000000000e+01 -8.010471204188482020e+00 1.435049999999999937e-01
-7.750000000000000000e+01 -7.068062827225130462e+00 2.827089999999999881e-01
-7.750000000000000000e+01 -6.125654450261779793e+00 4.757430000000000270e-01
-7.750000000000000000e+01 -5.183246073298429124e+00 1.061430000000000012e-01
-7.750000000000000000e+01 -4.240837696335078455e+00 2.759899999999999853e-02
-7.750000000000000000e+01 -3.298429319371727786e+00 2.573480000000000212e-01
-7.750000000000000000e+01 -2.356020942408377117e+00 1.513660000000000005e-01
-7.750000000000000000e+01 -1.413612565445026226e+00 2.702149999999999830e-01
-7.750000000000000000e+01 -4.712041884816753901e-01 1.872739999999999960e-01
-7.750000000000000000e+01 4.712041884816753901e-01 1.872739999999999960e-01
-7.625000000000000000e+01 -1.083769633507853669e+01 6.175499999999999740e-02
-7.625000000000000000e+01 -9.895287958115185134e+00 1.244159999999999988e-01
-7.625000000000000000e+01 -8.952879581151833577e+00 3.371020000000000127e-01
-7.625000000000000000e+01 -8.010471204188482020e+00 8.544499999999999318e-02
-7.625000000000000000e+01 -7.068062827225130462e+00 1.887729999999999964e-01
-7.625000000000000000e+01 -6.125654450261779793e+00 2.506430000000000047e-01
-7.625000000000000000e+01 -5.183246073298429124e+00 4.002700000000000008e-02
-7.625000000000000000e+01 -4.240837696335078455e+00 1.472000000000000001e-03
-7.625000000000000000e+01 -3.298429319371727786e+00 3.983000000000000429e-03
-7.625000000000000000e+01 -2.356020942408377117e+00 2.553000000000000148e-03
-7.625000000000000000e+01 -1.413612565445026226e+00 2.611000000000000040e-03
-7.625000000000000000e+01 -4.712041884816753901e-01 5.929000000000000242e-02
-7.625000000000000000e+01 4.712041884816753901e-01 5.929000000000000242e-02
-7.625000000000000000e+01 1.413612565445026226e+00 6.125549999999999606e-01
-7.500000000000000000e+01 -1.366492146596859136e+01 7.814200000000000312e-02
-7.500000000000000000e+01 -1.272251308900523981e+01 1.417779999999999874e-01
-7.500000000000000000e+01 -1.178010471204188825e+01 1.237540000000000029e-01
-7.500000000000000000e+01 -1.083769633507853669e+01 3.030599999999999961e-01
-7.500000000000000000e+01 -9.895287958115185134e+00 1.413719999999999977e-01
-7.500000000000000000e+01 -8.952879581151833577e+00 3.637850000000000250e-01
-7.500000000000000000e+01 -8.010471204188482020e+00 1.984990000000000088e-01
-7.500000000000000000e+01 -7.068062827225130462e+00 3.468899999999999761e-02
-7.500000000000000000e+01 -6.125654450261779793e+00 6.070300000000000001e-02
-7.500000000000000000e+01 -5.183246073298429124e+00 4.566900000000000126e-02
-7.500000000000000000e+01 -4.240837696335078455e+00 2.003299999999999872e-02
-7.500000000000000000e+01 -3.298429319371727786e+00 2.305999999999999890e-03
-7.500000000000000000e+01 -2.356020942408377117e+00 6.376999999999999856e-03
-7.500000000000000000e+01 -1.413612565445026226e+00 5.597000000000000412e-03
-7.500000000000000000e+01 -4.712041884816753901e-01 2.222800000000000123e-02
-7.500000000000000000e+01 4.712041884816753901e-01 2.222800000000000123e-02
-7.500000000000000000e+01 1.413612565445026226e+00 3.986509999999999776e-01
-7.500000000000000000e+01 2.356020942408377117e+00 7.856959999999999500e-01
-7.375000000000000000e+01 -1.460732984293194114e+01 0.000000000000000000e+00
-7.375000000000000000e+01 -1.366492146596859136e+01 1.302490000000000037e-01
-7.375000000000000000e+01 -1.272251308900523981e+01 7.920099999999999363e-02
-7.375000000000000000e+01 -1.178010471204188825e+01 9.562400000000000067e-02
-7.375000000000000000e+01 -1.083769633507853669e+01 8.187700000000000533e-02
-7.375000000000000000e+01 -9.895287958115185134e+00 5.662699999999999678e-02
-7.375000000000000000e+01 -8.952879581151833577e+00 7.974900000000000044e-02
-7.375000000000000000e+01 -8.010471204188482020e+00 6.886299999999999366e-02
-7.375000000000000000e+01 -7.068062827225130462e+00 2.125799999999999912e-02
-7.375000000000000000e+01 -6.125654450261779793e+00 2.464699999999999877e-02
-7.375000000000000000e+01 -5.183246073298429124e+00 7.177999999999999658e-02
-7.375000000000000000e+01 -4.240837696335078455e+00 2.272499999999999867e-02
-7.375000000000000000e+01 -3.298429319371727786e+00 7.262000000000000226e-03
-7.375000000000000000e+01 -2.356020942408377117e+00 5.409999999999999878e-03
-7.375000000000000000e+01 -1.413612565445026226e+00 4.473699999999999899e-02
-7.375000000000000000e+01 -4.712041884816753901e-01 2.467000000000000009e-03
-7.375000000000000000e+01 4.712041884816753901e-01 2.467000000000000009e-03
-7.375000000000000000e+01 1.413612565445026226e+00 3.635300000000000337e-02
-7.250000000000000000e+01 -1.460732984293194114e+01 5.432000000000000196e-03
-7.250000000000000000e+01 -1.366492146596859136e+01 1.374849999999999961e-01
-7.250000000000000000e+01 -1.272251308900523981e+01 1.635079999999999867e-01
-7.250000000000000000e+01 -1.178010471204188825e+01 4.293199999999999794e-02
-7.250000000000000000e+01 -1.083769633507853669e+01 6.879999999999999831e-03
-7.250000000000000000e+01 -9.895287958115185134e+00 0.000000000000000000e+00
-7.250000000000000000e+01 -8.952879581151833577e+00 9.388999999999999777e-03
-7.250000000000000000e+01 -8.010471204188482020e+00 2.495950000000000113e-01
-7.250000000000000000e+01 -7.068062827225130462e+00 9.574699999999999878e-02
-7.250000000000000000e+01 -6.125654450261779793e+00 9.730000000000000151e-04
-7.250000000000000000e+01 -5.183246073298429124e+00 9.737000000000000863e-03
-7.250000000000000000e+01 -4.240837696335078455e+00 1.123389999999999944e-01
-7.250000000000000000e+01 -3.298429319371727786e+00 2.123999999999999846e-02
-7.250000000000000000e+01 -2.356020942408377117e+00 1.786300000000000041e-02
-7.250000000000000000e+01 -1.413612565445026226e+00 4.604999999999999719e-03
-7.250000000000000000e+01 -4.712041884816753901e-01 6.908000000000000078e-03
-7.250000000000000000e+01 4.712041884816753901e-01 6.908000000000000078e-03
-7.250000000000000000e+01 1.413612565445026226e+00 1.020399999999999953e-02
-7.125000000000000000e+01 -1.460732984293194114e+01 9.079900000000000471e-02
-7.125000000000000000e+01 -1.366492146596859136e+01 2.439500000000000002e-02
-7.125000000000000000e+01 -1.272251308900523981e+01 9.277000000000000524e-02
-7.125000000000000000e+01 -1.178010471204188825e+01 0.000000000000000000e+00
-7.125000000000000000e+01 -1.083769633507853669e+01 0.000000000000000000e+00
-7.125000000000000000e+01 -9.895287958115185134e+00 6.791000000000000161e-03
-7.125000000000000000e+01 -8.952879581151833577e+00 4.347100000000000269e-02
-7.125000000000000000e+01 -8.010471204188482020e+00 2.649869999999999726e-01
-7.125000000000000000e+01 -7.068062827225130462e+00 3.967000000000000040e-03
-7.125000000000000000e+01 -6.125654450261779793e+00 4.655000000000000283e-03
-7.125000000000000000e+01 -5.183246073298429124e+00 2.429999999999999977e-04
-7.125000000000000000e+01 -4.240837696335078455e+00 2.415899999999999992e-02
-7.125000000000000000e+01 -3.298429319371727786e+00 1.589999999999999888e-04
-7.125000000000000000e+01 -2.356020942408377117e+00 2.548399999999999971e-02
-7.125000000000000000e+01 -1.413612565445026226e+00 3.592000000000000141e-03
-7.125000000000000000e+01 -4.712041884816753901e-01 0.000000000000000000e+00
-7.125000000000000000e+01 4.712041884816753901e-01 0.000000000000000000e+00
-7.125000000000000000e+01 1.413612565445026226e+00 5.133000000000000063e-02
-7.000000000000000000e+01 -1.366492146596859136e+01 8.580000000000000820e-03
-7.000000000000000000e+01 -1.272251308900523981e+01 1.466280000000000083e-01
-7.000000000000000000e+01 -1.178010471204188825e+01 3.419999999999999863e-03
-7.000000000000000000e+01 -1.083769633507853669e+01 1.703530000000000044e-01
-7.000000000000000000e+01 -9.895287958115185134e+00 3.200000000000000262e-04
-7.000000000000000000e+01 -8.952879581151833577e+00 8.773100000000000342e-02
-7.000000000000000000e+01 -8.010471204188482020e+00 1.479129999999999889e-01
-7.000000000000000000e+01 -7.068062827225130462e+00 2.868199999999999916e-02
-7.000000000000000000e+01 -6.125654450261779793e+00 1.861000000000000024e-03
-7.000000000000000000e+01 -5.183246073298429124e+00 8.040000000000000271e-04
-7.000000000000000000e+01 -4.240837696335078455e+00 8.965199999999999558e-02
-7.000000000000000000e+01 -3.298429319371727786e+00 2.402899999999999828e-02
-7.000000000000000000e+01 -2.356020942408377117e+00 7.441999999999999831e-03
-7.000000000000000000e+01 -1.413612565445026226e+00 1.835099999999999926e-02
-7.000000000000000000e+01 -4.712041884816753901e-01 1.220300000000000031e-02
-7.000000000000000000e+01 4.712041884816753901e-01 1.220300000000000031e-02
-7.000000000000000000e+01 1.413612565445026226e+00 4.385000000000000009e-03
-6.875000000000000000e+01 -1.554973821989529448e+01 6.769999999999999759e-04
-6.875000000000000000e+01 -1.460732984293194114e+01 2.485700000000000062e-02
-6.875000000000000000e+01 -1.366492146596859136e+01 7.546999999999999889e-03
-6.875000000000000000e+01 -1.272251308900523981e+01 1.162220000000000059e-01
-6.875000000000000000e+01 -1.178010471204188825e+01 2.613539999999999752e-01
-6.875000000000000000e+01 -1.083769633507853669e+01 4.615509999999999891e-01
-6.875000000000000000e+01 -9.895287958115185134e+00 6.015000000000000208e-02
-6.875000000000000000e+01 -8.952879581151833577e+00 2.904939999999999745e-01
-6.875000000000000000e+01 -8.010471204188482020e+00 3.200000000000000262e-04
-6.875000000000000000e+01 -7.068062827225130462e+00 2.047999999999999907e-03
-6.875000000000000000e+01 -6.125654450261779793e+00 1.129999999999999928e-03
-6.875000000000000000e+01 -5.183246073298429124e+00 4.840000000000000010e-04
-6.875000000000000000e+01 -4.240837696335078455e+00 4.423999999999999981e-03
-6.875000000000000000e+01 -3.298429319371727786e+00 7.030999999999999923e-03
-6.875000000000000000e+01 -2.356020942408377117e+00 4.261000000000000031e-03
-6.875000000000000000e+01 -1.413612565445026226e+00 3.305000000000000212e-03
-6.875000000000000000e+01 -4.712041884816753901e-01 1.129100000000000069e-02
-6.875000000000000000e+01 4.712041884816753901e-01 1.129100000000000069e-02
-6.875000000000000000e+01 1.413612565445026226e+00 1.281299999999999974e-02
-6.875000000000000000e+01 2.356020942408377117e+00 6.295000000000000248e-03
-6.750000000000000000e+01 -1.649214659685864603e+01 2.315450000000000008e-01
-6.750000000000000000e+01 -1.554973821989529448e+01 2.315450000000000008e-01
-6.750000000000000000e+01 -1.460732984293194114e+01 8.790000000000000591e-02
-6.750000000000000000e+01 -1.366492146596859136e+01 7.042600000000000249e-02
-6.750000000000000000e+01 -1.272251308900523981e+01 6.546999999999999868e-03
-6.750000000000000000e+01 -1.178010471204188825e+01 1.366200000000000053e-02
-6.750000000000000000e+01 -1.083769633507853669e+01 2.627200000000000091e-01
-6.750000000000000000e+01 -9.895287958115185134e+00 7.273979999999999890e-01
-6.750000000000000000e+01 -8.952879581151833577e+00 1.391169999999999907e-01
-6.750000000000000000e+01 -8.010471204188482020e+00 9.590000000000000000e-04
-6.750000000000000000e+01 -7.068062827225130462e+00 8.919999999999999978e-04
-6.750000000000000000e+01 -6.125654450261779793e+00 5.134999999999999808e-03
-6.750000000000000000e+01 -5.183246073298429124e+00 1.128000000000000096e-03
-6.750000000000000000e+01 -4.240837696335078455e+00 8.059999999999999673e-04
-6.750000000000000000e+01 -3.298429319371727786e+00 1.389100000000000057e-02
-6.750000000000000000e+01 -2.356020942408377117e+00 3.310000000000000225e-04
-6.750000000000000000e+01 -1.413612565445026226e+00 8.000000000000000654e-05
-6.750000000000000000e+01 -4.712041884816753901e-01 8.989999999999999511e-04
-6.750000000000000000e+01 4.712041884816753901e-01 8.989999999999999511e-04
-6.750000000000000000e+01 1.413612565445026226e+00 6.081999999999999733e-03
-6.750000000000000000e+01 2.356020942408377117e+00 7.219999999999999855e-04
-6.625000000000000000e+01 -1.837696335078534560e+01 8.382100000000000661e-02
-6.625000000000000000e+01 -1.743455497382199582e+01 2.009390000000000065e-01
-6.625000000000000000e+01 -1.649214659685864603e+01 3.249999999999999851e-03
-6.625000000000000000e+01 -1.554973821989529448e+01 3.249999999999999851e-03
-6.625000000000000000e+01 -1.460732984293194114e+01 8.193000000000000629e-03
-6.625000000000000000e+01 -1.366492146596859136e+01 1.134000000000000025e-03
-6.625000000000000000e+01 -1.272251308900523981e+01 0.000000000000000000e+00
-6.625000000000000000e+01 -1.178010471204188825e+01 6.708000000000000421e-03
-6.625000000000000000e+01 -1.083769633507853669e+01 9.958300000000000485e-02
-6.625000000000000000e+01 -9.895287958115185134e+00 2.245910000000000128e-01
-6.625000000000000000e+01 -8.952879581151833577e+00 7.100700000000000067e-02
-6.625000000000000000e+01 -8.010471204188482020e+00 2.295000000000000165e-03
-6.625000000000000000e+01 -7.068062827225130462e+00 8.109999999999999805e-04
-6.625000000000000000e+01 -6.125654450261779793e+00 1.610000000000000103e-04
-6.625000000000000000e+01 -5.183246073298429124e+00 3.260000000000000094e-04
-6.625000000000000000e+01 -4.240837696335078455e+00 3.536000000000000081e-03
-6.625000000000000000e+01 -3.298429319371727786e+00 1.376199999999999993e-02
-6.625000000000000000e+01 -2.356020942408377117e+00 6.198000000000000384e-03
-6.625000000000000000e+01 -1.413612565445026226e+00 0.000000000000000000e+00
-6.625000000000000000e+01 -4.712041884816753901e-01 2.425000000000000072e-03
-6.625000000000000000e+01 4.712041884816753901e-01 2.425000000000000072e-03
-6.625000000000000000e+01 1.413612565445026226e+00 7.609000000000000485e-02
-6.625000000000000000e+01 2.356020942408377117e+00 6.740999999999999770e-02
-6.500000000000000000e+01 -1.837696335078534560e+01 2.615699999999999970e-02
-6.500000000000000000e+01 -1.743455497382199582e+01 4.161190000000000166e-01
-6.500000000000000000e+01 -1.649214659685864603e+01 1.265200000000000005e-02
-6.500000000000000000e+01 -1.554973821989529448e+01 1.265200000000000005e-02
-6.500000000000000000e+01 -1.460732984293194114e+01 5.190000000000000169e-03
-6.500000000000000000e+01 -1.366492146596859136e+01 3.310000000000000008e-03
-6.500000000000000000e+01 -1.272251308900523981e+01 1.744000000000000107e-03
-6.500000000000000000e+01 -1.178010471204188825e+01 8.248999999999999388e-03
-6.500000000000000000e+01 -1.083769633507853669e+01 1.811149999999999982e-01
-6.500000000000000000e+01 -9.895287958115185134e+00 4.616149999999999975e-01
-6.500000000000000000e+01 -8.952879581151833577e+00 1.443760000000000043e-01
-6.500000000000000000e+01 -8.010471204188482020e+00 2.837999999999999811e-03
-6.500000000000000000e+01 -7.068062827225130462e+00 4.166999999999999871e-02
-6.500000000000000000e+01 -6.125654450261779793e+00 1.147999999999999932e-03
-6.500000000000000000e+01 -5.183246073298429124e+00 3.268000000000000071e-03
-6.500000000000000000e+01 -4.240837696335078455e+00 7.823000000000000093e-03
-6.500000000000000000e+01 -3.298429319371727786e+00 3.236800000000000094e-02
-6.500000000000000000e+01 -2.356020942408377117e+00 4.329999999999999648e-03
-6.500000000000000000e+01 -1.413612565445026226e+00 1.791999999999999973e-03
-6.500000000000000000e+01 -4.712041884816753901e-01 7.742999999999999883e-03
-6.500000000000000000e+01 4.712041884816753901e-01 7.742999999999999883e-03
-6.500000000000000000e+01 1.413612565445026226e+00 2.658999999999999905e-03
-6.375000000000000000e+01 -2.026178010471204516e+01 0.000000000000000000e+00
-6.375000000000000000e+01 -1.931937172774869538e+01 1.720740000000000047e-01
-6.375000000000000000e+01 -1.837696335078534560e+01 1.409350000000000047e-01
-6.375000000000000000e+01 -1.743455497382199582e+01 5.033029999999999449e-01
-6.375000000000000000e+01 -1.649214659685864603e+01 5.941599999999999659e-02
-6.375000000000000000e+01 -1.554973821989529448e+01 5.941599999999999659e-02
-6.375000000000000000e+01 -1.460732984293194114e+01 2.429999999999999868e-02
-6.375000000000000000e+01 -1.366492146596859136e+01 2.972999999999999948e-03
-6.375000000000000000e+01 -1.272251308900523981e+01 2.843000000000000041e-03
-6.375000000000000000e+01 -1.178010471204188825e+01 4.576370000000000160e-01
-6.375000000000000000e+01 -1.083769633507853669e+01 5.328800000000000203e-02
-6.375000000000000000e+01 -9.895287958115185134e+00 4.459719999999999795e-01
-6.375000000000000000e+01 -8.952879581151833577e+00 7.260950000000000459e-01
-6.375000000000000000e+01 -8.010471204188482020e+00 2.597090000000000232e-01
-6.375000000000000000e+01 -7.068062827225130462e+00 3.532500000000000223e-02
-6.375000000000000000e+01 -6.125654450261779793e+00 4.970999999999999724e-03
-6.375000000000000000e+01 -5.183246073298429124e+00 1.027499999999999941e-02
-6.375000000000000000e+01 -4.240837696335078455e+00 4.645599999999999730e-02
-6.375000000000000000e+01 -3.298429319371727786e+00 1.724000000000000055e-03
-6.375000000000000000e+01 -2.356020942408377117e+00 3.249999999999999851e-04
-6.375000000000000000e+01 -1.413612565445026226e+00 3.240000000000000150e-04
-6.375000000000000000e+01 -4.712041884816753901e-01 1.828999999999999897e-03
-6.375000000000000000e+01 4.712041884816753901e-01 1.828999999999999897e-03
-6.375000000000000000e+01 1.413612565445026226e+00 0.000000000000000000e+00
-6.375000000000000000e+01 3.298429319371727786e+00 1.247299999999999971e-02
-6.250000000000000000e+01 -1.931937172774869538e+01 3.704999999999999960e-01
-6.250000000000000000e+01 -1.837696335078534560e+01 7.064209999999999656e-01
-6.250000000000000000e+01 -1.743455497382199582e+01 7.799789999999999779e-01
-6.250000000000000000e+01 -1.649214659685864603e+01 8.997800000000000242e-02
-6.250000000000000000e+01 -1.554973821989529448e+01 8.997800000000000242e-02
-6.250000000000000000e+01 -1.460732984293194114e+01 7.910999999999999630e-03
-6.250000000000000000e+01 -1.366492146596859136e+01 2.263999999999999953e-03
-6.250000000000000000e+01 -1.272251308900523981e+01 1.001200000000000007e-02
-6.250000000000000000e+01 -1.178010471204188825e+01 5.121989999999999599e-01
-6.250000000000000000e+01 -1.083769633507853669e+01 4.184880000000000266e-01
-6.250000000000000000e+01 -9.895287958115185134e+00 9.501009999999999733e-01
-6.250000000000000000e+01 -8.952879581151833577e+00 4.103570000000000273e-01
-6.250000000000000000e+01 -8.010471204188482020e+00 1.949740000000000084e-01
-6.250000000000000000e+01 -7.068062827225130462e+00 2.866710000000000091e-01
-6.250000000000000000e+01 -6.125654450261779793e+00 3.138200000000000017e-02
-6.250000000000000000e+01 -5.183246073298429124e+00 2.396000000000000126e-03
-6.250000000000000000e+01 -4.240837696335078455e+00 7.148999999999999799e-02
-6.250000000000000000e+01 -3.298429319371727786e+00 9.305000000000000770e-03
-6.250000000000000000e+01 -2.356020942408377117e+00 1.056999999999999997e-03
-6.250000000000000000e+01 -1.413612565445026226e+00 1.660899999999999876e-02
-6.250000000000000000e+01 -4.712041884816753901e-01 6.509999999999999945e-04
-6.250000000000000000e+01 4.712041884816753901e-01 6.509999999999999945e-04
-6.250000000000000000e+01 1.413612565445026226e+00 1.595000000000000064e-03
-6.250000000000000000e+01 2.356020942408377117e+00 8.899999999999999491e-04
-6.250000000000000000e+01 3.298429319371727786e+00 0.000000000000000000e+00
-6.125000000000000000e+01 -1.837696335078534560e+01 1.772430000000000117e-01
-6.125000000000000000e+01 -1.743455497382199582e+01 1.472809999999999953e-01
-6.125000000000000000e+01 -1.649214659685864603e+01 1.918360000000000065e-01
-6.125000000000000000e+01 -1.554973821989529448e+01 1.918360000000000065e-01
-6.125000000000000000e+01 -1.460732984293194114e+01 3.320900000000000241e-02
-6.125000000000000000e+01 -1.366492146596859136e+01 5.240000000000000213e-02
-6.125000000000000000e+01 -1.272251308900523981e+01 6.495429999999999815e-01
-6.125000000000000000e+01 -1.178010471204188825e+01 7.797870000000000079e-01
-6.125000000000000000e+01 -1.083769633507853669e+01 4.598479999999999790e-01
-6.125000000000000000e+01 -9.895287958115185134e+00 3.353229999999999822e-01
-6.125000000000000000e+01 -8.952879581151833577e+00 8.655000000000000193e-02
-6.125000000000000000e+01 -8.010471204188482020e+00 6.223599999999999965e-02
-6.125000000000000000e+01 -7.068062827225130462e+00 1.659400000000000111e-02
-6.125000000000000000e+01 -6.125654450261779793e+00 7.362599999999999700e-02
-6.125000000000000000e+01 -5.183246073298429124e+00 3.084500000000000089e-02
-6.125000000000000000e+01 -4.240837696335078455e+00 1.207130000000000009e-01
-6.125000000000000000e+01 -3.298429319371727786e+00 2.094239999999999990e-01
-6.125000000000000000e+01 -2.356020942408377117e+00 2.866000000000000058e-03
-6.125000000000000000e+01 -1.413612565445026226e+00 8.323999999999999802e-03
-6.125000000000000000e+01 -4.712041884816753901e-01 1.129119999999999985e-01
-6.125000000000000000e+01 4.712041884816753901e-01 1.129119999999999985e-01
-6.125000000000000000e+01 1.413612565445026226e+00 1.337849999999999873e-01
-6.125000000000000000e+01 2.356020942408377117e+00 5.593409999999999771e-01
-6.125000000000000000e+01 3.298429319371727786e+00 2.298540000000000028e-01
-6.125000000000000000e+01 4.240837696335078455e+00 4.505499999999999783e-02
-6.000000000000000000e+01 -1.554973821989529448e+01 1.134669999999999984e-01
-6.000000000000000000e+01 -1.460732984293194114e+01 3.994449999999999945e-01
-6.000000000000000000e+01 -1.366492146596859136e+01 4.777420000000000000e-01
-6.000000000000000000e+01 -1.272251308900523981e+01 4.016979999999999995e-01
-6.000000000000000000e+01 -1.178010471204188825e+01 1.342210000000000070e-01
-6.000000000000000000e+01 -1.083769633507853669e+01 1.836300000000000085e-02
-6.000000000000000000e+01 -9.895287958115185134e+00 2.028580000000000105e-01
-6.000000000000000000e+01 -8.952879581151833577e+00 5.728400000000000158e-02
-6.000000000000000000e+01 -8.010471204188482020e+00 3.260000000000000094e-04
-6.000000000000000000e+01 -7.068062827225130462e+00 1.999350000000000016e-01
-6.000000000000000000e+01 -6.125654450261779793e+00 3.321500000000000147e-02
-6.000000000000000000e+01 -5.183246073298429124e+00 6.095500000000000224e-02
-6.000000000000000000e+01 -4.240837696335078455e+00 3.072750000000000203e-01
-6.000000000000000000e+01 -3.298429319371727786e+00 6.741610000000000102e-01
-6.000000000000000000e+01 -2.356020942408377117e+00 5.512479999999999603e-01
-6.000000000000000000e+01 -1.413612565445026226e+00 1.238950000000000051e-01
-6.000000000000000000e+01 -4.712041884816753901e-01 3.427999999999999797e-02
-6.000000000000000000e+01 4.712041884816753901e-01 3.427999999999999797e-02
-6.000000000000000000e+01 1.413612565445026226e+00 5.531709999999999683e-01
-6.000000000000000000e+01 2.356020942408377117e+00 1.460089999999999999e-01
-6.000000000000000000e+01 3.298429319371727786e+00 1.023189999999999933e-01
-6.000000000000000000e+01 4.240837696335078455e+00 1.223899999999999988e-02
-6.000000000000000000e+01 5.183246073298429124e+00 1.274999999999999918e-02
-5.875000000000000000e+01 -1.366492146596859136e+01 3.834900000000000114e-02
-5.875000000000000000e+01 -1.272251308900523981e+01 2.096999999999999906e-03
-5.875000000000000000e+01 -1.178010471204188825e+01 2.033000000000000085e-01
-5.875000000000000000e+01 -1.083769633507853669e+01 6.005300000000000082e-01
-5.875000000000000000e+01 -9.895287958115185134e+00 5.397929999999999673e-01
-5.875000000000000000e+01 -8.952879581151833577e+00 1.057690000000000019e-01
-5.875000000000000000e+01 -8.010471204188482020e+00 2.400000000000000061e-04
-5.875000000000000000e+01 -7.068062827225130462e+00 4.459199999999999969e-02
-5.875000000000000000e+01 -6.125654450261779793e+00 7.259999999999999743e-04
-5.875000000000000000e+01 -5.183246073298429124e+00 1.721000000000000090e-03
-5.875000000000000000e+01 -4.240837696335078455e+00 1.899419999999999997e-01
-5.875000000000000000e+01 -3.298429319371727786e+00 6.029349999999999987e-01
-5.875000000000000000e+01 -2.356020942408377117e+00 6.310599999999999543e-02
-5.875000000000000000e+01 -1.413612565445026226e+00 4.079999999999999968e-04
-5.875000000000000000e+01 -4.712041884816753901e-01 0.000000000000000000e+00
-5.875000000000000000e+01 4.712041884816753901e-01 0.000000000000000000e+00
-5.750000000000000000e+01 -1.366492146596859136e+01 5.404300000000000076e-02
-5.750000000000000000e+01 -1.272251308900523981e+01 6.567299999999999527e-02
-5.750000000000000000e+01 -1.178010471204188825e+01 5.182039999999999980e-01
-5.750000000000000000e+01 -1.083769633507853669e+01 4.587589999999999724e-01
-5.750000000000000000e+01 -9.895287958115185134e+00 4.670590000000000019e-01
-5.750000000000000000e+01 -8.952879581151833577e+00 7.017099999999999727e-02
-5.750000000000000000e+01 -8.010471204188482020e+00 2.442199999999999926e-02
-5.750000000000000000e+01 -7.068062827225130462e+00 3.890999999999999927e-03
-5.750000000000000000e+01 -6.125654450261779793e+00 5.603999999999999954e-02
-5.750000000000000000e+01 -5.183246073298429124e+00 1.631999999999999987e-03
-5.750000000000000000e+01 -4.240837696335078455e+00 5.708099999999999979e-02
-5.750000000000000000e+01 -3.298429319371727786e+00 3.582540000000000169e-01
-5.750000000000000000e+01 -2.356020942408377117e+00 4.952199999999999658e-02
-5.750000000000000000e+01 -1.413612565445026226e+00 9.523000000000000215e-03
-5.750000000000000000e+01 -4.712041884816753901e-01 0.000000000000000000e+00
-5.750000000000000000e+01 4.712041884816753901e-01 0.000000000000000000e+00
-5.750000000000000000e+01 1.413612565445026226e+00 5.860999999999999890e-03
-5.625000000000000000e+01 -1.366492146596859136e+01 3.425540000000000251e-01
-5.625000000000000000e+01 -1.272251308900523981e+01 3.337370000000000059e-01
-5.625000000000000000e+01 -1.178010471204188825e+01 7.366890000000000382e-01
-5.625000000000000000e+01 -1.083769633507853669e+01 5.314370000000000482e-01
-5.625000000000000000e+01 -9.895287958115185134e+00 9.340880000000000294e-01
-5.625000000000000000e+01 -8.952879581151833577e+00 8.806799999999999351e-02
-5.625000000000000000e+01 -8.010471204188482020e+00 2.152400000000000146e-02
-5.625000000000000000e+01 -7.068062827225130462e+00 1.201279999999999987e-01
-5.625000000000000000e+01 -6.125654450261779793e+00 1.431109999999999882e-01
-5.625000000000000000e+01 -5.183246073298429124e+00 2.793769999999999865e-01
-5.625000000000000000e+01 -4.240837696335078455e+00 4.119959999999999734e-01
-5.625000000000000000e+01 -3.298429319371727786e+00 5.463900000000000007e-02
-5.625000000000000000e+01 -2.356020942408377117e+00 3.748290000000000233e-01
-5.625000000000000000e+01 -1.413612565445026226e+00 3.180199999999999694e-02
-5.625000000000000000e+01 -4.712041884816753901e-01 8.000000000000000654e-05
-5.625000000000000000e+01 4.712041884816753901e-01 8.000000000000000654e-05
-5.625000000000000000e+01 1.413612565445026226e+00 0.000000000000000000e+00
-5.500000000000000000e+01 -1.460732984293194114e+01 1.822310000000000041e-01
-5.500000000000000000e+01 -1.366492146596859136e+01 4.857700000000000212e-02
-5.500000000000000000e+01 -1.272251308900523981e+01 4.973520000000000163e-01
-5.500000000000000000e+01 -1.178010471204188825e+01 7.551020000000000509e-01
-5.500000000000000000e+01 -1.083769633507853669e+01 8.476789999999999603e-01
-5.500000000000000000e+01 -9.895287958115185134e+00 8.419499999999999762e-01
-5.500000000000000000e+01 -8.952879581151833577e+00 1.775970000000000049e-01
-5.500000000000000000e+01 -8.010471204188482020e+00 3.116160000000000041e-01
-5.500000000000000000e+01 -7.068062827225130462e+00 2.409749999999999948e-01
-5.500000000000000000e+01 -6.125654450261779793e+00 2.902300000000000019e-02
-5.500000000000000000e+01 -5.183246073298429124e+00 6.407000000000000368e-03
-5.500000000000000000e+01 -4.240837696335078455e+00 3.977789999999999937e-01
-5.500000000000000000e+01 -3.298429319371727786e+00 5.530610000000000248e-01
-5.500000000000000000e+01 -2.356020942408377117e+00 5.967449999999999699e-01
-5.500000000000000000e+01 -1.413612565445026226e+00 2.134700000000000139e-02
-5.500000000000000000e+01 -4.712041884816753901e-01 2.420000000000000005e-04
-5.500000000000000000e+01 4.712041884816753901e-01 2.420000000000000005e-04
-5.500000000000000000e+01 1.413612565445026226e+00 2.420000000000000005e-04
-5.500000000000000000e+01 2.356020942408377117e+00 5.760000000000000146e-04
-5.375000000000000000e+01 -1.460732984293194114e+01 4.079999999999999968e-04
-5.375000000000000000e+01 -1.366492146596859136e+01 4.481099999999999667e-02
-5.375000000000000000e+01 -1.272251308900523981e+01 3.142119999999999913e-01
-5.375000000000000000e+01 -1.178010471204188825e+01 2.221499999999999864e-01
-5.375000000000000000e+01 -1.083769633507853669e+01 4.217949999999999755e-01
-5.375000000000000000e+01 -9.895287958115185134e+00 4.286989999999999967e-01
-5.375000000000000000e+01 -8.952879581151833577e+00 1.973899999999999960e-02
-5.375000000000000000e+01 -8.010471204188482020e+00 8.000000000000000654e-05
-5.375000000000000000e+01 -7.068062827225130462e+00 3.393000000000000183e-03
-5.375000000000000000e+01 -6.125654450261779793e+00 4.166299999999999865e-02
-5.375000000000000000e+01 -5.183246073298429124e+00 2.207999999999999893e-02
-5.375000000000000000e+01 -4.240837696335078455e+00 4.073080000000000034e-01
-5.375000000000000000e+01 -3.298429319371727786e+00 4.369990000000000263e-01
-5.375000000000000000e+01 -2.356020942408377117e+00 4.927050000000000041e-01
-5.375000000000000000e+01 -1.413612565445026226e+00 1.036239999999999939e-01
-5.375000000000000000e+01 -4.712041884816753901e-01 1.296000000000000060e-03
-5.375000000000000000e+01 4.712041884816753901e-01 1.296000000000000060e-03
-5.375000000000000000e+01 1.413612565445026226e+00 6.965399999999999370e-02
-5.375000000000000000e+01 2.356020942408377117e+00 1.054000000000000032e-03
-5.250000000000000000e+01 -1.366492146596859136e+01 1.296800000000000036e-02
-5.250000000000000000e+01 -1.272251308900523981e+01 2.788530000000000175e-01
-5.250000000000000000e+01 -1.178010471204188825e+01 1.312500000000000056e-01
-5.250000000000000000e+01 -1.083769633507853669e+01 3.069850000000000079e-01
-5.250000000000000000e+01 -9.895287958115185134e+00 1.274659999999999960e-01
-5.250000000000000000e+01 -8.952879581151833577e+00 5.699999999999999772e-04
-5.250000000000000000e+01 -8.010471204188482020e+00 5.473999999999999699e-03
-5.250000000000000000e+01 -7.068062827225130462e+00 2.193289999999999962e-01
-5.250000000000000000e+01 -6.125654450261779793e+00 3.010499999999999843e-01
-5.250000000000000000e+01 -5.183246073298429124e+00 5.931999999999999773e-03
-5.250000000000000000e+01 -4.240837696335078455e+00 1.437650000000000039e-01
-5.250000000000000000e+01 -3.298429319371727786e+00 3.604109999999999814e-01
-5.250000000000000000e+01 -2.356020942408377117e+00 6.176800000000000346e-02
-5.250000000000000000e+01 -1.413612565445026226e+00 4.948110000000000008e-01
-5.250000000000000000e+01 -4.712041884816753901e-01 5.403199999999999670e-02
-5.250000000000000000e+01 4.712041884816753901e-01 5.403199999999999670e-02
-5.125000000000000000e+01 -8.952879581151833577e+00 6.818689999999999474e-01
-5.125000000000000000e+01 -8.010471204188482020e+00 4.640630000000000033e-01
-5.125000000000000000e+01 -7.068062827225130462e+00 5.972849999999999548e-01
-5.125000000000000000e+01 -5.183246073298429124e+00 3.119419999999999971e-01
-5.125000000000000000e+01 -4.240837696335078455e+00 5.035690000000000444e-01
-5.125000000000000000e+01 -3.298429319371727786e+00 5.957529999999999770e-01
-5.125000000000000000e+01 -2.356020942408377117e+00 2.994290000000000007e-01
-5.000000000000000000e+01 -3.298429319371727786e+00 6.845069999999999766e-01
