-7.875000000000000000e+01 -6.125654450261779793e+00 5.141259999999999719e-01
-7.875000000000000000e+01 -5.183246073298429124e+00 3.408249999999999891e-01
-7.875000000000000000e+01 -4.240837696335078455e+00 4.651710000000000012e-01
-7.875000000000000000e+01 -3.298429319371727786e+00 5.740809999999999524e-01
-7.875000000000000000e+01 -2.356020942408377117e+00 0.000000000000000000e+00
-7.875000000000000000e+01 -1.413612565445026226e+00 0.000000000000000000e+00
-7.750000000000000000e+01 -8.952879581151833577e+00 1.886589999999999934e-01
-7.750000000000000000e+01 -8.010471204188482020e+00 1.435049999999999937e-01
-7.750000000000000000e+01 -7.068062827225130462e+00 2.887310000000000154e-01
-7.750000000000000000e+01 -6.125654450261779793e+00 5.941689999999999472e-01
-7.750000000000000000e+01 -5.183246073298429124e+00 2.411889999999999867e-01
-7.750000000000000000e+01 -4.240837696335078455e+00 6.494800000000000573e-02
-7.750000000000000000e+01 -3.298429319371727786e+00 5.711420000000000385e-01
-7.750000000000000000e+01 -2.356020942408377117e+00 3.792209999999999748e-01
-7.750000000000000000e+01 -1.413612565445026226e+00 4.657899999999999818e-01
-7.750000000000000000e+01 -4.712041884816753901e-01 2.727720000000000145e-01
-7.750000000000000000e+01 4.712041884816753901e-01 2.727720000000000145e-01
-7.625000000000000000e+01 -1.083769633507853669e+01 8.106499999999999817e-02
-7.625000000000000000e+01 -9.895287958115185134e+00 1.697110000000000007e-01
-7.625000000000000000e+01 -8.952879581151833577e+00 5.512080000000000313e-01
-7.625000000000000000e+01 -8.010471204188482020e+00 2.703050000000000175e-01
-7.625000000000000000e+01 -7.068062827225130462e+00 3.222320000000000184e-01
-7.625000000000000000e+01 -6.125654450261779793e+00 6.115580000000000460e-01
-7.625000000000000000e+01 -5.183246073298429124e+00 5.091999999999999998e-02
-7.625000000000000000e+01 -4.240837696335078455e+00 1.472000000000000001e-03
-7.625000000000000000e+01 -3.298429319371727786e+00 3.983000000000000429e-03
-7.625000000000000000e+01 -2.356020942408377117e+00 3.788000000000000134e-03
-7.625000000000000000e+01 -1.413612565445026226e+00 1.770400000000000099e-02
-7.625000000000000000e+01 -4.712041884816753901e-01 3.548229999999999995e-01
-7.625000000000000000e+01 4.712041884816753901e-01 3.548229999999999995e-01
-7.625000000000000000e+01 1.413612565445026226e+00 9.236290000000000333e-01
-7.500000000000000000e+01 -1.366492146596859136e+01 7.814200000000000312e-02
-7.500000000000000000e+01 -1.272251308900523981e+01 1.417779999999999874e-01
-7.500000000000000000e+01 -1.178010471204188825e+01 1.239180000000000004e-01
-7.500000000000000000e+01 -1.083769633507853669e+01 4.549119999999999830e-01
-7.500000000000000000e+01 -9.895287958115185134e+00 3.020459999999999812e-01
-7.500000000000000000e+01 -8.952879581151833577e+00 6.167789999999999662e-01
-7.500000000000000000e+01 -8.010471204188482020e+00 2.969140000000000112e-01
-7.500000000000000000e+01 -7.068062827225130462e+00 5.665099999999999997e-02
-7.500000000000000000e+01 -6.125654450261779793e+00 6.187600000000000044e-02
-7.500000000000000000e+01 -5.183246073298429124e+00 4.566900000000000126e-02
-7.500000000000000000e+01 -4.240837696335078455e+00 2.003299999999999872e-02
-7.500000000000000000e+01 -3.298429319371727786e+00 2.305999999999999890e-03
-7.500000000000000000e+01 -2.356020942408377117e+00 6.376999999999999856e-03
-7.500000000000000000e+01 -1.413612565445026226e+00 5.597000000000000412e-03
-7.500000000000000000e+01 -4.712041884816753901e-01 1.059139999999999943e-01
-7.500000000000000000e+01 4.712041884816753901e-01 1.059139999999999943e-01
-7.500000000000000000e+01 1.413612565445026226e+00 7.641419999999999879e-01
-7.500000000000000000e+01 2.356020942408377117e+00 9.462089999999999668e-01
-7.375000000000000000e+01 -1.460732984293194114e+01 0.000000000000000000e+00
-7.375000000000000000e+01 -1.366492146596859136e+01 1.302490000000000037e-01
-7.375000000000000000e+01 -1.272251308900523981e+01 8.812000000000000388e-02
-7.375000000000000000e+01 -1.178010471204188825e+01 1.086529999999999996e-01
-7.375000000000000000e+01 -1.083769633507853669e+01 1.266430000000000056e-01
-7.375000000000000000e+01 -9.895287958115185134e+00 6.000699999999999784e-02
-7.375000000000000000e+01 -8.952879581151833577e+00 1.276990000000000069e-01
-7.375000000000000000e+01 -8.010471204188482020e+00 3.050220000000000153e-01
-7.375000000000000000e+01 -7.068062827225130462e+00 2.257699999999999985e-01
-7.375000000000000000e+01 -6.125654450261779793e+00 2.464699999999999877e-02
-7.375000000000000000e+01 -5.183246073298429124e+00 7.177999999999999658e-02
-7.375000000000000000e+01 -4.240837696335078455e+00 2.272499999999999867e-02
-7.375000000000000000e+01 -3.298429319371727786e+00 7.262000000000000226e-03
-7.375000000000000000e+01 -2.356020942408377117e+00 5.409999999999999878e-03
-7.375000000000000000e+01 -1.413612565445026226e+00 1.415720000000000034e-01
-7.375000000000000000e+01 -4.712041884816753901e-01 8.881999999999999271e-03
-7.375000000000000000e+01 4.712041884816753901e-01 8.881999999999999271e-03
-7.375000000000000000e+01 1.413612565445026226e+00 9.696899999999999964e-02
-7.250000000000000000e+01 -1.460732984293194114e+01 5.432000000000000196e-03
-7.250000000000000000e+01 -1.366492146596859136e+01 1.374849999999999961e-01
-7.250000000000000000e+01 -1.272251308900523981e+01 1.961110000000000075e-01
-7.250000000000000000e+01 -1.178010471204188825e+01 4.391099999999999864e-02
-7.250000000000000000e+01 -1.083769633507853669e+01 6.962000000000000306e-03
-7.250000000000000000e+01 -9.895287958115185134e+00 0.000000000000000000e+00
-7.250000000000000000e+01 -8.952879581151833577e+00 1.151110000000000050e-01
-7.250000000000000000e+01 -8.010471204188482020e+00 6.907809999999999784e-01
-7.250000000000000000e+01 -7.068062827225130462e+00 5.501819999999999489e-01
-7.250000000000000000e+01 -6.125654450261779793e+00 9.730000000000000151e-04
-7.250000000000000000e+01 -5.183246073298429124e+00 1.030999999999999972e-02
-7.250000000000000000e+01 -4.240837696335078455e+00 1.123389999999999944e-01
-7.250000000000000000e+01 -3.298429319371727786e+00 2.123999999999999846e-02
-7.250000000000000000e+01 -2.356020942408377117e+00 6.830999999999999572e-02
-7.250000000000000000e+01 -1.413612565445026226e+00 1.751499999999999932e-02
-7.250000000000000000e+01 -4.712041884816753901e-01 6.908000000000000078e-03
-7.250000000000000000e+01 4.712041884816753901e-01 6.908000000000000078e-03
-7.250000000000000000e+01 1.413612565445026226e+00 2.812100000000000016e-02
-7.125000000000000000e+01 -1.460732984293194114e+01 9.079900000000000471e-02
-7.125000000000000000e+01 -1.366492146596859136e+01 2.551600000000000049e-02
-7.125000000000000000e+01 -1.272251308900523981e+01 3.474169999999999758e-01
-7.125000000000000000e+01 -1.178010471204188825e+01 2.920899999999999885e-02
-7.125000000000000000e+01 -1.083769633507853669e+01 2.238599999999999965e-02
-7.125000000000000000e+01 -9.895287958115185134e+00 2.953700000000000075e-02
-7.125000000000000000e+01 -8.952879581151833577e+00 3.225469999999999726e-01
-7.125000000000000000e+01 -8.010471204188482020e+00 8.658320000000000460e-01
-7.125000000000000000e+01 -7.068062827225130462e+00 4.039019999999999833e-01
-7.125000000000000000e+01 -6.125654450261779793e+00 6.179300000000000070e-02
-7.125000000000000000e+01 -5.183246073298429124e+00 2.429999999999999977e-04
-7.125000000000000000e+01 -4.240837696335078455e+00 4.009499999999999870e-02
-7.125000000000000000e+01 -3.298429319371727786e+00 1.589999999999999888e-04
-7.125000000000000000e+01 -2.356020942408377117e+00 5.733900000000000108e-02
-7.125000000000000000e+01 -1.413612565445026226e+00 3.592000000000000141e-03
-7.125000000000000000e+01 -4.712041884816753901e-01 0.000000000000000000e+00
-7.125000000000000000e+01 4.712041884816753901e-01 0.000000000000000000e+00
-7.125000000000000000e+01 1.413612565445026226e+00 1.238780000000000020e-01
-7.000000000000000000e+01 -1.366492146596859136e+01 1.445500000000000083e-02
-7.000000000000000000e+01 -1.272251308900523981e+01 4.904899999999999816e-01
-7.000000000000000000e+01 -1.178010471204188825e+01 3.371060000000000167e-01
-7.000000000000000000e+01 -1.083769633507853669e+01 5.561989999999999990e-01
-7.000000000000000000e+01 -9.895287958115185134e+00 2.451149999999999995e-01
-7.000000000000000000e+01 -8.952879581151833577e+00 5.998050000000000326e-01
-7.000000000000000000e+01 -8.010471204188482020e+00 6.984669999999999490e-01
-7.000000000000000000e+01 -7.068062827225130462e+00 4.363310000000000244e-01
-7.000000000000000000e+01 -6.125654450261779793e+00 5.583000000000000289e-03
-7.000000000000000000e+01 -5.183246073298429124e+00 6.591999999999999769e-03
-7.000000000000000000e+01 -4.240837696335078455e+00 1.890429999999999888e-01
-7.000000000000000000e+01 -3.298429319371727786e+00 6.080900000000000194e-02
-7.000000000000000000e+01 -2.356020942408377117e+00 2.760900000000000160e-02
-7.000000000000000000e+01 -1.413612565445026226e+00 3.636999999999999955e-02
-7.000000000000000000e+01 -4.712041884816753901e-01 1.220300000000000031e-02
-7.000000000000000000e+01 4.712041884816753901e-01 1.220300000000000031e-02
-7.000000000000000000e+01 1.413612565445026226e+00 8.283000000000000432e-03
-6.875000000000000000e+01 -1.554973821989529448e+01 1.353999999999999952e-03
-6.875000000000000000e+01 -1.460732984293194114e+01 5.710599999999999704e-02
-6.875000000000000000e+01 -1.366492146596859136e+01 2.791799999999999837e-02
-6.875000000000000000e+01 -1.272251308900523981e+01 2.134699999999999931e-01
-6.875000000000000000e+01 -1.178010471204188825e+01 6.103929999999999634e-01
-6.875000000000000000e+01 -1.083769633507853669e+01 8.469419999999999726e-01
-6.875000000000000000e+01 -9.895287958115185134e+00 5.093379999999999574e-01
-6.875000000000000000e+01 -8.952879581151833577e+00 9.400359999999999827e-01
-6.875000000000000000e+01 -8.010471204188482020e+00 2.477779999999999982e-01
-6.875000000000000000e+01 -7.068062827225130462e+00 9.421000000000000554e-03
-6.875000000000000000e+01 -6.125654450261779793e+00 3.389000000000000085e-03
-6.875000000000000000e+01 -5.183246073298429124e+00 8.059999999999999673e-04
-6.875000000000000000e+01 -4.240837696335078455e+00 6.928000000000000130e-03
-6.875000000000000000e+01 -3.298429319371727786e+00 1.800699999999999870e-02
-6.875000000000000000e+01 -2.356020942408377117e+00 5.326000000000000005e-03
-6.875000000000000000e+01 -1.413612565445026226e+00 1.305800000000000016e-02
-6.875000000000000000e+01 -4.712041884816753901e-01 1.129100000000000069e-02
-6.875000000000000000e+01 4.712041884816753901e-01 1.129100000000000069e-02
-6.875000000000000000e+01 1.413612565445026226e+00 1.607799999999999854e-02
-6.875000000000000000e+01 2.356020942408377117e+00 5.935300000000000298e-02
-6.750000000000000000e+01 -1.649214659685864603e+01 5.006850000000000467e-01
-6.750000000000000000e+01 -1.554973821989529448e+01 5.006850000000000467e-01
-6.750000000000000000e+01 -1.460732984293194114e+01 2.575930000000000164e-01
-6.750000000000000000e+01 -1.366492146596859136e+01 2.055980000000000030e-01
-6.750000000000000000e+01 -1.272251308900523981e+01 5.334599999999999759e-02
-6.750000000000000000e+01 -1.178010471204188825e+01 1.088839999999999947e-01
-6.750000000000000000e+01 -1.083769633507853669e+01 5.987700000000000244e-01
-6.750000000000000000e+01 -9.895287958115185134e+00 9.578430000000000000e-01
-6.750000000000000000e+01 -8.952879581151833577e+00 6.566389999999999727e-01
-6.750000000000000000e+01 -8.010471204188482020e+00 6.088699999999999668e-02
-6.750000000000000000e+01 -7.068062827225130462e+00 1.722210000000000130e-01
-6.750000000000000000e+01 -6.125654450261779793e+00 2.282199999999999854e-02
-6.750000000000000000e+01 -5.183246073298429124e+00 1.128000000000000096e-03
-6.750000000000000000e+01 -4.240837696335078455e+00 1.048000000000000103e-03
-6.750000000000000000e+01 -3.298429319371727786e+00 4.488600000000000229e-02
-6.750000000000000000e+01 -2.356020942408377117e+00 6.620000000000000450e-04
-6.750000000000000000e+01 -1.413612565445026226e+00 8.000000000000000654e-05
-6.750000000000000000e+01 -4.712041884816753901e-01 8.989999999999999511e-04
-6.750000000000000000e+01 4.712041884816753901e-01 8.989999999999999511e-04
-6.750000000000000000e+01 1.413612565445026226e+00 9.836200000000000498e-02
-6.750000000000000000e+01 2.356020942408377117e+00 2.701319999999999832e-01
-6.625000000000000000e+01 -1.837696335078534560e+01 8.390400000000000635e-02
-6.625000000000000000e+01 -1.743455497382199582e+01 4.231699999999999906e-01
-6.625000000000000000e+01 -1.649214659685864603e+01 7.571700000000000652e-02
-6.625000000000000000e+01 -1.554973821989529448e+01 7.571700000000000652e-02
-6.625000000000000000e+01 -1.460732984293194114e+01 3.885799999999999671e-02
-6.625000000000000000e+01 -1.366492146596859136e+01 1.134000000000000025e-03
-6.625000000000000000e+01 -1.272251308900523981e+01 0.000000000000000000e+00
-6.625000000000000000e+01 -1.178010471204188825e+01 1.915499999999999842e-02
-6.625000000000000000e+01 -1.083769633507853669e+01 2.269130000000000036e-01
-6.625000000000000000e+01 -9.895287958115185134e+00 3.744529999999999803e-01
-6.625000000000000000e+01 -8.952879581151833577e+00 4.902549999999999963e-01
-6.625000000000000000e+01 -8.010471204188482020e+00 1.730859999999999899e-01
-6.625000000000000000e+01 -7.068062827225130462e+00 1.016800000000000065e-01
-6.625000000000000000e+01 -6.125654450261779793e+00 1.610000000000000103e-04
-6.625000000000000000e+01 -5.183246073298429124e+00 3.260000000000000094e-04
-6.625000000000000000e+01 -4.240837696335078455e+00 7.231999999999999713e-03
-6.625000000000000000e+01 -3.298429319371727786e+00 4.128699999999999731e-02
-6.625000000000000000e+01 -2.356020942408377117e+00 1.420300000000000035e-02
-6.625000000000000000e+01 -1.413612565445026226e+00 0.000000000000000000e+00
-6.625000000000000000e+01 -4.712041884816753901e-01 7.501299999999999635e-02
-6.625000000000000000e+01 4.712041884816753901e-01 7.501299999999999635e-02
-6.625000000000000000e+01 1.413612565445026226e+00 9.088699999999999557e-02
-6.625000000000000000e+01 2.356020942408377117e+00 1.106410000000000032e-01
-6.500000000000000000e+01 -1.837696335078534560e+01 4.017300000000000038e-02
-6.500000000000000000e+01 -1.743455497382199582e+01 6.534140000000000503e-01
-6.500000000000000000e+01 -1.649214659685864603e+01 1.057450000000000057e-01
-6.500000000000000000e+01 -1.554973821989529448e+01 1.057450000000000057e-01
-6.500000000000000000e+01 -1.460732984293194114e+01 1.782900000000000110e-02
-6.500000000000000000e+01 -1.366492146596859136e+01 9.081000000000000530e-03
-6.500000000000000000e+01 -1.272251308900523981e+01 2.658000000000000206e-03
-6.500000000000000000e+01 -1.178010471204188825e+01 1.547139999999999904e-01
-6.500000000000000000e+01 -1.083769633507853669e+01 4.974210000000000020e-01
-6.500000000000000000e+01 -9.895287958115185134e+00 8.488609999999999767e-01
-6.500000000000000000e+01 -8.952879581151833577e+00 6.597650000000000459e-01
-6.500000000000000000e+01 -8.010471204188482020e+00 3.204670000000000019e-01
-6.500000000000000000e+01 -7.068062827225130462e+00 4.052910000000000124e-01
-6.500000000000000000e+01 -6.125654450261779793e+00 3.107100000000000140e-02
-6.500000000000000000e+01 -5.183246073298429124e+00 3.742139999999999911e-01
-6.500000000000000000e+01 -4.240837696335078455e+00 3.885049999999999892e-01
-6.500000000000000000e+01 -3.298429319371727786e+00 2.575620000000000132e-01
-6.500000000000000000e+01 -2.356020942408377117e+00 5.263999999999999582e-03
-6.500000000000000000e+01 -1.413612565445026226e+00 1.791999999999999973e-03
-6.500000000000000000e+01 -4.712041884816753901e-01 1.948400000000000132e-02
-6.500000000000000000e+01 4.712041884816753901e-01 1.948400000000000132e-02
-6.500000000000000000e+01 1.413612565445026226e+00 2.658999999999999905e-03
-6.375000000000000000e+01 -2.026178010471204516e+01 8.333329999999999904e-01
-6.375000000000000000e+01 -1.931937172774869538e+01 4.249189999999999912e-01
-6.375000000000000000e+01 -1.837696335078534560e+01 2.940059999999999896e-01
-6.375000000000000000e+01 -1.743455497382199582e+01 7.910819999999999519e-01
-6.375000000000000000e+01 -1.649214659685864603e+01 1.051529999999999965e-01
-6.375000000000000000e+01 -1.554973821989529448e+01 1.051529999999999965e-01
-6.375000000000000000e+01 -1.460732984293194114e+01 7.915999999999999426e-02
-6.375000000000000000e+01 -1.366492146596859136e+01 3.468999999999999861e-03
-6.375000000000000000e+01 -1.272251308900523981e+01 8.862000000000000086e-03
-6.375000000000000000e+01 -1.178010471204188825e+01 6.805970000000000075e-01
-6.375000000000000000e+01 -1.083769633507853669e+01 2.694360000000000088e-01
-6.375000000000000000e+01 -9.895287958115185134e+00 8.550630000000000175e-01
-6.375000000000000000e+01 -8.952879581151833577e+00 9.557200000000000140e-01
-6.375000000000000000e+01 -8.010471204188482020e+00 7.923149999999999915e-01
-6.375000000000000000e+01 -7.068062827225130462e+00 6.500690000000000079e-01
-6.375000000000000000e+01 -6.125654450261779793e+00 1.313890000000000058e-01
-6.375000000000000000e+01 -5.183246073298429124e+00 1.106580000000000064e-01
-6.375000000000000000e+01 -4.240837696335078455e+00 5.942739999999999689e-01
-6.375000000000000000e+01 -3.298429319371727786e+00 1.190699999999999918e-02
-6.375000000000000000e+01 -2.356020942408377117e+00 6.489999999999999459e-04
-6.375000000000000000e+01 -1.413612565445026226e+00 1.505599999999999994e-02
-6.375000000000000000e+01 -4.712041884816753901e-01 9.579000000000000709e-03
-6.375000000000000000e+01 4.712041884816753901e-01 9.579000000000000709e-03
-6.375000000000000000e+01 1.413612565445026226e+00 1.797670000000000101e-01
-6.375000000000000000e+01 3.298429319371727786e+00 5.045800000000000285e-02
-6.250000000000000000e+01 -1.931937172774869538e+01 4.103289999999999993e-01
-6.250000000000000000e+01 -1.837696335078534560e+01 7.302729999999999499e-01
-6.250000000000000000e+01 -1.743455497382199582e+01 8.623420000000000529e-01
-6.250000000000000000e+01 -1.649214659685864603e+01 3.380319999999999991e-01
-6.250000000000000000e+01 -1.554973821989529448e+01 3.380319999999999991e-01
-6.250000000000000000e+01 -1.460732984293194114e+01 3.220900000000000152e-02
-6.250000000000000000e+01 -1.366492146596859136e+01 1.180800000000000079e-02
-6.250000000000000000e+01 -1.272251308900523981e+01 3.243700000000000055e-02
-6.250000000000000000e+01 -1.178010471204188825e+01 6.033500000000000529e-01
-6.250000000000000000e+01 -1.083769633507853669e+01 4.755179999999999962e-01
-6.250000000000000000e+01 -9.895287958115185134e+00 9.878890000000000171e-01
-6.250000000000000000e+01 -8.952879581151833577e+00 8.387850000000000028e-01
-6.250000000000000000e+01 -8.010471204188482020e+00 7.511029999999999651e-01
-6.250000000000000000e+01 -7.068062827225130462e+00 8.912679999999999492e-01
-6.250000000000000000e+01 -6.125654450261779793e+00 6.393060000000000409e-01
-6.250000000000000000e+01 -5.183246073298429124e+00 8.353299999999999614e-02
-6.250000000000000000e+01 -4.240837696335078455e+00 6.028019999999999490e-01
-6.250000000000000000e+01 -3.298429319371727786e+00 8.232000000000000428e-02
-6.250000000000000000e+01 -2.356020942408377117e+00 8.519599999999999396e-02
-6.250000000000000000e+01 -1.413612565445026226e+00 4.383739999999999859e-01
-6.250000000000000000e+01 -4.712041884816753901e-01 7.057399999999999785e-02
-6.250000000000000000e+01 4.712041884816753901e-01 7.057399999999999785e-02
-6.250000000000000000e+01 1.413612565445026226e+00 3.206280000000000241e-01
-6.250000000000000000e+01 2.356020942408377117e+00 1.406620000000000092e-01
-6.250000000000000000e+01 3.298429319371727786e+00 1.769400000000000139e-02
-6.125000000000000000e+01 -1.837696335078534560e+01 2.332980000000000054e-01
-6.125000000000000000e+01 -1.743455497382199582e+01 5.672230000000000327e-01
-6.125000000000000000e+01 -1.649214659685864603e+01 5.107519999999999838e-01
-6.125000000000000000e+01 -1.554973821989529448e+01 5.107519999999999838e-01
-6.125000000000000000e+01 -1.460732984293194114e+01 1.666130000000000111e-01
-6.125000000000000000e+01 -1.366492146596859136e+01 8.679000000000000603e-02
-6.125000000000000000e+01 -1.272251308900523981e+01 7.704069999999999530e-01
-6.125000000000000000e+01 -1.178010471204188825e+01 8.213160000000000460e-01
-6.125000000000000000e+01 -1.083769633507853669e+01 5.457680000000000309e-01
-6.125000000000000000e+01 -9.895287958115185134e+00 7.516760000000000108e-01
-6.125000000000000000e+01 -8.952879581151833577e+00 7.424859999999999793e-01
-6.125000000000000000e+01 -8.010471204188482020e+00 7.742120000000000113e-01
-6.125000000000000000e+01 -7.068062827225130462e+00 4.195260000000000100e-01
-6.125000000000000000e+01 -6.125654450261779793e+00 5.095380000000000464e-01
-6.125000000000000000e+01 -5.183246073298429124e+00 6.202889999999999793e-01
-6.125000000000000000e+01 -4.240837696335078455e+00 9.067749999999999977e-01
-6.125000000000000000e+01 -3.298429319371727786e+00 6.955740000000000256e-01
-6.125000000000000000e+01 -2.356020942408377117e+00 7.912099999999999689e-02
-6.125000000000000000e+01 -1.413612565445026226e+00 3.336330000000000129e-01
-6.125000000000000000e+01 -4.712041884816753901e-01 4.046159999999999757e-01
-6.125000000000000000e+01 4.712041884816753901e-01 4.046159999999999757e-01
-6.125000000000000000e+01 1.413612565445026226e+00 5.539939999999999864e-01
-6.125000000000000000e+01 2.356020942408377117e+00 9.148990000000000178e-01
-6.125000000000000000e+01 3.298429319371727786e+00 3.053279999999999883e-01
-6.125000000000000000e+01 4.240837696335078455e+00 1.714189999999999880e-01
-6.000000000000000000e+01 -1.554973821989529448e+01 2.024569999999999981e-01
-6.000000000000000000e+01 -1.460732984293194114e+01 5.017960000000000198e-01
-6.000000000000000000e+01 -1.366492146596859136e+01 6.856210000000000360e-01
-6.000000000000000000e+01 -1.272251308900523981e+01 5.742669999999999719e-01
-6.000000000000000000e+01 -1.178010471204188825e+01 2.225989999999999913e-01
-6.000000000000000000e+01 -1.083769633507853669e+01 7.409799999999999720e-02
-6.000000000000000000e+01 -9.895287958115185134e+00 6.278939999999999522e-01
-6.000000000000000000e+01 -8.952879581151833577e+00 7.873780000000000223e-01
-6.000000000000000000e+01 -8.010471204188482020e+00 4.916820000000000079e-01
-6.000000000000000000e+01 -7.068062827225130462e+00 9.484749999999999570e-01
-6.000000000000000000e+01 -6.125654450261779793e+00 7.105979999999999519e-01
-6.000000000000000000e+01 -5.183246073298429124e+00 6.226720000000000033e-01
-6.000000000000000000e+01 -4.240837696335078455e+00 9.460490000000000288e-01
-6.000000000000000000e+01 -3.298429319371727786e+00 8.999260000000000037e-01
-6.000000000000000000e+01 -2.356020942408377117e+00 9.719349999999999934e-01
-6.000000000000000000e+01 -1.413612565445026226e+00 7.040030000000000454e-01
-6.000000000000000000e+01 -4.712041884816753901e-01 1.652849999999999875e-01
-6.000000000000000000e+01 4.712041884816753901e-01 1.652849999999999875e-01
-6.000000000000000000e+01 1.413612565445026226e+00 8.826040000000000552e-01
-6.000000000000000000e+01 2.356020942408377117e+00 5.488319999999999865e-01
-6.000000000000000000e+01 3.298429319371727786e+00 1.504359999999999864e-01
-6.000000000000000000e+01 4.240837696335078455e+00 3.613999999999999851e-02
-6.000000000000000000e+01 5.183246073298429124e+00 5.371399999999999786e-02
-5.875000000000000000e+01 -1.366492146596859136e+01 7.238200000000000189e-02
-5.875000000000000000e+01 -1.272251308900523981e+01 2.750000000000000014e-02
-5.875000000000000000e+01 -1.178010471204188825e+01 3.631929999999999881e-01
-5.875000000000000000e+01 -1.083769633507853669e+01 8.608160000000000256e-01
-5.875000000000000000e+01 -9.895287958115185134e+00 9.356999999999999762e-01
-5.875000000000000000e+01 -8.952879581151833577e+00 8.048980000000000024e-01
-5.875000000000000000e+01 -8.010471204188482020e+00 2.778660000000000019e-01
-5.875000000000000000e+01 -7.068062827225130462e+00 9.341129999999999711e-01
-5.875000000000000000e+01 -6.125654450261779793e+00 2.922750000000000070e-01
-5.875000000000000000e+01 -5.183246073298429124e+00 1.336000000000000035e-02
-5.875000000000000000e+01 -4.240837696335078455e+00 5.542500000000000204e-01
-5.875000000000000000e+01 -3.298429319371727786e+00 8.915629999999999944e-01
-5.875000000000000000e+01 -2.356020942408377117e+00 7.322920000000000540e-01
-5.875000000000000000e+01 -1.413612565445026226e+00 1.465960000000000041e-01
-5.875000000000000000e+01 -4.712041884816753901e-01 4.007399999999999851e-02
-5.875000000000000000e+01 4.712041884816753901e-01 4.007399999999999851e-02
-5.750000000000000000e+01 -1.366492146596859136e+01 6.995700000000000529e-02
-5.750000000000000000e+01 -1.272251308900523981e+01 1.370149999999999979e-01
-5.750000000000000000e+01 -1.178010471204188825e+01 7.518369999999999775e-01
-5.750000000000000000e+01 -1.083769633507853669e+01 7.492879999999999541e-01
-5.750000000000000000e+01 -9.895287958115185134e+00 9.702469999999999706e-01
-5.750000000000000000e+01 -8.952879581151833577e+00 6.409559999999999702e-01
-5.750000000000000000e+01 -8.010471204188482020e+00 5.782180000000000097e-01
-5.750000000000000000e+01 -7.068062827225130462e+00 2.841290000000000204e-01
-5.750000000000000000e+01 -6.125654450261779793e+00 8.106889999999999930e-01
-5.750000000000000000e+01 -5.183246073298429124e+00 3.846089999999999787e-01
-5.750000000000000000e+01 -4.240837696335078455e+00 6.022380000000000511e-01
-5.750000000000000000e+01 -3.298429319371727786e+00 5.541639999999999899e-01
-5.750000000000000000e+01 -2.356020942408377117e+00 5.184050000000000047e-01
-5.750000000000000000e+01 -1.413612565445026226e+00 1.059739999999999988e-01
-5.750000000000000000e+01 -4.712041884816753901e-01 3.892079999999999984e-01
-5.750000000000000000e+01 4.712041884816753901e-01 3.892079999999999984e-01
-5.750000000000000000e+01 1.413612565445026226e+00 5.157110000000000305e-01
-5.625000000000000000e+01 -1.366492146596859136e+01 4.736839999999999939e-01
-5.625000000000000000e+01 -1.272251308900523981e+01 4.120260000000000034e-01
-5.625000000000000000e+01 -1.178010471204188825e+01 8.853229999999999711e-01
-5.625000000000000000e+01 -1.083769633507853669e+01 7.081779999999999742e-01
-5.625000000000000000e+01 -9.895287958115185134e+00 9.940080000000000027e-01
-5.625000000000000000e+01 -8.952879581151833577e+00 3.136740000000000084e-01
-5.625000000000000000e+01 -8.010471204188482020e+00 4.225130000000000274e-01
-5.625000000000000000e+01 -7.068062827225130462e+00 7.022009999999999641e-01
-5.625000000000000000e+01 -6.125654450261779793e+00 7.817370000000000152e-01
-5.625000000000000000e+01 -5.183246073298429124e+00 8.010659999999999448e-01
-5.625000000000000000e+01 -4.240837696335078455e+00 7.145730000000000137e-01
-5.625000000000000000e+01 -3.298429319371727786e+00 7.073669999999999680e-01
-5.625000000000000000e+01 -2.356020942408377117e+00 5.536170000000000258e-01
-5.625000000000000000e+01 -1.413612565445026226e+00 5.188030000000000141e-01
-5.625000000000000000e+01 -4.712041884816753901e-01 2.769429999999999947e-01
-5.625000000000000000e+01 4.712041884816753901e-01 2.769429999999999947e-01
-5.625000000000000000e+01 1.413612565445026226e+00 1.094549999999999967e-01
-5.500000000000000000e+01 -1.460732984293194114e+01 1.929309999999999914e-01
-5.500000000000000000e+01 -1.366492146596859136e+01 7.835100000000000398e-02
-5.500000000000000000e+01 -1.272251308900523981e+01 7.185390000000000388e-01
-5.500000000000000000e+01 -1.178010471204188825e+01 9.784760000000000124e-01
-5.500000000000000000e+01 -1.083769633507853669e+01 9.706120000000000303e-01
-5.500000000000000000e+01 -9.895287958115185134e+00 9.323439999999999506e-01
-5.500000000000000000e+01 -8.952879581151833577e+00 3.926669999999999883e-01
-5.500000000000000000e+01 -8.010471204188482020e+00 8.844109999999999472e-01
-5.500000000000000000e+01 -7.068062827225130462e+00 7.999349999999999516e-01
-5.500000000000000000e+01 -6.125654450261779793e+00 6.905320000000000347e-01
-5.500000000000000000e+01 -5.183246073298429124e+00 6.255810000000000537e-01
-5.500000000000000000e+01 -4.240837696335078455e+00 9.178640000000000132e-01
-5.500000000000000000e+01 -3.298429319371727786e+00 8.890339999999999909e-01
-5.500000000000000000e+01 -2.356020942408377117e+00 7.524469999999999770e-01
-5.500000000000000000e+01 -1.413612565445026226e+00 6.529970000000000496e-01
-5.500000000000000000e+01 -4.712041884816753901e-01 1.248890000000000000e-01
-5.500000000000000000e+01 4.712041884816753901e-01 1.248890000000000000e-01
-5.500000000000000000e+01 1.413612565445026226e+00 3.225000000000000002e-03
-5.500000000000000000e+01 2.356020942408377117e+00 8.719300000000000661e-02
-5.375000000000000000e+01 -1.460732984293194114e+01 7.262000000000000226e-03
-5.375000000000000000e+01 -1.366492146596859136e+01 7.793899999999999439e-02
-5.375000000000000000e+01 -1.272251308900523981e+01 6.287460000000000271e-01
-5.375000000000000000e+01 -1.178010471204188825e+01 4.362559999999999771e-01
-5.375000000000000000e+01 -1.083769633507853669e+01 7.558989999999999876e-01
-5.375000000000000000e+01 -9.895287958115185134e+00 7.533039999999999736e-01
-5.375000000000000000e+01 -8.952879581151833577e+00 2.541089999999999738e-01
-5.375000000000000000e+01 -8.010471204188482020e+00 6.875599999999999767e-02
-5.375000000000000000e+01 -7.068062827225130462e+00 5.994180000000000064e-01
-5.375000000000000000e+01 -6.125654450261779793e+00 8.423789999999999889e-01
-5.375000000000000000e+01 -5.183246073298429124e+00 9.038880000000000248e-01
-5.375000000000000000e+01 -4.240837696335078455e+00 8.303220000000000045e-01
-5.375000000000000000e+01 -3.298429319371727786e+00 9.826820000000000555e-01
-5.375000000000000000e+01 -2.356020942408377117e+00 6.514729999999999688e-01
-5.375000000000000000e+01 -1.413612565445026226e+00 7.809420000000000250e-01
-5.375000000000000000e+01 -4.712041884816753901e-01 3.343320000000000181e-01
-5.375000000000000000e+01 4.712041884816753901e-01 3.343320000000000181e-01
-5.375000000000000000e+01 1.413612565445026226e+00 5.353949999999999543e-01
-5.375000000000000000e+01 2.356020942408377117e+00 4.449580000000000202e-01
-5.250000000000000000e+01 -1.366492146596859136e+01 1.643199999999999869e-02
-5.250000000000000000e+01 -1.272251308900523981e+01 4.503929999999999878e-01
-5.250000000000000000e+01 -1.178010471204188825e+01 2.861199999999999855e-01
-5.250000000000000000e+01 -1.083769633507853669e+01 4.392710000000000226e-01
-5.250000000000000000e+01 -9.895287958115185134e+00 3.341790000000000038e-01
-5.250000000000000000e+01 -8.952879581151833577e+00 1.284200000000000064e-01
-5.250000000000000000e+01 -8.010471204188482020e+00 2.783450000000000091e-01
-5.250000000000000000e+01 -7.068062827225130462e+00 7.849429999999999463e-01
-5.250000000000000000e+01 -6.125654450261779793e+00 8.987209999999999921e-01
-5.250000000000000000e+01 -5.183246073298429124e+00 5.260259999999999936e-01
-5.250000000000000000e+01 -4.240837696335078455e+00 6.439369999999999816e-01
-5.250000000000000000e+01 -3.298429319371727786e+00 9.235489999999999533e-01
-5.250000000000000000e+01 -2.356020942408377117e+00 3.998780000000000112e-01
-5.250000000000000000e+01 -1.413612565445026226e+00 8.712919999999999554e-01
-5.250000000000000000e+01 -4.712041884816753901e-01 5.536680000000000490e-01
-5.250000000000000000e+01 4.712041884816753901e-01 5.536680000000000490e-01
-5.125000000000000000e+01 -8.952879581151833577e+00 8.814670000000000005e-01
-5.125000000000000000e+01 -8.010471204188482020e+00 5.793519999999999781e-01
-5.125000000000000000e+01 -7.068062827225130462e+00 7.096719999999999695e-01
-5.125000000000000000e+01 -5.183246073298429124e+00 5.284600000000000408e-01
-5.125000000000000000e+01 -4.240837696335078455e+00 7.824200000000000044e-01
-5.125000000000000000e+01 -3.298429319371727786e+00 9.860889999999999933e-01
-5.125000000000000000e+01 -2.356020942408377117e+00 8.327689999999999815e-01
-5.000000000000000000e+01 -3.298429319371727786e+00 9.461310000000000553e-01
