-7.875000000000000000e+01 -6.125654450261779793e+00 4.849859999999999727e-01
-7.875000000000000000e+01 -5.183246073298429124e+00 1.644909999999999983e-01
-7.875000000000000000e+01 -4.240837696335078455e+00 1.704749999999999877e-01
-7.875000000000000000e+01 -3.298429319371727786e+00 2.649050000000000016e-01
-7.875000000000000000e+01 -2.356020942408377117e+00 0.000000000000000000e+00
-7.875000000000000000e+01 -1.413612565445026226e+00 0.000000000000000000e+00
-7.750000000000000000e+01 -8.952879581151833577e+00 1.875680000000000125e-01
-7.750000000000000000e+01 -8.010471204188482020e+00 1.435049999999999937e-01
-7.750000000000000000e+01 -7.068062827225130462e+00 2.794090000000000185e-01
-7.750000000000000000e+01 -6.125654450261779793e+00 3.769190000000000040e-01
-7.750000000000000000e+01 -5.183246073298429124e+00 3.936100000000000015e-02
-7.750000000000000000e+01 -4.240837696335078455e+00 2.065799999999999928e-02
-7.750000000000000000e+01 -3.298429319371727786e+00 1.260860000000000036e-01
-7.750000000000000000e+01 -2.356020942408377117e+00 9.646200000000000607e-02
-7.750000000000000000e+01 -1.413612565445026226e+00 1.840519999999999934e-01
-7.750000000000000000e+01 -4.712041884816753901e-01 1.844790000000000041e-01
-7.750000000000000000e+01 4.712041884816753901e-01 1.844790000000000041e-01
-7.625000000000000000e+01 -1.083769633507853669e+01 5.488400000000000223e-02
-7.625000000000000000e+01 -9.895287958115185134e+00 1.190110000000000057e-01
-7.625000000000000000e+01 -8.952879581151833577e+00 2.642149999999999777e-01
-7.625000000000000000e+01 -8.010471204188482020e+00 7.139399999999999913e-02
-7.625000000000000000e+01 -7.068062827225130462e+00 1.715440000000000020e-01
-7.625000000000000000e+01 -6.125654450261779793e+00 1.693890000000000118e-01
-7.625000000000000000e+01 -5.183246073298429124e+00 4.002700000000000008e-02
-7.625000000000000000e+01 -4.240837696335078455e+00 1.472000000000000001e-03
-7.625000000000000000e+01 -3.298429319371727786e+00 3.983000000000000429e-03
-7.625000000000000000e+01 -2.356020942408377117e+00 2.553000000000000148e-03
-7.625000000000000000e+01 -1.413612565445026226e+00 2.611000000000000040e-03
-7.625000000000000000e+01 -4.712041884816753901e-01 2.455099999999999991e-02
-7.625000000000000000e+01 4.712041884816753901e-01 2.455099999999999991e-02
-7.625000000000000000e+01 1.413612565445026226e+00 4.419299999999999895e-01
-7.500000000000000000e+01 -1.366492146596859136e+01 7.814200000000000312e-02
-7.500000000000000000e+01 -1.272251308900523981e+01 1.417779999999999874e-01
-7.500000000000000000e+01 -1.178010471204188825e+01 1.236730000000000051e-01
-7.500000000000000000e+01 -1.083769633507853669e+01 2.540569999999999773e-01
-7.500000000000000000e+01 -9.895287958115185134e+00 1.181949999999999945e-01
-7.500000000000000000e+01 -8.952879581151833577e+00 2.415940000000000032e-01
-7.500000000000000000e+01 -8.010471204188482020e+00 1.589659999999999962e-01
-7.500000000000000000e+01 -7.068062827225130462e+00 3.468899999999999761e-02
-7.500000000000000000e+01 -6.125654450261779793e+00 6.070300000000000001e-02
-7.500000000000000000e+01 -5.183246073298429124e+00 4.566900000000000126e-02
-7.500000000000000000e+01 -4.240837696335078455e+00 2.003299999999999872e-02
-7.500000000000000000e+01 -3.298429319371727786e+00 2.305999999999999890e-03
-7.500000000000000000e+01 -2.356020942408377117e+00 6.376999999999999856e-03
-7.500000000000000000e+01 -1.413612565445026226e+00 5.597000000000000412e-03
-7.500000000000000000e+01 -4.712041884816753901e-01 2.222800000000000123e-02
-7.500000000000000000e+01 4.712041884816753901e-01 2.222800000000000123e-02
-7.500000000000000000e+01 1.413612565445026226e+00 3.784950000000000259e-01
-7.500000000000000000e+01 2.356020942408377117e+00 6.061619999999999786e-01
-7.375000000000000000e+01 -1.460732984293194114e+01 0.000000000000000000e+00
-7.375000000000000000e+01 -1.366492146596859136e+01 1.302490000000000037e-01
-7.375000000000000000e+01 -1.272251308900523981e+01 7.756499999999999506e-02
-7.375000000000000000e+01 -1.178010471204188825e+01 9.292000000000000259e-02
-7.375000000000000000e+01 -1.083769633507853669e+01 7.289099999999999746e-02
-7.375000000000000000e+01 -9.895287958115185134e+00 5.654499999999999804e-02
-7.375000000000000000e+01 -8.952879581151833577e+00 6.853599999999999970e-02
-7.375000000000000000e+01 -8.010471204188482020e+00 4.588199999999999917e-02
-7.375000000000000000e+01 -7.068062827225130462e+00 9.365999999999999326e-03
-7.375000000000000000e+01 -6.125654450261779793e+00 2.464699999999999877e-02
-7.375000000000000000e+01 -5.183246073298429124e+00 7.177999999999999658e-02
-7.375000000000000000e+01 -4.240837696335078455e+00 2.272499999999999867e-02
-7.375000000000000000e+01 -3.298429319371727786e+00 7.262000000000000226e-03
-7.375000000000000000e+01 -2.356020942408377117e+00 5.327000000000000138e-03
-7.375000000000000000e+01 -1.413612565445026226e+00 9.896000000000000282e-03
-7.375000000000000000e+01 -4.712041884816753901e-01 2.467000000000000009e-03
-7.375000000000000000e+01 4.712041884816753901e-01 2.467000000000000009e-03
-7.375000000000000000e+01 1.413612565445026226e+00 3.635300000000000337e-02
-7.250000000000000000e+01 -1.460732984293194114e+01 5.432000000000000196e-03
-7.250000000000000000e+01 -1.366492146596859136e+01 1.374849999999999961e-01
-7.250000000000000000e+01 -1.272251308900523981e+01 1.571369999999999989e-01
-7.250000000000000000e+01 -1.178010471204188825e+01 4.293199999999999794e-02
-7.250000000000000000e+01 -1.083769633507853669e+01 6.879999999999999831e-03
-7.250000000000000000e+01 -9.895287958115185134e+00 0.000000000000000000e+00
-7.250000000000000000e+01 -8.952879581151833577e+00 9.388999999999999777e-03
-7.250000000000000000e+01 -8.010471204188482020e+00 1.322909999999999919e-01
-7.250000000000000000e+01 -7.068062827225130462e+00 4.309400000000000036e-02
-7.250000000000000000e+01 -6.125654450261779793e+00 9.730000000000000151e-04
-7.250000000000000000e+01 -5.183246073298429124e+00 9.737000000000000863e-03
-7.250000000000000000e+01 -4.240837696335078455e+00 1.123389999999999944e-01
-7.250000000000000000e+01 -3.298429319371727786e+00 2.123999999999999846e-02
-7.250000000000000000e+01 -2.356020942408377117e+00 5.706000000000000134e-03
-7.250000000000000000e+01 -1.413612565445026226e+00 2.220000000000000185e-03
-7.250000000000000000e+01 -4.712041884816753901e-01 6.908000000000000078e-03
-7.250000000000000000e+01 4.712041884816753901e-01 6.908000000000000078e-03
-7.250000000000000000e+01 1.413612565445026226e+00 1.020399999999999953e-02
-7.125000000000000000e+01 -1.460732984293194114e+01 9.079900000000000471e-02
-7.125000000000000000e+01 -1.366492146596859136e+01 2.439500000000000002e-02
-7.125000000000000000e+01 -1.272251308900523981e+01 3.954799999999999982e-02
-7.125000000000000000e+01 -1.178010471204188825e+01 0.000000000000000000e+00
-7.125000000000000000e+01 -1.083769633507853669e+01 0.000000000000000000e+00
-7.125000000000000000e+01 -9.895287958115185134e+00 6.791000000000000161e-03
-7.125000000000000000e+01 -8.952879581151833577e+00 2.287099999999999897e-02
-7.125000000000000000e+01 -8.010471204188482020e+00 9.933000000000000163e-02
-7.125000000000000000e+01 -7.068062827225130462e+00 3.642999999999999971e-03
-7.125000000000000000e+01 -6.125654450261779793e+00 4.655000000000000283e-03
-7.125000000000000000e+01 -5.183246073298429124e+00 2.429999999999999977e-04
-7.125000000000000000e+01 -4.240837696335078455e+00 1.830999999999999989e-02
-7.125000000000000000e+01 -3.298429319371727786e+00 1.589999999999999888e-04
-7.125000000000000000e+01 -2.356020942408377117e+00 1.012799999999999985e-02
-7.125000000000000000e+01 -1.413612565445026226e+00 3.510000000000000099e-03
-7.125000000000000000e+01 -4.712041884816753901e-01 0.000000000000000000e+00
-7.125000000000000000e+01 4.712041884816753901e-01 0.000000000000000000e+00
-7.125000000000000000e+01 1.413612565445026226e+00 1.142499999999999939e-02
-7.000000000000000000e+01 -1.366492146596859136e+01 8.580000000000000820e-03
-7.000000000000000000e+01 -1.272251308900523981e+01 3.720199999999999896e-02
-7.000000000000000000e+01 -1.178010471204188825e+01 0.000000000000000000e+00
-7.000000000000000000e+01 -1.083769633507853669e+01 5.272999999999999909e-02
-7.000000000000000000e+01 -9.895287958115185134e+00 3.200000000000000262e-04
-7.000000000000000000e+01 -8.952879581151833577e+00 1.048900000000000006e-02
-7.000000000000000000e+01 -8.010471204188482020e+00 6.139900000000000219e-02
-7.000000000000000000e+01 -7.068062827225130462e+00 2.868199999999999916e-02
-7.000000000000000000e+01 -6.125654450261779793e+00 1.861000000000000024e-03
-7.000000000000000000e+01 -5.183246073298429124e+00 8.040000000000000271e-04
-7.000000000000000000e+01 -4.240837696335078455e+00 4.800000000000000100e-02
-7.000000000000000000e+01 -3.298429319371727786e+00 1.136099999999999957e-02
-7.000000000000000000e+01 -2.356020942408377117e+00 3.281000000000000062e-03
-7.000000000000000000e+01 -1.413612565445026226e+00 5.896000000000000199e-03
-7.000000000000000000e+01 -4.712041884816753901e-01 1.220300000000000031e-02
-7.000000000000000000e+01 4.712041884816753901e-01 1.220300000000000031e-02
-7.000000000000000000e+01 1.413612565445026226e+00 2.923999999999999950e-03
-6.875000000000000000e+01 -1.554973821989529448e+01 6.769999999999999759e-04
-6.875000000000000000e+01 -1.460732984293194114e+01 1.899299999999999947e-02
-6.875000000000000000e+01 -1.366492146596859136e+01 3.651999999999999864e-03
-6.875000000000000000e+01 -1.272251308900523981e+01 6.381900000000000073e-02
-6.875000000000000000e+01 -1.178010471204188825e+01 9.762400000000000244e-02
-6.875000000000000000e+01 -1.083769633507853669e+01 2.879979999999999762e-01
-6.875000000000000000e+01 -9.895287958115185134e+00 2.118199999999999944e-02
-6.875000000000000000e+01 -8.952879581151833577e+00 9.718599999999999461e-02
-6.875000000000000000e+01 -8.010471204188482020e+00 3.200000000000000262e-04
-6.875000000000000000e+01 -7.068062827225130462e+00 2.047999999999999907e-03
-6.875000000000000000e+01 -6.125654450261779793e+00 1.129999999999999928e-03
-6.875000000000000000e+01 -5.183246073298429124e+00 4.840000000000000010e-04
-6.875000000000000000e+01 -4.240837696335078455e+00 4.423999999999999981e-03
-6.875000000000000000e+01 -3.298429319371727786e+00 7.030999999999999923e-03
-6.875000000000000000e+01 -2.356020942408377117e+00 9.829999999999999329e-04
-6.875000000000000000e+01 -1.413612565445026226e+00 9.669999999999999776e-04
-6.875000000000000000e+01 -4.712041884816753901e-01 1.129100000000000069e-02
-6.875000000000000000e+01 4.712041884816753901e-01 1.129100000000000069e-02
-6.875000000000000000e+01 1.413612565445026226e+00 1.060999999999999964e-02
-6.875000000000000000e+01 2.356020942408377117e+00 6.131000000000000165e-03
-6.750000000000000000e+01 -1.649214659685864603e+01 1.215979999999999978e-01
-6.750000000000000000e+01 -1.554973821989529448e+01 1.215979999999999978e-01
-6.750000000000000000e+01 -1.460732984293194114e+01 3.590299999999999742e-02
-6.750000000000000000e+01 -1.366492146596859136e+01 3.188599999999999768e-02
-6.750000000000000000e+01 -1.272251308900523981e+01 5.739000000000000178e-03
-6.750000000000000000e+01 -1.178010471204188825e+01 1.366200000000000053e-02
-6.750000000000000000e+01 -1.083769633507853669e+01 1.576319999999999943e-01
-6.750000000000000000e+01 -9.895287958115185134e+00 5.190479999999999539e-01
-6.750000000000000000e+01 -8.952879581151833577e+00 4.675200000000000189e-02
-6.750000000000000000e+01 -8.010471204188482020e+00 9.590000000000000000e-04
-6.750000000000000000e+01 -7.068062827225130462e+00 8.919999999999999978e-04
-6.750000000000000000e+01 -6.125654450261779793e+00 5.134999999999999808e-03
-6.750000000000000000e+01 -5.183246073298429124e+00 1.128000000000000096e-03
-6.750000000000000000e+01 -4.240837696335078455e+00 8.059999999999999673e-04
-6.750000000000000000e+01 -3.298429319371727786e+00 1.389100000000000057e-02
-6.750000000000000000e+01 -2.356020942408377117e+00 3.310000000000000225e-04
-6.750000000000000000e+01 -1.413612565445026226e+00 8.000000000000000654e-05
-6.750000000000000000e+01 -4.712041884816753901e-01 8.989999999999999511e-04
-6.750000000000000000e+01 4.712041884816753901e-01 8.989999999999999511e-04
-6.750000000000000000e+01 1.413612565445026226e+00 6.081999999999999733e-03
-6.750000000000000000e+01 2.356020942408377117e+00 7.219999999999999855e-04
-6.625000000000000000e+01 -1.837696335078534560e+01 8.382100000000000661e-02
-6.625000000000000000e+01 -1.743455497382199582e+01 1.017649999999999944e-01
-6.625000000000000000e+01 -1.649214659685864603e+01 1.786999999999999960e-03
-6.625000000000000000e+01 -1.554973821989529448e+01 1.786999999999999960e-03
-6.625000000000000000e+01 -1.460732984293194114e+01 6.490000000000000109e-03
-6.625000000000000000e+01 -1.366492146596859136e+01 1.134000000000000025e-03
-6.625000000000000000e+01 -1.272251308900523981e+01 0.000000000000000000e+00
-6.625000000000000000e+01 -1.178010471204188825e+01 5.899999999999999863e-03
-6.625000000000000000e+01 -1.083769633507853669e+01 4.979100000000000192e-02
-6.625000000000000000e+01 -9.895287958115185134e+00 1.150110000000000021e-01
-6.625000000000000000e+01 -8.952879581151833577e+00 1.116100000000000078e-02
-6.625000000000000000e+01 -8.010471204188482020e+00 2.295000000000000165e-03
-6.625000000000000000e+01 -7.068062827225130462e+00 8.109999999999999805e-04
-6.625000000000000000e+01 -6.125654450261779793e+00 1.610000000000000103e-04
-6.625000000000000000e+01 -5.183246073298429124e+00 3.260000000000000094e-04
-6.625000000000000000e+01 -4.240837696335078455e+00 3.536000000000000081e-03
-6.625000000000000000e+01 -3.298429319371727786e+00 1.376199999999999993e-02
-6.625000000000000000e+01 -2.356020942408377117e+00 6.198000000000000384e-03
-6.625000000000000000e+01 -1.413612565445026226e+00 0.000000000000000000e+00
-6.625000000000000000e+01 -4.712041884816753901e-01 2.425000000000000072e-03
-6.625000000000000000e+01 4.712041884816753901e-01 2.425000000000000072e-03
-6.625000000000000000e+01 1.413612565445026226e+00 7.042900000000000549e-02
-6.625000000000000000e+01 2.356020942408377117e+00 6.618899999999999784e-02
-6.500000000000000000e+01 -1.837696335078534560e+01 2.191999999999999851e-02
-6.500000000000000000e+01 -1.743455497382199582e+01 2.407050000000000023e-01
-6.500000000000000000e+01 -1.649214659685864603e+01 9.317999999999999894e-03
-6.500000000000000000e+01 -1.554973821989529448e+01 9.317999999999999894e-03
-6.500000000000000000e+01 -1.460732984293194114e+01 4.687000000000000194e-03
-6.500000000000000000e+01 -1.366492146596859136e+01 2.969999999999999984e-03
-6.500000000000000000e+01 -1.272251308900523981e+01 1.412000000000000061e-03
-6.500000000000000000e+01 -1.178010471204188825e+01 7.238999999999999775e-03
-6.500000000000000000e+01 -1.083769633507853669e+01 1.224630000000000024e-01
-6.500000000000000000e+01 -9.895287958115185134e+00 2.227739999999999998e-01
-6.500000000000000000e+01 -8.952879581151833577e+00 4.342599999999999932e-02
-6.500000000000000000e+01 -8.010471204188482020e+00 2.351999999999999924e-03
-6.500000000000000000e+01 -7.068062827225130462e+00 1.761100000000000165e-02
-6.500000000000000000e+01 -6.125654450261779793e+00 1.147999999999999932e-03
-6.500000000000000000e+01 -5.183246073298429124e+00 1.630000000000000047e-04
-6.500000000000000000e+01 -4.240837696335078455e+00 3.540999999999999877e-03
-6.500000000000000000e+01 -3.298429319371727786e+00 9.959000000000000838e-03
-6.500000000000000000e+01 -2.356020942408377117e+00 4.329999999999999648e-03
-6.500000000000000000e+01 -1.413612565445026226e+00 1.791999999999999973e-03
-6.500000000000000000e+01 -4.712041884816753901e-01 7.742999999999999883e-03
-6.500000000000000000e+01 4.712041884816753901e-01 7.742999999999999883e-03
-6.500000000000000000e+01 1.413612565445026226e+00 2.658999999999999905e-03
-6.375000000000000000e+01 -2.026178010471204516e+01 0.000000000000000000e+00
-6.375000000000000000e+01 -1.931937172774869538e+01 5.495200000000000085e-02
-6.375000000000000000e+01 -1.837696335078534560e+01 9.734099999999999697e-02
-6.375000000000000000e+01 -1.743455497382199582e+01 3.914119999999999822e-01
-6.375000000000000000e+01 -1.649214659685864603e+01 4.716299999999999659e-02
-6.375000000000000000e+01 -1.554973821989529448e+01 4.716299999999999659e-02
-6.375000000000000000e+01 -1.460732984293194114e+01 2.306400000000000117e-02
-6.375000000000000000e+01 -1.366492146596859136e+01 2.972999999999999948e-03
-6.375000000000000000e+01 -1.272251308900523981e+01 1.505000000000000044e-03
-6.375000000000000000e+01 -1.178010471204188825e+01 2.457390000000000130e-01
-6.375000000000000000e+01 -1.083769633507853669e+01 3.781999999999999945e-02
-6.375000000000000000e+01 -9.895287958115185134e+00 2.942409999999999748e-01
-6.375000000000000000e+01 -8.952879581151833577e+00 4.017609999999999792e-01
-6.375000000000000000e+01 -8.010471204188482020e+00 6.765400000000000580e-02
-6.375000000000000000e+01 -7.068062827225130462e+00 4.608000000000000117e-03
-6.375000000000000000e+01 -6.125654450261779793e+00 4.970999999999999724e-03
-6.375000000000000000e+01 -5.183246073298429124e+00 1.794000000000000022e-03
-6.375000000000000000e+01 -4.240837696335078455e+00 2.871699999999999947e-02
-6.375000000000000000e+01 -3.298429319371727786e+00 1.724000000000000055e-03
-6.375000000000000000e+01 -2.356020942408377117e+00 3.249999999999999851e-04
-6.375000000000000000e+01 -1.413612565445026226e+00 3.240000000000000150e-04
-6.375000000000000000e+01 -4.712041884816753901e-01 1.828999999999999897e-03
-6.375000000000000000e+01 4.712041884816753901e-01 1.828999999999999897e-03
-6.375000000000000000e+01 1.413612565445026226e+00 0.000000000000000000e+00
-6.375000000000000000e+01 3.298429319371727786e+00 1.093399999999999928e-02
-6.250000000000000000e+01 -1.931937172774869538e+01 2.885909999999999864e-01
-6.250000000000000000e+01 -1.837696335078534560e+01 6.160759999999999570e-01
-6.250000000000000000e+01 -1.743455497382199582e+01 6.538749999999999840e-01
-6.250000000000000000e+01 -1.649214659685864603e+01 6.801599999999999313e-02
-6.250000000000000000e+01 -1.554973821989529448e+01 6.801599999999999313e-02
-6.250000000000000000e+01 -1.460732984293194114e+01 7.910999999999999630e-03
-6.250000000000000000e+01 -1.366492146596859136e+01 2.263999999999999953e-03
-6.250000000000000000e+01 -1.272251308900523981e+01 1.407000000000000048e-03
-6.250000000000000000e+01 -1.178010471204188825e+01 3.440699999999999870e-01
-6.250000000000000000e+01 -1.083769633507853669e+01 3.375819999999999932e-01
-6.250000000000000000e+01 -9.895287958115185134e+00 7.964470000000000161e-01
-6.250000000000000000e+01 -8.952879581151833577e+00 2.524890000000000190e-01
-6.250000000000000000e+01 -8.010471204188482020e+00 6.465799999999999326e-02
-6.250000000000000000e+01 -7.068062827225130462e+00 3.745699999999999724e-02
-6.250000000000000000e+01 -6.125654450261779793e+00 8.314000000000000209e-03
-6.250000000000000000e+01 -5.183246073298429124e+00 2.396000000000000126e-03
-6.250000000000000000e+01 -4.240837696335078455e+00 2.745200000000000071e-02
-6.250000000000000000e+01 -3.298429319371727786e+00 5.029999999999999749e-03
-6.250000000000000000e+01 -2.356020942408377117e+00 1.056999999999999997e-03
-6.250000000000000000e+01 -1.413612565445026226e+00 2.631999999999999791e-03
-6.250000000000000000e+01 -4.712041884816753901e-01 6.509999999999999945e-04
-6.250000000000000000e+01 4.712041884816753901e-01 6.509999999999999945e-04
-6.250000000000000000e+01 1.413612565445026226e+00 1.435000000000000078e-03
-6.250000000000000000e+01 2.356020942408377117e+00 8.090000000000000403e-04
-6.250000000000000000e+01 3.298429319371727786e+00 0.000000000000000000e+00
-6.125000000000000000e+01 -1.837696335078534560e+01 1.307949999999999946e-01
-6.125000000000000000e+01 -1.743455497382199582e+01 5.888000000000000178e-02
-6.125000000000000000e+01 -1.649214659685864603e+01 8.845200000000000284e-02
-6.125000000000000000e+01 -1.554973821989529448e+01 8.845200000000000284e-02
-6.125000000000000000e+01 -1.460732984293194114e+01 1.368899999999999978e-02
-6.125000000000000000e+01 -1.366492146596859136e+01 3.585699999999999998e-02
-6.125000000000000000e+01 -1.272251308900523981e+01 5.768140000000000489e-01
-6.125000000000000000e+01 -1.178010471204188825e+01 6.011840000000000517e-01
-6.125000000000000000e+01 -1.083769633507853669e+01 3.598879999999999857e-01
-6.125000000000000000e+01 -9.895287958115185134e+00 1.117739999999999984e-01
-6.125000000000000000e+01 -8.952879581151833577e+00 2.562000000000000041e-02
-6.125000000000000000e+01 -8.010471204188482020e+00 1.641199999999999951e-02
-6.125000000000000000e+01 -7.068062827225130462e+00 1.531000000000000026e-03
-6.125000000000000000e+01 -6.125654450261779793e+00 3.863899999999999973e-02
-6.125000000000000000e+01 -5.183246073298429124e+00 1.162900000000000045e-02
-6.125000000000000000e+01 -4.240837696335078455e+00 2.992600000000000121e-02
-6.125000000000000000e+01 -3.298429319371727786e+00 3.360300000000000092e-02
-6.125000000000000000e+01 -2.356020942408377117e+00 1.302999999999999905e-03
-6.125000000000000000e+01 -1.413612565445026226e+00 5.710000000000000015e-04
-6.125000000000000000e+01 -4.712041884816753901e-01 2.563299999999999954e-02
-6.125000000000000000e+01 4.712041884816753901e-01 2.563299999999999954e-02
-6.125000000000000000e+01 1.413612565445026226e+00 3.241299999999999737e-02
-6.125000000000000000e+01 2.356020942408377117e+00 2.575149999999999939e-01
-6.125000000000000000e+01 3.298429319371727786e+00 1.378790000000000016e-01
-6.125000000000000000e+01 4.240837696335078455e+00 1.018400000000000034e-02
-6.000000000000000000e+01 -1.554973821989529448e+01 8.453099999999999503e-02
-6.000000000000000000e+01 -1.460732984293194114e+01 3.434539999999999815e-01
-6.000000000000000000e+01 -1.366492146596859136e+01 3.434610000000000163e-01
-6.000000000000000000e+01 -1.272251308900523981e+01 2.824869999999999881e-01
-6.000000000000000000e+01 -1.178010471204188825e+01 6.384199999999999597e-02
-6.000000000000000000e+01 -1.083769633507853669e+01 2.912000000000000092e-03
-6.000000000000000000e+01 -9.895287958115185134e+00 6.817800000000000249e-02
-6.000000000000000000e+01 -8.952879581151833577e+00 1.300499999999999920e-02
-6.000000000000000000e+01 -8.010471204188482020e+00 0.000000000000000000e+00
-6.000000000000000000e+01 -7.068062827225130462e+00 8.917600000000000526e-02
-6.000000000000000000e+01 -6.125654450261779793e+00 6.413000000000000297e-03
-6.000000000000000000e+01 -5.183246073298429124e+00 1.684700000000000086e-02
-6.000000000000000000e+01 -4.240837696335078455e+00 1.173880000000000062e-01
-6.000000000000000000e+01 -3.298429319371727786e+00 2.977330000000000254e-01
-6.000000000000000000e+01 -2.356020942408377117e+00 1.470809999999999895e-01
-6.000000000000000000e+01 -1.413612565445026226e+00 2.662399999999999836e-02
-6.000000000000000000e+01 -4.712041884816753901e-01 7.161999999999999963e-03
-6.000000000000000000e+01 4.712041884816753901e-01 7.161999999999999963e-03
-6.000000000000000000e+01 1.413612565445026226e+00 2.557690000000000241e-01
-6.000000000000000000e+01 2.356020942408377117e+00 3.715100000000000346e-02
-6.000000000000000000e+01 3.298429319371727786e+00 4.614200000000000246e-02
-6.000000000000000000e+01 4.240837696335078455e+00 1.091600000000000036e-02
-6.000000000000000000e+01 5.183246073298429124e+00 1.274999999999999918e-02
-5.875000000000000000e+01 -1.366492146596859136e+01 1.530699999999999943e-02
-5.875000000000000000e+01 -1.272251308900523981e+01 8.869999999999999846e-04
-5.875000000000000000e+01 -1.178010471204188825e+01 1.308729999999999893e-01
-5.875000000000000000e+01 -1.083769633507853669e+01 4.381229999999999847e-01
-5.875000000000000000e+01 -9.895287958115185134e+00 2.429630000000000123e-01
-5.875000000000000000e+01 -8.952879581151833577e+00 4.479000000000000342e-02
-5.875000000000000000e+01 -8.010471204188482020e+00 2.400000000000000061e-04
-5.875000000000000000e+01 -7.068062827225130462e+00 8.645999999999999172e-03
-5.875000000000000000e+01 -6.125654450261779793e+00 5.649999999999999641e-04
-5.875000000000000000e+01 -5.183246073298429124e+00 1.229000000000000058e-03
-5.875000000000000000e+01 -4.240837696335078455e+00 9.728499999999999648e-02
-5.875000000000000000e+01 -3.298429319371727786e+00 2.530200000000000227e-01
-5.875000000000000000e+01 -2.356020942408377117e+00 1.073200000000000022e-02
-5.875000000000000000e+01 -1.413612565445026226e+00 0.000000000000000000e+00
-5.875000000000000000e+01 -4.712041884816753901e-01 0.000000000000000000e+00
-5.875000000000000000e+01 4.712041884816753901e-01 0.000000000000000000e+00
-5.750000000000000000e+01 -1.366492146596859136e+01 4.208699999999999941e-02
-5.750000000000000000e+01 -1.272251308900523981e+01 4.810099999999999792e-02
-5.750000000000000000e+01 -1.178010471204188825e+01 3.563270000000000048e-01
-5.750000000000000000e+01 -1.083769633507853669e+01 3.326069999999999860e-01
-5.750000000000000000e+01 -9.895287958115185134e+00 2.301779999999999937e-01
-5.750000000000000000e+01 -8.952879581151833577e+00 2.390899999999999970e-02
-5.750000000000000000e+01 -8.010471204188482020e+00 1.814999999999999990e-03
-5.750000000000000000e+01 -7.068062827225130462e+00 1.655999999999999920e-03
-5.750000000000000000e+01 -6.125654450261779793e+00 8.208999999999999284e-03
-5.750000000000000000e+01 -5.183246073298429124e+00 1.631999999999999987e-03
-5.750000000000000000e+01 -4.240837696335078455e+00 4.330599999999999727e-02
-5.750000000000000000e+01 -3.298429319371727786e+00 1.998240000000000016e-01
-5.750000000000000000e+01 -2.356020942408377117e+00 2.484400000000000150e-02
-5.750000000000000000e+01 -1.413612565445026226e+00 6.592999999999999902e-03
-5.750000000000000000e+01 -4.712041884816753901e-01 0.000000000000000000e+00
-5.750000000000000000e+01 4.712041884816753901e-01 0.000000000000000000e+00
-5.750000000000000000e+01 1.413612565445026226e+00 8.100000000000000375e-05
-5.625000000000000000e+01 -1.366492146596859136e+01 2.337819999999999898e-01
-5.625000000000000000e+01 -1.272251308900523981e+01 2.614210000000000145e-01
-5.625000000000000000e+01 -1.178010471204188825e+01 5.372400000000000508e-01
-5.625000000000000000e+01 -1.083769633507853669e+01 3.649589999999999779e-01
-5.625000000000000000e+01 -9.895287958115185134e+00 7.428379999999999983e-01
-5.625000000000000000e+01 -8.952879581151833577e+00 4.563299999999999995e-02
-5.625000000000000000e+01 -8.010471204188482020e+00 5.261000000000000051e-03
-5.625000000000000000e+01 -7.068062827225130462e+00 3.593400000000000066e-02
-5.625000000000000000e+01 -6.125654450261779793e+00 3.951500000000000151e-02
-5.625000000000000000e+01 -5.183246073298429124e+00 1.143089999999999939e-01
-5.625000000000000000e+01 -4.240837696335078455e+00 3.206459999999999866e-01
-5.625000000000000000e+01 -3.298429319371727786e+00 2.123500000000000040e-02
-5.625000000000000000e+01 -2.356020942408377117e+00 3.178980000000000139e-01
-5.625000000000000000e+01 -1.413612565445026226e+00 2.534300000000000094e-02
-5.625000000000000000e+01 -4.712041884816753901e-01 8.000000000000000654e-05
-5.625000000000000000e+01 4.712041884816753901e-01 8.000000000000000654e-05
-5.625000000000000000e+01 1.413612565445026226e+00 0.000000000000000000e+00
-5.500000000000000000e+01 -1.460732984293194114e+01 1.758270000000000111e-01
-5.500000000000000000e+01 -1.366492146596859136e+01 4.189699999999999674e-02
-5.500000000000000000e+01 -1.272251308900523981e+01 2.821029999999999927e-01
-5.500000000000000000e+01 -1.178010471204188825e+01 4.672350000000000114e-01
-5.500000000000000000e+01 -1.083769633507853669e+01 6.328890000000000349e-01
-5.500000000000000000e+01 -9.895287958115185134e+00 6.832620000000000360e-01
-5.500000000000000000e+01 -8.952879581151833577e+00 4.700399999999999717e-02
-5.500000000000000000e+01 -8.010471204188482020e+00 9.727800000000000336e-02
-5.500000000000000000e+01 -7.068062827225130462e+00 8.679000000000000603e-02
-5.500000000000000000e+01 -6.125654450261779793e+00 7.219999999999999855e-04
-5.500000000000000000e+01 -5.183246073298429124e+00 4.809999999999999823e-04
-5.500000000000000000e+01 -4.240837696335078455e+00 2.304869999999999974e-01
-5.500000000000000000e+01 -3.298429319371727786e+00 3.721229999999999816e-01
-5.500000000000000000e+01 -2.356020942408377117e+00 5.324379999999999669e-01
-5.500000000000000000e+01 -1.413612565445026226e+00 1.107499999999999978e-02
-5.500000000000000000e+01 -4.712041884816753901e-01 2.420000000000000005e-04
-5.500000000000000000e+01 4.712041884816753901e-01 2.420000000000000005e-04
-5.500000000000000000e+01 1.413612565445026226e+00 2.420000000000000005e-04
-5.500000000000000000e+01 2.356020942408377117e+00 5.760000000000000146e-04
-5.375000000000000000e+01 -1.460732984293194114e+01 4.079999999999999968e-04
-5.375000000000000000e+01 -1.366492146596859136e+01 3.904900000000000038e-02
-5.375000000000000000e+01 -1.272251308900523981e+01 2.141480000000000050e-01
-5.375000000000000000e+01 -1.178010471204188825e+01 9.945600000000000274e-02
-5.375000000000000000e+01 -1.083769633507853669e+01 2.122130000000000127e-01
-5.375000000000000000e+01 -9.895287958115185134e+00 2.287800000000000111e-01
-5.375000000000000000e+01 -8.952879581151833577e+00 1.933999999999999955e-03
-5.375000000000000000e+01 -8.010471204188482020e+00 8.000000000000000654e-05
-5.375000000000000000e+01 -7.068062827225130462e+00 2.343000000000000031e-03
-5.375000000000000000e+01 -6.125654450261779793e+00 6.834999999999999930e-03
-5.375000000000000000e+01 -5.183246073298429124e+00 3.246999999999999886e-03
-5.375000000000000000e+01 -4.240837696335078455e+00 2.267250000000000099e-01
-5.375000000000000000e+01 -3.298429319371727786e+00 1.529500000000000026e-01
-5.375000000000000000e+01 -2.356020942408377117e+00 4.378750000000000142e-01
-5.375000000000000000e+01 -1.413612565445026226e+00 6.641299999999999981e-02
-5.375000000000000000e+01 -4.712041884816753901e-01 9.719999999999999907e-04
-5.375000000000000000e+01 4.712041884816753901e-01 9.719999999999999907e-04
-5.375000000000000000e+01 1.413612565445026226e+00 1.217999999999999899e-03
-5.375000000000000000e+01 2.356020942408377117e+00 1.054000000000000032e-03
-5.250000000000000000e+01 -1.366492146596859136e+01 1.216300000000000020e-02
-5.250000000000000000e+01 -1.272251308900523981e+01 2.277480000000000060e-01
-5.250000000000000000e+01 -1.178010471204188825e+01 9.789000000000000479e-02
-5.250000000000000000e+01 -1.083769633507853669e+01 2.614779999999999882e-01
-5.250000000000000000e+01 -9.895287958115185134e+00 8.129300000000000415e-02
-5.250000000000000000e+01 -8.952879581151833577e+00 5.699999999999999772e-04
-5.250000000000000000e+01 -8.010471204188482020e+00 1.327000000000000055e-03
-5.250000000000000000e+01 -7.068062827225130462e+00 3.578900000000000137e-02
-5.250000000000000000e+01 -6.125654450261779793e+00 7.339700000000000391e-02
-5.250000000000000000e+01 -5.183246073298429124e+00 1.755000000000000050e-03
-5.250000000000000000e+01 -4.240837696335078455e+00 7.342799999999999327e-02
-5.250000000000000000e+01 -3.298429319371727786e+00 1.797670000000000101e-01
-5.250000000000000000e+01 -2.356020942408377117e+00 3.118999999999999898e-02
-5.250000000000000000e+01 -1.413612565445026226e+00 1.606599999999999973e-01
-5.250000000000000000e+01 -4.712041884816753901e-01 1.051999999999999984e-03
-5.250000000000000000e+01 4.712041884816753901e-01 1.051999999999999984e-03
-5.125000000000000000e+01 -8.952879581151833577e+00 4.861400000000000166e-01
-5.125000000000000000e+01 -8.010471204188482020e+00 3.814370000000000260e-01
-5.125000000000000000e+01 -7.068062827225130462e+00 4.744539999999999869e-01
-5.125000000000000000e+01 -5.183246073298429124e+00 1.398280000000000078e-01
-5.125000000000000000e+01 -4.240837696335078455e+00 2.671430000000000193e-01
-5.125000000000000000e+01 -3.298429319371727786e+00 1.171490000000000031e-01
-5.125000000000000000e+01 -2.356020942408377117e+00 6.694600000000000550e-02
-5.000000000000000000e+01 -3.298429319371727786e+00 2.774119999999999919e-01
