-7.875000000000000000e+01 -6.125654450261779793e+00 4.895169999999999799e-01
-7.875000000000000000e+01 -5.183246073298429124e+00 1.731350000000000111e-01
-7.875000000000000000e+01 -4.240837696335078455e+00 2.104969999999999897e-01
-7.875000000000000000e+01 -3.298429319371727786e+00 3.127449999999999952e-01
-7.875000000000000000e+01 -2.356020942408377117e+00 0.000000000000000000e+00
-7.875000000000000000e+01 -1.413612565445026226e+00 0.000000000000000000e+00
-7.750000000000000000e+01 -8.952879581151833577e+00 1.875680000000000125e-01
-7.750000000000000000e+01 -8.010471204188482020e+00 1.435049999999999937e-01
-7.750000000000000000e+01 -7.068062827225130462e+00 2.809769999999999768e-01
-7.750000000000000000e+01 -6.125654450261779793e+00 4.456879999999999731e-01
-7.750000000000000000e+01 -5.183246073298429124e+00 8.119200000000000028e-02
-7.750000000000000000e+01 -4.240837696335078455e+00 2.371499999999999997e-02
-7.750000000000000000e+01 -3.298429319371727786e+00 2.078319999999999890e-01
-7.750000000000000000e+01 -2.356020942408377117e+00 1.308549999999999991e-01
-7.750000000000000000e+01 -1.413612565445026226e+00 2.409499999999999975e-01
-7.750000000000000000e+01 -4.712041884816753901e-01 1.864520000000000066e-01
-7.750000000000000000e+01 4.712041884816753901e-01 1.864520000000000066e-01
-7.625000000000000000e+01 -1.083769633507853669e+01 5.862400000000000250e-02
-7.625000000000000000e+01 -9.895287958115185134e+00 1.222049999999999942e-01
-7.625000000000000000e+01 -8.952879581151833577e+00 3.080609999999999737e-01
-7.625000000000000000e+01 -8.010471204188482020e+00 7.878499999999999392e-02
-7.625000000000000000e+01 -7.068062827225130462e+00 1.815180000000000127e-01
-7.625000000000000000e+01 -6.125654450261779793e+00 2.195509999999999962e-01
-7.625000000000000000e+01 -5.183246073298429124e+00 4.002700000000000008e-02
-7.625000000000000000e+01 -4.240837696335078455e+00 1.472000000000000001e-03
-7.625000000000000000e+01 -3.298429319371727786e+00 3.983000000000000429e-03
-7.625000000000000000e+01 -2.356020942408377117e+00 2.553000000000000148e-03
-7.625000000000000000e+01 -1.413612565445026226e+00 2.611000000000000040e-03
-7.625000000000000000e+01 -4.712041884816753901e-01 3.632599999999999718e-02
-7.625000000000000000e+01 4.712041884816753901e-01 3.632599999999999718e-02
-7.625000000000000000e+01 1.413612565445026226e+00 5.418650000000000411e-01
-7.500000000000000000e+01 -1.366492146596859136e+01 7.814200000000000312e-02
-7.500000000000000000e+01 -1.272251308900523981e+01 1.417779999999999874e-01
-7.500000000000000000e+01 -1.178010471204188825e+01 1.237540000000000029e-01
-7.500000000000000000e+01 -1.083769633507853669e+01 2.882859999999999867e-01
-7.500000000000000000e+01 -9.895287958115185134e+00 1.319700000000000040e-01
-7.500000000000000000e+01 -8.952879581151833577e+00 3.187630000000000186e-01
-7.500000000000000000e+01 -8.010471204188482020e+00 1.847370000000000123e-01
-7.500000000000000000e+01 -7.068062827225130462e+00 3.468899999999999761e-02
-7.500000000000000000e+01 -6.125654450261779793e+00 6.070300000000000001e-02
-7.500000000000000000e+01 -5.183246073298429124e+00 4.566900000000000126e-02
-7.500000000000000000e+01 -4.240837696335078455e+00 2.003299999999999872e-02
-7.500000000000000000e+01 -3.298429319371727786e+00 2.305999999999999890e-03
-7.500000000000000000e+01 -2.356020942408377117e+00 6.376999999999999856e-03
-7.500000000000000000e+01 -1.413612565445026226e+00 5.597000000000000412e-03
-7.500000000000000000e+01 -4.712041884816753901e-01 2.222800000000000123e-02
-7.500000000000000000e+01 4.712041884816753901e-01 2.222800000000000123e-02
-7.500000000000000000e+01 1.413612565445026226e+00 3.912550000000000194e-01
-7.500000000000000000e+01 2.356020942408377117e+00 7.337979999999999503e-01
-7.375000000000000000e+01 -1.460732984293194114e+01 0.000000000000000000e+00
-7.375000000000000000e+01 -1.366492146596859136e+01 1.302490000000000037e-01
-7.375000000000000000e+01 -1.272251308900523981e+01 7.895599999999999841e-02
-7.375000000000000000e+01 -1.178010471204188825e+01 9.472300000000000164e-02
-7.375000000000000000e+01 -1.083769633507853669e+01 7.813299999999999412e-02
-7.375000000000000000e+01 -9.895287958115185134e+00 5.654499999999999804e-02
-7.375000000000000000e+01 -8.952879581151833577e+00 7.447700000000000153e-02
-7.375000000000000000e+01 -8.010471204188482020e+00 6.146999999999999686e-02
-7.375000000000000000e+01 -7.068062827225130462e+00 1.368300000000000072e-02
-7.375000000000000000e+01 -6.125654450261779793e+00 2.464699999999999877e-02
-7.375000000000000000e+01 -5.183246073298429124e+00 7.177999999999999658e-02
-7.375000000000000000e+01 -4.240837696335078455e+00 2.272499999999999867e-02
-7.375000000000000000e+01 -3.298429319371727786e+00 7.262000000000000226e-03
-7.375000000000000000e+01 -2.356020942408377117e+00 5.327000000000000138e-03
-7.375000000000000000e+01 -1.413612565445026226e+00 3.189700000000000174e-02
-7.375000000000000000e+01 -4.712041884816753901e-01 2.467000000000000009e-03
-7.375000000000000000e+01 4.712041884816753901e-01 2.467000000000000009e-03
-7.375000000000000000e+01 1.413612565445026226e+00 3.635300000000000337e-02
-7.250000000000000000e+01 -1.460732984293194114e+01 5.432000000000000196e-03
-7.250000000000000000e+01 -1.366492146596859136e+01 1.374849999999999961e-01
-7.250000000000000000e+01 -1.272251308900523981e+01 1.601160000000000083e-01
-7.250000000000000000e+01 -1.178010471204188825e+01 4.293199999999999794e-02
-7.250000000000000000e+01 -1.083769633507853669e+01 6.879999999999999831e-03
-7.250000000000000000e+01 -9.895287958115185134e+00 0.000000000000000000e+00
-7.250000000000000000e+01 -8.952879581151833577e+00 9.388999999999999777e-03
-7.250000000000000000e+01 -8.010471204188482020e+00 2.005830000000000113e-01
-7.250000000000000000e+01 -7.068062827225130462e+00 7.549599999999999367e-02
-7.250000000000000000e+01 -6.125654450261779793e+00 9.730000000000000151e-04
-7.250000000000000000e+01 -5.183246073298429124e+00 9.737000000000000863e-03
-7.250000000000000000e+01 -4.240837696335078455e+00 1.123389999999999944e-01
-7.250000000000000000e+01 -3.298429319371727786e+00 2.123999999999999846e-02
-7.250000000000000000e+01 -2.356020942408377117e+00 1.273600000000000079e-02
-7.250000000000000000e+01 -1.413612565445026226e+00 3.782999999999999904e-03
-7.250000000000000000e+01 -4.712041884816753901e-01 6.908000000000000078e-03
-7.250000000000000000e+01 4.712041884816753901e-01 6.908000000000000078e-03
-7.250000000000000000e+01 1.413612565445026226e+00 1.020399999999999953e-02
-7.125000000000000000e+01 -1.460732984293194114e+01 9.079900000000000471e-02
-7.125000000000000000e+01 -1.366492146596859136e+01 2.439500000000000002e-02
-7.125000000000000000e+01 -1.272251308900523981e+01 6.575000000000000289e-02
-7.125000000000000000e+01 -1.178010471204188825e+01 0.000000000000000000e+00
-7.125000000000000000e+01 -1.083769633507853669e+01 0.000000000000000000e+00
-7.125000000000000000e+01 -9.895287958115185134e+00 6.791000000000000161e-03
-7.125000000000000000e+01 -8.952879581151833577e+00 3.049500000000000127e-02
-7.125000000000000000e+01 -8.010471204188482020e+00 1.788899999999999935e-01
-7.125000000000000000e+01 -7.068062827225130462e+00 3.642999999999999971e-03
-7.125000000000000000e+01 -6.125654450261779793e+00 4.655000000000000283e-03
-7.125000000000000000e+01 -5.183246073298429124e+00 2.429999999999999977e-04
-7.125000000000000000e+01 -4.240837696335078455e+00 2.263300000000000034e-02
-7.125000000000000000e+01 -3.298429319371727786e+00 1.589999999999999888e-04
-7.125000000000000000e+01 -2.356020942408377117e+00 2.131800000000000014e-02
-7.125000000000000000e+01 -1.413612565445026226e+00 3.592000000000000141e-03
-7.125000000000000000e+01 -4.712041884816753901e-01 0.000000000000000000e+00
-7.125000000000000000e+01 4.712041884816753901e-01 0.000000000000000000e+00
-7.125000000000000000e+01 1.413612565445026226e+00 3.394799999999999901e-02
-7.000000000000000000e+01 -1.366492146596859136e+01 8.580000000000000820e-03
-7.000000000000000000e+01 -1.272251308900523981e+01 9.426099999999999757e-02
-7.000000000000000000e+01 -1.178010471204188825e+01 0.000000000000000000e+00
-7.000000000000000000e+01 -1.083769633507853669e+01 1.270920000000000105e-01
-7.000000000000000000e+01 -9.895287958115185134e+00 3.200000000000000262e-04
-7.000000000000000000e+01 -8.952879581151833577e+00 4.764600000000000085e-02
-7.000000000000000000e+01 -8.010471204188482020e+00 1.098340000000000011e-01
-7.000000000000000000e+01 -7.068062827225130462e+00 2.868199999999999916e-02
-7.000000000000000000e+01 -6.125654450261779793e+00 1.861000000000000024e-03
-7.000000000000000000e+01 -5.183246073298429124e+00 8.040000000000000271e-04
-7.000000000000000000e+01 -4.240837696335078455e+00 7.808700000000000363e-02
-7.000000000000000000e+01 -3.298429319371727786e+00 1.920699999999999838e-02
-7.000000000000000000e+01 -2.356020942408377117e+00 6.481999999999999915e-03
-7.000000000000000000e+01 -1.413612565445026226e+00 1.328599999999999920e-02
-7.000000000000000000e+01 -4.712041884816753901e-01 1.220300000000000031e-02
-7.000000000000000000e+01 4.712041884816753901e-01 1.220300000000000031e-02
-7.000000000000000000e+01 1.413612565445026226e+00 3.897999999999999989e-03
-6.875000000000000000e+01 -1.554973821989529448e+01 6.769999999999999759e-04
-6.875000000000000000e+01 -1.460732984293194114e+01 2.383700000000000055e-02
-6.875000000000000000e+01 -1.366492146596859136e+01 6.006000000000000054e-03
-6.875000000000000000e+01 -1.272251308900523981e+01 9.856299999999999784e-02
-6.875000000000000000e+01 -1.178010471204188825e+01 2.025210000000000066e-01
-6.875000000000000000e+01 -1.083769633507853669e+01 3.984260000000000024e-01
-6.875000000000000000e+01 -9.895287958115185134e+00 3.888799999999999896e-02
-6.875000000000000000e+01 -8.952879581151833577e+00 1.917540000000000078e-01
-6.875000000000000000e+01 -8.010471204188482020e+00 3.200000000000000262e-04
-6.875000000000000000e+01 -7.068062827225130462e+00 2.047999999999999907e-03
-6.875000000000000000e+01 -6.125654450261779793e+00 1.129999999999999928e-03
-6.875000000000000000e+01 -5.183246073298429124e+00 4.840000000000000010e-04
-6.875000000000000000e+01 -4.240837696335078455e+00 4.423999999999999981e-03
-6.875000000000000000e+01 -3.298429319371727786e+00 7.030999999999999923e-03
-6.875000000000000000e+01 -2.356020942408377117e+00 2.458000000000000115e-03
-6.875000000000000000e+01 -1.413612565445026226e+00 2.337999999999999801e-03
-6.875000000000000000e+01 -4.712041884816753901e-01 1.129100000000000069e-02
-6.875000000000000000e+01 4.712041884816753901e-01 1.129100000000000069e-02
-6.875000000000000000e+01 1.413612565445026226e+00 1.240499999999999936e-02
-6.875000000000000000e+01 2.356020942408377117e+00 6.295000000000000248e-03
-6.750000000000000000e+01 -1.649214659685864603e+01 1.926769999999999872e-01
-6.750000000000000000e+01 -1.554973821989529448e+01 1.926769999999999872e-01
-6.750000000000000000e+01 -1.460732984293194114e+01 6.833899999999999697e-02
-6.750000000000000000e+01 -1.366492146596859136e+01 5.379300000000000054e-02
-6.750000000000000000e+01 -1.272251308900523981e+01 5.739000000000000178e-03
-6.750000000000000000e+01 -1.178010471204188825e+01 1.366200000000000053e-02
-6.750000000000000000e+01 -1.083769633507853669e+01 2.256400000000000072e-01
-6.750000000000000000e+01 -9.895287958115185134e+00 6.645280000000000076e-01
-6.750000000000000000e+01 -8.952879581151833577e+00 9.350400000000000378e-02
-6.750000000000000000e+01 -8.010471204188482020e+00 9.590000000000000000e-04
-6.750000000000000000e+01 -7.068062827225130462e+00 8.919999999999999978e-04
-6.750000000000000000e+01 -6.125654450261779793e+00 5.134999999999999808e-03
-6.750000000000000000e+01 -5.183246073298429124e+00 1.128000000000000096e-03
-6.750000000000000000e+01 -4.240837696335078455e+00 8.059999999999999673e-04
-6.750000000000000000e+01 -3.298429319371727786e+00 1.389100000000000057e-02
-6.750000000000000000e+01 -2.356020942408377117e+00 3.310000000000000225e-04
-6.750000000000000000e+01 -1.413612565445026226e+00 8.000000000000000654e-05
-6.750000000000000000e+01 -4.712041884816753901e-01 8.989999999999999511e-04
-6.750000000000000000e+01 4.712041884816753901e-01 8.989999999999999511e-04
-6.750000000000000000e+01 1.413612565445026226e+00 6.081999999999999733e-03
-6.750000000000000000e+01 2.356020942408377117e+00 7.219999999999999855e-04
-6.625000000000000000e+01 -1.837696335078534560e+01 8.382100000000000661e-02
-6.625000000000000000e+01 -1.743455497382199582e+01 1.708230000000000026e-01
-6.625000000000000000e+01 -1.649214659685864603e+01 2.194000000000000204e-03
-6.625000000000000000e+01 -1.554973821989529448e+01 2.194000000000000204e-03
-6.625000000000000000e+01 -1.460732984293194114e+01 7.301000000000000198e-03
-6.625000000000000000e+01 -1.366492146596859136e+01 1.134000000000000025e-03
-6.625000000000000000e+01 -1.272251308900523981e+01 0.000000000000000000e+00
-6.625000000000000000e+01 -1.178010471204188825e+01 6.708000000000000421e-03
-6.625000000000000000e+01 -1.083769633507853669e+01 8.196399999999999519e-02
-6.625000000000000000e+01 -9.895287958115185134e+00 1.836599999999999899e-01
-6.625000000000000000e+01 -8.952879581151833577e+00 3.356200000000000155e-02
-6.625000000000000000e+01 -8.010471204188482020e+00 2.295000000000000165e-03
-6.625000000000000000e+01 -7.068062827225130462e+00 8.109999999999999805e-04
-6.625000000000000000e+01 -6.125654450261779793e+00 1.610000000000000103e-04
-6.625000000000000000e+01 -5.183246073298429124e+00 3.260000000000000094e-04
-6.625000000000000000e+01 -4.240837696335078455e+00 3.536000000000000081e-03
-6.625000000000000000e+01 -3.298429319371727786e+00 1.376199999999999993e-02
-6.625000000000000000e+01 -2.356020942408377117e+00 6.198000000000000384e-03
-6.625000000000000000e+01 -1.413612565445026226e+00 0.000000000000000000e+00
-6.625000000000000000e+01 -4.712041884816753901e-01 2.425000000000000072e-03
-6.625000000000000000e+01 4.712041884816753901e-01 2.425000000000000072e-03
-6.625000000000000000e+01 1.413612565445026226e+00 7.334000000000000241e-02
-6.625000000000000000e+01 2.356020942408377117e+00 6.675899999999999890e-02
-6.500000000000000000e+01 -1.837696335078534560e+01 2.469000000000000014e-02
-6.500000000000000000e+01 -1.743455497382199582e+01 3.612239999999999895e-01
-6.500000000000000000e+01 -1.649214659685864603e+01 1.077099999999999932e-02
-6.500000000000000000e+01 -1.554973821989529448e+01 1.077099999999999932e-02
-6.500000000000000000e+01 -1.460732984293194114e+01 4.854999999999999941e-03
-6.500000000000000000e+01 -1.366492146596859136e+01 3.310000000000000008e-03
-6.500000000000000000e+01 -1.272251308900523981e+01 1.495000000000000018e-03
-6.500000000000000000e+01 -1.178010471204188825e+01 7.492000000000000395e-03
-6.500000000000000000e+01 -1.083769633507853669e+01 1.597339999999999871e-01
-6.500000000000000000e+01 -9.895287958115185134e+00 3.604140000000000121e-01
-6.500000000000000000e+01 -8.952879581151833577e+00 9.378000000000000225e-02
-6.500000000000000000e+01 -8.010471204188482020e+00 2.351999999999999924e-03
-6.500000000000000000e+01 -7.068062827225130462e+00 2.769699999999999940e-02
-6.500000000000000000e+01 -6.125654450261779793e+00 1.147999999999999932e-03
-6.500000000000000000e+01 -5.183246073298429124e+00 8.170000000000000179e-04
-6.500000000000000000e+01 -4.240837696335078455e+00 5.682000000000000418e-03
-6.500000000000000000e+01 -3.298429319371727786e+00 1.641499999999999904e-02
-6.500000000000000000e+01 -2.356020942408377117e+00 4.329999999999999648e-03
-6.500000000000000000e+01 -1.413612565445026226e+00 1.791999999999999973e-03
-6.500000000000000000e+01 -4.712041884816753901e-01 7.742999999999999883e-03
-6.500000000000000000e+01 4.712041884816753901e-01 7.742999999999999883e-03
-6.500000000000000000e+01 1.413612565445026226e+00 2.658999999999999905e-03
-6.375000000000000000e+01 -2.026178010471204516e+01 0.000000000000000000e+00
-6.375000000000000000e+01 -1.931937172774869538e+01 1.278239999999999932e-01
-6.375000000000000000e+01 -1.837696335078534560e+01 1.309450000000000058e-01
-6.375000000000000000e+01 -1.743455497382199582e+01 4.731630000000000003e-01
-6.375000000000000000e+01 -1.649214659685864603e+01 5.647900000000000142e-02
-6.375000000000000000e+01 -1.554973821989529448e+01 5.647900000000000142e-02
-6.375000000000000000e+01 -1.460732984293194114e+01 2.364099999999999882e-02
-6.375000000000000000e+01 -1.366492146596859136e+01 2.972999999999999948e-03
-6.375000000000000000e+01 -1.272251308900523981e+01 2.256999999999999892e-03
-6.375000000000000000e+01 -1.178010471204188825e+01 3.911830000000000029e-01
-6.375000000000000000e+01 -1.083769633507853669e+01 4.810500000000000193e-02
-6.375000000000000000e+01 -9.895287958115185134e+00 3.862019999999999897e-01
-6.375000000000000000e+01 -8.952879581151833577e+00 6.301400000000000334e-01
-6.375000000000000000e+01 -8.010471204188482020e+00 1.705609999999999904e-01
-6.375000000000000000e+01 -7.068062827225130462e+00 1.697500000000000051e-02
-6.375000000000000000e+01 -6.125654450261779793e+00 4.970999999999999724e-03
-6.375000000000000000e+01 -5.183246073298429124e+00 3.750999999999999994e-03
-6.375000000000000000e+01 -4.240837696335078455e+00 3.670899999999999858e-02
-6.375000000000000000e+01 -3.298429319371727786e+00 1.724000000000000055e-03
-6.375000000000000000e+01 -2.356020942408377117e+00 3.249999999999999851e-04
-6.375000000000000000e+01 -1.413612565445026226e+00 3.240000000000000150e-04
-6.375000000000000000e+01 -4.712041884816753901e-01 1.828999999999999897e-03
-6.375000000000000000e+01 4.712041884816753901e-01 1.828999999999999897e-03
-6.375000000000000000e+01 1.413612565445026226e+00 0.000000000000000000e+00
-6.375000000000000000e+01 3.298429319371727786e+00 1.150100000000000081e-02
-6.250000000000000000e+01 -1.931937172774869538e+01 3.482219999999999760e-01
-6.250000000000000000e+01 -1.837696335078534560e+01 6.883679999999999799e-01
-6.250000000000000000e+01 -1.743455497382199582e+01 7.450689999999999813e-01
-6.250000000000000000e+01 -1.649214659685864603e+01 7.326100000000000667e-02
-6.250000000000000000e+01 -1.554973821989529448e+01 7.326100000000000667e-02
-6.250000000000000000e+01 -1.460732984293194114e+01 7.910999999999999630e-03
-6.250000000000000000e+01 -1.366492146596859136e+01 2.263999999999999953e-03
-6.250000000000000000e+01 -1.272251308900523981e+01 6.702999999999999757e-03
-6.250000000000000000e+01 -1.178010471204188825e+01 4.681540000000000146e-01
-6.250000000000000000e+01 -1.083769633507853669e+01 3.931600000000000095e-01
-6.250000000000000000e+01 -9.895287958115185134e+00 9.175619999999999887e-01
-6.250000000000000000e+01 -8.952879581151833577e+00 3.535510000000000042e-01
-6.250000000000000000e+01 -8.010471204188482020e+00 1.345590000000000119e-01
-6.250000000000000000e+01 -7.068062827225130462e+00 1.447829999999999950e-01
-6.250000000000000000e+01 -6.125654450261779793e+00 2.078599999999999892e-02
-6.250000000000000000e+01 -5.183246073298429124e+00 2.396000000000000126e-03
-6.250000000000000000e+01 -4.240837696335078455e+00 4.298899999999999944e-02
-6.250000000000000000e+01 -3.298429319371727786e+00 7.041999999999999649e-03
-6.250000000000000000e+01 -2.356020942408377117e+00 1.056999999999999997e-03
-6.250000000000000000e+01 -1.413612565445026226e+00 1.025599999999999949e-02
-6.250000000000000000e+01 -4.712041884816753901e-01 6.509999999999999945e-04
-6.250000000000000000e+01 4.712041884816753901e-01 6.509999999999999945e-04
-6.250000000000000000e+01 1.413612565445026226e+00 1.435000000000000078e-03
-6.250000000000000000e+01 2.356020942408377117e+00 8.090000000000000403e-04
-6.250000000000000000e+01 3.298429319371727786e+00 0.000000000000000000e+00
-6.125000000000000000e+01 -1.837696335078534560e+01 1.649919999999999998e-01
-6.125000000000000000e+01 -1.743455497382199582e+01 1.025189999999999990e-01
-6.125000000000000000e+01 -1.649214659685864603e+01 1.446890000000000120e-01
-6.125000000000000000e+01 -1.554973821989529448e+01 1.446890000000000120e-01
-6.125000000000000000e+01 -1.460732984293194114e+01 2.859199999999999936e-02
-6.125000000000000000e+01 -1.366492146596859136e+01 4.522899999999999837e-02
-6.125000000000000000e+01 -1.272251308900523981e+01 6.230890000000000040e-01
-6.125000000000000000e+01 -1.178010471204188825e+01 7.419090000000000407e-01
-6.125000000000000000e+01 -1.083769633507853669e+01 4.248700000000000254e-01
-6.125000000000000000e+01 -9.895287958115185134e+00 2.347509999999999875e-01
-6.125000000000000000e+01 -8.952879581151833577e+00 5.312900000000000261e-02
-6.125000000000000000e+01 -8.010471204188482020e+00 3.842999999999999888e-02
-6.125000000000000000e+01 -7.068062827225130462e+00 7.571999999999999738e-03
-6.125000000000000000e+01 -6.125654450261779793e+00 5.179000000000000270e-02
-6.125000000000000000e+01 -5.183246073298429124e+00 1.814400000000000041e-02
-6.125000000000000000e+01 -4.240837696335078455e+00 7.422700000000000131e-02
-6.125000000000000000e+01 -3.298429319371727786e+00 1.247980000000000061e-01
-6.125000000000000000e+01 -2.356020942408377117e+00 1.824000000000000100e-03
-6.125000000000000000e+01 -1.413612565445026226e+00 2.938000000000000073e-03
-6.125000000000000000e+01 -4.712041884816753901e-01 7.114900000000000391e-02
-6.125000000000000000e+01 4.712041884816753901e-01 7.114900000000000391e-02
-6.125000000000000000e+01 1.413612565445026226e+00 8.053599999999999648e-02
-6.125000000000000000e+01 2.356020942408377117e+00 4.545830000000000148e-01
-6.125000000000000000e+01 3.298429319371727786e+00 2.039710000000000134e-01
-6.125000000000000000e+01 4.240837696335078455e+00 2.582699999999999926e-02
-6.000000000000000000e+01 -1.554973821989529448e+01 9.636000000000000121e-02
-6.000000000000000000e+01 -1.460732984293194114e+01 3.798560000000000270e-01
-6.000000000000000000e+01 -1.366492146596859136e+01 4.251829999999999776e-01
-6.000000000000000000e+01 -1.272251308900523981e+01 3.631630000000000136e-01
-6.000000000000000000e+01 -1.178010471204188825e+01 1.094429999999999986e-01
-6.000000000000000000e+01 -1.083769633507853669e+01 1.011199999999999946e-02
-6.000000000000000000e+01 -9.895287958115185134e+00 1.381930000000000103e-01
-6.000000000000000000e+01 -8.952879581151833577e+00 3.941299999999999665e-02
-6.000000000000000000e+01 -8.010471204188482020e+00 0.000000000000000000e+00
-6.000000000000000000e+01 -7.068062827225130462e+00 1.460559999999999914e-01
-6.000000000000000000e+01 -6.125654450261779793e+00 1.603200000000000111e-02
-6.000000000000000000e+01 -5.183246073298429124e+00 3.843499999999999694e-02
-6.000000000000000000e+01 -4.240837696335078455e+00 2.365549999999999875e-01
-6.000000000000000000e+01 -3.298429319371727786e+00 5.626609999999999667e-01
-6.000000000000000000e+01 -2.356020942408377117e+00 3.854890000000000261e-01
-6.000000000000000000e+01 -1.413612565445026226e+00 6.636899999999999744e-02
-6.000000000000000000e+01 -4.712041884816753901e-01 2.180700000000000000e-02
-6.000000000000000000e+01 4.712041884816753901e-01 2.180700000000000000e-02
-6.000000000000000000e+01 1.413612565445026226e+00 4.443280000000000007e-01
-6.000000000000000000e+01 2.356020942408377117e+00 8.752400000000000457e-02
-6.000000000000000000e+01 3.298429319371727786e+00 8.562300000000000466e-02
-6.000000000000000000e+01 4.240837696335078455e+00 1.166099999999999949e-02
-6.000000000000000000e+01 5.183246073298429124e+00 1.274999999999999918e-02
-5.875000000000000000e+01 -1.366492146596859136e+01 3.093999999999999875e-02
-5.875000000000000000e+01 -1.272251308900523981e+01 1.451999999999999949e-03
-5.875000000000000000e+01 -1.178010471204188825e+01 1.753369999999999929e-01
-5.875000000000000000e+01 -1.083769633507853669e+01 5.486180000000000501e-01
-5.875000000000000000e+01 -9.895287958115185134e+00 4.262369999999999770e-01
-5.875000000000000000e+01 -8.952879581151833577e+00 7.651199999999999668e-02
-5.875000000000000000e+01 -8.010471204188482020e+00 2.400000000000000061e-04
-5.875000000000000000e+01 -7.068062827225130462e+00 2.257599999999999885e-02
-5.875000000000000000e+01 -6.125654450261779793e+00 5.649999999999999641e-04
-5.875000000000000000e+01 -5.183246073298429124e+00 1.392999999999999924e-03
-5.875000000000000000e+01 -4.240837696335078455e+00 1.437470000000000137e-01
-5.875000000000000000e+01 -3.298429319371727786e+00 4.851929999999999854e-01
-5.875000000000000000e+01 -2.356020942408377117e+00 3.339899999999999813e-02
-5.875000000000000000e+01 -1.413612565445026226e+00 0.000000000000000000e+00
-5.875000000000000000e+01 -4.712041884816753901e-01 0.000000000000000000e+00
-5.875000000000000000e+01 4.712041884816753901e-01 0.000000000000000000e+00
-5.750000000000000000e+01 -1.366492146596859136e+01 5.194300000000000306e-02
-5.750000000000000000e+01 -1.272251308900523981e+01 5.814199999999999924e-02
-5.750000000000000000e+01 -1.178010471204188825e+01 4.592649999999999788e-01
-5.750000000000000000e+01 -1.083769633507853669e+01 4.122379999999999933e-01
-5.750000000000000000e+01 -9.895287958115185134e+00 3.428970000000000073e-01
-5.750000000000000000e+01 -8.952879581151833577e+00 4.634400000000000325e-02
-5.750000000000000000e+01 -8.010471204188482020e+00 8.415999999999999870e-03
-5.750000000000000000e+01 -7.068062827225130462e+00 3.477000000000000056e-03
-5.750000000000000000e+01 -6.125654450261779793e+00 2.730799999999999894e-02
-5.750000000000000000e+01 -5.183246073298429124e+00 1.631999999999999987e-03
-5.750000000000000000e+01 -4.240837696335078455e+00 4.804100000000000037e-02
-5.750000000000000000e+01 -3.298429319371727786e+00 2.909289999999999932e-01
-5.750000000000000000e+01 -2.356020942408377117e+00 3.631100000000000300e-02
-5.750000000000000000e+01 -1.413612565445026226e+00 6.917999999999999670e-03
-5.750000000000000000e+01 -4.712041884816753901e-01 0.000000000000000000e+00
-5.750000000000000000e+01 4.712041884816753901e-01 0.000000000000000000e+00
-5.750000000000000000e+01 1.413612565445026226e+00 3.260000000000000094e-04
-5.625000000000000000e+01 -1.366492146596859136e+01 3.092619999999999814e-01
-5.625000000000000000e+01 -1.272251308900523981e+01 3.108960000000000057e-01
-5.625000000000000000e+01 -1.178010471204188825e+01 6.789039999999999520e-01
-5.625000000000000000e+01 -1.083769633507853669e+01 4.774530000000000163e-01
-5.625000000000000000e+01 -9.895287958115185134e+00 8.787650000000000183e-01
-5.625000000000000000e+01 -8.952879581151833577e+00 7.032700000000000062e-02
-5.625000000000000000e+01 -8.010471204188482020e+00 1.331300000000000018e-02
-5.625000000000000000e+01 -7.068062827225130462e+00 7.218900000000000317e-02
-5.625000000000000000e+01 -6.125654450261779793e+00 9.284799999999999998e-02
-5.625000000000000000e+01 -5.183246073298429124e+00 2.103319999999999912e-01
-5.625000000000000000e+01 -4.240837696335078455e+00 3.796220000000000150e-01
-5.625000000000000000e+01 -3.298429319371727786e+00 3.520100000000000312e-02
-5.625000000000000000e+01 -2.356020942408377117e+00 3.483140000000000125e-01
-5.625000000000000000e+01 -1.413612565445026226e+00 2.926700000000000135e-02
-5.625000000000000000e+01 -4.712041884816753901e-01 8.000000000000000654e-05
-5.625000000000000000e+01 4.712041884816753901e-01 8.000000000000000654e-05
-5.625000000000000000e+01 1.413612565445026226e+00 0.000000000000000000e+00
-5.500000000000000000e+01 -1.460732984293194114e+01 1.805289999999999950e-01
-5.500000000000000000e+01 -1.366492146596859136e+01 4.412399999999999656e-02
-5.500000000000000000e+01 -1.272251308900523981e+01 4.280100000000000016e-01
-5.500000000000000000e+01 -1.178010471204188825e+01 6.706790000000000251e-01
-5.500000000000000000e+01 -1.083769633507853669e+01 7.879399999999999737e-01
-5.500000000000000000e+01 -9.895287958115185134e+00 7.924050000000000260e-01
-5.500000000000000000e+01 -8.952879581151833577e+00 1.089480000000000032e-01
-5.500000000000000000e+01 -8.010471204188482020e+00 1.944740000000000080e-01
-5.500000000000000000e+01 -7.068062827225130462e+00 1.663270000000000026e-01
-5.500000000000000000e+01 -6.125654450261779793e+00 9.700999999999999554e-03
-5.500000000000000000e+01 -5.183246073298429124e+00 7.209999999999999612e-04
-5.500000000000000000e+01 -4.240837696335078455e+00 3.260939999999999950e-01
-5.500000000000000000e+01 -3.298429319371727786e+00 4.959470000000000267e-01
-5.500000000000000000e+01 -2.356020942408377117e+00 5.709079999999999711e-01
-5.500000000000000000e+01 -1.413612565445026226e+00 1.508699999999999972e-02
-5.500000000000000000e+01 -4.712041884816753901e-01 2.420000000000000005e-04
-5.500000000000000000e+01 4.712041884816753901e-01 2.420000000000000005e-04
-5.500000000000000000e+01 1.413612565445026226e+00 2.420000000000000005e-04
-5.500000000000000000e+01 2.356020942408377117e+00 5.760000000000000146e-04
-5.375000000000000000e+01 -1.460732984293194114e+01 4.079999999999999968e-04
-5.375000000000000000e+01 -1.366492146596859136e+01 4.297000000000000125e-02
-5.375000000000000000e+01 -1.272251308900523981e+01 2.721560000000000090e-01
-5.375000000000000000e+01 -1.178010471204188825e+01 1.762410000000000088e-01
-5.375000000000000000e+01 -1.083769633507853669e+01 3.382490000000000219e-01
-5.375000000000000000e+01 -9.895287958115185134e+00 3.552489999999999815e-01
-5.375000000000000000e+01 -8.952879581151833577e+00 7.896000000000000241e-03
-5.375000000000000000e+01 -8.010471204188482020e+00 8.000000000000000654e-05
-5.375000000000000000e+01 -7.068062827225130462e+00 2.665999999999999967e-03
-5.375000000000000000e+01 -6.125654450261779793e+00 1.603100000000000011e-02
-5.375000000000000000e+01 -5.183246073298429124e+00 4.708000000000000379e-03
-5.375000000000000000e+01 -4.240837696335078455e+00 3.212079999999999935e-01
-5.375000000000000000e+01 -3.298429319371727786e+00 3.074370000000000158e-01
-5.375000000000000000e+01 -2.356020942408377117e+00 4.727759999999999740e-01
-5.375000000000000000e+01 -1.413612565445026226e+00 7.603899999999999548e-02
-5.375000000000000000e+01 -4.712041884816753901e-01 9.719999999999999907e-04
-5.375000000000000000e+01 4.712041884816753901e-01 9.719999999999999907e-04
-5.375000000000000000e+01 1.413612565445026226e+00 1.331399999999999945e-02
-5.375000000000000000e+01 2.356020942408377117e+00 1.054000000000000032e-03
-5.250000000000000000e+01 -1.366492146596859136e+01 1.248499999999999957e-02
-5.250000000000000000e+01 -1.272251308900523981e+01 2.572280000000000122e-01
-5.250000000000000000e+01 -1.178010471204188825e+01 1.174509999999999998e-01
-5.250000000000000000e+01 -1.083769633507853669e+01 2.880980000000000207e-01
-5.250000000000000000e+01 -9.895287958115185134e+00 1.055259999999999948e-01
-5.250000000000000000e+01 -8.952879581151833577e+00 5.699999999999999772e-04
-5.250000000000000000e+01 -8.010471204188482020e+00 2.985999999999999939e-03
-5.250000000000000000e+01 -7.068062827225130462e+00 1.275999999999999912e-01
-5.250000000000000000e+01 -6.125654450261779793e+00 2.007539999999999880e-01
-5.250000000000000000e+01 -5.183246073298429124e+00 2.674000000000000161e-03
-5.250000000000000000e+01 -4.240837696335078455e+00 1.007389999999999952e-01
-5.250000000000000000e+01 -3.298429319371727786e+00 2.540660000000000140e-01
-5.250000000000000000e+01 -2.356020942408377117e+00 4.132399999999999962e-02
-5.250000000000000000e+01 -1.413612565445026226e+00 3.343960000000000266e-01
-5.250000000000000000e+01 -4.712041884816753901e-01 1.059599999999999952e-02
-5.250000000000000000e+01 4.712041884816753901e-01 1.059599999999999952e-02
-5.125000000000000000e+01 -8.952879581151833577e+00 6.177280000000000548e-01
-5.125000000000000000e+01 -8.010471204188482020e+00 4.362519999999999731e-01
-5.125000000000000000e+01 -7.068062827225130462e+00 5.555909999999999460e-01
-5.125000000000000000e+01 -5.183246073298429124e+00 2.582110000000000238e-01
-5.125000000000000000e+01 -4.240837696335078455e+00 4.072500000000000009e-01
-5.125000000000000000e+01 -3.298429319371727786e+00 3.620240000000000125e-01
-5.125000000000000000e+01 -2.356020942408377117e+00 1.724910000000000054e-01
-5.000000000000000000e+01 -3.298429319371727786e+00 5.207319999999999727e-01
