-7.875000000000000000e+01 -6.125654450261779793e+00 4.854299999999999726e-01
-7.875000000000000000e+01 -5.183246073298429124e+00 1.612929999999999919e-01
-7.875000000000000000e+01 -4.240837696335078455e+00 1.642430000000000001e-01
-7.875000000000000000e+01 -3.298429319371727786e+00 2.688329999999999886e-01
-7.875000000000000000e+01 -2.356020942408377117e+00 0.000000000000000000e+00
-7.875000000000000000e+01 -1.413612565445026226e+00 0.000000000000000000e+00
-7.750000000000000000e+01 -8.952879581151833577e+00 1.875680000000000125e-01
-7.750000000000000000e+01 -8.010471204188482020e+00 1.435049999999999937e-01
-7.750000000000000000e+01 -7.068062827225130462e+00 2.789139999999999953e-01
-7.750000000000000000e+01 -6.125654450261779793e+00 3.673640000000000239e-01
-7.750000000000000000e+01 -5.183246073298429124e+00 3.680800000000000044e-02
-7.750000000000000000e+01 -4.240837696335078455e+00 2.131900000000000114e-02
-7.750000000000000000e+01 -3.298429319371727786e+00 1.234129999999999949e-01
-7.750000000000000000e+01 -2.356020942408377117e+00 9.359599999999999864e-02
-7.750000000000000000e+01 -1.413612565445026226e+00 1.704900000000000027e-01
-7.750000000000000000e+01 -4.712041884816753901e-01 1.838210000000000122e-01
-7.750000000000000000e+01 4.712041884816753901e-01 1.838210000000000122e-01
-7.625000000000000000e+01 -1.083769633507853669e+01 5.236099999999999782e-02
-7.625000000000000000e+01 -9.895287958115185134e+00 1.191740000000000022e-01
-7.625000000000000000e+01 -8.952879581151833577e+00 2.561620000000000008e-01
-7.625000000000000000e+01 -8.010471204188482020e+00 7.261199999999999599e-02
-7.625000000000000000e+01 -7.068062827225130462e+00 1.702249999999999874e-01
-7.625000000000000000e+01 -6.125654450261779793e+00 1.597709999999999964e-01
-7.625000000000000000e+01 -5.183246073298429124e+00 4.002700000000000008e-02
-7.625000000000000000e+01 -4.240837696335078455e+00 1.472000000000000001e-03
-7.625000000000000000e+01 -3.298429319371727786e+00 3.983000000000000429e-03
-7.625000000000000000e+01 -2.356020942408377117e+00 2.553000000000000148e-03
-7.625000000000000000e+01 -1.413612565445026226e+00 2.611000000000000040e-03
-7.625000000000000000e+01 -4.712041884816753901e-01 2.446800000000000017e-02
-7.625000000000000000e+01 4.712041884816753901e-01 2.446800000000000017e-02
-7.625000000000000000e+01 1.413612565445026226e+00 4.179939999999999767e-01
-7.500000000000000000e+01 -1.366492146596859136e+01 7.814200000000000312e-02
-7.500000000000000000e+01 -1.272251308900523981e+01 1.417779999999999874e-01
-7.500000000000000000e+01 -1.178010471204188825e+01 1.235910000000000064e-01
-7.500000000000000000e+01 -1.083769633507853669e+01 2.510700000000000154e-01
-7.500000000000000000e+01 -9.895287958115185134e+00 1.158030000000000032e-01
-7.500000000000000000e+01 -8.952879581151833577e+00 2.280629999999999880e-01
-7.500000000000000000e+01 -8.010471204188482020e+00 1.560469999999999913e-01
-7.500000000000000000e+01 -7.068062827225130462e+00 3.468899999999999761e-02
-7.500000000000000000e+01 -6.125654450261779793e+00 6.070300000000000001e-02
-7.500000000000000000e+01 -5.183246073298429124e+00 4.566900000000000126e-02
-7.500000000000000000e+01 -4.240837696335078455e+00 2.003299999999999872e-02
-7.500000000000000000e+01 -3.298429319371727786e+00 2.305999999999999890e-03
-7.500000000000000000e+01 -2.356020942408377117e+00 6.376999999999999856e-03
-7.500000000000000000e+01 -1.413612565445026226e+00 5.597000000000000412e-03
-7.500000000000000000e+01 -4.712041884816753901e-01 2.222800000000000123e-02
-7.500000000000000000e+01 4.712041884816753901e-01 2.222800000000000123e-02
-7.500000000000000000e+01 1.413612565445026226e+00 3.767070000000000141e-01
-7.500000000000000000e+01 2.356020942408377117e+00 5.868839999999999613e-01
-7.375000000000000000e+01 -1.460732984293194114e+01 0.000000000000000000e+00
-7.375000000000000000e+01 -1.366492146596859136e+01 1.302490000000000037e-01
-7.375000000000000000e+01 -1.272251308900523981e+01 7.813799999999999912e-02
-7.375000000000000000e+01 -1.178010471204188825e+01 9.292000000000000259e-02
-7.375000000000000000e+01 -1.083769633507853669e+01 6.972899999999999932e-02
-7.375000000000000000e+01 -9.895287958115185134e+00 5.654499999999999804e-02
-7.375000000000000000e+01 -8.952879581151833577e+00 6.736399999999999333e-02
-7.375000000000000000e+01 -8.010471204188482020e+00 4.371200000000000085e-02
-7.375000000000000000e+01 -7.068062827225130462e+00 9.365999999999999326e-03
-7.375000000000000000e+01 -6.125654450261779793e+00 2.464699999999999877e-02
-7.375000000000000000e+01 -5.183246073298429124e+00 7.177999999999999658e-02
-7.375000000000000000e+01 -4.240837696335078455e+00 2.272499999999999867e-02
-7.375000000000000000e+01 -3.298429319371727786e+00 7.262000000000000226e-03
-7.375000000000000000e+01 -2.356020942408377117e+00 5.327000000000000138e-03
-7.375000000000000000e+01 -1.413612565445026226e+00 1.030499999999999992e-02
-7.375000000000000000e+01 -4.712041884816753901e-01 2.467000000000000009e-03
-7.375000000000000000e+01 4.712041884816753901e-01 2.467000000000000009e-03
-7.375000000000000000e+01 1.413612565445026226e+00 3.635300000000000337e-02
-7.250000000000000000e+01 -1.460732984293194114e+01 5.432000000000000196e-03
-7.250000000000000000e+01 -1.366492146596859136e+01 1.374849999999999961e-01
-7.250000000000000000e+01 -1.272251308900523981e+01 1.564750000000000030e-01
-7.250000000000000000e+01 -1.178010471204188825e+01 4.293199999999999794e-02
-7.250000000000000000e+01 -1.083769633507853669e+01 6.879999999999999831e-03
-7.250000000000000000e+01 -9.895287958115185134e+00 0.000000000000000000e+00
-7.250000000000000000e+01 -8.952879581151833577e+00 9.388999999999999777e-03
-7.250000000000000000e+01 -8.010471204188482020e+00 1.252429999999999932e-01
-7.250000000000000000e+01 -7.068062827225130462e+00 3.661400000000000071e-02
-7.250000000000000000e+01 -6.125654450261779793e+00 9.730000000000000151e-04
-7.250000000000000000e+01 -5.183246073298429124e+00 9.737000000000000863e-03
-7.250000000000000000e+01 -4.240837696335078455e+00 1.123389999999999944e-01
-7.250000000000000000e+01 -3.298429319371727786e+00 2.123999999999999846e-02
-7.250000000000000000e+01 -2.356020942408377117e+00 6.451000000000000137e-03
-7.250000000000000000e+01 -1.413612565445026226e+00 1.644999999999999978e-03
-7.250000000000000000e+01 -4.712041884816753901e-01 6.908000000000000078e-03
-7.250000000000000000e+01 4.712041884816753901e-01 6.908000000000000078e-03
-7.250000000000000000e+01 1.413612565445026226e+00 1.020399999999999953e-02
-7.125000000000000000e+01 -1.460732984293194114e+01 9.079900000000000471e-02
-7.125000000000000000e+01 -1.366492146596859136e+01 2.439500000000000002e-02
-7.125000000000000000e+01 -1.272251308900523981e+01 3.774700000000000277e-02
-7.125000000000000000e+01 -1.178010471204188825e+01 0.000000000000000000e+00
-7.125000000000000000e+01 -1.083769633507853669e+01 0.000000000000000000e+00
-7.125000000000000000e+01 -9.895287958115185134e+00 6.791000000000000161e-03
-7.125000000000000000e+01 -8.952879581151833577e+00 2.287099999999999897e-02
-7.125000000000000000e+01 -8.010471204188482020e+00 9.247400000000000064e-02
-7.125000000000000000e+01 -7.068062827225130462e+00 3.642999999999999971e-03
-7.125000000000000000e+01 -6.125654450261779793e+00 4.655000000000000283e-03
-7.125000000000000000e+01 -5.183246073298429124e+00 2.429999999999999977e-04
-7.125000000000000000e+01 -4.240837696335078455e+00 1.669899999999999857e-02
-7.125000000000000000e+01 -3.298429319371727786e+00 1.589999999999999888e-04
-7.125000000000000000e+01 -2.356020942408377117e+00 7.677999999999999929e-03
-7.125000000000000000e+01 -1.413612565445026226e+00 3.510000000000000099e-03
-7.125000000000000000e+01 -4.712041884816753901e-01 0.000000000000000000e+00
-7.125000000000000000e+01 4.712041884816753901e-01 0.000000000000000000e+00
-7.125000000000000000e+01 1.413612565445026226e+00 1.028199999999999947e-02
-7.000000000000000000e+01 -1.366492146596859136e+01 8.580000000000000820e-03
-7.000000000000000000e+01 -1.272251308900523981e+01 3.393399999999999889e-02
-7.000000000000000000e+01 -1.178010471204188825e+01 0.000000000000000000e+00
-7.000000000000000000e+01 -1.083769633507853669e+01 5.020000000000000157e-02
-7.000000000000000000e+01 -9.895287958115185134e+00 3.200000000000000262e-04
-7.000000000000000000e+01 -8.952879581151833577e+00 1.008200000000000068e-02
-7.000000000000000000e+01 -8.010471204188482020e+00 5.960499999999999826e-02
-7.000000000000000000e+01 -7.068062827225130462e+00 2.868199999999999916e-02
-7.000000000000000000e+01 -6.125654450261779793e+00 1.861000000000000024e-03
-7.000000000000000000e+01 -5.183246073298429124e+00 8.040000000000000271e-04
-7.000000000000000000e+01 -4.240837696335078455e+00 4.852200000000000263e-02
-7.000000000000000000e+01 -3.298429319371727786e+00 1.013499999999999991e-02
-7.000000000000000000e+01 -2.356020942408377117e+00 2.321000000000000146e-03
-7.000000000000000000e+01 -1.413612565445026226e+00 6.975000000000000297e-03
-7.000000000000000000e+01 -4.712041884816753901e-01 1.220300000000000031e-02
-7.000000000000000000e+01 4.712041884816753901e-01 1.220300000000000031e-02
-7.000000000000000000e+01 1.413612565445026226e+00 3.167000000000000110e-03
-6.875000000000000000e+01 -1.554973821989529448e+01 6.769999999999999759e-04
-6.875000000000000000e+01 -1.460732984293194114e+01 1.873800000000000118e-02
-6.875000000000000000e+01 -1.366492146596859136e+01 3.651999999999999864e-03
-6.875000000000000000e+01 -1.272251308900523981e+01 5.486699999999999910e-02
-6.875000000000000000e+01 -1.178010471204188825e+01 7.879400000000000293e-02
-6.875000000000000000e+01 -1.083769633507853669e+01 2.635680000000000245e-01
-6.875000000000000000e+01 -9.895287958115185134e+00 2.142499999999999960e-02
-6.875000000000000000e+01 -8.952879581151833577e+00 7.689799999999999414e-02
-6.875000000000000000e+01 -8.010471204188482020e+00 3.200000000000000262e-04
-6.875000000000000000e+01 -7.068062827225130462e+00 2.047999999999999907e-03
-6.875000000000000000e+01 -6.125654450261779793e+00 1.129999999999999928e-03
-6.875000000000000000e+01 -5.183246073298429124e+00 4.840000000000000010e-04
-6.875000000000000000e+01 -4.240837696335078455e+00 4.423999999999999981e-03
-6.875000000000000000e+01 -3.298429319371727786e+00 7.030999999999999923e-03
-6.875000000000000000e+01 -2.356020942408377117e+00 6.549999999999999833e-04
-6.875000000000000000e+01 -1.413612565445026226e+00 9.669999999999999776e-04
-6.875000000000000000e+01 -4.712041884816753901e-01 1.129100000000000069e-02
-6.875000000000000000e+01 4.712041884816753901e-01 1.129100000000000069e-02
-6.875000000000000000e+01 1.413612565445026226e+00 1.126300000000000044e-02
-6.875000000000000000e+01 2.356020942408377117e+00 6.131000000000000165e-03
-6.750000000000000000e+01 -1.649214659685864603e+01 1.157239999999999935e-01
-6.750000000000000000e+01 -1.554973821989529448e+01 1.157239999999999935e-01
-6.750000000000000000e+01 -1.460732984293194114e+01 3.045600000000000043e-02
-6.750000000000000000e+01 -1.366492146596859136e+01 3.034500000000000045e-02
-6.750000000000000000e+01 -1.272251308900523981e+01 5.739000000000000178e-03
-6.750000000000000000e+01 -1.178010471204188825e+01 1.366200000000000053e-02
-6.750000000000000000e+01 -1.083769633507853669e+01 1.502330000000000054e-01
-6.750000000000000000e+01 -9.895287958115185134e+00 4.962230000000000252e-01
-6.750000000000000000e+01 -8.952879581151833577e+00 4.227999999999999814e-02
-6.750000000000000000e+01 -8.010471204188482020e+00 9.590000000000000000e-04
-6.750000000000000000e+01 -7.068062827225130462e+00 8.919999999999999978e-04
-6.750000000000000000e+01 -6.125654450261779793e+00 5.134999999999999808e-03
-6.750000000000000000e+01 -5.183246073298429124e+00 1.128000000000000096e-03
-6.750000000000000000e+01 -4.240837696335078455e+00 8.059999999999999673e-04
-6.750000000000000000e+01 -3.298429319371727786e+00 1.389100000000000057e-02
-6.750000000000000000e+01 -2.356020942408377117e+00 3.310000000000000225e-04
-6.750000000000000000e+01 -1.413612565445026226e+00 8.000000000000000654e-05
-6.750000000000000000e+01 -4.712041884816753901e-01 8.989999999999999511e-04
-6.750000000000000000e+01 4.712041884816753901e-01 8.989999999999999511e-04
-6.750000000000000000e+01 1.413612565445026226e+00 6.081999999999999733e-03
-6.750000000000000000e+01 2.356020942408377117e+00 7.219999999999999855e-04
-6.625000000000000000e+01 -1.837696335078534560e+01 8.382100000000000661e-02
-6.625000000000000000e+01 -1.743455497382199582e+01 8.970200000000000395e-02
-6.625000000000000000e+01 -1.649214659685864603e+01 1.786999999999999960e-03
-6.625000000000000000e+01 -1.554973821989529448e+01 1.786999999999999960e-03
-6.625000000000000000e+01 -1.460732984293194114e+01 6.328000000000000291e-03
-6.625000000000000000e+01 -1.366492146596859136e+01 1.134000000000000025e-03
-6.625000000000000000e+01 -1.272251308900523981e+01 0.000000000000000000e+00
-6.625000000000000000e+01 -1.178010471204188825e+01 5.414999999999999675e-03
-6.625000000000000000e+01 -1.083769633507853669e+01 4.502500000000000252e-02
-6.625000000000000000e+01 -9.895287958115185134e+00 9.847599999999999409e-02
-6.625000000000000000e+01 -8.952879581151833577e+00 1.099900000000000010e-02
-6.625000000000000000e+01 -8.010471204188482020e+00 2.295000000000000165e-03
-6.625000000000000000e+01 -7.068062827225130462e+00 8.109999999999999805e-04
-6.625000000000000000e+01 -6.125654450261779793e+00 1.610000000000000103e-04
-6.625000000000000000e+01 -5.183246073298429124e+00 3.260000000000000094e-04
-6.625000000000000000e+01 -4.240837696335078455e+00 3.536000000000000081e-03
-6.625000000000000000e+01 -3.298429319371727786e+00 1.376199999999999993e-02
-6.625000000000000000e+01 -2.356020942408377117e+00 6.198000000000000384e-03
-6.625000000000000000e+01 -1.413612565445026226e+00 0.000000000000000000e+00
-6.625000000000000000e+01 -4.712041884816753901e-01 2.425000000000000072e-03
-6.625000000000000000e+01 4.712041884816753901e-01 2.425000000000000072e-03
-6.625000000000000000e+01 1.413612565445026226e+00 7.366399999999999337e-02
-6.625000000000000000e+01 2.356020942408377117e+00 6.895700000000000440e-02
-6.500000000000000000e+01 -1.837696335078534560e+01 1.972000000000000142e-02
-6.500000000000000000e+01 -1.743455497382199582e+01 2.271479999999999888e-01
-6.500000000000000000e+01 -1.649214659685864603e+01 9.317999999999999894e-03
-6.500000000000000000e+01 -1.554973821989529448e+01 9.317999999999999894e-03
-6.500000000000000000e+01 -1.460732984293194114e+01 5.106000000000000295e-03
-6.500000000000000000e+01 -1.366492146596859136e+01 2.969999999999999984e-03
-6.500000000000000000e+01 -1.272251308900523981e+01 1.412000000000000061e-03
-6.500000000000000000e+01 -1.178010471204188825e+01 7.238999999999999775e-03
-6.500000000000000000e+01 -1.083769633507853669e+01 1.185520000000000046e-01
-6.500000000000000000e+01 -9.895287958115185134e+00 2.031469999999999942e-01
-6.500000000000000000e+01 -8.952879581151833577e+00 4.125000000000000194e-02
-6.500000000000000000e+01 -8.010471204188482020e+00 2.351999999999999924e-03
-6.500000000000000000e+01 -7.068062827225130462e+00 1.628800000000000039e-02
-6.500000000000000000e+01 -6.125654450261779793e+00 1.147999999999999932e-03
-6.500000000000000000e+01 -5.183246073298429124e+00 1.630000000000000047e-04
-6.500000000000000000e+01 -4.240837696335078455e+00 3.540999999999999877e-03
-6.500000000000000000e+01 -3.298429319371727786e+00 9.591000000000000567e-03
-6.500000000000000000e+01 -2.356020942408377117e+00 4.329999999999999648e-03
-6.500000000000000000e+01 -1.413612565445026226e+00 1.791999999999999973e-03
-6.500000000000000000e+01 -4.712041884816753901e-01 7.742999999999999883e-03
-6.500000000000000000e+01 4.712041884816753901e-01 7.742999999999999883e-03
-6.500000000000000000e+01 1.413612565445026226e+00 2.658999999999999905e-03
-6.375000000000000000e+01 -2.026178010471204516e+01 0.000000000000000000e+00
-6.375000000000000000e+01 -1.931937172774869538e+01 5.113000000000000184e-02
-6.375000000000000000e+01 -1.837696335078534560e+01 8.636099999999999333e-02
-6.375000000000000000e+01 -1.743455497382199582e+01 3.706030000000000157e-01
-6.375000000000000000e+01 -1.649214659685864603e+01 4.833799999999999902e-02
-6.375000000000000000e+01 -1.554973821989529448e+01 4.833799999999999902e-02
-6.375000000000000000e+01 -1.460732984293194114e+01 2.339400000000000160e-02
-6.375000000000000000e+01 -1.366492146596859136e+01 2.972999999999999948e-03
-6.375000000000000000e+01 -1.272251308900523981e+01 1.505000000000000044e-03
-6.375000000000000000e+01 -1.178010471204188825e+01 2.045230000000000103e-01
-6.375000000000000000e+01 -1.083769633507853669e+01 3.725300000000000139e-02
-6.375000000000000000e+01 -9.895287958115185134e+00 2.857489999999999752e-01
-6.375000000000000000e+01 -8.952879581151833577e+00 3.797459999999999725e-01
-6.375000000000000000e+01 -8.010471204188482020e+00 5.641899999999999693e-02
-6.375000000000000000e+01 -7.068062827225130462e+00 4.930999999999999620e-03
-6.375000000000000000e+01 -6.125654450261779793e+00 4.970999999999999724e-03
-6.375000000000000000e+01 -5.183246073298429124e+00 1.794000000000000022e-03
-6.375000000000000000e+01 -4.240837696335078455e+00 2.810199999999999851e-02
-6.375000000000000000e+01 -3.298429319371727786e+00 1.724000000000000055e-03
-6.375000000000000000e+01 -2.356020942408377117e+00 3.249999999999999851e-04
-6.375000000000000000e+01 -1.413612565445026226e+00 3.240000000000000150e-04
-6.375000000000000000e+01 -4.712041884816753901e-01 1.828999999999999897e-03
-6.375000000000000000e+01 4.712041884816753901e-01 1.828999999999999897e-03
-6.375000000000000000e+01 1.413612565445026226e+00 0.000000000000000000e+00
-6.375000000000000000e+01 3.298429319371727786e+00 1.085299999999999980e-02
-6.250000000000000000e+01 -1.931937172774869538e+01 2.804909999999999903e-01
-6.250000000000000000e+01 -1.837696335078534560e+01 5.990029999999999522e-01
-6.250000000000000000e+01 -1.743455497382199582e+01 6.329120000000000301e-01
-6.250000000000000000e+01 -1.649214659685864603e+01 6.768799999999999817e-02
-6.250000000000000000e+01 -1.554973821989529448e+01 6.768799999999999817e-02
-6.250000000000000000e+01 -1.460732984293194114e+01 7.910999999999999630e-03
-6.250000000000000000e+01 -1.366492146596859136e+01 2.263999999999999953e-03
-6.250000000000000000e+01 -1.272251308900523981e+01 1.157999999999999958e-03
-6.250000000000000000e+01 -1.178010471204188825e+01 3.012319999999999998e-01
-6.250000000000000000e+01 -1.083769633507853669e+01 3.193509999999999960e-01
-6.250000000000000000e+01 -9.895287958115185134e+00 7.713360000000000216e-01
-6.250000000000000000e+01 -8.952879581151833577e+00 2.300679999999999947e-01
-6.250000000000000000e+01 -8.010471204188482020e+00 4.601800000000000335e-02
-6.250000000000000000e+01 -7.068062827225130462e+00 3.166900000000000270e-02
-6.250000000000000000e+01 -6.125654450261779793e+00 6.766000000000000313e-03
-6.250000000000000000e+01 -5.183246073298429124e+00 2.396000000000000126e-03
-6.250000000000000000e+01 -4.240837696335078455e+00 2.640400000000000039e-02
-6.250000000000000000e+01 -3.298429319371727786e+00 5.029999999999999749e-03
-6.250000000000000000e+01 -2.356020942408377117e+00 1.056999999999999997e-03
-6.250000000000000000e+01 -1.413612565445026226e+00 2.269000000000000183e-03
-6.250000000000000000e+01 -4.712041884816753901e-01 6.509999999999999945e-04
-6.250000000000000000e+01 4.712041884816753901e-01 6.509999999999999945e-04
-6.250000000000000000e+01 1.413612565445026226e+00 1.435000000000000078e-03
-6.250000000000000000e+01 2.356020942408377117e+00 8.090000000000000403e-04
-6.250000000000000000e+01 3.298429319371727786e+00 0.000000000000000000e+00
-6.125000000000000000e+01 -1.837696335078534560e+01 1.272699999999999942e-01
-6.125000000000000000e+01 -1.743455497382199582e+01 5.438799999999999885e-02
-6.125000000000000000e+01 -1.649214659685864603e+01 8.098700000000000343e-02
-6.125000000000000000e+01 -1.554973821989529448e+01 8.098700000000000343e-02
-6.125000000000000000e+01 -1.460732984293194114e+01 1.109699999999999923e-02
-6.125000000000000000e+01 -1.366492146596859136e+01 3.512300000000000144e-02
-6.125000000000000000e+01 -1.272251308900523981e+01 5.717170000000000307e-01
-6.125000000000000000e+01 -1.178010471204188825e+01 5.778250000000000330e-01
-6.125000000000000000e+01 -1.083769633507853669e+01 3.545130000000000225e-01
-6.125000000000000000e+01 -9.895287958115185134e+00 1.268189999999999873e-01
-6.125000000000000000e+01 -8.952879581151833577e+00 1.839400000000000063e-02
-6.125000000000000000e+01 -8.010471204188482020e+00 1.576200000000000170e-02
-6.125000000000000000e+01 -7.068062827225130462e+00 1.611000000000000019e-03
-6.125000000000000000e+01 -6.125654450261779793e+00 3.425600000000000173e-02
-6.125000000000000000e+01 -5.183246073298429124e+00 1.047400000000000067e-02
-6.125000000000000000e+01 -4.240837696335078455e+00 2.967399999999999899e-02
-6.125000000000000000e+01 -3.298429319371727786e+00 2.884300000000000058e-02
-6.125000000000000000e+01 -2.356020942408377117e+00 1.302999999999999905e-03
-6.125000000000000000e+01 -1.413612565445026226e+00 4.899999999999999842e-04
-6.125000000000000000e+01 -4.712041884816753901e-01 2.451499999999999860e-02
-6.125000000000000000e+01 4.712041884816753901e-01 2.451499999999999860e-02
-6.125000000000000000e+01 1.413612565445026226e+00 2.753399999999999945e-02
-6.125000000000000000e+01 2.356020942408377117e+00 2.307309999999999917e-01
-6.125000000000000000e+01 3.298429319371727786e+00 1.224660000000000054e-01
-6.125000000000000000e+01 4.240837696335078455e+00 8.066000000000000253e-03
-6.000000000000000000e+01 -1.554973821989529448e+01 8.343899999999999928e-02
-6.000000000000000000e+01 -1.460732984293194114e+01 3.369249999999999745e-01
-6.000000000000000000e+01 -1.366492146596859136e+01 3.234770000000000145e-01
-6.000000000000000000e+01 -1.272251308900523981e+01 2.670250000000000123e-01
-6.000000000000000000e+01 -1.178010471204188825e+01 6.004799999999999721e-02
-6.000000000000000000e+01 -1.083769633507853669e+01 1.132999999999999893e-03
-6.000000000000000000e+01 -9.895287958115185134e+00 4.446800000000000058e-02
-6.000000000000000000e+01 -8.952879581151833577e+00 5.265999999999999848e-03
-6.000000000000000000e+01 -8.010471204188482020e+00 0.000000000000000000e+00
-6.000000000000000000e+01 -7.068062827225130462e+00 9.193400000000000183e-02
-6.000000000000000000e+01 -6.125654450261779793e+00 6.741999999999999729e-03
-6.000000000000000000e+01 -5.183246073298429124e+00 1.388400000000000051e-02
-6.000000000000000000e+01 -4.240837696335078455e+00 1.001100000000000045e-01
-6.000000000000000000e+01 -3.298429319371727786e+00 2.297269999999999868e-01
-6.000000000000000000e+01 -2.356020942408377117e+00 1.217379999999999990e-01
-6.000000000000000000e+01 -1.413612565445026226e+00 2.396099999999999966e-02
-6.000000000000000000e+01 -4.712041884816753901e-01 6.598999999999999831e-03
-6.000000000000000000e+01 4.712041884816753901e-01 6.598999999999999831e-03
-6.000000000000000000e+01 1.413612565445026226e+00 2.408420000000000005e-01
-6.000000000000000000e+01 2.356020942408377117e+00 3.317699999999999816e-02
-6.000000000000000000e+01 3.298429319371727786e+00 4.318099999999999716e-02
-6.000000000000000000e+01 4.240837696335078455e+00 1.091600000000000036e-02
-6.000000000000000000e+01 5.183246073298429124e+00 1.274999999999999918e-02
-5.875000000000000000e+01 -1.366492146596859136e+01 1.856400000000000064e-02
-5.875000000000000000e+01 -1.272251308900523981e+01 1.129000000000000012e-03
-5.875000000000000000e+01 -1.178010471204188825e+01 1.336370000000000058e-01
-5.875000000000000000e+01 -1.083769633507853669e+01 3.752010000000000067e-01
-5.875000000000000000e+01 -9.895287958115185134e+00 1.649140000000000050e-01
-5.875000000000000000e+01 -8.952879581151833577e+00 3.468099999999999655e-02
-5.875000000000000000e+01 -8.010471204188482020e+00 2.400000000000000061e-04
-5.875000000000000000e+01 -7.068062827225130462e+00 8.085999999999999438e-03
-5.875000000000000000e+01 -6.125654450261779793e+00 5.649999999999999641e-04
-5.875000000000000000e+01 -5.183246073298429124e+00 1.229000000000000058e-03
-5.875000000000000000e+01 -4.240837696335078455e+00 9.176700000000000135e-02
-5.875000000000000000e+01 -3.298429319371727786e+00 2.379890000000000061e-01
-5.875000000000000000e+01 -2.356020942408377117e+00 9.702000000000000554e-03
-5.875000000000000000e+01 -1.413612565445026226e+00 0.000000000000000000e+00
-5.875000000000000000e+01 -4.712041884816753901e-01 0.000000000000000000e+00
-5.875000000000000000e+01 4.712041884816753901e-01 0.000000000000000000e+00
-5.750000000000000000e+01 -1.366492146596859136e+01 4.006799999999999945e-02
-5.750000000000000000e+01 -1.272251308900523981e+01 4.551000000000000184e-02
-5.750000000000000000e+01 -1.178010471204188825e+01 3.542040000000000188e-01
-5.750000000000000000e+01 -1.083769633507853669e+01 3.276609999999999800e-01
-5.750000000000000000e+01 -9.895287958115185134e+00 1.992810000000000137e-01
-5.750000000000000000e+01 -8.952879581151833577e+00 1.760400000000000159e-02
-5.750000000000000000e+01 -8.010471204188482020e+00 1.814999999999999990e-03
-5.750000000000000000e+01 -7.068062827225130462e+00 1.572999999999999962e-03
-5.750000000000000000e+01 -6.125654450261779793e+00 8.628000000000000252e-03
-5.750000000000000000e+01 -5.183246073298429124e+00 1.631999999999999987e-03
-5.750000000000000000e+01 -4.240837696335078455e+00 4.399499999999999938e-02
-5.750000000000000000e+01 -3.298429319371727786e+00 2.051080000000000125e-01
-5.750000000000000000e+01 -2.356020942408377117e+00 2.492700000000000124e-02
-5.750000000000000000e+01 -1.413612565445026226e+00 6.185999999999999659e-03
-5.750000000000000000e+01 -4.712041884816753901e-01 0.000000000000000000e+00
-5.750000000000000000e+01 4.712041884816753901e-01 0.000000000000000000e+00
-5.750000000000000000e+01 1.413612565445026226e+00 8.100000000000000375e-05
-5.625000000000000000e+01 -1.366492146596859136e+01 2.153410000000000046e-01
-5.625000000000000000e+01 -1.272251308900523981e+01 2.502820000000000045e-01
-5.625000000000000000e+01 -1.178010471204188825e+01 5.130890000000000173e-01
-5.625000000000000000e+01 -1.083769633507853669e+01 3.525940000000000185e-01
-5.625000000000000000e+01 -9.895287958115185134e+00 6.992530000000000134e-01
-5.625000000000000000e+01 -8.952879581151833577e+00 3.380500000000000171e-02
-5.625000000000000000e+01 -8.010471204188482020e+00 3.108999999999999785e-03
-5.625000000000000000e+01 -7.068062827225130462e+00 3.009200000000000069e-02
-5.625000000000000000e+01 -6.125654450261779793e+00 3.757599999999999829e-02
-5.625000000000000000e+01 -5.183246073298429124e+00 1.134890000000000065e-01
-5.625000000000000000e+01 -4.240837696335078455e+00 2.988120000000000220e-01
-5.625000000000000000e+01 -3.298429319371727786e+00 2.066300000000000081e-02
-5.625000000000000000e+01 -2.356020942408377117e+00 3.165330000000000088e-01
-5.625000000000000000e+01 -1.413612565445026226e+00 2.534300000000000094e-02
-5.625000000000000000e+01 -4.712041884816753901e-01 8.000000000000000654e-05
-5.625000000000000000e+01 4.712041884816753901e-01 8.000000000000000654e-05
-5.625000000000000000e+01 1.413612565445026226e+00 0.000000000000000000e+00
-5.500000000000000000e+01 -1.460732984293194114e+01 1.750160000000000049e-01
-5.500000000000000000e+01 -1.366492146596859136e+01 4.123700000000000282e-02
-5.500000000000000000e+01 -1.272251308900523981e+01 2.528889999999999749e-01
-5.500000000000000000e+01 -1.178010471204188825e+01 4.293690000000000007e-01
-5.500000000000000000e+01 -1.083769633507853669e+01 5.862370000000000081e-01
-5.500000000000000000e+01 -9.895287958115185134e+00 6.460829999999999629e-01
-5.500000000000000000e+01 -8.952879581151833577e+00 4.369200000000000167e-02
-5.500000000000000000e+01 -8.010471204188482020e+00 8.804099999999999426e-02
-5.500000000000000000e+01 -7.068062827225130462e+00 9.290199999999999847e-02
-5.500000000000000000e+01 -6.125654450261779793e+00 5.609999999999999752e-04
-5.500000000000000000e+01 -5.183246073298429124e+00 4.809999999999999823e-04
-5.500000000000000000e+01 -4.240837696335078455e+00 2.206069999999999975e-01
-5.500000000000000000e+01 -3.298429319371727786e+00 3.470599999999999796e-01
-5.500000000000000000e+01 -2.356020942408377117e+00 5.298199999999999577e-01
-5.500000000000000000e+01 -1.413612565445026226e+00 1.091400000000000009e-02
-5.500000000000000000e+01 -4.712041884816753901e-01 2.420000000000000005e-04
-5.500000000000000000e+01 4.712041884816753901e-01 2.420000000000000005e-04
-5.500000000000000000e+01 1.413612565445026226e+00 2.420000000000000005e-04
-5.500000000000000000e+01 2.356020942408377117e+00 5.760000000000000146e-04
-5.375000000000000000e+01 -1.460732984293194114e+01 4.079999999999999968e-04
-5.375000000000000000e+01 -1.366492146596859136e+01 3.976999999999999980e-02
-5.375000000000000000e+01 -1.272251308900523981e+01 1.898970000000000102e-01
-5.375000000000000000e+01 -1.178010471204188825e+01 8.491100000000000037e-02
-5.375000000000000000e+01 -1.083769633507853669e+01 1.834340000000000137e-01
-5.375000000000000000e+01 -9.895287958115185134e+00 2.269960000000000033e-01
-5.375000000000000000e+01 -8.952879581151833577e+00 2.174999999999999850e-03
-5.375000000000000000e+01 -8.010471204188482020e+00 8.000000000000000654e-05
-5.375000000000000000e+01 -7.068062827225130462e+00 2.101000000000000003e-03
-5.375000000000000000e+01 -6.125654450261779793e+00 6.347000000000000211e-03
-5.375000000000000000e+01 -5.183246073298429124e+00 2.922000000000000118e-03
-5.375000000000000000e+01 -4.240837696335078455e+00 2.168779999999999875e-01
-5.375000000000000000e+01 -3.298429319371727786e+00 1.312619999999999898e-01
-5.375000000000000000e+01 -2.356020942408377117e+00 4.338710000000000067e-01
-5.375000000000000000e+01 -1.413612565445026226e+00 6.641299999999999981e-02
-5.375000000000000000e+01 -4.712041884816753901e-01 9.719999999999999907e-04
-5.375000000000000000e+01 4.712041884816753901e-01 9.719999999999999907e-04
-5.375000000000000000e+01 1.413612565445026226e+00 1.217999999999999899e-03
-5.375000000000000000e+01 2.356020942408377117e+00 1.054000000000000032e-03
-5.250000000000000000e+01 -1.366492146596859136e+01 1.280700000000000068e-02
-5.250000000000000000e+01 -1.272251308900523981e+01 2.114679999999999893e-01
-5.250000000000000000e+01 -1.178010471204188825e+01 9.537299999999999944e-02
-5.250000000000000000e+01 -1.083769633507853669e+01 2.545589999999999797e-01
-5.250000000000000000e+01 -9.895287958115185134e+00 8.104799999999999505e-02
-5.250000000000000000e+01 -8.952879581151833577e+00 5.699999999999999772e-04
-5.250000000000000000e+01 -8.010471204188482020e+00 1.492999999999999969e-03
-5.250000000000000000e+01 -7.068062827225130462e+00 1.870099999999999887e-02
-5.250000000000000000e+01 -6.125654450261779793e+00 3.952800000000000064e-02
-5.250000000000000000e+01 -5.183246073298429124e+00 1.755000000000000050e-03
-5.250000000000000000e+01 -4.240837696335078455e+00 7.428700000000000581e-02
-5.250000000000000000e+01 -3.298429319371727786e+00 1.812020000000000020e-01
-5.250000000000000000e+01 -2.356020942408377117e+00 3.057800000000000101e-02
-5.250000000000000000e+01 -1.413612565445026226e+00 1.432539999999999925e-01
-5.250000000000000000e+01 -4.712041884816753901e-01 1.051999999999999984e-03
-5.250000000000000000e+01 4.712041884816753901e-01 1.051999999999999984e-03
-5.125000000000000000e+01 -8.952879581151833577e+00 4.575339999999999963e-01
-5.125000000000000000e+01 -8.010471204188482020e+00 3.676130000000000231e-01
-5.125000000000000000e+01 -7.068062827225130462e+00 4.464170000000000083e-01
-5.125000000000000000e+01 -5.183246073298429124e+00 1.319359999999999977e-01
-5.125000000000000000e+01 -4.240837696335078455e+00 2.440450000000000119e-01
-5.125000000000000000e+01 -3.298429319371727786e+00 1.078749999999999987e-01
-5.125000000000000000e+01 -2.356020942408377117e+00 5.954700000000000271e-02
-5.000000000000000000e+01 -3.298429319371727786e+00 2.519080000000000208e-01
