-7.875000000000000000e+01 -6.125654450261779793e+00 5.024880000000000457e-01
-7.875000000000000000e+01 -5.183246073298429124e+00 2.080559999999999909e-01
-7.875000000000000000e+01 -4.240837696335078455e+00 2.915110000000000201e-01
-7.875000000000000000e+01 -3.298429319371727786e+00 3.966439999999999966e-01
-7.875000000000000000e+01 -2.356020942408377117e+00 0.000000000000000000e+00
-7.875000000000000000e+01 -1.413612565445026226e+00 0.000000000000000000e+00
-7.750000000000000000e+01 -8.952879581151833577e+00 1.897490000000000010e-01
-7.750000000000000000e+01 -8.010471204188482020e+00 1.435049999999999937e-01
-7.750000000000000000e+01 -7.068062827225130462e+00 2.846890000000000254e-01
-7.750000000000000000e+01 -6.125654450261779793e+00 5.232769999999999921e-01
-7.750000000000000000e+01 -5.183246073298429124e+00 1.353749999999999953e-01
-7.750000000000000000e+01 -4.240837696335078455e+00 4.742999999999999994e-02
-7.750000000000000000e+01 -3.298429319371727786e+00 2.640279999999999849e-01
-7.750000000000000000e+01 -2.356020942408377117e+00 2.082400000000000084e-01
-7.750000000000000000e+01 -1.413612565445026226e+00 3.060060000000000002e-01
-7.750000000000000000e+01 -4.712041884816753901e-01 1.935219999999999996e-01
-7.750000000000000000e+01 4.712041884816753901e-01 1.935219999999999996e-01
-7.625000000000000000e+01 -1.083769633507853669e+01 6.358199999999999963e-02
-7.625000000000000000e+01 -9.895287958115185134e+00 1.311329999999999996e-01
-7.625000000000000000e+01 -8.952879581151833577e+00 3.719189999999999996e-01
-7.625000000000000000e+01 -8.010471204188482020e+00 1.125730000000000064e-01
-7.625000000000000000e+01 -7.068062827225130462e+00 2.343580000000000108e-01
-7.625000000000000000e+01 -6.125654450261779793e+00 3.186300000000000243e-01
-7.625000000000000000e+01 -5.183246073298429124e+00 4.002700000000000008e-02
-7.625000000000000000e+01 -4.240837696335078455e+00 1.472000000000000001e-03
-7.625000000000000000e+01 -3.298429319371727786e+00 3.983000000000000429e-03
-7.625000000000000000e+01 -2.356020942408377117e+00 2.553000000000000148e-03
-7.625000000000000000e+01 -1.413612565445026226e+00 2.611000000000000040e-03
-7.625000000000000000e+01 -4.712041884816753901e-01 4.551100000000000284e-02
-7.625000000000000000e+01 4.712041884816753901e-01 4.551100000000000284e-02
-7.625000000000000000e+01 1.413612565445026226e+00 7.024310000000000276e-01
-7.500000000000000000e+01 -1.366492146596859136e+01 7.814200000000000312e-02
-7.500000000000000000e+01 -1.272251308900523981e+01 1.417779999999999874e-01
-7.500000000000000000e+01 -1.178010471204188825e+01 1.241629999999999956e-01
-7.500000000000000000e+01 -1.083769633507853669e+01 3.441509999999999847e-01
-7.500000000000000000e+01 -9.895287958115185134e+00 1.550640000000000074e-01
-7.500000000000000000e+01 -8.952879581151833577e+00 4.252090000000000036e-01
-7.500000000000000000e+01 -8.010471204188482020e+00 2.236029999999999962e-01
-7.500000000000000000e+01 -7.068062827225130462e+00 3.560399999999999676e-02
-7.500000000000000000e+01 -6.125654450261779793e+00 6.070300000000000001e-02
-7.500000000000000000e+01 -5.183246073298429124e+00 4.566900000000000126e-02
-7.500000000000000000e+01 -4.240837696335078455e+00 2.003299999999999872e-02
-7.500000000000000000e+01 -3.298429319371727786e+00 2.305999999999999890e-03
-7.500000000000000000e+01 -2.356020942408377117e+00 6.376999999999999856e-03
-7.500000000000000000e+01 -1.413612565445026226e+00 5.597000000000000412e-03
-7.500000000000000000e+01 -4.712041884816753901e-01 2.239400000000000071e-02
-7.500000000000000000e+01 4.712041884816753901e-01 2.239400000000000071e-02
-7.500000000000000000e+01 1.413612565445026226e+00 4.826889999999999792e-01
-7.500000000000000000e+01 2.356020942408377117e+00 8.148720000000000407e-01
-7.375000000000000000e+01 -1.460732984293194114e+01 0.000000000000000000e+00
-7.375000000000000000e+01 -1.366492146596859136e+01 1.302490000000000037e-01
-7.375000000000000000e+01 -1.272251308900523981e+01 8.411100000000000521e-02
-7.375000000000000000e+01 -1.178010471204188825e+01 9.562400000000000067e-02
-7.375000000000000000e+01 -1.083769633507853669e+01 8.645400000000000307e-02
-7.375000000000000000e+01 -9.895287958115185134e+00 5.654499999999999804e-02
-7.375000000000000000e+01 -8.952879581151833577e+00 7.949799999999999922e-02
-7.375000000000000000e+01 -8.010471204188482020e+00 8.742500000000000271e-02
-7.375000000000000000e+01 -7.068062827225130462e+00 1.441599999999999999e-02
-7.375000000000000000e+01 -6.125654450261779793e+00 2.464699999999999877e-02
-7.375000000000000000e+01 -5.183246073298429124e+00 7.177999999999999658e-02
-7.375000000000000000e+01 -4.240837696335078455e+00 2.272499999999999867e-02
-7.375000000000000000e+01 -3.298429319371727786e+00 7.262000000000000226e-03
-7.375000000000000000e+01 -2.356020942408377117e+00 5.409999999999999878e-03
-7.375000000000000000e+01 -1.413612565445026226e+00 8.186799999999999633e-02
-7.375000000000000000e+01 -4.712041884816753901e-01 2.467000000000000009e-03
-7.375000000000000000e+01 4.712041884816753901e-01 2.467000000000000009e-03
-7.375000000000000000e+01 1.413612565445026226e+00 3.635300000000000337e-02
-7.250000000000000000e+01 -1.460732984293194114e+01 5.432000000000000196e-03
-7.250000000000000000e+01 -1.366492146596859136e+01 1.374849999999999961e-01
-7.250000000000000000e+01 -1.272251308900523981e+01 1.706249999999999989e-01
-7.250000000000000000e+01 -1.178010471204188825e+01 4.293199999999999794e-02
-7.250000000000000000e+01 -1.083769633507853669e+01 6.879999999999999831e-03
-7.250000000000000000e+01 -9.895287958115185134e+00 0.000000000000000000e+00
-7.250000000000000000e+01 -8.952879581151833577e+00 9.877999999999999628e-03
-7.250000000000000000e+01 -8.010471204188482020e+00 3.499680000000000013e-01
-7.250000000000000000e+01 -7.068062827225130462e+00 1.011750000000000010e-01
-7.250000000000000000e+01 -6.125654450261779793e+00 9.730000000000000151e-04
-7.250000000000000000e+01 -5.183246073298429124e+00 9.737000000000000863e-03
-7.250000000000000000e+01 -4.240837696335078455e+00 1.123389999999999944e-01
-7.250000000000000000e+01 -3.298429319371727786e+00 2.123999999999999846e-02
-7.250000000000000000e+01 -2.356020942408377117e+00 4.300400000000000056e-02
-7.250000000000000000e+01 -1.413612565445026226e+00 1.266300000000000064e-02
-7.250000000000000000e+01 -4.712041884816753901e-01 6.908000000000000078e-03
-7.250000000000000000e+01 4.712041884816753901e-01 6.908000000000000078e-03
-7.250000000000000000e+01 1.413612565445026226e+00 1.020399999999999953e-02
-7.125000000000000000e+01 -1.460732984293194114e+01 9.079900000000000471e-02
-7.125000000000000000e+01 -1.366492146596859136e+01 2.439500000000000002e-02
-7.125000000000000000e+01 -1.272251308900523981e+01 1.192990000000000023e-01
-7.125000000000000000e+01 -1.178010471204188825e+01 0.000000000000000000e+00
-7.125000000000000000e+01 -1.083769633507853669e+01 0.000000000000000000e+00
-7.125000000000000000e+01 -9.895287958115185134e+00 6.791000000000000161e-03
-7.125000000000000000e+01 -8.952879581151833577e+00 5.320400000000000129e-02
-7.125000000000000000e+01 -8.010471204188482020e+00 4.111929999999999752e-01
-7.125000000000000000e+01 -7.068062827225130462e+00 6.395999999999999776e-03
-7.125000000000000000e+01 -6.125654450261779793e+00 4.655000000000000283e-03
-7.125000000000000000e+01 -5.183246073298429124e+00 2.429999999999999977e-04
-7.125000000000000000e+01 -4.240837696335078455e+00 2.746499999999999983e-02
-7.125000000000000000e+01 -3.298429319371727786e+00 2.390000000000000089e-04
-7.125000000000000000e+01 -2.356020942408377117e+00 3.471400000000000180e-02
-7.125000000000000000e+01 -1.413612565445026226e+00 3.592000000000000141e-03
-7.125000000000000000e+01 -4.712041884816753901e-01 0.000000000000000000e+00
-7.125000000000000000e+01 4.712041884816753901e-01 0.000000000000000000e+00
-7.125000000000000000e+01 1.413612565445026226e+00 7.409799999999999720e-02
-7.000000000000000000e+01 -1.366492146596859136e+01 8.580000000000000820e-03
-7.000000000000000000e+01 -1.272251308900523981e+01 2.646839999999999749e-01
-7.000000000000000000e+01 -1.178010471204188825e+01 9.282999999999999585e-03
-7.000000000000000000e+01 -1.083769633507853669e+01 2.589179999999999815e-01
-7.000000000000000000e+01 -9.895287958115185134e+00 1.345299999999999968e-02
-7.000000000000000000e+01 -8.952879581151833577e+00 1.173270000000000007e-01
-7.000000000000000000e+01 -8.010471204188482020e+00 2.289629999999999999e-01
-7.000000000000000000e+01 -7.068062827225130462e+00 3.370999999999999691e-02
-7.000000000000000000e+01 -6.125654450261779793e+00 1.861000000000000024e-03
-7.000000000000000000e+01 -5.183246073298429124e+00 8.040000000000000271e-04
-7.000000000000000000e+01 -4.240837696335078455e+00 1.096519999999999995e-01
-7.000000000000000000e+01 -3.298429319371727786e+00 5.116500000000000214e-02
-7.000000000000000000e+01 -2.356020942408377117e+00 1.640499999999999944e-02
-7.000000000000000000e+01 -1.413612565445026226e+00 2.872999999999999859e-02
-7.000000000000000000e+01 -4.712041884816753901e-01 1.220300000000000031e-02
-7.000000000000000000e+01 4.712041884816753901e-01 1.220300000000000031e-02
-7.000000000000000000e+01 1.413612565445026226e+00 6.983999999999999757e-03
-6.875000000000000000e+01 -1.554973821989529448e+01 6.769999999999999759e-04
-6.875000000000000000e+01 -1.460732984293194114e+01 3.123000000000000081e-02
-6.875000000000000000e+01 -1.366492146596859136e+01 6.006000000000000054e-03
-6.875000000000000000e+01 -1.272251308900523981e+01 1.114580000000000015e-01
-6.875000000000000000e+01 -1.178010471204188825e+01 2.917409999999999726e-01
-6.875000000000000000e+01 -1.083769633507853669e+01 5.265619999999999745e-01
-6.875000000000000000e+01 -9.895287958115185134e+00 7.292400000000000271e-02
-6.875000000000000000e+01 -8.952879581151833577e+00 3.339329999999999798e-01
-6.875000000000000000e+01 -8.010471204188482020e+00 1.041000000000000042e-03
-6.875000000000000000e+01 -7.068062827225130462e+00 2.047999999999999907e-03
-6.875000000000000000e+01 -6.125654450261779793e+00 1.129999999999999928e-03
-6.875000000000000000e+01 -5.183246073298429124e+00 4.840000000000000010e-04
-6.875000000000000000e+01 -4.240837696335078455e+00 4.423999999999999981e-03
-6.875000000000000000e+01 -3.298429319371727786e+00 7.030999999999999923e-03
-6.875000000000000000e+01 -2.356020942408377117e+00 4.588000000000000064e-03
-6.875000000000000000e+01 -1.413612565445026226e+00 8.222000000000000142e-03
-6.875000000000000000e+01 -4.712041884816753901e-01 1.129100000000000069e-02
-6.875000000000000000e+01 4.712041884816753901e-01 1.129100000000000069e-02
-6.875000000000000000e+01 1.413612565445026226e+00 1.477200000000000041e-02
-6.875000000000000000e+01 2.356020942408377117e+00 6.131000000000000165e-03
-6.750000000000000000e+01 -1.649214659685864603e+01 2.561189999999999856e-01
-6.750000000000000000e+01 -1.554973821989529448e+01 2.561189999999999856e-01
-6.750000000000000000e+01 -1.460732984293194114e+01 1.146419999999999939e-01
-6.750000000000000000e+01 -1.366492146596859136e+01 8.673400000000000554e-02
-6.750000000000000000e+01 -1.272251308900523981e+01 9.457000000000000128e-03
-6.750000000000000000e+01 -1.178010471204188825e+01 1.652500000000000149e-02
-6.750000000000000000e+01 -1.083769633507853669e+01 3.230790000000000051e-01
-6.750000000000000000e+01 -9.895287958115185134e+00 7.637070000000000247e-01
-6.750000000000000000e+01 -8.952879581151833577e+00 1.635909999999999864e-01
-6.750000000000000000e+01 -8.010471204188482020e+00 1.038999999999999993e-03
-6.750000000000000000e+01 -7.068062827225130462e+00 8.919999999999999978e-04
-6.750000000000000000e+01 -6.125654450261779793e+00 5.134999999999999808e-03
-6.750000000000000000e+01 -5.183246073298429124e+00 1.128000000000000096e-03
-6.750000000000000000e+01 -4.240837696335078455e+00 8.059999999999999673e-04
-6.750000000000000000e+01 -3.298429319371727786e+00 1.536700000000000045e-02
-6.750000000000000000e+01 -2.356020942408377117e+00 3.310000000000000225e-04
-6.750000000000000000e+01 -1.413612565445026226e+00 8.000000000000000654e-05
-6.750000000000000000e+01 -4.712041884816753901e-01 8.989999999999999511e-04
-6.750000000000000000e+01 4.712041884816753901e-01 8.989999999999999511e-04
-6.750000000000000000e+01 1.413612565445026226e+00 6.081999999999999733e-03
-6.750000000000000000e+01 2.356020942408377117e+00 7.219999999999999855e-04
-6.625000000000000000e+01 -1.837696335078534560e+01 8.382100000000000661e-02
-6.625000000000000000e+01 -1.743455497382199582e+01 2.185880000000000045e-01
-6.625000000000000000e+01 -1.649214659685864603e+01 1.786999999999999960e-03
-6.625000000000000000e+01 -1.554973821989529448e+01 1.786999999999999960e-03
-6.625000000000000000e+01 -1.460732984293194114e+01 9.978000000000000758e-03
-6.625000000000000000e+01 -1.366492146596859136e+01 1.134000000000000025e-03
-6.625000000000000000e+01 -1.272251308900523981e+01 0.000000000000000000e+00
-6.625000000000000000e+01 -1.178010471204188825e+01 1.058800000000000019e-02
-6.625000000000000000e+01 -1.083769633507853669e+01 1.430760000000000087e-01
-6.625000000000000000e+01 -9.895287958115185134e+00 2.144590000000000107e-01
-6.625000000000000000e+01 -8.952879581151833577e+00 1.340069999999999872e-01
-6.625000000000000000e+01 -8.010471204188482020e+00 2.295000000000000165e-03
-6.625000000000000000e+01 -7.068062827225130462e+00 8.109999999999999805e-04
-6.625000000000000000e+01 -6.125654450261779793e+00 1.610000000000000103e-04
-6.625000000000000000e+01 -5.183246073298429124e+00 3.260000000000000094e-04
-6.625000000000000000e+01 -4.240837696335078455e+00 3.536000000000000081e-03
-6.625000000000000000e+01 -3.298429319371727786e+00 1.502900000000000069e-02
-6.625000000000000000e+01 -2.356020942408377117e+00 6.283999999999999655e-03
-6.625000000000000000e+01 -1.413612565445026226e+00 0.000000000000000000e+00
-6.625000000000000000e+01 -4.712041884816753901e-01 2.425000000000000072e-03
-6.625000000000000000e+01 4.712041884816753901e-01 2.425000000000000072e-03
-6.625000000000000000e+01 1.413612565445026226e+00 9.024000000000000077e-02
-6.625000000000000000e+01 2.356020942408377117e+00 9.028700000000000614e-02
-6.500000000000000000e+01 -1.837696335078534560e+01 2.436400000000000024e-02
-6.500000000000000000e+01 -1.743455497382199582e+01 4.347500000000000253e-01
-6.500000000000000000e+01 -1.649214659685864603e+01 4.274200000000000221e-02
-6.500000000000000000e+01 -1.554973821989529448e+01 4.274200000000000221e-02
-6.500000000000000000e+01 -1.460732984293194114e+01 9.709999999999999881e-03
-6.500000000000000000e+01 -1.366492146596859136e+01 4.922000000000000160e-03
-6.500000000000000000e+01 -1.272251308900523981e+01 2.407999999999999984e-03
-6.500000000000000000e+01 -1.178010471204188825e+01 7.238999999999999775e-03
-6.500000000000000000e+01 -1.083769633507853669e+01 1.920969999999999900e-01
-6.500000000000000000e+01 -9.895287958115185134e+00 5.842650000000000343e-01
-6.500000000000000000e+01 -8.952879581151833577e+00 1.218179999999999957e-01
-6.500000000000000000e+01 -8.010471204188482020e+00 6.406000000000000236e-03
-6.500000000000000000e+01 -7.068062827225130462e+00 4.911100000000000187e-02
-6.500000000000000000e+01 -6.125654450261779793e+00 1.147999999999999932e-03
-6.500000000000000000e+01 -5.183246073298429124e+00 1.086699999999999992e-02
-6.500000000000000000e+01 -4.240837696335078455e+00 1.663399999999999948e-02
-6.500000000000000000e+01 -3.298429319371727786e+00 4.002200000000000202e-02
-6.500000000000000000e+01 -2.356020942408377117e+00 4.329999999999999648e-03
-6.500000000000000000e+01 -1.413612565445026226e+00 1.791999999999999973e-03
-6.500000000000000000e+01 -4.712041884816753901e-01 7.742999999999999883e-03
-6.500000000000000000e+01 4.712041884816753901e-01 7.742999999999999883e-03
-6.500000000000000000e+01 1.413612565445026226e+00 2.658999999999999905e-03
-6.375000000000000000e+01 -2.026178010471204516e+01 6.666670000000000096e-01
-6.375000000000000000e+01 -1.931937172774869538e+01 2.226090000000000013e-01
-6.375000000000000000e+01 -1.837696335078534560e+01 1.370540000000000092e-01
-6.375000000000000000e+01 -1.743455497382199582e+01 5.166800000000000281e-01
-6.375000000000000000e+01 -1.649214659685864603e+01 6.168200000000000072e-02
-6.375000000000000000e+01 -1.554973821989529448e+01 6.168200000000000072e-02
-6.375000000000000000e+01 -1.460732984293194114e+01 3.237199999999999800e-02
-6.375000000000000000e+01 -1.366492146596859136e+01 3.552000000000000036e-03
-6.375000000000000000e+01 -1.272251308900523981e+01 2.507999999999999813e-03
-6.375000000000000000e+01 -1.178010471204188825e+01 2.287770000000000081e-01
-6.375000000000000000e+01 -1.083769633507853669e+01 5.806599999999999956e-02
-6.375000000000000000e+01 -9.895287958115185134e+00 4.949850000000000083e-01
-6.375000000000000000e+01 -8.952879581151833577e+00 7.881529999999999925e-01
-6.375000000000000000e+01 -8.010471204188482020e+00 3.452740000000000253e-01
-6.375000000000000000e+01 -7.068062827225130462e+00 1.006390000000000062e-01
-6.375000000000000000e+01 -6.125654450261779793e+00 4.970999999999999724e-03
-6.375000000000000000e+01 -5.183246073298429124e+00 1.769599999999999992e-02
-6.375000000000000000e+01 -4.240837696335078455e+00 8.843399999999999872e-02
-6.375000000000000000e+01 -3.298429319371727786e+00 8.867999999999999147e-03
-6.375000000000000000e+01 -2.356020942408377117e+00 3.249999999999999851e-04
-6.375000000000000000e+01 -1.413612565445026226e+00 3.240000000000000150e-04
-6.375000000000000000e+01 -4.712041884816753901e-01 1.828999999999999897e-03
-6.375000000000000000e+01 4.712041884816753901e-01 1.828999999999999897e-03
-6.375000000000000000e+01 1.413612565445026226e+00 3.235000000000000028e-03
-6.375000000000000000e+01 3.298429319371727786e+00 2.130100000000000049e-02
-6.250000000000000000e+01 -1.931937172774869538e+01 3.877140000000000031e-01
-6.250000000000000000e+01 -1.837696335078534560e+01 7.205519999999999703e-01
-6.250000000000000000e+01 -1.743455497382199582e+01 8.058100000000000263e-01
-6.250000000000000000e+01 -1.649214659685864603e+01 9.309199999999999420e-02
-6.250000000000000000e+01 -1.554973821989529448e+01 9.309199999999999420e-02
-6.250000000000000000e+01 -1.460732984293194114e+01 7.910999999999999630e-03
-6.250000000000000000e+01 -1.366492146596859136e+01 2.263999999999999953e-03
-6.250000000000000000e+01 -1.272251308900523981e+01 1.157999999999999958e-03
-6.250000000000000000e+01 -1.178010471204188825e+01 3.397209999999999952e-01
-6.250000000000000000e+01 -1.083769633507853669e+01 3.385500000000000176e-01
-6.250000000000000000e+01 -9.895287958115185134e+00 9.647149999999999892e-01
-6.250000000000000000e+01 -8.952879581151833577e+00 3.878519999999999746e-01
-6.250000000000000000e+01 -8.010471204188482020e+00 2.292589999999999906e-01
-6.250000000000000000e+01 -7.068062827225130462e+00 4.178930000000000144e-01
-6.250000000000000000e+01 -6.125654450261779793e+00 9.903800000000000103e-02
-6.250000000000000000e+01 -5.183246073298429124e+00 2.396000000000000126e-03
-6.250000000000000000e+01 -4.240837696335078455e+00 1.050419999999999965e-01
-6.250000000000000000e+01 -3.298429319371727786e+00 1.358000000000000006e-02
-6.250000000000000000e+01 -2.356020942408377117e+00 1.056999999999999997e-03
-6.250000000000000000e+01 -1.413612565445026226e+00 2.214599999999999902e-02
-6.250000000000000000e+01 -4.712041884816753901e-01 6.509999999999999945e-04
-6.250000000000000000e+01 4.712041884816753901e-01 6.509999999999999945e-04
-6.250000000000000000e+01 1.413612565445026226e+00 1.435000000000000078e-03
-6.250000000000000000e+01 2.356020942408377117e+00 8.411999999999999339e-03
-6.250000000000000000e+01 3.298429319371727786e+00 0.000000000000000000e+00
-6.125000000000000000e+01 -1.837696335078534560e+01 1.894059999999999910e-01
-6.125000000000000000e+01 -1.743455497382199582e+01 2.526869999999999949e-01
-6.125000000000000000e+01 -1.649214659685864603e+01 2.483970000000000067e-01
-6.125000000000000000e+01 -1.554973821989529448e+01 2.483970000000000067e-01
-6.125000000000000000e+01 -1.460732984293194114e+01 4.957099999999999701e-02
-6.125000000000000000e+01 -1.366492146596859136e+01 3.887199999999999683e-02
-6.125000000000000000e+01 -1.272251308900523981e+01 6.144319999999999782e-01
-6.125000000000000000e+01 -1.178010471204188825e+01 7.702980000000000382e-01
-6.125000000000000000e+01 -1.083769633507853669e+01 4.171679999999999833e-01
-6.125000000000000000e+01 -9.895287958115185134e+00 2.382670000000000066e-01
-6.125000000000000000e+01 -8.952879581151833577e+00 6.273600000000000010e-02
-6.125000000000000000e+01 -8.010471204188482020e+00 9.830999999999999461e-02
-6.125000000000000000e+01 -7.068062827225130462e+00 3.359100000000000280e-02
-6.125000000000000000e+01 -6.125654450261779793e+00 6.120600000000000346e-02
-6.125000000000000000e+01 -5.183246073298429124e+00 9.872200000000000419e-02
-6.125000000000000000e+01 -4.240837696335078455e+00 3.282619999999999982e-01
-6.125000000000000000e+01 -3.298429319371727786e+00 3.478339999999999765e-01
-6.125000000000000000e+01 -2.356020942408377117e+00 5.385000000000000030e-03
-6.125000000000000000e+01 -1.413612565445026226e+00 1.852600000000000080e-02
-6.125000000000000000e+01 -4.712041884816753901e-01 1.884530000000000094e-01
-6.125000000000000000e+01 4.712041884816753901e-01 1.884530000000000094e-01
-6.125000000000000000e+01 1.413612565445026226e+00 2.070450000000000068e-01
-6.125000000000000000e+01 2.356020942408377117e+00 5.739210000000000145e-01
-6.125000000000000000e+01 3.298429319371727786e+00 2.448480000000000101e-01
-6.125000000000000000e+01 4.240837696335078455e+00 3.038899999999999935e-02
-6.000000000000000000e+01 -1.554973821989529448e+01 9.399499999999999522e-02
-6.000000000000000000e+01 -1.460732984293194114e+01 3.886709999999999887e-01
-6.000000000000000000e+01 -1.366492146596859136e+01 4.176279999999999992e-01
-6.000000000000000000e+01 -1.272251308900523981e+01 3.585160000000000013e-01
-6.000000000000000000e+01 -1.178010471204188825e+01 1.179179999999999950e-01
-6.000000000000000000e+01 -1.083769633507853669e+01 1.132999999999999893e-03
-6.000000000000000000e+01 -9.895287958115185134e+00 5.412700000000000150e-02
-6.000000000000000000e+01 -8.952879581151833577e+00 5.904000000000000394e-03
-6.000000000000000000e+01 -8.010471204188482020e+00 7.340000000000000170e-03
-6.000000000000000000e+01 -7.068062827225130462e+00 3.070430000000000104e-01
-6.000000000000000000e+01 -6.125654450261779793e+00 5.861999999999999850e-02
-6.000000000000000000e+01 -5.183246073298429124e+00 7.069100000000000383e-02
-6.000000000000000000e+01 -4.240837696335078455e+00 4.478699999999999903e-01
-6.000000000000000000e+01 -3.298429319371727786e+00 7.397709999999999564e-01
-6.000000000000000000e+01 -2.356020942408377117e+00 6.797450000000000436e-01
-6.000000000000000000e+01 -1.413612565445026226e+00 2.189790000000000070e-01
-6.000000000000000000e+01 -4.712041884816753901e-01 8.393000000000000460e-02
-6.000000000000000000e+01 4.712041884816753901e-01 8.393000000000000460e-02
-6.000000000000000000e+01 1.413612565445026226e+00 6.834759999999999724e-01
-6.000000000000000000e+01 2.356020942408377117e+00 1.394390000000000074e-01
-6.000000000000000000e+01 3.298429319371727786e+00 1.131769999999999998e-01
-6.000000000000000000e+01 4.240837696335078455e+00 1.199099999999999992e-02
-6.000000000000000000e+01 5.183246073298429124e+00 1.274999999999999918e-02
-5.875000000000000000e+01 -1.366492146596859136e+01 4.877100000000000185e-02
-5.875000000000000000e+01 -1.272251308900523981e+01 4.274000000000000021e-03
-5.875000000000000000e+01 -1.178010471204188825e+01 1.984229999999999883e-01
-5.875000000000000000e+01 -1.083769633507853669e+01 4.062200000000000255e-01
-5.875000000000000000e+01 -9.895287958115185134e+00 2.060819999999999874e-01
-5.875000000000000000e+01 -8.952879581151833577e+00 4.100899999999999684e-02
-5.875000000000000000e+01 -8.010471204188482020e+00 2.400000000000000061e-04
-5.875000000000000000e+01 -7.068062827225130462e+00 1.145619999999999972e-01
-5.875000000000000000e+01 -6.125654450261779793e+00 5.891999999999999668e-03
-5.875000000000000000e+01 -5.183246073298429124e+00 1.229000000000000058e-03
-5.875000000000000000e+01 -4.240837696335078455e+00 2.880280000000000062e-01
-5.875000000000000000e+01 -3.298429319371727786e+00 7.510959999999999859e-01
-5.875000000000000000e+01 -2.356020942408377117e+00 1.958439999999999903e-01
-5.875000000000000000e+01 -1.413612565445026226e+00 1.631000000000000071e-03
-5.875000000000000000e+01 -4.712041884816753901e-01 0.000000000000000000e+00
-5.875000000000000000e+01 4.712041884816753901e-01 0.000000000000000000e+00
-5.750000000000000000e+01 -1.366492146596859136e+01 5.242700000000000138e-02
-5.750000000000000000e+01 -1.272251308900523981e+01 6.437800000000000467e-02
-5.750000000000000000e+01 -1.178010471204188825e+01 4.987759999999999971e-01
-5.750000000000000000e+01 -1.083769633507853669e+01 3.805529999999999746e-01
-5.750000000000000000e+01 -9.895287958115185134e+00 2.900929999999999898e-01
-5.750000000000000000e+01 -8.952879581151833577e+00 1.915999999999999995e-02
-5.750000000000000000e+01 -8.010471204188482020e+00 2.145000000000000205e-03
-5.750000000000000000e+01 -7.068062827225130462e+00 9.107000000000000511e-03
-5.750000000000000000e+01 -6.125654450261779793e+00 1.508629999999999971e-01
-5.750000000000000000e+01 -5.183246073298429124e+00 1.876999999999999979e-03
-5.750000000000000000e+01 -4.240837696335078455e+00 1.285409999999999886e-01
-5.750000000000000000e+01 -3.298429319371727786e+00 4.614929999999999866e-01
-5.750000000000000000e+01 -2.356020942408377117e+00 7.586199999999999888e-02
-5.750000000000000000e+01 -1.413612565445026226e+00 1.188299999999999947e-02
-5.750000000000000000e+01 -4.712041884816753901e-01 4.294000000000000074e-03
-5.750000000000000000e+01 4.712041884816753901e-01 4.294000000000000074e-03
-5.750000000000000000e+01 1.413612565445026226e+00 1.611900000000000138e-02
-5.625000000000000000e+01 -1.366492146596859136e+01 3.469599999999999906e-01
-5.625000000000000000e+01 -1.272251308900523981e+01 3.359969999999999901e-01
-5.625000000000000000e+01 -1.178010471204188825e+01 7.304479999999999862e-01
-5.625000000000000000e+01 -1.083769633507853669e+01 5.066270000000000495e-01
-5.625000000000000000e+01 -9.895287958115185134e+00 8.094069999999999876e-01
-5.625000000000000000e+01 -8.952879581151833577e+00 4.131699999999999956e-02
-5.625000000000000000e+01 -8.010471204188482020e+00 6.695999999999999695e-03
-5.625000000000000000e+01 -7.068062827225130462e+00 1.036409999999999970e-01
-5.625000000000000000e+01 -6.125654450261779793e+00 2.558380000000000098e-01
-5.625000000000000000e+01 -5.183246073298429124e+00 3.898320000000000118e-01
-5.625000000000000000e+01 -4.240837696335078455e+00 4.408569999999999989e-01
-5.625000000000000000e+01 -3.298429319371727786e+00 6.991200000000000192e-02
-5.625000000000000000e+01 -2.356020942408377117e+00 4.209399999999999809e-01
-5.625000000000000000e+01 -1.413612565445026226e+00 2.746900000000000036e-02
-5.625000000000000000e+01 -4.712041884816753901e-01 8.000000000000000654e-05
-5.625000000000000000e+01 4.712041884816753901e-01 8.000000000000000654e-05
-5.625000000000000000e+01 1.413612565445026226e+00 0.000000000000000000e+00
-5.500000000000000000e+01 -1.460732984293194114e+01 1.823929999999999996e-01
-5.500000000000000000e+01 -1.366492146596859136e+01 4.329899999999999721e-02
-5.500000000000000000e+01 -1.272251308900523981e+01 4.419739999999999780e-01
-5.500000000000000000e+01 -1.178010471204188825e+01 7.401950000000000474e-01
-5.500000000000000000e+01 -1.083769633507853669e+01 8.202180000000000026e-01
-5.500000000000000000e+01 -9.895287958115185134e+00 7.624859999999999971e-01
-5.500000000000000000e+01 -8.952879581151833577e+00 9.263399999999999412e-02
-5.500000000000000000e+01 -8.010471204188482020e+00 3.003350000000000186e-01
-5.500000000000000000e+01 -7.068062827225130462e+00 3.049470000000000236e-01
-5.500000000000000000e+01 -6.125654450261779793e+00 5.090999999999999692e-02
-5.500000000000000000e+01 -5.183246073298429124e+00 1.770000000000000046e-02
-5.500000000000000000e+01 -4.240837696335078455e+00 4.978770000000000140e-01
-5.500000000000000000e+01 -3.298429319371727786e+00 5.562279999999999447e-01
-5.500000000000000000e+01 -2.356020942408377117e+00 6.080130000000000257e-01
-5.500000000000000000e+01 -1.413612565445026226e+00 2.712499999999999981e-02
-5.500000000000000000e+01 -4.712041884816753901e-01 2.420000000000000005e-04
-5.500000000000000000e+01 4.712041884816753901e-01 2.420000000000000005e-04
-5.500000000000000000e+01 1.413612565445026226e+00 2.420000000000000005e-04
-5.500000000000000000e+01 2.356020942408377117e+00 5.760000000000000146e-04
-5.375000000000000000e+01 -1.460732984293194114e+01 4.079999999999999968e-04
-5.375000000000000000e+01 -1.366492146596859136e+01 4.080999999999999905e-02
-5.375000000000000000e+01 -1.272251308900523981e+01 2.095549999999999913e-01
-5.375000000000000000e+01 -1.178010471204188825e+01 1.881039999999999934e-01
-5.375000000000000000e+01 -1.083769633507853669e+01 2.739159999999999928e-01
-5.375000000000000000e+01 -9.895287958115185134e+00 3.511150000000000104e-01
-5.375000000000000000e+01 -8.952879581151833577e+00 1.329400000000000026e-02
-5.375000000000000000e+01 -8.010471204188482020e+00 8.000000000000000654e-05
-5.375000000000000000e+01 -7.068062827225130462e+00 2.101000000000000003e-03
-5.375000000000000000e+01 -6.125654450261779793e+00 6.347000000000000211e-03
-5.375000000000000000e+01 -5.183246073298429124e+00 3.327999999999999795e-03
-5.375000000000000000e+01 -4.240837696335078455e+00 4.812009999999999899e-01
-5.375000000000000000e+01 -3.298429319371727786e+00 4.948609999999999953e-01
-5.375000000000000000e+01 -2.356020942408377117e+00 4.840280000000000138e-01
-5.375000000000000000e+01 -1.413612565445026226e+00 9.278400000000000536e-02
-5.375000000000000000e+01 -4.712041884816753901e-01 9.719999999999999907e-04
-5.375000000000000000e+01 4.712041884816753901e-01 9.719999999999999907e-04
-5.375000000000000000e+01 1.413612565445026226e+00 1.217999999999999899e-03
-5.375000000000000000e+01 2.356020942408377117e+00 1.054000000000000032e-03
-5.250000000000000000e+01 -1.366492146596859136e+01 1.288800000000000015e-02
-5.250000000000000000e+01 -1.272251308900523981e+01 2.155990000000000129e-01
-5.250000000000000000e+01 -1.178010471204188825e+01 1.289770000000000083e-01
-5.250000000000000000e+01 -1.083769633507853669e+01 2.985999999999999766e-01
-5.250000000000000000e+01 -9.895287958115185134e+00 9.799399999999999777e-02
-5.250000000000000000e+01 -8.952879581151833577e+00 5.699999999999999772e-04
-5.250000000000000000e+01 -8.010471204188482020e+00 1.825000000000000016e-03
-5.250000000000000000e+01 -7.068062827225130462e+00 1.878099999999999908e-02
-5.250000000000000000e+01 -6.125654450261779793e+00 4.149599999999999816e-02
-5.250000000000000000e+01 -5.183246073298429124e+00 1.755000000000000050e-03
-5.250000000000000000e+01 -4.240837696335078455e+00 1.482310000000000016e-01
-5.250000000000000000e+01 -3.298429319371727786e+00 3.927769999999999873e-01
-5.250000000000000000e+01 -2.356020942408377117e+00 4.149900000000000116e-02
-5.250000000000000000e+01 -1.413612565445026226e+00 4.917869999999999742e-01
-5.250000000000000000e+01 -4.712041884816753901e-01 6.592299999999999549e-02
-5.250000000000000000e+01 4.712041884816753901e-01 6.592299999999999549e-02
-5.125000000000000000e+01 -8.952879581151833577e+00 5.876710000000000544e-01
-5.125000000000000000e+01 -8.010471204188482020e+00 4.181420000000000137e-01
-5.125000000000000000e+01 -7.068062827225130462e+00 4.633680000000000021e-01
-5.125000000000000000e+01 -5.183246073298429124e+00 1.905290000000000039e-01
-5.125000000000000000e+01 -4.240837696335078455e+00 3.543189999999999951e-01
-5.125000000000000000e+01 -3.298429319371727786e+00 5.266840000000000410e-01
-5.125000000000000000e+01 -2.356020942408377117e+00 1.416469999999999951e-01
-5.000000000000000000e+01 -3.298429319371727786e+00 6.659439999999999804e-01
