-7.875000000000000000e+01 -6.125654450261779793e+00 4.995560000000000000e-01
-7.875000000000000000e+01 -5.183246073298429124e+00 1.931019999999999959e-01
-7.875000000000000000e+01 -4.240837696335078455e+00 2.755850000000000244e-01
-7.875000000000000000e+01 -3.298429319371727786e+00 4.102109999999999923e-01
-7.875000000000000000e+01 -2.356020942408377117e+00 0.000000000000000000e+00
-7.875000000000000000e+01 -1.413612565445026226e+00 0.000000000000000000e+00
-7.750000000000000000e+01 -8.952879581151833577e+00 1.875680000000000125e-01
-7.750000000000000000e+01 -8.010471204188482020e+00 1.435049999999999937e-01
-7.750000000000000000e+01 -7.068062827225130462e+00 2.849360000000000226e-01
-7.750000000000000000e+01 -6.125654450261779793e+00 4.976309999999999900e-01
-7.750000000000000000e+01 -5.183246073298429124e+00 1.439390000000000114e-01
-7.750000000000000000e+01 -4.240837696335078455e+00 3.321799999999999753e-02
-7.750000000000000000e+01 -3.298429319371727786e+00 3.366730000000000000e-01
-7.750000000000000000e+01 -2.356020942408377117e+00 1.891629999999999978e-01
-7.750000000000000000e+01 -1.413612565445026226e+00 3.172220000000000040e-01
-7.750000000000000000e+01 -4.712041884816753901e-01 1.935219999999999996e-01
-7.750000000000000000e+01 4.712041884816753901e-01 1.935219999999999996e-01
-7.625000000000000000e+01 -1.083769633507853669e+01 6.427800000000000180e-02
-7.625000000000000000e+01 -9.895287958115185134e+00 1.305590000000000084e-01
-7.625000000000000000e+01 -8.952879581151833577e+00 3.954280000000000017e-01
-7.625000000000000000e+01 -8.010471204188482020e+00 1.128170000000000006e-01
-7.625000000000000000e+01 -7.068062827225130462e+00 2.189429999999999987e-01
-7.625000000000000000e+01 -6.125654450261779793e+00 3.245169999999999999e-01
-7.625000000000000000e+01 -5.183246073298429124e+00 4.002700000000000008e-02
-7.625000000000000000e+01 -4.240837696335078455e+00 1.472000000000000001e-03
-7.625000000000000000e+01 -3.298429319371727786e+00 3.983000000000000429e-03
-7.625000000000000000e+01 -2.356020942408377117e+00 2.553000000000000148e-03
-7.625000000000000000e+01 -1.413612565445026226e+00 3.344999999999999883e-03
-7.625000000000000000e+01 -4.712041884816753901e-01 1.171610000000000013e-01
-7.625000000000000000e+01 4.712041884816753901e-01 1.171610000000000013e-01
-7.625000000000000000e+01 1.413612565445026226e+00 7.274840000000000195e-01
-7.500000000000000000e+01 -1.366492146596859136e+01 7.814200000000000312e-02
-7.500000000000000000e+01 -1.272251308900523981e+01 1.417779999999999874e-01
-7.500000000000000000e+01 -1.178010471204188825e+01 1.237540000000000029e-01
-7.500000000000000000e+01 -1.083769633507853669e+01 3.261479999999999935e-01
-7.500000000000000000e+01 -9.895287958115185134e+00 1.608380000000000087e-01
-7.500000000000000000e+01 -8.952879581151833577e+00 4.425129999999999897e-01
-7.500000000000000000e+01 -8.010471204188482020e+00 2.172640000000000127e-01
-7.500000000000000000e+01 -7.068062827225130462e+00 3.468899999999999761e-02
-7.500000000000000000e+01 -6.125654450261779793e+00 6.070300000000000001e-02
-7.500000000000000000e+01 -5.183246073298429124e+00 4.566900000000000126e-02
-7.500000000000000000e+01 -4.240837696335078455e+00 2.003299999999999872e-02
-7.500000000000000000e+01 -3.298429319371727786e+00 2.305999999999999890e-03
-7.500000000000000000e+01 -2.356020942408377117e+00 6.376999999999999856e-03
-7.500000000000000000e+01 -1.413612565445026226e+00 5.597000000000000412e-03
-7.500000000000000000e+01 -4.712041884816753901e-01 2.372099999999999903e-02
-7.500000000000000000e+01 4.712041884816753901e-01 2.372099999999999903e-02
-7.500000000000000000e+01 1.413612565445026226e+00 4.372559999999999780e-01
-7.500000000000000000e+01 2.356020942408377117e+00 8.522250000000000103e-01
-7.375000000000000000e+01 -1.460732984293194114e+01 0.000000000000000000e+00
-7.375000000000000000e+01 -1.366492146596859136e+01 1.302490000000000037e-01
-7.375000000000000000e+01 -1.272251308900523981e+01 8.034700000000000175e-02
-7.375000000000000000e+01 -1.178010471204188825e+01 9.677199999999999691e-02
-7.375000000000000000e+01 -1.083769633507853669e+01 8.895000000000000129e-02
-7.375000000000000000e+01 -9.895287958115185134e+00 5.835800000000000015e-02
-7.375000000000000000e+01 -8.952879581151833577e+00 8.803300000000000014e-02
-7.375000000000000000e+01 -8.010471204188482020e+00 1.005220000000000002e-01
-7.375000000000000000e+01 -7.068062827225130462e+00 4.104900000000000215e-02
-7.375000000000000000e+01 -6.125654450261779793e+00 2.464699999999999877e-02
-7.375000000000000000e+01 -5.183246073298429124e+00 7.177999999999999658e-02
-7.375000000000000000e+01 -4.240837696335078455e+00 2.272499999999999867e-02
-7.375000000000000000e+01 -3.298429319371727786e+00 7.262000000000000226e-03
-7.375000000000000000e+01 -2.356020942408377117e+00 5.409999999999999878e-03
-7.375000000000000000e+01 -1.413612565445026226e+00 7.082700000000000107e-02
-7.375000000000000000e+01 -4.712041884816753901e-01 2.467000000000000009e-03
-7.375000000000000000e+01 4.712041884816753901e-01 2.467000000000000009e-03
-7.375000000000000000e+01 1.413612565445026226e+00 3.635300000000000337e-02
-7.250000000000000000e+01 -1.460732984293194114e+01 5.432000000000000196e-03
-7.250000000000000000e+01 -1.366492146596859136e+01 1.374849999999999961e-01
-7.250000000000000000e+01 -1.272251308900523981e+01 1.690530000000000088e-01
-7.250000000000000000e+01 -1.178010471204188825e+01 4.293199999999999794e-02
-7.250000000000000000e+01 -1.083769633507853669e+01 6.879999999999999831e-03
-7.250000000000000000e+01 -9.895287958115185134e+00 0.000000000000000000e+00
-7.250000000000000000e+01 -8.952879581151833577e+00 9.797000000000000153e-03
-7.250000000000000000e+01 -8.010471204188482020e+00 3.677900000000000058e-01
-7.250000000000000000e+01 -7.068062827225130462e+00 1.551240000000000119e-01
-7.250000000000000000e+01 -6.125654450261779793e+00 9.730000000000000151e-04
-7.250000000000000000e+01 -5.183246073298429124e+00 9.737000000000000863e-03
-7.250000000000000000e+01 -4.240837696335078455e+00 1.123389999999999944e-01
-7.250000000000000000e+01 -3.298429319371727786e+00 2.123999999999999846e-02
-7.250000000000000000e+01 -2.356020942408377117e+00 3.407199999999999812e-02
-7.250000000000000000e+01 -1.413612565445026226e+00 7.893999999999999975e-03
-7.250000000000000000e+01 -4.712041884816753901e-01 6.908000000000000078e-03
-7.250000000000000000e+01 4.712041884816753901e-01 6.908000000000000078e-03
-7.250000000000000000e+01 1.413612565445026226e+00 1.020399999999999953e-02
-7.125000000000000000e+01 -1.460732984293194114e+01 9.079900000000000471e-02
-7.125000000000000000e+01 -1.366492146596859136e+01 2.439500000000000002e-02
-7.125000000000000000e+01 -1.272251308900523981e+01 1.587649999999999895e-01
-7.125000000000000000e+01 -1.178010471204188825e+01 2.132999999999999913e-03
-7.125000000000000000e+01 -1.083769633507853669e+01 0.000000000000000000e+00
-7.125000000000000000e+01 -9.895287958115185134e+00 6.791000000000000161e-03
-7.125000000000000000e+01 -8.952879581151833577e+00 7.210099999999999842e-02
-7.125000000000000000e+01 -8.010471204188482020e+00 4.473050000000000082e-01
-7.125000000000000000e+01 -7.068062827225130462e+00 1.578699999999999895e-02
-7.125000000000000000e+01 -6.125654450261779793e+00 4.655000000000000283e-03
-7.125000000000000000e+01 -5.183246073298429124e+00 2.429999999999999977e-04
-7.125000000000000000e+01 -4.240837696335078455e+00 2.822799999999999962e-02
-7.125000000000000000e+01 -3.298429319371727786e+00 1.589999999999999888e-04
-7.125000000000000000e+01 -2.356020942408377117e+00 3.585699999999999998e-02
-7.125000000000000000e+01 -1.413612565445026226e+00 3.592000000000000141e-03
-7.125000000000000000e+01 -4.712041884816753901e-01 0.000000000000000000e+00
-7.125000000000000000e+01 4.712041884816753901e-01 0.000000000000000000e+00
-7.125000000000000000e+01 1.413612565445026226e+00 7.621999999999999609e-02
-7.000000000000000000e+01 -1.366492146596859136e+01 8.580000000000000820e-03
-7.000000000000000000e+01 -1.272251308900523981e+01 2.332639999999999991e-01
-7.000000000000000000e+01 -1.178010471204188825e+01 2.393899999999999847e-02
-7.000000000000000000e+01 -1.083769633507853669e+01 2.553259999999999974e-01
-7.000000000000000000e+01 -9.895287958115185134e+00 1.922000000000000097e-03
-7.000000000000000000e+01 -8.952879581151833577e+00 1.910719999999999918e-01
-7.000000000000000000e+01 -8.010471204188482020e+00 2.486140000000000017e-01
-7.000000000000000000e+01 -7.068062827225130462e+00 3.173200000000000326e-02
-7.000000000000000000e+01 -6.125654450261779793e+00 1.861000000000000024e-03
-7.000000000000000000e+01 -5.183246073298429124e+00 8.040000000000000271e-04
-7.000000000000000000e+01 -4.240837696335078455e+00 1.027829999999999994e-01
-7.000000000000000000e+01 -3.298429319371727786e+00 3.710700000000000109e-02
-7.000000000000000000e+01 -2.356020942408377117e+00 1.176400000000000015e-02
-7.000000000000000000e+01 -1.413612565445026226e+00 2.416300000000000045e-02
-7.000000000000000000e+01 -4.712041884816753901e-01 1.220300000000000031e-02
-7.000000000000000000e+01 4.712041884816753901e-01 1.220300000000000031e-02
-7.000000000000000000e+01 1.413612565445026226e+00 5.766000000000000292e-03
-6.875000000000000000e+01 -1.554973821989529448e+01 1.353999999999999952e-03
-6.875000000000000000e+01 -1.460732984293194114e+01 2.753299999999999845e-02
-6.875000000000000000e+01 -1.366492146596859136e+01 1.420199999999999935e-02
-6.875000000000000000e+01 -1.272251308900523981e+01 1.418480000000000019e-01
-6.875000000000000000e+01 -1.178010471204188825e+01 3.644740000000000202e-01
-6.875000000000000000e+01 -1.083769633507853669e+01 5.589439999999999964e-01
-6.875000000000000000e+01 -9.895287958115185134e+00 1.198160000000000058e-01
-6.875000000000000000e+01 -8.952879581151833577e+00 4.913290000000000157e-01
-6.875000000000000000e+01 -8.010471204188482020e+00 9.610000000000000486e-04
-6.875000000000000000e+01 -7.068062827225130462e+00 2.047999999999999907e-03
-6.875000000000000000e+01 -6.125654450261779793e+00 1.129999999999999928e-03
-6.875000000000000000e+01 -5.183246073298429124e+00 4.840000000000000010e-04
-6.875000000000000000e+01 -4.240837696335078455e+00 4.423999999999999981e-03
-6.875000000000000000e+01 -3.298429319371727786e+00 7.030999999999999923e-03
-6.875000000000000000e+01 -2.356020942408377117e+00 4.669999999999999672e-03
-6.875000000000000000e+01 -1.413612565445026226e+00 4.917000000000000363e-03
-6.875000000000000000e+01 -4.712041884816753901e-01 1.129100000000000069e-02
-6.875000000000000000e+01 4.712041884816753901e-01 1.129100000000000069e-02
-6.875000000000000000e+01 1.413612565445026226e+00 1.403700000000000087e-02
-6.875000000000000000e+01 2.356020942408377117e+00 6.295000000000000248e-03
-6.750000000000000000e+01 -1.649214659685864603e+01 2.987079999999999735e-01
-6.750000000000000000e+01 -1.554973821989529448e+01 2.987079999999999735e-01
-6.750000000000000000e+01 -1.460732984293194114e+01 1.258670000000000067e-01
-6.750000000000000000e+01 -1.366492146596859136e+01 1.058010000000000062e-01
-6.750000000000000000e+01 -1.272251308900523981e+01 1.317499999999999921e-02
-6.750000000000000000e+01 -1.178010471204188825e+01 1.832500000000000101e-02
-6.750000000000000000e+01 -1.083769633507853669e+01 3.449450000000000016e-01
-6.750000000000000000e+01 -9.895287958115185134e+00 8.187799999999999523e-01
-6.750000000000000000e+01 -8.952879581151833577e+00 2.505890000000000062e-01
-6.750000000000000000e+01 -8.010471204188482020e+00 1.518000000000000035e-03
-6.750000000000000000e+01 -7.068062827225130462e+00 8.919999999999999978e-04
-6.750000000000000000e+01 -6.125654450261779793e+00 5.134999999999999808e-03
-6.750000000000000000e+01 -5.183246073298429124e+00 1.128000000000000096e-03
-6.750000000000000000e+01 -4.240837696335078455e+00 8.059999999999999673e-04
-6.750000000000000000e+01 -3.298429319371727786e+00 1.423899999999999992e-02
-6.750000000000000000e+01 -2.356020942408377117e+00 3.310000000000000225e-04
-6.750000000000000000e+01 -1.413612565445026226e+00 8.000000000000000654e-05
-6.750000000000000000e+01 -4.712041884816753901e-01 8.989999999999999511e-04
-6.750000000000000000e+01 4.712041884816753901e-01 8.989999999999999511e-04
-6.750000000000000000e+01 1.413612565445026226e+00 6.081999999999999733e-03
-6.750000000000000000e+01 2.356020942408377117e+00 3.128000000000000138e-03
-6.625000000000000000e+01 -1.837696335078534560e+01 8.382100000000000661e-02
-6.625000000000000000e+01 -1.743455497382199582e+01 2.485429999999999862e-01
-6.625000000000000000e+01 -1.649214659685864603e+01 7.555000000000000084e-03
-6.625000000000000000e+01 -1.554973821989529448e+01 7.555000000000000084e-03
-6.625000000000000000e+01 -1.460732984293194114e+01 8.760999999999999691e-03
-6.625000000000000000e+01 -1.366492146596859136e+01 1.134000000000000025e-03
-6.625000000000000000e+01 -1.272251308900523981e+01 0.000000000000000000e+00
-6.625000000000000000e+01 -1.178010471204188825e+01 8.404999999999999277e-03
-6.625000000000000000e+01 -1.083769633507853669e+01 1.303940000000000099e-01
-6.625000000000000000e+01 -9.895287958115185134e+00 2.833519999999999928e-01
-6.625000000000000000e+01 -8.952879581151833577e+00 1.499389999999999890e-01
-6.625000000000000000e+01 -8.010471204188482020e+00 2.295000000000000165e-03
-6.625000000000000000e+01 -7.068062827225130462e+00 8.109999999999999805e-04
-6.625000000000000000e+01 -6.125654450261779793e+00 1.610000000000000103e-04
-6.625000000000000000e+01 -5.183246073298429124e+00 3.260000000000000094e-04
-6.625000000000000000e+01 -4.240837696335078455e+00 3.536000000000000081e-03
-6.625000000000000000e+01 -3.298429319371727786e+00 1.418400000000000043e-02
-6.625000000000000000e+01 -2.356020942408377117e+00 6.283999999999999655e-03
-6.625000000000000000e+01 -1.413612565445026226e+00 0.000000000000000000e+00
-6.625000000000000000e+01 -4.712041884816753901e-01 2.425000000000000072e-03
-6.625000000000000000e+01 4.712041884816753901e-01 2.425000000000000072e-03
-6.625000000000000000e+01 1.413612565445026226e+00 8.077900000000000358e-02
-6.625000000000000000e+01 2.356020942408377117e+00 6.789900000000000102e-02
-6.500000000000000000e+01 -1.837696335078534560e+01 2.721600000000000061e-02
-6.500000000000000000e+01 -1.743455497382199582e+01 4.851530000000000009e-01
-6.500000000000000000e+01 -1.649214659685864603e+01 3.060399999999999926e-02
-6.500000000000000000e+01 -1.554973821989529448e+01 3.060399999999999926e-02
-6.500000000000000000e+01 -1.460732984293194114e+01 7.616999999999999639e-03
-6.500000000000000000e+01 -1.366492146596859136e+01 4.583000000000000268e-03
-6.500000000000000000e+01 -1.272251308900523981e+01 1.992999999999999980e-03
-6.500000000000000000e+01 -1.178010471204188825e+01 2.003399999999999972e-02
-6.500000000000000000e+01 -1.083769633507853669e+01 2.338600000000000123e-01
-6.500000000000000000e+01 -9.895287958115185134e+00 6.311390000000000056e-01
-6.500000000000000000e+01 -8.952879581151833577e+00 2.661939999999999862e-01
-6.500000000000000000e+01 -8.010471204188482020e+00 3.211200000000000165e-02
-6.500000000000000000e+01 -7.068062827225130462e+00 7.837900000000000422e-02
-6.500000000000000000e+01 -6.125654450261779793e+00 1.147999999999999932e-03
-6.500000000000000000e+01 -5.183246073298429124e+00 1.536099999999999965e-02
-6.500000000000000000e+01 -4.240837696335078455e+00 2.659699999999999911e-02
-6.500000000000000000e+01 -3.298429319371727786e+00 7.423499999999999543e-02
-6.500000000000000000e+01 -2.356020942408377117e+00 4.329999999999999648e-03
-6.500000000000000000e+01 -1.413612565445026226e+00 1.791999999999999973e-03
-6.500000000000000000e+01 -4.712041884816753901e-01 7.742999999999999883e-03
-6.500000000000000000e+01 4.712041884816753901e-01 7.742999999999999883e-03
-6.500000000000000000e+01 1.413612565445026226e+00 2.658999999999999905e-03
-6.375000000000000000e+01 -2.026178010471204516e+01 3.333329999999999904e-01
-6.375000000000000000e+01 -1.931937172774869538e+01 2.473249999999999893e-01
-6.375000000000000000e+01 -1.837696335078534560e+01 1.672720000000000040e-01
-6.375000000000000000e+01 -1.743455497382199582e+01 5.656480000000000397e-01
-6.375000000000000000e+01 -1.649214659685864603e+01 6.579400000000000526e-02
-6.375000000000000000e+01 -1.554973821989529448e+01 6.579400000000000526e-02
-6.375000000000000000e+01 -1.460732984293194114e+01 2.817100000000000160e-02
-6.375000000000000000e+01 -1.366492146596859136e+01 3.386000000000000121e-03
-6.375000000000000000e+01 -1.272251308900523981e+01 4.682000000000000398e-03
-6.375000000000000000e+01 -1.178010471204188825e+01 5.401510000000000478e-01
-6.375000000000000000e+01 -1.083769633507853669e+01 7.191400000000000570e-02
-6.375000000000000000e+01 -9.895287958115185134e+00 5.558070000000000510e-01
-6.375000000000000000e+01 -8.952879581151833577e+00 8.266179999999999639e-01
-6.375000000000000000e+01 -8.010471204188482020e+00 4.532280000000000197e-01
-6.375000000000000000e+01 -7.068062827225130462e+00 8.398700000000000609e-02
-6.375000000000000000e+01 -6.125654450261779793e+00 4.970999999999999724e-03
-6.375000000000000000e+01 -5.183246073298429124e+00 2.788900000000000060e-02
-6.375000000000000000e+01 -4.240837696335078455e+00 9.001499999999999779e-02
-6.375000000000000000e+01 -3.298429319371727786e+00 1.724000000000000055e-03
-6.375000000000000000e+01 -2.356020942408377117e+00 3.249999999999999851e-04
-6.375000000000000000e+01 -1.413612565445026226e+00 3.240000000000000150e-04
-6.375000000000000000e+01 -4.712041884816753901e-01 1.828999999999999897e-03
-6.375000000000000000e+01 4.712041884816753901e-01 1.828999999999999897e-03
-6.375000000000000000e+01 1.413612565445026226e+00 0.000000000000000000e+00
-6.375000000000000000e+01 3.298429319371727786e+00 1.465900000000000016e-02
-6.250000000000000000e+01 -1.931937172774869538e+01 3.942390000000000061e-01
-6.250000000000000000e+01 -1.837696335078534560e+01 7.181830000000000158e-01
-6.250000000000000000e+01 -1.743455497382199582e+01 8.213249999999999718e-01
-6.250000000000000000e+01 -1.649214659685864603e+01 1.293940000000000090e-01
-6.250000000000000000e+01 -1.554973821989529448e+01 1.293940000000000090e-01
-6.250000000000000000e+01 -1.460732984293194114e+01 8.234000000000000000e-03
-6.250000000000000000e+01 -1.366492146596859136e+01 2.263999999999999953e-03
-6.250000000000000000e+01 -1.272251308900523981e+01 1.671500000000000069e-02
-6.250000000000000000e+01 -1.178010471204188825e+01 5.708990000000000453e-01
-6.250000000000000000e+01 -1.083769633507853669e+01 4.525290000000000146e-01
-6.250000000000000000e+01 -9.895287958115185134e+00 9.767460000000000031e-01
-6.250000000000000000e+01 -8.952879581151833577e+00 5.133440000000000225e-01
-6.250000000000000000e+01 -8.010471204188482020e+00 3.345259999999999900e-01
-6.250000000000000000e+01 -7.068062827225130462e+00 6.037700000000000289e-01
-6.250000000000000000e+01 -6.125654450261779793e+00 1.441959999999999908e-01
-6.250000000000000000e+01 -5.183246073298429124e+00 2.396000000000000126e-03
-6.250000000000000000e+01 -4.240837696335078455e+00 1.684299999999999964e-01
-6.250000000000000000e+01 -3.298429319371727786e+00 1.534100000000000047e-02
-6.250000000000000000e+01 -2.356020942408377117e+00 1.056999999999999997e-03
-6.250000000000000000e+01 -1.413612565445026226e+00 5.200599999999999667e-02
-6.250000000000000000e+01 -4.712041884816753901e-01 6.509999999999999945e-04
-6.250000000000000000e+01 4.712041884816753901e-01 6.509999999999999945e-04
-6.250000000000000000e+01 1.413612565445026226e+00 1.595000000000000064e-03
-6.250000000000000000e+01 2.356020942408377117e+00 2.831000000000000183e-03
-6.250000000000000000e+01 3.298429319371727786e+00 0.000000000000000000e+00
-6.125000000000000000e+01 -1.837696335078534560e+01 1.916980000000000073e-01
-6.125000000000000000e+01 -1.743455497382199582e+01 2.462699999999999889e-01
-6.125000000000000000e+01 -1.649214659685864603e+01 2.723360000000000225e-01
-6.125000000000000000e+01 -1.554973821989529448e+01 2.723360000000000225e-01
-6.125000000000000000e+01 -1.460732984293194114e+01 4.568300000000000138e-02
-6.125000000000000000e+01 -1.366492146596859136e+01 6.291299999999999670e-02
-6.125000000000000000e+01 -1.272251308900523981e+01 6.983249999999999735e-01
-6.125000000000000000e+01 -1.178010471204188825e+01 8.065539999999999932e-01
-6.125000000000000000e+01 -1.083769633507853669e+01 5.131970000000000143e-01
-6.125000000000000000e+01 -9.895287958115185134e+00 5.215039999999999676e-01
-6.125000000000000000e+01 -8.952879581151833577e+00 1.756449999999999956e-01
-6.125000000000000000e+01 -8.010471204188482020e+00 1.158600000000000046e-01
-6.125000000000000000e+01 -7.068062827225130462e+00 4.325799999999999784e-02
-6.125000000000000000e+01 -6.125654450261779793e+00 1.396219999999999961e-01
-6.125000000000000000e+01 -5.183246073298429124e+00 9.699000000000000676e-02
-6.125000000000000000e+01 -4.240837696335078455e+00 3.002690000000000081e-01
-6.125000000000000000e+01 -3.298429319371727786e+00 3.736320000000000197e-01
-6.125000000000000000e+01 -2.356020942408377117e+00 4.603000000000000320e-03
-6.125000000000000000e+01 -1.413612565445026226e+00 3.501200000000000145e-02
-6.125000000000000000e+01 -4.712041884816753901e-01 1.958000000000000018e-01
-6.125000000000000000e+01 4.712041884816753901e-01 1.958000000000000018e-01
-6.125000000000000000e+01 1.413612565445026226e+00 2.477260000000000018e-01
-6.125000000000000000e+01 2.356020942408377117e+00 7.116879999999999873e-01
-6.125000000000000000e+01 3.298429319371727786e+00 2.659569999999999990e-01
-6.125000000000000000e+01 4.240837696335078455e+00 8.114699999999999691e-02
-6.000000000000000000e+01 -1.554973821989529448e+01 1.341219999999999912e-01
-6.000000000000000000e+01 -1.460732984293194114e+01 4.289100000000000135e-01
-6.000000000000000000e+01 -1.366492146596859136e+01 5.593010000000000481e-01
-6.000000000000000000e+01 -1.272251308900523981e+01 4.564170000000000171e-01
-6.000000000000000000e+01 -1.178010471204188825e+01 1.636799999999999922e-01
-6.000000000000000000e+01 -1.083769633507853669e+01 3.397499999999999826e-02
-6.000000000000000000e+01 -9.895287958115185134e+00 3.252430000000000043e-01
-6.000000000000000000e+01 -8.952879581151833577e+00 1.152859999999999996e-01
-6.000000000000000000e+01 -8.010471204188482020e+00 6.035000000000000434e-03
-6.000000000000000000e+01 -7.068062827225130462e+00 3.143460000000000143e-01
-6.000000000000000000e+01 -6.125654450261779793e+00 1.184739999999999960e-01
-6.000000000000000000e+01 -5.183246073298429124e+00 1.396880000000000066e-01
-6.000000000000000000e+01 -4.240837696335078455e+00 4.534599999999999742e-01
-6.000000000000000000e+01 -3.298429319371727786e+00 8.078699999999999770e-01
-6.000000000000000000e+01 -2.356020942408377117e+00 7.915339999999999598e-01
-6.000000000000000000e+01 -1.413612565445026226e+00 2.420839999999999936e-01
-6.000000000000000000e+01 -4.712041884816753901e-01 6.099600000000000161e-02
-6.000000000000000000e+01 4.712041884816753901e-01 6.099600000000000161e-02
-6.000000000000000000e+01 1.413612565445026226e+00 7.058250000000000357e-01
-6.000000000000000000e+01 2.356020942408377117e+00 2.972910000000000275e-01
-6.000000000000000000e+01 3.298429319371727786e+00 1.223889999999999978e-01
-6.000000000000000000e+01 4.240837696335078455e+00 1.281799999999999953e-02
-6.000000000000000000e+01 5.183246073298429124e+00 1.332599999999999930e-02
-5.875000000000000000e+01 -1.366492146596859136e+01 5.316699999999999898e-02
-5.875000000000000000e+01 -1.272251308900523981e+01 5.080999999999999579e-03
-5.875000000000000000e+01 -1.178010471204188825e+01 2.415049999999999975e-01
-5.875000000000000000e+01 -1.083769633507853669e+01 6.737379999999999480e-01
-5.875000000000000000e+01 -9.895287958115185134e+00 7.033319999999999572e-01
-5.875000000000000000e+01 -8.952879581151833577e+00 1.614889999999999937e-01
-5.875000000000000000e+01 -8.010471204188482020e+00 2.400000000000000061e-04
-5.875000000000000000e+01 -7.068062827225130462e+00 1.077580000000000066e-01
-5.875000000000000000e+01 -6.125654450261779793e+00 5.812000000000000326e-03
-5.875000000000000000e+01 -5.183246073298429124e+00 3.442000000000000181e-03
-5.875000000000000000e+01 -4.240837696335078455e+00 2.793059999999999987e-01
-5.875000000000000000e+01 -3.298429319371727786e+00 7.595960000000000489e-01
-5.875000000000000000e+01 -2.356020942408377117e+00 1.882890000000000119e-01
-5.875000000000000000e+01 -1.413612565445026226e+00 1.239299999999999950e-02
-5.875000000000000000e+01 -4.712041884816753901e-01 3.229999999999999907e-04
-5.875000000000000000e+01 4.712041884816753901e-01 3.229999999999999907e-04
-5.750000000000000000e+01 -1.366492146596859136e+01 5.695100000000000162e-02
-5.750000000000000000e+01 -1.272251308900523981e+01 7.960200000000000609e-02
-5.750000000000000000e+01 -1.178010471204188825e+01 6.221219999999999528e-01
-5.750000000000000000e+01 -1.083769633507853669e+01 5.367979999999999974e-01
-5.750000000000000000e+01 -9.895287958115185134e+00 6.654409999999999492e-01
-5.750000000000000000e+01 -8.952879581151833577e+00 1.357569999999999888e-01
-5.750000000000000000e+01 -8.010471204188482020e+00 1.134489999999999943e-01
-5.750000000000000000e+01 -7.068062827225130462e+00 9.024000000000000771e-03
-5.750000000000000000e+01 -6.125654450261779793e+00 1.240580000000000016e-01
-5.750000000000000000e+01 -5.183246073298429124e+00 1.876999999999999979e-03
-5.750000000000000000e+01 -4.240837696335078455e+00 7.920800000000000063e-02
-5.750000000000000000e+01 -3.298429319371727786e+00 4.544480000000000186e-01
-5.750000000000000000e+01 -2.356020942408377117e+00 8.508499999999999397e-02
-5.750000000000000000e+01 -1.413612565445026226e+00 1.562799999999999953e-02
-5.750000000000000000e+01 -4.712041884816753901e-01 7.696999999999999849e-03
-5.750000000000000000e+01 4.712041884816753901e-01 7.696999999999999849e-03
-5.750000000000000000e+01 1.413612565445026226e+00 3.207399999999999834e-02
-5.625000000000000000e+01 -1.366492146596859136e+01 3.951859999999999817e-01
-5.625000000000000000e+01 -1.272251308900523981e+01 3.661820000000000075e-01
-5.625000000000000000e+01 -1.178010471204188825e+01 8.052519999999999678e-01
-5.625000000000000000e+01 -1.083769633507853669e+01 6.080489999999999506e-01
-5.625000000000000000e+01 -9.895287958115185134e+00 9.763610000000000344e-01
-5.625000000000000000e+01 -8.952879581151833577e+00 1.242710000000000065e-01
-5.625000000000000000e+01 -8.010471204188482020e+00 6.457300000000000539e-02
-5.625000000000000000e+01 -7.068062827225130462e+00 2.414570000000000050e-01
-5.625000000000000000e+01 -6.125654450261779793e+00 2.903430000000000177e-01
-5.625000000000000000e+01 -5.183246073298429124e+00 4.256659999999999888e-01
-5.625000000000000000e+01 -4.240837696335078455e+00 4.629409999999999914e-01
-5.625000000000000000e+01 -3.298429319371727786e+00 1.408040000000000125e-01
-5.625000000000000000e+01 -2.356020942408377117e+00 4.356599999999999917e-01
-5.625000000000000000e+01 -1.413612565445026226e+00 5.706300000000000261e-02
-5.625000000000000000e+01 -4.712041884816753901e-01 8.000000000000000654e-05
-5.625000000000000000e+01 4.712041884816753901e-01 8.000000000000000654e-05
-5.625000000000000000e+01 1.413612565445026226e+00 0.000000000000000000e+00
-5.500000000000000000e+01 -1.460732984293194114e+01 1.850680000000000103e-01
-5.500000000000000000e+01 -1.366492146596859136e+01 5.550499999999999878e-02
-5.500000000000000000e+01 -1.272251308900523981e+01 5.890050000000000008e-01
-5.500000000000000000e+01 -1.178010471204188825e+01 8.630419999999999758e-01
-5.500000000000000000e+01 -1.083769633507853669e+01 9.093459999999999877e-01
-5.500000000000000000e+01 -9.895287958115185134e+00 9.009099999999999886e-01
-5.500000000000000000e+01 -8.952879581151833577e+00 2.810529999999999973e-01
-5.500000000000000000e+01 -8.010471204188482020e+00 5.422219999999999818e-01
-5.500000000000000000e+01 -7.068062827225130462e+00 3.573470000000000257e-01
-5.500000000000000000e+01 -6.125654450261779793e+00 1.338890000000000080e-01
-5.500000000000000000e+01 -5.183246073298429124e+00 6.823600000000000498e-02
-5.500000000000000000e+01 -4.240837696335078455e+00 5.587029999999999497e-01
-5.500000000000000000e+01 -3.298429319371727786e+00 6.507969999999999589e-01
-5.500000000000000000e+01 -2.356020942408377117e+00 6.518319999999999670e-01
-5.500000000000000000e+01 -1.413612565445026226e+00 5.978699999999999987e-02
-5.500000000000000000e+01 -4.712041884816753901e-01 2.420000000000000005e-04
-5.500000000000000000e+01 4.712041884816753901e-01 2.420000000000000005e-04
-5.500000000000000000e+01 1.413612565445026226e+00 2.420000000000000005e-04
-5.500000000000000000e+01 2.356020942408377117e+00 5.760000000000000146e-04
-5.375000000000000000e+01 -1.460732984293194114e+01 1.061000000000000094e-03
-5.375000000000000000e+01 -1.366492146596859136e+01 4.921199999999999880e-02
-5.375000000000000000e+01 -1.272251308900523981e+01 3.989690000000000181e-01
-5.375000000000000000e+01 -1.178010471204188825e+01 2.982859999999999956e-01
-5.375000000000000000e+01 -1.083769633507853669e+01 5.470340000000000202e-01
-5.375000000000000000e+01 -9.895287958115185134e+00 5.619779999999999776e-01
-5.375000000000000000e+01 -8.952879581151833577e+00 5.043500000000000066e-02
-5.375000000000000000e+01 -8.010471204188482020e+00 8.000000000000000654e-05
-5.375000000000000000e+01 -7.068062827225130462e+00 5.655700000000000310e-02
-5.375000000000000000e+01 -6.125654450261779793e+00 1.419159999999999866e-01
-5.375000000000000000e+01 -5.183246073298429124e+00 2.222580000000000111e-01
-5.375000000000000000e+01 -4.240837696335078455e+00 5.459800000000000209e-01
-5.375000000000000000e+01 -3.298429319371727786e+00 7.037309999999999954e-01
-5.375000000000000000e+01 -2.356020942408377117e+00 5.392390000000000239e-01
-5.375000000000000000e+01 -1.413612565445026226e+00 2.533569999999999989e-01
-5.375000000000000000e+01 -4.712041884816753901e-01 3.101200000000000137e-02
-5.375000000000000000e+01 4.712041884816753901e-01 3.101200000000000137e-02
-5.375000000000000000e+01 1.413612565445026226e+00 3.058130000000000015e-01
-5.375000000000000000e+01 2.356020942408377117e+00 3.079999999999999839e-03
-5.250000000000000000e+01 -1.366492146596859136e+01 1.353200000000000063e-02
-5.250000000000000000e+01 -1.272251308900523981e+01 3.287439999999999807e-01
-5.250000000000000000e+01 -1.178010471204188825e+01 1.701300000000000034e-01
-5.250000000000000000e+01 -1.083769633507853669e+01 3.459789999999999810e-01
-5.250000000000000000e+01 -9.895287958115185134e+00 1.702009999999999912e-01
-5.250000000000000000e+01 -8.952879581151833577e+00 1.302999999999999905e-03
-5.250000000000000000e+01 -8.010471204188482020e+00 2.363799999999999929e-02
-5.250000000000000000e+01 -7.068062827225130462e+00 4.337420000000000164e-01
-5.250000000000000000e+01 -6.125654450261779793e+00 5.328030000000000266e-01
-5.250000000000000000e+01 -5.183246073298429124e+00 3.007800000000000057e-02
-5.250000000000000000e+01 -4.240837696335078455e+00 2.246650000000000036e-01
-5.250000000000000000e+01 -3.298429319371727786e+00 6.065049999999999608e-01
-5.250000000000000000e+01 -2.356020942408377117e+00 1.626769999999999883e-01
-5.250000000000000000e+01 -1.413612565445026226e+00 7.664459999999999607e-01
-5.250000000000000000e+01 -4.712041884816753901e-01 2.196069999999999967e-01
-5.250000000000000000e+01 4.712041884816753901e-01 2.196069999999999967e-01
-5.125000000000000000e+01 -8.952879581151833577e+00 7.726030000000000397e-01
-5.125000000000000000e+01 -8.010471204188482020e+00 5.154009999999999980e-01
-5.125000000000000000e+01 -7.068062827225130462e+00 6.474940000000000140e-01
-5.125000000000000000e+01 -5.183246073298429124e+00 3.994739999999999958e-01
-5.125000000000000000e+01 -4.240837696335078455e+00 6.154460000000000486e-01
-5.125000000000000000e+01 -3.298429319371727786e+00 9.117309999999999581e-01
-5.125000000000000000e+01 -2.356020942408377117e+00 5.866460000000000008e-01
-5.000000000000000000e+01 -3.298429319371727786e+00 9.024980000000000224e-01
