-7.875000000000000000e+01 -6.125654450261779793e+00 4.872070000000000012e-01
-7.875000000000000000e+01 -5.183246073298429124e+00 1.646640000000000048e-01
-7.875000000000000000e+01 -4.240837696335078455e+00 1.762910000000000033e-01
-7.875000000000000000e+01 -3.298429319371727786e+00 2.888249999999999984e-01
-7.875000000000000000e+01 -2.356020942408377117e+00 0.000000000000000000e+00
-7.875000000000000000e+01 -1.413612565445026226e+00 0.000000000000000000e+00
-7.750000000000000000e+01 -8.952879581151833577e+00 1.875680000000000125e-01
-7.750000000000000000e+01 -8.010471204188482020e+00 1.435049999999999937e-01
-7.750000000000000000e+01 -7.068062827225130462e+00 2.791620000000000212e-01
-7.750000000000000000e+01 -6.125654450261779793e+00 3.898240000000000038e-01
-7.750000000000000000e+01 -5.183246073298429124e+00 4.759599999999999942e-02
-7.750000000000000000e+01 -4.240837696335078455e+00 2.255800000000000166e-02
-7.750000000000000000e+01 -3.298429319371727786e+00 1.380260000000000098e-01
-7.750000000000000000e+01 -2.356020942408377117e+00 9.977600000000000358e-02
-7.750000000000000000e+01 -1.413612565445026226e+00 1.864989999999999981e-01
-7.750000000000000000e+01 -4.712041884816753901e-01 1.844790000000000041e-01
-7.750000000000000000e+01 4.712041884816753901e-01 1.844790000000000041e-01
-7.625000000000000000e+01 -1.083769633507853669e+01 5.392700000000000271e-02
-7.625000000000000000e+01 -9.895287958115185134e+00 1.205669999999999936e-01
-7.625000000000000000e+01 -8.952879581151833577e+00 2.661680000000000157e-01
-7.625000000000000000e+01 -8.010471204188482020e+00 7.521100000000000008e-02
-7.625000000000000000e+01 -7.068062827225130462e+00 1.717090000000000005e-01
-7.625000000000000000e+01 -6.125654450261779793e+00 1.694720000000000115e-01
-7.625000000000000000e+01 -5.183246073298429124e+00 4.002700000000000008e-02
-7.625000000000000000e+01 -4.240837696335078455e+00 1.472000000000000001e-03
-7.625000000000000000e+01 -3.298429319371727786e+00 3.983000000000000429e-03
-7.625000000000000000e+01 -2.356020942408377117e+00 2.553000000000000148e-03
-7.625000000000000000e+01 -1.413612565445026226e+00 2.611000000000000040e-03
-7.625000000000000000e+01 -4.712041884816753901e-01 2.488500000000000087e-02
-7.625000000000000000e+01 4.712041884816753901e-01 2.488500000000000087e-02
-7.625000000000000000e+01 1.413612565445026226e+00 4.382969999999999922e-01
-7.500000000000000000e+01 -1.366492146596859136e+01 7.814200000000000312e-02
-7.500000000000000000e+01 -1.272251308900523981e+01 1.417779999999999874e-01
-7.500000000000000000e+01 -1.178010471204188825e+01 1.237540000000000029e-01
-7.500000000000000000e+01 -1.083769633507853669e+01 2.629369999999999763e-01
-7.500000000000000000e+01 -9.895287958115185134e+00 1.190200000000000008e-01
-7.500000000000000000e+01 -8.952879581151833577e+00 2.506970000000000032e-01
-7.500000000000000000e+01 -8.010471204188482020e+00 1.633030000000000037e-01
-7.500000000000000000e+01 -7.068062827225130462e+00 3.468899999999999761e-02
-7.500000000000000000e+01 -6.125654450261779793e+00 6.070300000000000001e-02
-7.500000000000000000e+01 -5.183246073298429124e+00 4.566900000000000126e-02
-7.500000000000000000e+01 -4.240837696335078455e+00 2.003299999999999872e-02
-7.500000000000000000e+01 -3.298429319371727786e+00 2.305999999999999890e-03
-7.500000000000000000e+01 -2.356020942408377117e+00 6.376999999999999856e-03
-7.500000000000000000e+01 -1.413612565445026226e+00 5.597000000000000412e-03
-7.500000000000000000e+01 -4.712041884816753901e-01 2.222800000000000123e-02
-7.500000000000000000e+01 4.712041884816753901e-01 2.222800000000000123e-02
-7.500000000000000000e+01 1.413612565445026226e+00 3.852410000000000001e-01
-7.500000000000000000e+01 2.356020942408377117e+00 6.117569999999999952e-01
-7.375000000000000000e+01 -1.460732984293194114e+01 0.000000000000000000e+00
-7.375000000000000000e+01 -1.366492146596859136e+01 1.302490000000000037e-01
-7.375000000000000000e+01 -1.272251308900523981e+01 7.879200000000000093e-02
-7.375000000000000000e+01 -1.178010471204188825e+01 9.292000000000000259e-02
-7.375000000000000000e+01 -1.083769633507853669e+01 7.230799999999999728e-02
-7.375000000000000000e+01 -9.895287958115185134e+00 5.654499999999999804e-02
-7.375000000000000000e+01 -8.952879581151833577e+00 6.836799999999999822e-02
-7.375000000000000000e+01 -8.010471204188482020e+00 4.523900000000000143e-02
-7.375000000000000000e+01 -7.068062827225130462e+00 9.365999999999999326e-03
-7.375000000000000000e+01 -6.125654450261779793e+00 2.464699999999999877e-02
-7.375000000000000000e+01 -5.183246073298429124e+00 7.177999999999999658e-02
-7.375000000000000000e+01 -4.240837696335078455e+00 2.272499999999999867e-02
-7.375000000000000000e+01 -3.298429319371727786e+00 7.262000000000000226e-03
-7.375000000000000000e+01 -2.356020942408377117e+00 5.409999999999999878e-03
-7.375000000000000000e+01 -1.413612565445026226e+00 1.504899999999999988e-02
-7.375000000000000000e+01 -4.712041884816753901e-01 2.467000000000000009e-03
-7.375000000000000000e+01 4.712041884816753901e-01 2.467000000000000009e-03
-7.375000000000000000e+01 1.413612565445026226e+00 3.635300000000000337e-02
-7.250000000000000000e+01 -1.460732984293194114e+01 5.432000000000000196e-03
-7.250000000000000000e+01 -1.366492146596859136e+01 1.374849999999999961e-01
-7.250000000000000000e+01 -1.272251308900523981e+01 1.582129999999999925e-01
-7.250000000000000000e+01 -1.178010471204188825e+01 4.293199999999999794e-02
-7.250000000000000000e+01 -1.083769633507853669e+01 6.879999999999999831e-03
-7.250000000000000000e+01 -9.895287958115185134e+00 0.000000000000000000e+00
-7.250000000000000000e+01 -8.952879581151833577e+00 9.388999999999999777e-03
-7.250000000000000000e+01 -8.010471204188482020e+00 1.422549999999999926e-01
-7.250000000000000000e+01 -7.068062827225130462e+00 3.953000000000000264e-02
-7.250000000000000000e+01 -6.125654450261779793e+00 9.730000000000000151e-04
-7.250000000000000000e+01 -5.183246073298429124e+00 9.737000000000000863e-03
-7.250000000000000000e+01 -4.240837696335078455e+00 1.123389999999999944e-01
-7.250000000000000000e+01 -3.298429319371727786e+00 2.123999999999999846e-02
-7.250000000000000000e+01 -2.356020942408377117e+00 8.765999999999999487e-03
-7.250000000000000000e+01 -1.413612565445026226e+00 2.056000000000000102e-03
-7.250000000000000000e+01 -4.712041884816753901e-01 6.908000000000000078e-03
-7.250000000000000000e+01 4.712041884816753901e-01 6.908000000000000078e-03
-7.250000000000000000e+01 1.413612565445026226e+00 1.020399999999999953e-02
-7.125000000000000000e+01 -1.460732984293194114e+01 9.079900000000000471e-02
-7.125000000000000000e+01 -1.366492146596859136e+01 2.439500000000000002e-02
-7.125000000000000000e+01 -1.272251308900523981e+01 4.102200000000000291e-02
-7.125000000000000000e+01 -1.178010471204188825e+01 0.000000000000000000e+00
-7.125000000000000000e+01 -1.083769633507853669e+01 0.000000000000000000e+00
-7.125000000000000000e+01 -9.895287958115185134e+00 6.791000000000000161e-03
-7.125000000000000000e+01 -8.952879581151833577e+00 2.335800000000000029e-02
-7.125000000000000000e+01 -8.010471204188482020e+00 1.065050000000000024e-01
-7.125000000000000000e+01 -7.068062827225130462e+00 3.642999999999999971e-03
-7.125000000000000000e+01 -6.125654450261779793e+00 4.655000000000000283e-03
-7.125000000000000000e+01 -5.183246073298429124e+00 2.429999999999999977e-04
-7.125000000000000000e+01 -4.240837696335078455e+00 1.737700000000000009e-02
-7.125000000000000000e+01 -3.298429319371727786e+00 1.589999999999999888e-04
-7.125000000000000000e+01 -2.356020942408377117e+00 9.475000000000000783e-03
-7.125000000000000000e+01 -1.413612565445026226e+00 3.510000000000000099e-03
-7.125000000000000000e+01 -4.712041884816753901e-01 0.000000000000000000e+00
-7.125000000000000000e+01 4.712041884816753901e-01 0.000000000000000000e+00
-7.125000000000000000e+01 1.413612565445026226e+00 1.509699999999999931e-02
-7.000000000000000000e+01 -1.366492146596859136e+01 8.580000000000000820e-03
-7.000000000000000000e+01 -1.272251308900523981e+01 4.524500000000000050e-02
-7.000000000000000000e+01 -1.178010471204188825e+01 0.000000000000000000e+00
-7.000000000000000000e+01 -1.083769633507853669e+01 6.913700000000000401e-02
-7.000000000000000000e+01 -9.895287958115185134e+00 3.200000000000000262e-04
-7.000000000000000000e+01 -8.952879581151833577e+00 1.187099999999999961e-02
-7.000000000000000000e+01 -8.010471204188482020e+00 6.996099999999999541e-02
-7.000000000000000000e+01 -7.068062827225130462e+00 2.868199999999999916e-02
-7.000000000000000000e+01 -6.125654450261779793e+00 1.861000000000000024e-03
-7.000000000000000000e+01 -5.183246073298429124e+00 8.040000000000000271e-04
-7.000000000000000000e+01 -4.240837696335078455e+00 5.678300000000000014e-02
-7.000000000000000000e+01 -3.298429319371727786e+00 1.250500000000000049e-02
-7.000000000000000000e+01 -2.356020942408377117e+00 3.520999999999999824e-03
-7.000000000000000000e+01 -1.413612565445026226e+00 9.714999999999999677e-03
-7.000000000000000000e+01 -4.712041884816753901e-01 1.220300000000000031e-02
-7.000000000000000000e+01 4.712041884816753901e-01 1.220300000000000031e-02
-7.000000000000000000e+01 1.413612565445026226e+00 3.654000000000000130e-03
-6.875000000000000000e+01 -1.554973821989529448e+01 6.769999999999999759e-04
-6.875000000000000000e+01 -1.460732984293194114e+01 1.975800000000000126e-02
-6.875000000000000000e+01 -1.366492146596859136e+01 3.651999999999999864e-03
-6.875000000000000000e+01 -1.272251308900523981e+01 6.422999999999999543e-02
-6.875000000000000000e+01 -1.178010471204188825e+01 1.034429999999999933e-01
-6.875000000000000000e+01 -1.083769633507853669e+01 2.985740000000000061e-01
-6.875000000000000000e+01 -9.895287958115185134e+00 2.223299999999999929e-02
-6.875000000000000000e+01 -8.952879581151833577e+00 8.352400000000000102e-02
-6.875000000000000000e+01 -8.010471204188482020e+00 3.200000000000000262e-04
-6.875000000000000000e+01 -7.068062827225130462e+00 2.047999999999999907e-03
-6.875000000000000000e+01 -6.125654450261779793e+00 1.129999999999999928e-03
-6.875000000000000000e+01 -5.183246073298429124e+00 4.840000000000000010e-04
-6.875000000000000000e+01 -4.240837696335078455e+00 4.423999999999999981e-03
-6.875000000000000000e+01 -3.298429319371727786e+00 7.030999999999999923e-03
-6.875000000000000000e+01 -2.356020942408377117e+00 1.229000000000000058e-03
-6.875000000000000000e+01 -1.413612565445026226e+00 1.531999999999999942e-03
-6.875000000000000000e+01 -4.712041884816753901e-01 1.129100000000000069e-02
-6.875000000000000000e+01 4.712041884816753901e-01 1.129100000000000069e-02
-6.875000000000000000e+01 1.413612565445026226e+00 1.150699999999999987e-02
-6.875000000000000000e+01 2.356020942408377117e+00 6.131000000000000165e-03
-6.750000000000000000e+01 -1.649214659685864603e+01 1.351090000000000069e-01
-6.750000000000000000e+01 -1.554973821989529448e+01 1.351090000000000069e-01
-6.750000000000000000e+01 -1.460732984293194114e+01 3.524299999999999655e-02
-6.750000000000000000e+01 -1.366492146596859136e+01 3.537499999999999672e-02
-6.750000000000000000e+01 -1.272251308900523981e+01 5.739000000000000178e-03
-6.750000000000000000e+01 -1.178010471204188825e+01 1.366200000000000053e-02
-6.750000000000000000e+01 -1.083769633507853669e+01 1.655300000000000105e-01
-6.750000000000000000e+01 -9.895287958115185134e+00 5.367560000000000109e-01
-6.750000000000000000e+01 -8.952879581151833577e+00 5.106100000000000222e-02
-6.750000000000000000e+01 -8.010471204188482020e+00 9.590000000000000000e-04
-6.750000000000000000e+01 -7.068062827225130462e+00 8.919999999999999978e-04
-6.750000000000000000e+01 -6.125654450261779793e+00 5.134999999999999808e-03
-6.750000000000000000e+01 -5.183246073298429124e+00 1.128000000000000096e-03
-6.750000000000000000e+01 -4.240837696335078455e+00 8.059999999999999673e-04
-6.750000000000000000e+01 -3.298429319371727786e+00 1.389100000000000057e-02
-6.750000000000000000e+01 -2.356020942408377117e+00 3.310000000000000225e-04
-6.750000000000000000e+01 -1.413612565445026226e+00 8.000000000000000654e-05
-6.750000000000000000e+01 -4.712041884816753901e-01 8.989999999999999511e-04
-6.750000000000000000e+01 4.712041884816753901e-01 8.989999999999999511e-04
-6.750000000000000000e+01 1.413612565445026226e+00 6.081999999999999733e-03
-6.750000000000000000e+01 2.356020942408377117e+00 7.219999999999999855e-04
-6.625000000000000000e+01 -1.837696335078534560e+01 8.382100000000000661e-02
-6.625000000000000000e+01 -1.743455497382199582e+01 1.113180000000000003e-01
-6.625000000000000000e+01 -1.649214659685864603e+01 1.786999999999999960e-03
-6.625000000000000000e+01 -1.554973821989529448e+01 1.786999999999999960e-03
-6.625000000000000000e+01 -1.460732984293194114e+01 6.490000000000000109e-03
-6.625000000000000000e+01 -1.366492146596859136e+01 1.134000000000000025e-03
-6.625000000000000000e+01 -1.272251308900523981e+01 0.000000000000000000e+00
-6.625000000000000000e+01 -1.178010471204188825e+01 5.414999999999999675e-03
-6.625000000000000000e+01 -1.083769633507853669e+01 5.481300000000000061e-02
-6.625000000000000000e+01 -9.895287958115185134e+00 1.136329999999999979e-01
-6.625000000000000000e+01 -8.952879581151833577e+00 1.294000000000000011e-02
-6.625000000000000000e+01 -8.010471204188482020e+00 2.295000000000000165e-03
-6.625000000000000000e+01 -7.068062827225130462e+00 8.109999999999999805e-04
-6.625000000000000000e+01 -6.125654450261779793e+00 1.610000000000000103e-04
-6.625000000000000000e+01 -5.183246073298429124e+00 3.260000000000000094e-04
-6.625000000000000000e+01 -4.240837696335078455e+00 3.536000000000000081e-03
-6.625000000000000000e+01 -3.298429319371727786e+00 1.376199999999999993e-02
-6.625000000000000000e+01 -2.356020942408377117e+00 6.198000000000000384e-03
-6.625000000000000000e+01 -1.413612565445026226e+00 0.000000000000000000e+00
-6.625000000000000000e+01 -4.712041884816753901e-01 2.425000000000000072e-03
-6.625000000000000000e+01 4.712041884816753901e-01 2.425000000000000072e-03
-6.625000000000000000e+01 1.413612565445026226e+00 7.511900000000000521e-02
-6.625000000000000000e+01 2.356020942408377117e+00 7.074800000000000533e-02
-6.500000000000000000e+01 -1.837696335078534560e+01 2.037200000000000122e-02
-6.500000000000000000e+01 -1.743455497382199582e+01 2.572570000000000134e-01
-6.500000000000000000e+01 -1.649214659685864603e+01 9.745000000000000190e-03
-6.500000000000000000e+01 -1.554973821989529448e+01 9.745000000000000190e-03
-6.500000000000000000e+01 -1.460732984293194114e+01 5.440999999999999656e-03
-6.500000000000000000e+01 -1.366492146596859136e+01 2.969999999999999984e-03
-6.500000000000000000e+01 -1.272251308900523981e+01 1.412000000000000061e-03
-6.500000000000000000e+01 -1.178010471204188825e+01 7.238999999999999775e-03
-6.500000000000000000e+01 -1.083769633507853669e+01 1.295340000000000102e-01
-6.500000000000000000e+01 -9.895287958115185134e+00 2.434780000000000000e-01
-6.500000000000000000e+01 -8.952879581151833577e+00 4.970999999999999724e-02
-6.500000000000000000e+01 -8.010471204188482020e+00 2.351999999999999924e-03
-6.500000000000000000e+01 -7.068062827225130462e+00 1.703199999999999853e-02
-6.500000000000000000e+01 -6.125654450261779793e+00 1.147999999999999932e-03
-6.500000000000000000e+01 -5.183246073298429124e+00 1.630000000000000047e-04
-6.500000000000000000e+01 -4.240837696335078455e+00 3.540999999999999877e-03
-6.500000000000000000e+01 -3.298429319371727786e+00 1.023600000000000031e-02
-6.500000000000000000e+01 -2.356020942408377117e+00 4.329999999999999648e-03
-6.500000000000000000e+01 -1.413612565445026226e+00 1.791999999999999973e-03
-6.500000000000000000e+01 -4.712041884816753901e-01 7.742999999999999883e-03
-6.500000000000000000e+01 4.712041884816753901e-01 7.742999999999999883e-03
-6.500000000000000000e+01 1.413612565445026226e+00 2.658999999999999905e-03
-6.375000000000000000e+01 -2.026178010471204516e+01 0.000000000000000000e+00
-6.375000000000000000e+01 -1.931937172774869538e+01 6.913500000000000201e-02
-6.375000000000000000e+01 -1.837696335078534560e+01 9.709399999999999975e-02
-6.375000000000000000e+01 -1.743455497382199582e+01 3.936419999999999919e-01
-6.375000000000000000e+01 -1.649214659685864603e+01 4.968100000000000294e-02
-6.375000000000000000e+01 -1.554973821989529448e+01 4.968100000000000294e-02
-6.375000000000000000e+01 -1.460732984293194114e+01 2.355799999999999908e-02
-6.375000000000000000e+01 -1.366492146596859136e+01 2.972999999999999948e-03
-6.375000000000000000e+01 -1.272251308900523981e+01 1.505000000000000044e-03
-6.375000000000000000e+01 -1.178010471204188825e+01 2.173059999999999992e-01
-6.375000000000000000e+01 -1.083769633507853669e+01 3.944000000000000283e-02
-6.375000000000000000e+01 -9.895287958115185134e+00 3.062119999999999842e-01
-6.375000000000000000e+01 -8.952879581151833577e+00 4.441309999999999980e-01
-6.375000000000000000e+01 -8.010471204188482020e+00 7.302799999999999569e-02
-6.375000000000000000e+01 -7.068062827225130462e+00 7.193999999999999874e-03
-6.375000000000000000e+01 -6.125654450261779793e+00 4.970999999999999724e-03
-6.375000000000000000e+01 -5.183246073298429124e+00 1.794000000000000022e-03
-6.375000000000000000e+01 -4.240837696335078455e+00 2.854100000000000040e-02
-6.375000000000000000e+01 -3.298429319371727786e+00 1.724000000000000055e-03
-6.375000000000000000e+01 -2.356020942408377117e+00 3.249999999999999851e-04
-6.375000000000000000e+01 -1.413612565445026226e+00 3.240000000000000150e-04
-6.375000000000000000e+01 -4.712041884816753901e-01 1.828999999999999897e-03
-6.375000000000000000e+01 4.712041884816753901e-01 1.828999999999999897e-03
-6.375000000000000000e+01 1.413612565445026226e+00 0.000000000000000000e+00
-6.375000000000000000e+01 3.298429319371727786e+00 1.117699999999999944e-02
-6.250000000000000000e+01 -1.931937172774869538e+01 2.929789999999999894e-01
-6.250000000000000000e+01 -1.837696335078534560e+01 6.308610000000000051e-01
-6.250000000000000000e+01 -1.743455497382199582e+01 6.633660000000000112e-01
-6.250000000000000000e+01 -1.649214659685864603e+01 6.858999999999999819e-02
-6.250000000000000000e+01 -1.554973821989529448e+01 6.858999999999999819e-02
-6.250000000000000000e+01 -1.460732984293194114e+01 7.910999999999999630e-03
-6.250000000000000000e+01 -1.366492146596859136e+01 2.263999999999999953e-03
-6.250000000000000000e+01 -1.272251308900523981e+01 1.157999999999999958e-03
-6.250000000000000000e+01 -1.178010471204188825e+01 3.179000000000000159e-01
-6.250000000000000000e+01 -1.083769633507853669e+01 3.258050000000000113e-01
-6.250000000000000000e+01 -9.895287958115185134e+00 8.115459999999999896e-01
-6.250000000000000000e+01 -8.952879581151833577e+00 2.498950000000000060e-01
-6.250000000000000000e+01 -8.010471204188482020e+00 5.675299999999999789e-02
-6.250000000000000000e+01 -7.068062827225130462e+00 4.084700000000000136e-02
-6.250000000000000000e+01 -6.125654450261779793e+00 7.335999999999999639e-03
-6.250000000000000000e+01 -5.183246073298429124e+00 2.396000000000000126e-03
-6.250000000000000000e+01 -4.240837696335078455e+00 2.811900000000000163e-02
-6.250000000000000000e+01 -3.298429319371727786e+00 5.197000000000000230e-03
-6.250000000000000000e+01 -2.356020942408377117e+00 1.056999999999999997e-03
-6.250000000000000000e+01 -1.413612565445026226e+00 2.631999999999999791e-03
-6.250000000000000000e+01 -4.712041884816753901e-01 6.509999999999999945e-04
-6.250000000000000000e+01 4.712041884816753901e-01 6.509999999999999945e-04
-6.250000000000000000e+01 1.413612565445026226e+00 1.435000000000000078e-03
-6.250000000000000000e+01 2.356020942408377117e+00 1.051999999999999984e-03
-6.250000000000000000e+01 3.298429319371727786e+00 0.000000000000000000e+00
-6.125000000000000000e+01 -1.837696335078534560e+01 1.400490000000000068e-01
-6.125000000000000000e+01 -1.743455497382199582e+01 6.425500000000000655e-02
-6.125000000000000000e+01 -1.649214659685864603e+01 8.999400000000000455e-02
-6.125000000000000000e+01 -1.554973821989529448e+01 8.999400000000000455e-02
-6.125000000000000000e+01 -1.460732984293194114e+01 1.474199999999999990e-02
-6.125000000000000000e+01 -1.366492146596859136e+01 3.553100000000000008e-02
-6.125000000000000000e+01 -1.272251308900523981e+01 5.819919999999999538e-01
-6.125000000000000000e+01 -1.178010471204188825e+01 6.285180000000000211e-01
-6.125000000000000000e+01 -1.083769633507853669e+01 3.700760000000000161e-01
-6.125000000000000000e+01 -9.895287958115185134e+00 1.480779999999999874e-01
-6.125000000000000000e+01 -8.952879581151833577e+00 2.061100000000000085e-02
-6.125000000000000000e+01 -8.010471204188482020e+00 1.803700000000000095e-02
-6.125000000000000000e+01 -7.068062827225130462e+00 2.256000000000000193e-03
-6.125000000000000000e+01 -6.125654450261779793e+00 3.474300000000000305e-02
-6.125000000000000000e+01 -5.183246073298429124e+00 1.129900000000000002e-02
-6.125000000000000000e+01 -4.240837696335078455e+00 3.740799999999999681e-02
-6.125000000000000000e+01 -3.298429319371727786e+00 3.902900000000000119e-02
-6.125000000000000000e+01 -2.356020942408377117e+00 1.302999999999999905e-03
-6.125000000000000000e+01 -1.413612565445026226e+00 4.899999999999999842e-04
-6.125000000000000000e+01 -4.712041884816753901e-01 3.529499999999999998e-02
-6.125000000000000000e+01 4.712041884816753901e-01 3.529499999999999998e-02
-6.125000000000000000e+01 1.413612565445026226e+00 3.580300000000000149e-02
-6.125000000000000000e+01 2.356020942408377117e+00 2.766810000000000103e-01
-6.125000000000000000e+01 3.298429319371727786e+00 1.405599999999999905e-01
-6.125000000000000000e+01 4.240837696335078455e+00 9.776999999999999233e-03
-6.000000000000000000e+01 -1.554973821989529448e+01 8.380300000000000249e-02
-6.000000000000000000e+01 -1.460732984293194114e+01 3.459840000000000138e-01
-6.000000000000000000e+01 -1.366492146596859136e+01 3.396429999999999727e-01
-6.000000000000000000e+01 -1.272251308900523981e+01 2.879349999999999965e-01
-6.000000000000000000e+01 -1.178010471204188825e+01 7.070200000000000096e-02
-6.000000000000000000e+01 -1.083769633507853669e+01 1.132999999999999893e-03
-6.000000000000000000e+01 -9.895287958115185134e+00 4.798000000000000181e-02
-6.000000000000000000e+01 -8.952879581151833577e+00 5.904000000000000394e-03
-6.000000000000000000e+01 -8.010471204188482020e+00 0.000000000000000000e+00
-6.000000000000000000e+01 -7.068062827225130462e+00 1.028079999999999966e-01
-6.000000000000000000e+01 -6.125654450261779793e+00 7.893000000000000710e-03
-6.000000000000000000e+01 -5.183246073298429124e+00 1.464599999999999930e-02
-6.000000000000000000e+01 -4.240837696335078455e+00 1.300080000000000124e-01
-6.000000000000000000e+01 -3.298429319371727786e+00 2.956139999999999879e-01
-6.000000000000000000e+01 -2.356020942408377117e+00 1.661350000000000049e-01
-6.000000000000000000e+01 -1.413612565445026226e+00 3.147300000000000098e-02
-6.000000000000000000e+01 -4.712041884816753901e-01 8.770999999999999283e-03
-6.000000000000000000e+01 4.712041884816753901e-01 8.770999999999999283e-03
-6.000000000000000000e+01 1.413612565445026226e+00 2.996610000000000107e-01
-6.000000000000000000e+01 2.356020942408377117e+00 3.934100000000000097e-02
-6.000000000000000000e+01 3.298429319371727786e+00 4.976099999999999968e-02
-6.000000000000000000e+01 4.240837696335078455e+00 1.091600000000000036e-02
-6.000000000000000000e+01 5.183246073298429124e+00 1.274999999999999918e-02
-5.875000000000000000e+01 -1.366492146596859136e+01 2.409999999999999989e-02
-5.875000000000000000e+01 -1.272251308900523981e+01 1.531999999999999942e-03
-5.875000000000000000e+01 -1.178010471204188825e+01 1.478619999999999934e-01
-5.875000000000000000e+01 -1.083769633507853669e+01 3.830760000000000276e-01
-5.875000000000000000e+01 -9.895287958115185134e+00 1.705760000000000054e-01
-5.875000000000000000e+01 -8.952879581151833577e+00 3.484500000000000097e-02
-5.875000000000000000e+01 -8.010471204188482020e+00 2.400000000000000061e-04
-5.875000000000000000e+01 -7.068062827225130462e+00 9.927000000000000060e-03
-5.875000000000000000e+01 -6.125654450261779793e+00 5.649999999999999641e-04
-5.875000000000000000e+01 -5.183246073298429124e+00 1.229000000000000058e-03
-5.875000000000000000e+01 -4.240837696335078455e+00 1.049400000000000055e-01
-5.875000000000000000e+01 -3.298429319371727786e+00 3.095640000000000058e-01
-5.875000000000000000e+01 -2.356020942408377117e+00 1.356599999999999993e-02
-5.875000000000000000e+01 -1.413612565445026226e+00 0.000000000000000000e+00
-5.875000000000000000e+01 -4.712041884816753901e-01 0.000000000000000000e+00
-5.875000000000000000e+01 4.712041884816753901e-01 0.000000000000000000e+00
-5.750000000000000000e+01 -1.366492146596859136e+01 4.289500000000000257e-02
-5.750000000000000000e+01 -1.272251308900523981e+01 4.656199999999999922e-02
-5.750000000000000000e+01 -1.178010471204188825e+01 3.813880000000000048e-01
-5.750000000000000000e+01 -1.083769633507853669e+01 3.378880000000000217e-01
-5.750000000000000000e+01 -9.895287958115185134e+00 1.993620000000000114e-01
-5.750000000000000000e+01 -8.952879581151833577e+00 1.760400000000000159e-02
-5.750000000000000000e+01 -8.010471204188482020e+00 1.814999999999999990e-03
-5.750000000000000000e+01 -7.068062827225130462e+00 1.655999999999999920e-03
-5.750000000000000000e+01 -6.125654450261779793e+00 1.114099999999999986e-02
-5.750000000000000000e+01 -5.183246073298429124e+00 1.631999999999999987e-03
-5.750000000000000000e+01 -4.240837696335078455e+00 4.537200000000000261e-02
-5.750000000000000000e+01 -3.298429319371727786e+00 2.261469999999999869e-01
-5.750000000000000000e+01 -2.356020942408377117e+00 2.741999999999999993e-02
-5.750000000000000000e+01 -1.413612565445026226e+00 6.511000000000000294e-03
-5.750000000000000000e+01 -4.712041884816753901e-01 0.000000000000000000e+00
-5.750000000000000000e+01 4.712041884816753901e-01 0.000000000000000000e+00
-5.750000000000000000e+01 1.413612565445026226e+00 8.100000000000000375e-05
-5.625000000000000000e+01 -1.366492146596859136e+01 2.354140000000000121e-01
-5.625000000000000000e+01 -1.272251308900523981e+01 2.666669999999999874e-01
-5.625000000000000000e+01 -1.178010471204188825e+01 5.543400000000000549e-01
-5.625000000000000000e+01 -1.083769633507853669e+01 3.820910000000000140e-01
-5.625000000000000000e+01 -9.895287958115185134e+00 7.299520000000000453e-01
-5.625000000000000000e+01 -8.952879581151833577e+00 3.516299999999999981e-02
-5.625000000000000000e+01 -8.010471204188482020e+00 3.108999999999999785e-03
-5.625000000000000000e+01 -7.068062827225130462e+00 3.169299999999999895e-02
-5.625000000000000000e+01 -6.125654450261779793e+00 5.107099999999999834e-02
-5.625000000000000000e+01 -5.183246073298429124e+00 1.345629999999999882e-01
-5.625000000000000000e+01 -4.240837696335078455e+00 3.165470000000000228e-01
-5.625000000000000000e+01 -3.298429319371727786e+00 2.335800000000000029e-02
-5.625000000000000000e+01 -2.356020942408377117e+00 3.206280000000000241e-01
-5.625000000000000000e+01 -1.413612565445026226e+00 2.534300000000000094e-02
-5.625000000000000000e+01 -4.712041884816753901e-01 8.000000000000000654e-05
-5.625000000000000000e+01 4.712041884816753901e-01 8.000000000000000654e-05
-5.625000000000000000e+01 1.413612565445026226e+00 0.000000000000000000e+00
-5.500000000000000000e+01 -1.460732984293194114e+01 1.758270000000000111e-01
-5.500000000000000000e+01 -1.366492146596859136e+01 4.197900000000000242e-02
-5.500000000000000000e+01 -1.272251308900523981e+01 2.876400000000000068e-01
-5.500000000000000000e+01 -1.178010471204188825e+01 4.927460000000000173e-01
-5.500000000000000000e+01 -1.083769633507853669e+01 6.354579999999999673e-01
-5.500000000000000000e+01 -9.895287958115185134e+00 6.749640000000000084e-01
-5.500000000000000000e+01 -8.952879581151833577e+00 4.603499999999999953e-02
-5.500000000000000000e+01 -8.010471204188482020e+00 9.678699999999999803e-02
-5.500000000000000000e+01 -7.068062827225130462e+00 1.118900000000000033e-01
-5.500000000000000000e+01 -6.125654450261779793e+00 1.523000000000000048e-03
-5.500000000000000000e+01 -5.183246073298429124e+00 4.809999999999999823e-04
-5.500000000000000000e+01 -4.240837696335078455e+00 2.403659999999999963e-01
-5.500000000000000000e+01 -3.298429319371727786e+00 3.860060000000000158e-01
-5.500000000000000000e+01 -2.356020942408377117e+00 5.377870000000000150e-01
-5.500000000000000000e+01 -1.413612565445026226e+00 1.203800000000000009e-02
-5.500000000000000000e+01 -4.712041884816753901e-01 2.420000000000000005e-04
-5.500000000000000000e+01 4.712041884816753901e-01 2.420000000000000005e-04
-5.500000000000000000e+01 1.413612565445026226e+00 2.420000000000000005e-04
-5.500000000000000000e+01 2.356020942408377117e+00 5.760000000000000146e-04
-5.375000000000000000e+01 -1.460732984293194114e+01 4.079999999999999968e-04
-5.375000000000000000e+01 -1.366492146596859136e+01 4.009000000000000064e-02
-5.375000000000000000e+01 -1.272251308900523981e+01 1.929579999999999906e-01
-5.375000000000000000e+01 -1.178010471204188825e+01 9.969899999999999596e-02
-5.375000000000000000e+01 -1.083769633507853669e+01 1.974650000000000016e-01
-5.375000000000000000e+01 -9.895287958115185134e+00 2.503449999999999842e-01
-5.375000000000000000e+01 -8.952879581151833577e+00 3.302999999999999946e-03
-5.375000000000000000e+01 -8.010471204188482020e+00 8.000000000000000654e-05
-5.375000000000000000e+01 -7.068062827225130462e+00 2.101000000000000003e-03
-5.375000000000000000e+01 -6.125654450261779793e+00 6.347000000000000211e-03
-5.375000000000000000e+01 -5.183246073298429124e+00 3.246999999999999886e-03
-5.375000000000000000e+01 -4.240837696335078455e+00 2.362470000000000125e-01
-5.375000000000000000e+01 -3.298429319371727786e+00 1.604760000000000075e-01
-5.375000000000000000e+01 -2.356020942408377117e+00 4.407360000000000166e-01
-5.375000000000000000e+01 -1.413612565445026226e+00 6.657499999999999529e-02
-5.375000000000000000e+01 -4.712041884816753901e-01 9.719999999999999907e-04
-5.375000000000000000e+01 4.712041884816753901e-01 9.719999999999999907e-04
-5.375000000000000000e+01 1.413612565445026226e+00 1.217999999999999899e-03
-5.375000000000000000e+01 2.356020942408377117e+00 1.054000000000000032e-03
-5.250000000000000000e+01 -1.366492146596859136e+01 1.280700000000000068e-02
-5.250000000000000000e+01 -1.272251308900523981e+01 2.121159999999999990e-01
-5.250000000000000000e+01 -1.178010471204188825e+01 9.789000000000000479e-02
-5.250000000000000000e+01 -1.083769633507853669e+01 2.603389999999999871e-01
-5.250000000000000000e+01 -9.895287958115185134e+00 8.333999999999999742e-02
-5.250000000000000000e+01 -8.952879581151833577e+00 5.699999999999999772e-04
-5.250000000000000000e+01 -8.010471204188482020e+00 1.492999999999999969e-03
-5.250000000000000000e+01 -7.068062827225130462e+00 1.870099999999999887e-02
-5.250000000000000000e+01 -6.125654450261779793e+00 4.043000000000000066e-02
-5.250000000000000000e+01 -5.183246073298429124e+00 1.755000000000000050e-03
-5.250000000000000000e+01 -4.240837696335078455e+00 7.746500000000000608e-02
-5.250000000000000000e+01 -3.298429319371727786e+00 1.933199999999999918e-01
-5.250000000000000000e+01 -2.356020942408377117e+00 3.057800000000000101e-02
-5.250000000000000000e+01 -1.413612565445026226e+00 1.639289999999999914e-01
-5.250000000000000000e+01 -4.712041884816753901e-01 1.051999999999999984e-03
-5.250000000000000000e+01 4.712041884816753901e-01 1.051999999999999984e-03
-5.125000000000000000e+01 -8.952879581151833577e+00 4.868649999999999922e-01
-5.125000000000000000e+01 -8.010471204188482020e+00 3.818420000000000147e-01
-5.125000000000000000e+01 -7.068062827225130462e+00 4.517189999999999817e-01
-5.125000000000000000e+01 -5.183246073298429124e+00 1.491550000000000098e-01
-5.125000000000000000e+01 -4.240837696335078455e+00 2.644159999999999844e-01
-5.125000000000000000e+01 -3.298429319371727786e+00 1.383010000000000073e-01
-5.125000000000000000e+01 -2.356020942408377117e+00 6.418300000000000394e-02
-5.000000000000000000e+01 -3.298429319371727786e+00 3.012659999999999783e-01
