-7.875000000000000000e+01 -6.125654450261779793e+00 5.054189999999999516e-01
-7.875000000000000000e+01 -5.183246073298429124e+00 2.299249999999999905e-01
-7.875000000000000000e+01 -4.240837696335078455e+00 3.456580000000000208e-01
-7.875000000000000000e+01 -3.298429319371727786e+00 4.794720000000000093e-01
-7.875000000000000000e+01 -2.356020942408377117e+00 0.000000000000000000e+00
-7.875000000000000000e+01 -1.413612565445026226e+00 0.000000000000000000e+00
-7.750000000000000000e+01 -8.952879581151833577e+00 1.875680000000000125e-01
-7.750000000000000000e+01 -8.010471204188482020e+00 1.435049999999999937e-01
-7.750000000000000000e+01 -7.068062827225130462e+00 2.857609999999999872e-01
-7.750000000000000000e+01 -6.125654450261779793e+00 5.207450000000000134e-01
-7.750000000000000000e+01 -5.183246073298429124e+00 1.744890000000000052e-01
-7.750000000000000000e+01 -4.240837696335078455e+00 4.809100000000000180e-02
-7.750000000000000000e+01 -3.298429319371727786e+00 4.082330000000000125e-01
-7.750000000000000000e+01 -2.356020942408377117e+00 2.378859999999999864e-01
-7.750000000000000000e+01 -1.413612565445026226e+00 3.726929999999999965e-01
-7.750000000000000000e+01 -4.712041884816753901e-01 2.125950000000000062e-01
-7.750000000000000000e+01 4.712041884816753901e-01 2.125950000000000062e-01
-7.625000000000000000e+01 -1.083769633507853669e+01 6.888800000000000479e-02
-7.625000000000000000e+01 -9.895287958115185134e+00 1.427640000000000020e-01
-7.625000000000000000e+01 -8.952879581151833577e+00 4.580659999999999732e-01
-7.625000000000000000e+01 -8.010471204188482020e+00 1.639049999999999951e-01
-7.625000000000000000e+01 -7.068062827225130462e+00 2.556260000000000199e-01
-7.625000000000000000e+01 -6.125654450261779793e+00 4.327170000000000183e-01
-7.625000000000000000e+01 -5.183246073298429124e+00 4.002700000000000008e-02
-7.625000000000000000e+01 -4.240837696335078455e+00 1.472000000000000001e-03
-7.625000000000000000e+01 -3.298429319371727786e+00 3.983000000000000429e-03
-7.625000000000000000e+01 -2.356020942408377117e+00 2.553000000000000148e-03
-7.625000000000000000e+01 -1.413612565445026226e+00 5.466000000000000372e-03
-7.625000000000000000e+01 -4.712041884816753901e-01 1.820460000000000134e-01
-7.625000000000000000e+01 4.712041884816753901e-01 1.820460000000000134e-01
-7.625000000000000000e+01 1.413612565445026226e+00 8.298410000000000508e-01
-7.500000000000000000e+01 -1.366492146596859136e+01 7.814200000000000312e-02
-7.500000000000000000e+01 -1.272251308900523981e+01 1.417779999999999874e-01
-7.500000000000000000e+01 -1.178010471204188825e+01 1.237540000000000029e-01
-7.500000000000000000e+01 -1.083769633507853669e+01 3.595709999999999740e-01
-7.500000000000000000e+01 -9.895287958115185134e+00 1.946549999999999947e-01
-7.500000000000000000e+01 -8.952879581151833577e+00 5.167300000000000226e-01
-7.500000000000000000e+01 -8.010471204188482020e+00 2.416179999999999994e-01
-7.500000000000000000e+01 -7.068062827225130462e+00 3.685200000000000281e-02
-7.500000000000000000e+01 -6.125654450261779793e+00 6.070300000000000001e-02
-7.500000000000000000e+01 -5.183246073298429124e+00 4.566900000000000126e-02
-7.500000000000000000e+01 -4.240837696335078455e+00 2.003299999999999872e-02
-7.500000000000000000e+01 -3.298429319371727786e+00 2.305999999999999890e-03
-7.500000000000000000e+01 -2.356020942408377117e+00 6.376999999999999856e-03
-7.500000000000000000e+01 -1.413612565445026226e+00 5.597000000000000412e-03
-7.500000000000000000e+01 -4.712041884816753901e-01 2.919499999999999873e-02
-7.500000000000000000e+01 4.712041884816753901e-01 2.919499999999999873e-02
-7.500000000000000000e+01 1.413612565445026226e+00 5.202369999999999495e-01
-7.500000000000000000e+01 2.356020942408377117e+00 9.019709999999999672e-01
-7.375000000000000000e+01 -1.460732984293194114e+01 0.000000000000000000e+00
-7.375000000000000000e+01 -1.366492146596859136e+01 1.302490000000000037e-01
-7.375000000000000000e+01 -1.272251308900523981e+01 8.222899999999999654e-02
-7.375000000000000000e+01 -1.178010471204188825e+01 1.007870000000000016e-01
-7.375000000000000000e+01 -1.083769633507853669e+01 9.477499999999999813e-02
-7.375000000000000000e+01 -9.895287958115185134e+00 5.901700000000000002e-02
-7.375000000000000000e+01 -8.952879581151833577e+00 1.016740000000000005e-01
-7.375000000000000000e+01 -8.010471204188482020e+00 1.504220000000000002e-01
-7.375000000000000000e+01 -7.068062827225130462e+00 7.753699999999999481e-02
-7.375000000000000000e+01 -6.125654450261779793e+00 2.464699999999999877e-02
-7.375000000000000000e+01 -5.183246073298429124e+00 7.177999999999999658e-02
-7.375000000000000000e+01 -4.240837696335078455e+00 2.272499999999999867e-02
-7.375000000000000000e+01 -3.298429319371727786e+00 7.262000000000000226e-03
-7.375000000000000000e+01 -2.356020942408377117e+00 5.409999999999999878e-03
-7.375000000000000000e+01 -1.413612565445026226e+00 1.040319999999999995e-01
-7.375000000000000000e+01 -4.712041884816753901e-01 2.467000000000000009e-03
-7.375000000000000000e+01 4.712041884816753901e-01 2.467000000000000009e-03
-7.375000000000000000e+01 1.413612565445026226e+00 4.599299999999999916e-02
-7.250000000000000000e+01 -1.460732984293194114e+01 5.432000000000000196e-03
-7.250000000000000000e+01 -1.366492146596859136e+01 1.374849999999999961e-01
-7.250000000000000000e+01 -1.272251308900523981e+01 1.749280000000000002e-01
-7.250000000000000000e+01 -1.178010471204188825e+01 4.293199999999999794e-02
-7.250000000000000000e+01 -1.083769633507853669e+01 6.879999999999999831e-03
-7.250000000000000000e+01 -9.895287958115185134e+00 0.000000000000000000e+00
-7.250000000000000000e+01 -8.952879581151833577e+00 1.616499999999999881e-02
-7.250000000000000000e+01 -8.010471204188482020e+00 5.025920000000000387e-01
-7.250000000000000000e+01 -7.068062827225130462e+00 2.640750000000000042e-01
-7.250000000000000000e+01 -6.125654450261779793e+00 9.730000000000000151e-04
-7.250000000000000000e+01 -5.183246073298429124e+00 9.737000000000000863e-03
-7.250000000000000000e+01 -4.240837696335078455e+00 1.123389999999999944e-01
-7.250000000000000000e+01 -3.298429319371727786e+00 2.123999999999999846e-02
-7.250000000000000000e+01 -2.356020942408377117e+00 5.185200000000000226e-02
-7.250000000000000000e+01 -1.413612565445026226e+00 1.068999999999999985e-02
-7.250000000000000000e+01 -4.712041884816753901e-01 6.908000000000000078e-03
-7.250000000000000000e+01 4.712041884816753901e-01 6.908000000000000078e-03
-7.250000000000000000e+01 1.413612565445026226e+00 1.060600000000000084e-02
-7.125000000000000000e+01 -1.460732984293194114e+01 9.079900000000000471e-02
-7.125000000000000000e+01 -1.366492146596859136e+01 2.458199999999999968e-02
-7.125000000000000000e+01 -1.272251308900523981e+01 2.297549999999999870e-01
-7.125000000000000000e+01 -1.178010471204188825e+01 6.645999999999999998e-03
-7.125000000000000000e+01 -1.083769633507853669e+01 0.000000000000000000e+00
-7.125000000000000000e+01 -9.895287958115185134e+00 6.791000000000000161e-03
-7.125000000000000000e+01 -8.952879581151833577e+00 1.304949999999999999e-01
-7.125000000000000000e+01 -8.010471204188482020e+00 6.426180000000000225e-01
-7.125000000000000000e+01 -7.068062827225130462e+00 1.025739999999999985e-01
-7.125000000000000000e+01 -6.125654450261779793e+00 4.895000000000000046e-03
-7.125000000000000000e+01 -5.183246073298429124e+00 2.429999999999999977e-04
-7.125000000000000000e+01 -4.240837696335078455e+00 3.255099999999999660e-02
-7.125000000000000000e+01 -3.298429319371727786e+00 1.589999999999999888e-04
-7.125000000000000000e+01 -2.356020942408377117e+00 4.614900000000000252e-02
-7.125000000000000000e+01 -1.413612565445026226e+00 3.592000000000000141e-03
-7.125000000000000000e+01 -4.712041884816753901e-01 0.000000000000000000e+00
-7.125000000000000000e+01 4.712041884816753901e-01 0.000000000000000000e+00
-7.125000000000000000e+01 1.413612565445026226e+00 9.556099999999999317e-02
-7.000000000000000000e+01 -1.366492146596859136e+01 9.698999999999999289e-03
-7.000000000000000000e+01 -1.272251308900523981e+01 3.312950000000000061e-01
-7.000000000000000000e+01 -1.178010471204188825e+01 8.012400000000000078e-02
-7.000000000000000000e+01 -1.083769633507853669e+01 3.635619999999999963e-01
-7.000000000000000000e+01 -9.895287958115185134e+00 1.985900000000000165e-02
-7.000000000000000000e+01 -8.952879581151833577e+00 3.175870000000000082e-01
-7.000000000000000000e+01 -8.010471204188482020e+00 4.333819999999999895e-01
-7.000000000000000000e+01 -7.068062827225130462e+00 4.359999999999999987e-02
-7.000000000000000000e+01 -6.125654450261779793e+00 1.861000000000000024e-03
-7.000000000000000000e+01 -5.183246073298429124e+00 8.040000000000000271e-04
-7.000000000000000000e+01 -4.240837696335078455e+00 1.171299999999999980e-01
-7.000000000000000000e+01 -3.298429319371727786e+00 5.010200000000000070e-02
-7.000000000000000000e+01 -2.356020942408377117e+00 1.744599999999999970e-02
-7.000000000000000000e+01 -1.413612565445026226e+00 3.246700000000000280e-02
-7.000000000000000000e+01 -4.712041884816753901e-01 1.220300000000000031e-02
-7.000000000000000000e+01 4.712041884816753901e-01 1.220300000000000031e-02
-7.000000000000000000e+01 1.413612565445026226e+00 7.309000000000000392e-03
-6.875000000000000000e+01 -1.554973821989529448e+01 1.353999999999999952e-03
-6.875000000000000000e+01 -1.460732984293194114e+01 3.556399999999999839e-02
-6.875000000000000000e+01 -1.366492146596859136e+01 1.712400000000000033e-02
-6.875000000000000000e+01 -1.272251308900523981e+01 1.641890000000000016e-01
-6.875000000000000000e+01 -1.178010471204188825e+01 4.763209999999999944e-01
-6.875000000000000000e+01 -1.083769633507853669e+01 6.769140000000000157e-01
-6.875000000000000000e+01 -9.895287958115185134e+00 2.236239999999999895e-01
-6.875000000000000000e+01 -8.952879581151833577e+00 7.029609999999999470e-01
-6.875000000000000000e+01 -8.010471204188482020e+00 1.681699999999999862e-02
-6.875000000000000000e+01 -7.068062827225130462e+00 2.047999999999999907e-03
-6.875000000000000000e+01 -6.125654450261779793e+00 1.129999999999999928e-03
-6.875000000000000000e+01 -5.183246073298429124e+00 4.840000000000000010e-04
-6.875000000000000000e+01 -4.240837696335078455e+00 4.423999999999999981e-03
-6.875000000000000000e+01 -3.298429319371727786e+00 7.030999999999999923e-03
-6.875000000000000000e+01 -2.356020942408377117e+00 4.833999999999999755e-03
-6.875000000000000000e+01 -1.413612565445026226e+00 9.350000000000000672e-03
-6.875000000000000000e+01 -4.712041884816753901e-01 1.129100000000000069e-02
-6.875000000000000000e+01 4.712041884816753901e-01 1.129100000000000069e-02
-6.875000000000000000e+01 1.413612565445026226e+00 1.477200000000000041e-02
-6.875000000000000000e+01 2.356020942408377117e+00 6.295000000000000248e-03
-6.750000000000000000e+01 -1.649214659685864603e+01 3.701780000000000070e-01
-6.750000000000000000e+01 -1.554973821989529448e+01 3.701780000000000070e-01
-6.750000000000000000e+01 -1.460732984293194114e+01 1.741499999999999992e-01
-6.750000000000000000e+01 -1.366492146596859136e+01 1.421499999999999986e-01
-6.750000000000000000e+01 -1.272251308900523981e+01 2.400599999999999956e-02
-6.750000000000000000e+01 -1.178010471204188825e+01 4.294800000000000006e-02
-6.750000000000000000e+01 -1.083769633507853669e+01 4.340709999999999846e-01
-6.750000000000000000e+01 -9.895287958115185134e+00 8.922909999999999453e-01
-6.750000000000000000e+01 -8.952879581151833577e+00 4.098709999999999853e-01
-6.750000000000000000e+01 -8.010471204188482020e+00 3.676000000000000014e-03
-6.750000000000000000e+01 -7.068062827225130462e+00 8.919999999999999978e-04
-6.750000000000000000e+01 -6.125654450261779793e+00 5.297999999999999758e-03
-6.750000000000000000e+01 -5.183246073298429124e+00 1.128000000000000096e-03
-6.750000000000000000e+01 -4.240837696335078455e+00 8.059999999999999673e-04
-6.750000000000000000e+01 -3.298429319371727786e+00 1.458600000000000001e-02
-6.750000000000000000e+01 -2.356020942408377117e+00 3.310000000000000225e-04
-6.750000000000000000e+01 -1.413612565445026226e+00 8.000000000000000654e-05
-6.750000000000000000e+01 -4.712041884816753901e-01 8.989999999999999511e-04
-6.750000000000000000e+01 4.712041884816753901e-01 8.989999999999999511e-04
-6.750000000000000000e+01 1.413612565445026226e+00 6.081999999999999733e-03
-6.750000000000000000e+01 2.356020942408377117e+00 1.564000000000000112e-02
-6.625000000000000000e+01 -1.837696335078534560e+01 8.382100000000000661e-02
-6.625000000000000000e+01 -1.743455497382199582e+01 3.125809999999999977e-01
-6.625000000000000000e+01 -1.649214659685864603e+01 2.022900000000000045e-02
-6.625000000000000000e+01 -1.554973821989529448e+01 2.022900000000000045e-02
-6.625000000000000000e+01 -1.460732984293194114e+01 1.257400000000000011e-02
-6.625000000000000000e+01 -1.366492146596859136e+01 1.134000000000000025e-03
-6.625000000000000000e+01 -1.272251308900523981e+01 0.000000000000000000e+00
-6.625000000000000000e+01 -1.178010471204188825e+01 1.042599999999999950e-02
-6.625000000000000000e+01 -1.083769633507853669e+01 1.637589999999999879e-01
-6.625000000000000000e+01 -9.895287958115185134e+00 3.254980000000000095e-01
-6.625000000000000000e+01 -8.952879581151833577e+00 2.591990000000000127e-01
-6.625000000000000000e+01 -8.010471204188482020e+00 1.819399999999999837e-02
-6.625000000000000000e+01 -7.068062827225130462e+00 8.109999999999999805e-04
-6.625000000000000000e+01 -6.125654450261779793e+00 1.610000000000000103e-04
-6.625000000000000000e+01 -5.183246073298429124e+00 3.260000000000000094e-04
-6.625000000000000000e+01 -4.240837696335078455e+00 3.536000000000000081e-03
-6.625000000000000000e+01 -3.298429319371727786e+00 1.545099999999999946e-02
-6.625000000000000000e+01 -2.356020942408377117e+00 6.283999999999999655e-03
-6.625000000000000000e+01 -1.413612565445026226e+00 0.000000000000000000e+00
-6.625000000000000000e+01 -4.712041884816753901e-01 2.425000000000000072e-03
-6.625000000000000000e+01 4.712041884816753901e-01 2.425000000000000072e-03
-6.625000000000000000e+01 1.413612565445026226e+00 8.328599999999999892e-02
-6.625000000000000000e+01 2.356020942408377117e+00 7.066699999999999371e-02
-6.500000000000000000e+01 -1.837696335078534560e+01 2.827599999999999905e-02
-6.500000000000000000e+01 -1.743455497382199582e+01 5.386339999999999462e-01
-6.500000000000000000e+01 -1.649214659685864603e+01 5.616299999999999765e-02
-6.500000000000000000e+01 -1.554973821989529448e+01 5.616299999999999765e-02
-6.500000000000000000e+01 -1.460732984293194114e+01 1.037899999999999934e-02
-6.500000000000000000e+01 -1.366492146596859136e+01 4.837000000000000154e-03
-6.500000000000000000e+01 -1.272251308900523981e+01 1.992999999999999980e-03
-6.500000000000000000e+01 -1.178010471204188825e+01 6.296300000000000507e-02
-6.500000000000000000e+01 -1.083769633507853669e+01 3.268719999999999959e-01
-6.500000000000000000e+01 -9.895287958115185134e+00 7.497310000000000363e-01
-6.500000000000000000e+01 -8.952879581151833577e+00 4.273279999999999856e-01
-6.500000000000000000e+01 -8.010471204188482020e+00 1.155530000000000029e-01
-6.500000000000000000e+01 -7.068062827225130462e+00 1.362549999999999872e-01
-6.500000000000000000e+01 -6.125654450261779793e+00 1.147999999999999932e-03
-6.500000000000000000e+01 -5.183246073298429124e+00 5.507000000000000089e-02
-6.500000000000000000e+01 -4.240837696335078455e+00 7.444000000000000616e-02
-6.500000000000000000e+01 -3.298429319371727786e+00 1.140720000000000067e-01
-6.500000000000000000e+01 -2.356020942408377117e+00 4.329999999999999648e-03
-6.500000000000000000e+01 -1.413612565445026226e+00 1.791999999999999973e-03
-6.500000000000000000e+01 -4.712041884816753901e-01 8.337999999999999926e-03
-6.500000000000000000e+01 4.712041884816753901e-01 8.337999999999999926e-03
-6.500000000000000000e+01 1.413612565445026226e+00 2.658999999999999905e-03
-6.375000000000000000e+01 -2.026178010471204516e+01 5.000000000000000000e-01
-6.375000000000000000e+01 -1.931937172774869538e+01 3.218110000000000137e-01
-6.375000000000000000e+01 -1.837696335078534560e+01 2.040949999999999986e-01
-6.375000000000000000e+01 -1.743455497382199582e+01 6.507020000000000026e-01
-6.375000000000000000e+01 -1.649214659685864603e+01 7.343099999999999627e-02
-6.375000000000000000e+01 -1.554973821989529448e+01 7.343099999999999627e-02
-6.375000000000000000e+01 -1.460732984293194114e+01 3.805599999999999955e-02
-6.375000000000000000e+01 -1.366492146596859136e+01 3.468999999999999861e-03
-6.375000000000000000e+01 -1.272251308900523981e+01 6.856000000000000115e-03
-6.375000000000000000e+01 -1.178010471204188825e+01 6.157000000000000250e-01
-6.375000000000000000e+01 -1.083769633507853669e+01 1.196949999999999958e-01
-6.375000000000000000e+01 -9.895287958115185134e+00 6.844059999999999588e-01
-6.375000000000000000e+01 -8.952879581151833577e+00 8.964860000000000051e-01
-6.375000000000000000e+01 -8.010471204188482020e+00 6.213469999999999827e-01
-6.375000000000000000e+01 -7.068062827225130462e+00 2.018429999999999946e-01
-6.375000000000000000e+01 -6.125654450261779793e+00 4.970999999999999724e-03
-6.375000000000000000e+01 -5.183246073298429124e+00 4.118100000000000233e-02
-6.375000000000000000e+01 -4.240837696335078455e+00 2.001410000000000133e-01
-6.375000000000000000e+01 -3.298429319371727786e+00 1.724000000000000055e-03
-6.375000000000000000e+01 -2.356020942408377117e+00 3.249999999999999851e-04
-6.375000000000000000e+01 -1.413612565445026226e+00 3.240000000000000150e-04
-6.375000000000000000e+01 -4.712041884816753901e-01 1.828999999999999897e-03
-6.375000000000000000e+01 4.712041884816753901e-01 1.828999999999999897e-03
-6.375000000000000000e+01 1.413612565445026226e+00 1.620000000000000075e-04
-6.375000000000000000e+01 3.298429319371727786e+00 2.243500000000000008e-02
-6.250000000000000000e+01 -1.931937172774869538e+01 4.033530000000000171e-01
-6.250000000000000000e+01 -1.837696335078534560e+01 7.229210000000000358e-01
-6.250000000000000000e+01 -1.743455497382199582e+01 8.435259999999999980e-01
-6.250000000000000000e+01 -1.649214659685864603e+01 1.763500000000000068e-01
-6.250000000000000000e+01 -1.554973821989529448e+01 1.763500000000000068e-01
-6.250000000000000000e+01 -1.460732984293194114e+01 9.282999999999999585e-03
-6.250000000000000000e+01 -1.366492146596859136e+01 2.344999999999999862e-03
-6.250000000000000000e+01 -1.272251308900523981e+01 2.184499999999999983e-02
-6.250000000000000000e+01 -1.178010471204188825e+01 5.969879999999999631e-01
-6.250000000000000000e+01 -1.083769633507853669e+01 4.701139999999999763e-01
-6.250000000000000000e+01 -9.895287958115185134e+00 9.854659999999999531e-01
-6.250000000000000000e+01 -8.952879581151833577e+00 6.420979999999999466e-01
-6.250000000000000000e+01 -8.010471204188482020e+00 5.161850000000000049e-01
-6.250000000000000000e+01 -7.068062827225130462e+00 7.988260000000000360e-01
-6.250000000000000000e+01 -6.125654450261779793e+00 2.976849999999999774e-01
-6.250000000000000000e+01 -5.183246073298429124e+00 2.396000000000000126e-03
-6.250000000000000000e+01 -4.240837696335078455e+00 2.846250000000000169e-01
-6.250000000000000000e+01 -3.298429319371727786e+00 1.961600000000000149e-02
-6.250000000000000000e+01 -2.356020942408377117e+00 1.056999999999999997e-03
-6.250000000000000000e+01 -1.413612565445026226e+00 1.277000000000000079e-01
-6.250000000000000000e+01 -4.712041884816753901e-01 6.509999999999999945e-04
-6.250000000000000000e+01 4.712041884816753901e-01 6.509999999999999945e-04
-6.250000000000000000e+01 1.413612565445026226e+00 3.507999999999999834e-03
-6.250000000000000000e+01 2.356020942408377117e+00 1.164800000000000037e-02
-6.250000000000000000e+01 3.298429319371727786e+00 0.000000000000000000e+00
-6.125000000000000000e+01 -1.837696335078534560e+01 2.089719999999999911e-01
-6.125000000000000000e+01 -1.743455497382199582e+01 3.538419999999999899e-01
-6.125000000000000000e+01 -1.649214659685864603e+01 3.648460000000000036e-01
-6.125000000000000000e+01 -1.554973821989529448e+01 3.648460000000000036e-01
-6.125000000000000000e+01 -1.460732984293194114e+01 7.605699999999999961e-02
-6.125000000000000000e+01 -1.366492146596859136e+01 7.562499999999999778e-02
-6.125000000000000000e+01 -1.272251308900523981e+01 7.390989999999999505e-01
-6.125000000000000000e+01 -1.178010471204188825e+01 8.166919999999999735e-01
-6.125000000000000000e+01 -1.083769633507853669e+01 5.334140000000000548e-01
-6.125000000000000000e+01 -9.895287958115185134e+00 6.287000000000000366e-01
-6.125000000000000000e+01 -8.952879581151833577e+00 3.941529999999999756e-01
-6.125000000000000000e+01 -8.010471204188482020e+00 3.284860000000000002e-01
-6.125000000000000000e+01 -7.068062827225130462e+00 1.309009999999999896e-01
-6.125000000000000000e+01 -6.125654450261779793e+00 2.199039999999999884e-01
-6.125000000000000000e+01 -5.183246073298429124e+00 1.621440000000000103e-01
-6.125000000000000000e+01 -4.240837696335078455e+00 4.916780000000000039e-01
-6.125000000000000000e+01 -3.298429319371727786e+00 4.806279999999999997e-01
-6.125000000000000000e+01 -2.356020942408377117e+00 1.033500000000000044e-02
-6.125000000000000000e+01 -1.413612565445026226e+00 6.790200000000000402e-02
-6.125000000000000000e+01 -4.712041884816753901e-01 2.580850000000000088e-01
-6.125000000000000000e+01 4.712041884816753901e-01 2.580850000000000088e-01
-6.125000000000000000e+01 1.413612565445026226e+00 3.799399999999999999e-01
-6.125000000000000000e+01 2.356020942408377117e+00 8.316000000000000059e-01
-6.125000000000000000e+01 3.298429319371727786e+00 2.894959999999999756e-01
-6.125000000000000000e+01 4.240837696335078455e+00 1.182990000000000014e-01
-6.000000000000000000e+01 -1.554973821989529448e+01 1.566879999999999939e-01
-6.000000000000000000e+01 -1.460732984293194114e+01 4.608229999999999826e-01
-6.000000000000000000e+01 -1.366492146596859136e+01 6.270510000000000250e-01
-6.000000000000000000e+01 -1.272251308900523981e+01 5.141799999999999704e-01
-6.000000000000000000e+01 -1.178010471204188825e+01 1.841000000000000136e-01
-6.000000000000000000e+01 -1.083769633507853669e+01 4.521900000000000225e-02
-6.000000000000000000e+01 -9.895287958115185134e+00 4.463520000000000265e-01
-6.000000000000000000e+01 -8.952879581151833577e+00 3.111539999999999861e-01
-6.000000000000000000e+01 -8.010471204188482020e+00 6.899399999999999977e-02
-6.000000000000000000e+01 -7.068062827225130462e+00 5.817099999999999493e-01
-6.000000000000000000e+01 -6.125654450261779793e+00 2.411409999999999942e-01
-6.000000000000000000e+01 -5.183246073298429124e+00 2.357769999999999866e-01
-6.000000000000000000e+01 -4.240837696335078455e+00 6.379270000000000218e-01
-6.000000000000000000e+01 -3.298429319371727786e+00 8.761520000000000419e-01
-6.000000000000000000e+01 -2.356020942408377117e+00 9.044489999999999474e-01
-6.000000000000000000e+01 -1.413612565445026226e+00 3.788150000000000128e-01
-6.000000000000000000e+01 -4.712041884816753901e-01 9.567900000000000016e-02
-6.000000000000000000e+01 4.712041884816753901e-01 9.567900000000000016e-02
-6.000000000000000000e+01 1.413612565445026226e+00 7.964339999999999753e-01
-6.000000000000000000e+01 2.356020942408377117e+00 4.206679999999999864e-01
-6.000000000000000000e+01 3.298429319371727786e+00 1.346440000000000137e-01
-6.000000000000000000e+01 4.240837696335078455e+00 1.513399999999999988e-02
-6.000000000000000000e+01 5.183246073298429124e+00 1.760300000000000059e-02
-5.875000000000000000e+01 -1.366492146596859136e+01 6.277499999999999747e-02
-5.875000000000000000e+01 -1.272251308900523981e+01 1.064499999999999995e-02
-5.875000000000000000e+01 -1.178010471204188825e+01 2.868640000000000079e-01
-5.875000000000000000e+01 -1.083769633507853669e+01 7.509639999999999649e-01
-5.875000000000000000e+01 -9.895287958115185134e+00 8.444679999999999964e-01
-5.875000000000000000e+01 -8.952879581151833577e+00 3.700689999999999813e-01
-5.875000000000000000e+01 -8.010471204188482020e+00 3.425399999999999973e-02
-5.875000000000000000e+01 -7.068062827225130462e+00 4.005279999999999951e-01
-5.875000000000000000e+01 -6.125654450261779793e+00 3.761400000000000160e-02
-5.875000000000000000e+01 -5.183246073298429124e+00 5.244999999999999662e-03
-5.875000000000000000e+01 -4.240837696335078455e+00 3.839790000000000147e-01
-5.875000000000000000e+01 -3.298429319371727786e+00 8.545230000000000325e-01
-5.875000000000000000e+01 -2.356020942408377117e+00 3.174210000000000087e-01
-5.875000000000000000e+01 -1.413612565445026226e+00 3.269500000000000184e-02
-5.875000000000000000e+01 -4.712041884816753901e-01 7.015000000000000402e-03
-5.875000000000000000e+01 4.712041884816753901e-01 7.015000000000000402e-03
-5.750000000000000000e+01 -1.366492146596859136e+01 6.131400000000000045e-02
-5.750000000000000000e+01 -1.272251308900523981e+01 9.814599999999999713e-02
-5.750000000000000000e+01 -1.178010471204188825e+01 6.902040000000000397e-01
-5.750000000000000000e+01 -1.083769633507853669e+01 6.369660000000000322e-01
-5.750000000000000000e+01 -9.895287958115185134e+00 9.111489999999999867e-01
-5.750000000000000000e+01 -8.952879581151833577e+00 3.240810000000000080e-01
-5.750000000000000000e+01 -8.010471204188482020e+00 2.887790000000000079e-01
-5.750000000000000000e+01 -7.068062827225130462e+00 2.069700000000000012e-02
-5.750000000000000000e+01 -6.125654450261779793e+00 3.808010000000000006e-01
-5.750000000000000000e+01 -5.183246073298429124e+00 9.139899999999999414e-02
-5.750000000000000000e+01 -4.240837696335078455e+00 1.673699999999999910e-01
-5.750000000000000000e+01 -3.298429319371727786e+00 5.027890000000000414e-01
-5.750000000000000000e+01 -2.356020942408377117e+00 1.332780000000000076e-01
-5.750000000000000000e+01 -1.413612565445026226e+00 2.100000000000000130e-02
-5.750000000000000000e+01 -4.712041884816753901e-01 1.266299999999999926e-01
-5.750000000000000000e+01 4.712041884816753901e-01 1.266299999999999926e-01
-5.750000000000000000e+01 1.413612565445026226e+00 1.968409999999999882e-01
-5.625000000000000000e+01 -1.366492146596859136e+01 4.387599999999999834e-01
-5.625000000000000000e+01 -1.272251308900523981e+01 3.875709999999999988e-01
-5.625000000000000000e+01 -1.178010471204188825e+01 8.469889999999999919e-01
-5.625000000000000000e+01 -1.083769633507853669e+01 6.608209999999999917e-01
-5.625000000000000000e+01 -9.895287958115185134e+00 9.890010000000000190e-01
-5.625000000000000000e+01 -8.952879581151833577e+00 1.641489999999999894e-01
-5.625000000000000000e+01 -8.010471204188482020e+00 1.528220000000000134e-01
-5.625000000000000000e+01 -7.068062827225130462e+00 3.935170000000000057e-01
-5.625000000000000000e+01 -6.125654450261779793e+00 4.655349999999999766e-01
-5.625000000000000000e+01 -5.183246073298429124e+00 5.818780000000000063e-01
-5.625000000000000000e+01 -4.240837696335078455e+00 5.285260000000000513e-01
-5.625000000000000000e+01 -3.298429319371727786e+00 3.269360000000000044e-01
-5.625000000000000000e+01 -2.356020942408377117e+00 4.731920000000000015e-01
-5.625000000000000000e+01 -1.413612565445026226e+00 1.120830000000000021e-01
-5.625000000000000000e+01 -4.712041884816753901e-01 5.916000000000000252e-03
-5.625000000000000000e+01 4.712041884816753901e-01 5.916000000000000252e-03
-5.625000000000000000e+01 1.413612565445026226e+00 8.000000000000000654e-05
-5.500000000000000000e+01 -1.460732984293194114e+01 1.890400000000000136e-01
-5.500000000000000000e+01 -1.366492146596859136e+01 6.367000000000000437e-02
-5.500000000000000000e+01 -1.272251308900523981e+01 6.505619999999999736e-01
-5.500000000000000000e+01 -1.178010471204188825e+01 9.310429999999999540e-01
-5.500000000000000000e+01 -1.083769633507853669e+01 9.463629999999999542e-01
-5.500000000000000000e+01 -9.895287958115185134e+00 9.238070000000000448e-01
-5.500000000000000000e+01 -8.952879581151833577e+00 3.363749999999999796e-01
-5.500000000000000000e+01 -8.010471204188482020e+00 7.154420000000000224e-01
-5.500000000000000000e+01 -7.068062827225130462e+00 5.012630000000000141e-01
-5.500000000000000000e+01 -6.125654450261779793e+00 3.238190000000000235e-01
-5.500000000000000000e+01 -5.183246073298429124e+00 2.511610000000000231e-01
-5.500000000000000000e+01 -4.240837696335078455e+00 7.238729999999999887e-01
-5.500000000000000000e+01 -3.298429319371727786e+00 7.573839999999999462e-01
-5.500000000000000000e+01 -2.356020942408377117e+00 7.014569999999999972e-01
-5.500000000000000000e+01 -1.413612565445026226e+00 2.446029999999999871e-01
-5.500000000000000000e+01 -4.712041884816753901e-01 1.288000000000000082e-03
-5.500000000000000000e+01 4.712041884816753901e-01 1.288000000000000082e-03
-5.500000000000000000e+01 1.413612565445026226e+00 1.693000000000000060e-03
-5.500000000000000000e+01 2.356020942408377117e+00 2.262099999999999875e-02
-5.375000000000000000e+01 -1.460732984293194114e+01 4.323999999999999719e-03
-5.375000000000000000e+01 -1.366492146596859136e+01 5.977400000000000074e-02
-5.375000000000000000e+01 -1.272251308900523981e+01 4.985499999999999932e-01
-5.375000000000000000e+01 -1.178010471204188825e+01 3.655640000000000001e-01
-5.375000000000000000e+01 -1.083769633507853669e+01 6.538580000000000503e-01
-5.375000000000000000e+01 -9.895287958115185134e+00 6.753949999999999676e-01
-5.375000000000000000e+01 -8.952879581151833577e+00 8.999400000000000455e-02
-5.375000000000000000e+01 -8.010471204188482020e+00 2.798000000000000140e-03
-5.375000000000000000e+01 -7.068062827225130462e+00 2.940130000000000243e-01
-5.375000000000000000e+01 -6.125654450261779793e+00 3.931970000000000187e-01
-5.375000000000000000e+01 -5.183246073298429124e+00 5.977759999999999740e-01
-5.375000000000000000e+01 -4.240837696335078455e+00 6.479489999999999972e-01
-5.375000000000000000e+01 -3.298429319371727786e+00 8.981949999999999656e-01
-5.375000000000000000e+01 -2.356020942408377117e+00 5.933060000000000000e-01
-5.375000000000000000e+01 -1.413612565445026226e+00 5.096260000000000234e-01
-5.375000000000000000e+01 -4.712041884816753901e-01 1.918219999999999925e-01
-5.375000000000000000e+01 4.712041884816753901e-01 1.918219999999999925e-01
-5.375000000000000000e+01 1.413612565445026226e+00 4.856309999999999794e-01
-5.375000000000000000e+01 2.356020942408377117e+00 1.366729999999999889e-01
-5.250000000000000000e+01 -1.366492146596859136e+01 1.473999999999999963e-02
-5.250000000000000000e+01 -1.272251308900523981e+01 3.813070000000000070e-01
-5.250000000000000000e+01 -1.178010471204188825e+01 2.207790000000000030e-01
-5.250000000000000000e+01 -1.083769633507853669e+01 3.831809999999999938e-01
-5.250000000000000000e+01 -9.895287958115185134e+00 2.485469999999999902e-01
-5.250000000000000000e+01 -8.952879581151833577e+00 1.832200000000000148e-02
-5.250000000000000000e+01 -8.010471204188482020e+00 8.833000000000000573e-02
-5.250000000000000000e+01 -7.068062827225130462e+00 6.578270000000000506e-01
-5.250000000000000000e+01 -6.125654450261779793e+00 7.394619999999999527e-01
-5.250000000000000000e+01 -5.183246073298429124e+00 1.604980000000000018e-01
-5.250000000000000000e+01 -4.240837696335078455e+00 3.643939999999999957e-01
-5.250000000000000000e+01 -3.298429319371727786e+00 8.357780000000000209e-01
-5.250000000000000000e+01 -2.356020942408377117e+00 3.386339999999999906e-01
-5.250000000000000000e+01 -1.413612565445026226e+00 8.590339999999999643e-01
-5.250000000000000000e+01 -4.712041884816753901e-01 4.085579999999999767e-01
-5.250000000000000000e+01 4.712041884816753901e-01 4.085579999999999767e-01
-5.125000000000000000e+01 -8.952879581151833577e+00 8.404509999999999481e-01
-5.125000000000000000e+01 -8.010471204188482020e+00 5.548549999999999871e-01
-5.125000000000000000e+01 -7.068062827225130462e+00 6.879020000000000135e-01
-5.125000000000000000e+01 -5.183246073298429124e+00 4.705840000000000023e-01
-5.125000000000000000e+01 -4.240837696335078455e+00 6.917959999999999665e-01
-5.125000000000000000e+01 -3.298429319371727786e+00 9.839729999999999865e-01
-5.125000000000000000e+01 -2.356020942408377117e+00 7.912280000000000424e-01
-5.000000000000000000e+01 -3.298429319371727786e+00 9.453500000000000236e-01
