-7.875000000000000000e+01 -6.125654450261779793e+00 4.880950000000000011e-01
-7.875000000000000000e+01 -5.183246073298429124e+00 1.700230000000000075e-01
-7.875000000000000000e+01 -4.240837696335078455e+00 1.994180000000000119e-01
-7.875000000000000000e+01 -3.298429319371727786e+00 3.034629999999999828e-01
-7.875000000000000000e+01 -2.356020942408377117e+00 0.000000000000000000e+00
-7.875000000000000000e+01 -1.413612565445026226e+00 0.000000000000000000e+00
-7.750000000000000000e+01 -8.952879581151833577e+00 1.875680000000000125e-01
-7.750000000000000000e+01 -8.010471204188482020e+00 1.435049999999999937e-01
-7.750000000000000000e+01 -7.068062827225130462e+00 2.802339999999999831e-01
-7.750000000000000000e+01 -6.125654450261779793e+00 4.250249999999999861e-01
-7.750000000000000000e+01 -5.183246073298429124e+00 6.875799999999999967e-02
-7.750000000000000000e+01 -4.240837696335078455e+00 2.230999999999999997e-02
-7.750000000000000000e+01 -3.298429319371727786e+00 1.824479999999999991e-01
-7.750000000000000000e+01 -2.356020942408377117e+00 1.215409999999999963e-01
-7.750000000000000000e+01 -1.413612565445026226e+00 2.239220000000000099e-01
-7.750000000000000000e+01 -4.712041884816753901e-01 1.861230000000000107e-01
-7.750000000000000000e+01 4.712041884816753901e-01 1.861230000000000107e-01
-7.625000000000000000e+01 -1.083769633507853669e+01 5.766700000000000298e-02
-7.625000000000000000e+01 -9.895287958115185134e+00 1.221229999999999954e-01
-7.625000000000000000e+01 -8.952879581151833577e+00 2.956969999999999876e-01
-7.625000000000000000e+01 -8.010471204188482020e+00 7.716000000000000636e-02
-7.625000000000000000e+01 -7.068062827225130462e+00 1.779739999999999933e-01
-7.625000000000000000e+01 -6.125654450261779793e+00 2.043780000000000041e-01
-7.625000000000000000e+01 -5.183246073298429124e+00 4.002700000000000008e-02
-7.625000000000000000e+01 -4.240837696335078455e+00 1.472000000000000001e-03
-7.625000000000000000e+01 -3.298429319371727786e+00 3.983000000000000429e-03
-7.625000000000000000e+01 -2.356020942408377117e+00 2.553000000000000148e-03
-7.625000000000000000e+01 -1.413612565445026226e+00 2.611000000000000040e-03
-7.625000000000000000e+01 -4.712041884816753901e-01 3.106499999999999886e-02
-7.625000000000000000e+01 4.712041884816753901e-01 3.106499999999999886e-02
-7.625000000000000000e+01 1.413612565445026226e+00 5.104779999999999873e-01
-7.500000000000000000e+01 -1.366492146596859136e+01 7.814200000000000312e-02
-7.500000000000000000e+01 -1.272251308900523981e+01 1.417779999999999874e-01
-7.500000000000000000e+01 -1.178010471204188825e+01 1.237540000000000029e-01
-7.500000000000000000e+01 -1.083769633507853669e+01 2.779530000000000056e-01
-7.500000000000000000e+01 -9.895287958115185134e+00 1.275159999999999905e-01
-7.500000000000000000e+01 -8.952879581151833577e+00 2.994100000000000095e-01
-7.500000000000000000e+01 -8.010471204188482020e+00 1.773980000000000001e-01
-7.500000000000000000e+01 -7.068062827225130462e+00 3.468899999999999761e-02
-7.500000000000000000e+01 -6.125654450261779793e+00 6.070300000000000001e-02
-7.500000000000000000e+01 -5.183246073298429124e+00 4.566900000000000126e-02
-7.500000000000000000e+01 -4.240837696335078455e+00 2.003299999999999872e-02
-7.500000000000000000e+01 -3.298429319371727786e+00 2.305999999999999890e-03
-7.500000000000000000e+01 -2.356020942408377117e+00 6.376999999999999856e-03
-7.500000000000000000e+01 -1.413612565445026226e+00 5.597000000000000412e-03
-7.500000000000000000e+01 -4.712041884816753901e-01 2.222800000000000123e-02
-7.500000000000000000e+01 4.712041884816753901e-01 2.222800000000000123e-02
-7.500000000000000000e+01 1.413612565445026226e+00 3.878409999999999913e-01
-7.500000000000000000e+01 2.356020942408377117e+00 7.022119999999999473e-01
-7.375000000000000000e+01 -1.460732984293194114e+01 0.000000000000000000e+00
-7.375000000000000000e+01 -1.366492146596859136e+01 1.302490000000000037e-01
-7.375000000000000000e+01 -1.272251308900523981e+01 7.838299999999999434e-02
-7.375000000000000000e+01 -1.178010471204188825e+01 9.398600000000000010e-02
-7.375000000000000000e+01 -1.083769633507853669e+01 7.705099999999999449e-02
-7.375000000000000000e+01 -9.895287958115185134e+00 5.654499999999999804e-02
-7.375000000000000000e+01 -8.952879581151833577e+00 7.129699999999999926e-02
-7.375000000000000000e+01 -8.010471204188482020e+00 5.664899999999999797e-02
-7.375000000000000000e+01 -7.068062827225130462e+00 1.238000000000000038e-02
-7.375000000000000000e+01 -6.125654450261779793e+00 2.464699999999999877e-02
-7.375000000000000000e+01 -5.183246073298429124e+00 7.177999999999999658e-02
-7.375000000000000000e+01 -4.240837696335078455e+00 2.272499999999999867e-02
-7.375000000000000000e+01 -3.298429319371727786e+00 7.262000000000000226e-03
-7.375000000000000000e+01 -2.356020942408377117e+00 5.327000000000000138e-03
-7.375000000000000000e+01 -1.413612565445026226e+00 2.568099999999999897e-02
-7.375000000000000000e+01 -4.712041884816753901e-01 2.467000000000000009e-03
-7.375000000000000000e+01 4.712041884816753901e-01 2.467000000000000009e-03
-7.375000000000000000e+01 1.413612565445026226e+00 3.635300000000000337e-02
-7.250000000000000000e+01 -1.460732984293194114e+01 5.432000000000000196e-03
-7.250000000000000000e+01 -1.366492146596859136e+01 1.374849999999999961e-01
-7.250000000000000000e+01 -1.272251308900523981e+01 1.594540000000000124e-01
-7.250000000000000000e+01 -1.178010471204188825e+01 4.293199999999999794e-02
-7.250000000000000000e+01 -1.083769633507853669e+01 6.879999999999999831e-03
-7.250000000000000000e+01 -9.895287958115185134e+00 0.000000000000000000e+00
-7.250000000000000000e+01 -8.952879581151833577e+00 9.388999999999999777e-03
-7.250000000000000000e+01 -8.010471204188482020e+00 1.793579999999999897e-01
-7.250000000000000000e+01 -7.068062827225130462e+00 6.658600000000000629e-02
-7.250000000000000000e+01 -6.125654450261779793e+00 9.730000000000000151e-04
-7.250000000000000000e+01 -5.183246073298429124e+00 9.737000000000000863e-03
-7.250000000000000000e+01 -4.240837696335078455e+00 1.123389999999999944e-01
-7.250000000000000000e+01 -3.298429319371727786e+00 2.123999999999999846e-02
-7.250000000000000000e+01 -2.356020942408377117e+00 1.091600000000000036e-02
-7.250000000000000000e+01 -1.413612565445026226e+00 2.959999999999999958e-03
-7.250000000000000000e+01 -4.712041884816753901e-01 6.908000000000000078e-03
-7.250000000000000000e+01 4.712041884816753901e-01 6.908000000000000078e-03
-7.250000000000000000e+01 1.413612565445026226e+00 1.020399999999999953e-02
-7.125000000000000000e+01 -1.460732984293194114e+01 9.079900000000000471e-02
-7.125000000000000000e+01 -1.366492146596859136e+01 2.439500000000000002e-02
-7.125000000000000000e+01 -1.272251308900523981e+01 5.494099999999999678e-02
-7.125000000000000000e+01 -1.178010471204188825e+01 0.000000000000000000e+00
-7.125000000000000000e+01 -1.083769633507853669e+01 0.000000000000000000e+00
-7.125000000000000000e+01 -9.895287958115185134e+00 6.791000000000000161e-03
-7.125000000000000000e+01 -8.952879581151833577e+00 2.595300000000000037e-02
-7.125000000000000000e+01 -8.010471204188482020e+00 1.464449999999999918e-01
-7.125000000000000000e+01 -7.068062827225130462e+00 3.642999999999999971e-03
-7.125000000000000000e+01 -6.125654450261779793e+00 4.655000000000000283e-03
-7.125000000000000000e+01 -5.183246073298429124e+00 2.429999999999999977e-04
-7.125000000000000000e+01 -4.240837696335078455e+00 2.119199999999999903e-02
-7.125000000000000000e+01 -3.298429319371727786e+00 1.589999999999999888e-04
-7.125000000000000000e+01 -2.356020942408377117e+00 1.739800000000000027e-02
-7.125000000000000000e+01 -1.413612565445026226e+00 3.510000000000000099e-03
-7.125000000000000000e+01 -4.712041884816753901e-01 0.000000000000000000e+00
-7.125000000000000000e+01 4.712041884816753901e-01 0.000000000000000000e+00
-7.125000000000000000e+01 1.413612565445026226e+00 2.562400000000000094e-02
-7.000000000000000000e+01 -1.366492146596859136e+01 8.580000000000000820e-03
-7.000000000000000000e+01 -1.272251308900523981e+01 7.323000000000000342e-02
-7.000000000000000000e+01 -1.178010471204188825e+01 0.000000000000000000e+00
-7.000000000000000000e+01 -1.083769633507853669e+01 1.033390000000000003e-01
-7.000000000000000000e+01 -9.895287958115185134e+00 3.200000000000000262e-04
-7.000000000000000000e+01 -8.952879581151833577e+00 3.097799999999999859e-02
-7.000000000000000000e+01 -8.010471204188482020e+00 8.773599999999999455e-02
-7.000000000000000000e+01 -7.068062827225130462e+00 2.868199999999999916e-02
-7.000000000000000000e+01 -6.125654450261779793e+00 1.861000000000000024e-03
-7.000000000000000000e+01 -5.183246073298429124e+00 8.040000000000000271e-04
-7.000000000000000000e+01 -4.240837696335078455e+00 6.904299999999999327e-02
-7.000000000000000000e+01 -3.298429319371727786e+00 1.740900000000000086e-02
-7.000000000000000000e+01 -2.356020942408377117e+00 5.602000000000000209e-03
-7.000000000000000000e+01 -1.413612565445026226e+00 1.054599999999999982e-02
-7.000000000000000000e+01 -4.712041884816753901e-01 1.220300000000000031e-02
-7.000000000000000000e+01 4.712041884816753901e-01 1.220300000000000031e-02
-7.000000000000000000e+01 1.413612565445026226e+00 3.736000000000000171e-03
-6.875000000000000000e+01 -1.554973821989529448e+01 6.769999999999999759e-04
-6.875000000000000000e+01 -1.460732984293194114e+01 2.230700000000000044e-02
-6.875000000000000000e+01 -1.366492146596859136e+01 4.787999999999999722e-03
-6.875000000000000000e+01 -1.272251308900523981e+01 8.969199999999999395e-02
-6.875000000000000000e+01 -1.178010471204188825e+01 1.706000000000000016e-01
-6.875000000000000000e+01 -1.083769633507853669e+01 3.702250000000000263e-01
-6.875000000000000000e+01 -9.895287958115185134e+00 3.266199999999999659e-02
-6.875000000000000000e+01 -8.952879581151833577e+00 1.552679999999999894e-01
-6.875000000000000000e+01 -8.010471204188482020e+00 3.200000000000000262e-04
-6.875000000000000000e+01 -7.068062827225130462e+00 2.047999999999999907e-03
-6.875000000000000000e+01 -6.125654450261779793e+00 1.129999999999999928e-03
-6.875000000000000000e+01 -5.183246073298429124e+00 4.840000000000000010e-04
-6.875000000000000000e+01 -4.240837696335078455e+00 4.423999999999999981e-03
-6.875000000000000000e+01 -3.298429319371727786e+00 7.030999999999999923e-03
-6.875000000000000000e+01 -2.356020942408377117e+00 2.458000000000000115e-03
-6.875000000000000000e+01 -1.413612565445026226e+00 1.773000000000000053e-03
-6.875000000000000000e+01 -4.712041884816753901e-01 1.129100000000000069e-02
-6.875000000000000000e+01 4.712041884816753901e-01 1.129100000000000069e-02
-6.875000000000000000e+01 1.413612565445026226e+00 1.167100000000000082e-02
-6.875000000000000000e+01 2.356020942408377117e+00 6.295000000000000248e-03
-6.750000000000000000e+01 -1.649214659685864603e+01 1.714310000000000000e-01
-6.750000000000000000e+01 -1.554973821989529448e+01 1.714310000000000000e-01
-6.750000000000000000e+01 -1.460732984293194114e+01 6.049899999999999722e-02
-6.750000000000000000e+01 -1.366492146596859136e+01 4.681500000000000244e-02
-6.750000000000000000e+01 -1.272251308900523981e+01 5.739000000000000178e-03
-6.750000000000000000e+01 -1.178010471204188825e+01 1.366200000000000053e-02
-6.750000000000000000e+01 -1.083769633507853669e+01 2.034420000000000117e-01
-6.750000000000000000e+01 -9.895287958115185134e+00 6.271630000000000260e-01
-6.750000000000000000e+01 -8.952879581151833577e+00 7.740500000000000158e-02
-6.750000000000000000e+01 -8.010471204188482020e+00 9.590000000000000000e-04
-6.750000000000000000e+01 -7.068062827225130462e+00 8.919999999999999978e-04
-6.750000000000000000e+01 -6.125654450261779793e+00 5.134999999999999808e-03
-6.750000000000000000e+01 -5.183246073298429124e+00 1.128000000000000096e-03
-6.750000000000000000e+01 -4.240837696335078455e+00 8.059999999999999673e-04
-6.750000000000000000e+01 -3.298429319371727786e+00 1.389100000000000057e-02
-6.750000000000000000e+01 -2.356020942408377117e+00 3.310000000000000225e-04
-6.750000000000000000e+01 -1.413612565445026226e+00 8.000000000000000654e-05
-6.750000000000000000e+01 -4.712041884816753901e-01 8.989999999999999511e-04
-6.750000000000000000e+01 4.712041884816753901e-01 8.989999999999999511e-04
-6.750000000000000000e+01 1.413612565445026226e+00 6.081999999999999733e-03
-6.750000000000000000e+01 2.356020942408377117e+00 7.219999999999999855e-04
-6.625000000000000000e+01 -1.837696335078534560e+01 8.382100000000000661e-02
-6.625000000000000000e+01 -1.743455497382199582e+01 1.506639999999999924e-01
-6.625000000000000000e+01 -1.649214659685864603e+01 2.112000000000000162e-03
-6.625000000000000000e+01 -1.554973821989529448e+01 2.112000000000000162e-03
-6.625000000000000000e+01 -1.460732984293194114e+01 7.301000000000000198e-03
-6.625000000000000000e+01 -1.366492146596859136e+01 1.134000000000000025e-03
-6.625000000000000000e+01 -1.272251308900523981e+01 0.000000000000000000e+00
-6.625000000000000000e+01 -1.178010471204188825e+01 6.708000000000000421e-03
-6.625000000000000000e+01 -1.083769633507853669e+01 7.064399999999999846e-02
-6.625000000000000000e+01 -9.895287958115185134e+00 1.626680000000000070e-01
-6.625000000000000000e+01 -8.952879581151833577e+00 2.337200000000000041e-02
-6.625000000000000000e+01 -8.010471204188482020e+00 2.295000000000000165e-03
-6.625000000000000000e+01 -7.068062827225130462e+00 8.109999999999999805e-04
-6.625000000000000000e+01 -6.125654450261779793e+00 1.610000000000000103e-04
-6.625000000000000000e+01 -5.183246073298429124e+00 3.260000000000000094e-04
-6.625000000000000000e+01 -4.240837696335078455e+00 3.536000000000000081e-03
-6.625000000000000000e+01 -3.298429319371727786e+00 1.376199999999999993e-02
-6.625000000000000000e+01 -2.356020942408377117e+00 6.198000000000000384e-03
-6.625000000000000000e+01 -1.413612565445026226e+00 0.000000000000000000e+00
-6.625000000000000000e+01 -4.712041884816753901e-01 2.425000000000000072e-03
-6.625000000000000000e+01 4.712041884816753901e-01 2.425000000000000072e-03
-6.625000000000000000e+01 1.413612565445026226e+00 7.156099999999999961e-02
-6.625000000000000000e+01 2.356020942408377117e+00 6.643300000000000594e-02
-6.500000000000000000e+01 -1.837696335078534560e+01 2.403800000000000034e-02
-6.500000000000000000e+01 -1.743455497382199582e+01 3.319469999999999921e-01
-6.500000000000000000e+01 -1.649214659685864603e+01 9.745000000000000190e-03
-6.500000000000000000e+01 -1.554973821989529448e+01 9.745000000000000190e-03
-6.500000000000000000e+01 -1.460732984293194114e+01 4.854999999999999941e-03
-6.500000000000000000e+01 -1.366492146596859136e+01 2.969999999999999984e-03
-6.500000000000000000e+01 -1.272251308900523981e+01 1.412000000000000061e-03
-6.500000000000000000e+01 -1.178010471204188825e+01 7.407000000000000389e-03
-6.500000000000000000e+01 -1.083769633507853669e+01 1.495839999999999947e-01
-6.500000000000000000e+01 -9.895287958115185134e+00 3.180120000000000169e-01
-6.500000000000000000e+01 -8.952879581151833577e+00 7.508900000000000297e-02
-6.500000000000000000e+01 -8.010471204188482020e+00 2.351999999999999924e-03
-6.500000000000000000e+01 -7.068062827225130462e+00 2.422500000000000001e-02
-6.500000000000000000e+01 -6.125654450261779793e+00 1.147999999999999932e-03
-6.500000000000000000e+01 -5.183246073298429124e+00 4.090000000000000211e-04
-6.500000000000000000e+01 -4.240837696335078455e+00 4.610999999999999648e-03
-6.500000000000000000e+01 -3.298429319371727786e+00 1.429399999999999941e-02
-6.500000000000000000e+01 -2.356020942408377117e+00 4.329999999999999648e-03
-6.500000000000000000e+01 -1.413612565445026226e+00 1.791999999999999973e-03
-6.500000000000000000e+01 -4.712041884816753901e-01 7.742999999999999883e-03
-6.500000000000000000e+01 4.712041884816753901e-01 7.742999999999999883e-03
-6.500000000000000000e+01 1.413612565445026226e+00 2.658999999999999905e-03
-6.375000000000000000e+01 -2.026178010471204516e+01 0.000000000000000000e+00
-6.375000000000000000e+01 -1.931937172774869538e+01 1.047219999999999956e-01
-6.375000000000000000e+01 -1.837696335078534560e+01 1.258259999999999934e-01
-6.375000000000000000e+01 -1.743455497382199582e+01 4.530139999999999723e-01
-6.375000000000000000e+01 -1.649214659685864603e+01 5.278599999999999959e-02
-6.375000000000000000e+01 -1.554973821989529448e+01 5.278599999999999959e-02
-6.375000000000000000e+01 -1.460732984293194114e+01 2.331099999999999839e-02
-6.375000000000000000e+01 -1.366492146596859136e+01 2.972999999999999948e-03
-6.375000000000000000e+01 -1.272251308900523981e+01 1.838999999999999923e-03
-6.375000000000000000e+01 -1.178010471204188825e+01 3.530809999999999782e-01
-6.375000000000000000e+01 -1.083769633507853669e+01 4.526999999999999774e-02
-6.375000000000000000e+01 -9.895287958115185134e+00 3.592690000000000050e-01
-6.375000000000000000e+01 -8.952879581151833577e+00 5.679990000000000316e-01
-6.375000000000000000e+01 -8.010471204188482020e+00 1.317270000000000107e-01
-6.375000000000000000e+01 -7.068062827225130462e+00 1.228699999999999931e-02
-6.375000000000000000e+01 -6.125654450261779793e+00 4.970999999999999724e-03
-6.375000000000000000e+01 -5.183246073298429124e+00 2.364999999999999915e-03
-6.375000000000000000e+01 -4.240837696335078455e+00 3.328400000000000108e-02
-6.375000000000000000e+01 -3.298429319371727786e+00 1.724000000000000055e-03
-6.375000000000000000e+01 -2.356020942408377117e+00 3.249999999999999851e-04
-6.375000000000000000e+01 -1.413612565445026226e+00 3.240000000000000150e-04
-6.375000000000000000e+01 -4.712041884816753901e-01 1.828999999999999897e-03
-6.375000000000000000e+01 4.712041884816753901e-01 1.828999999999999897e-03
-6.375000000000000000e+01 1.413612565445026226e+00 0.000000000000000000e+00
-6.375000000000000000e+01 3.298429319371727786e+00 1.109599999999999996e-02
-6.250000000000000000e+01 -1.931937172774869538e+01 3.340460000000000096e-01
-6.250000000000000000e+01 -1.837696335078534560e+01 6.740730000000000333e-01
-6.250000000000000000e+01 -1.743455497382199582e+01 7.231159999999999810e-01
-6.250000000000000000e+01 -1.649214659685864603e+01 6.990100000000000480e-02
-6.250000000000000000e+01 -1.554973821989529448e+01 6.990100000000000480e-02
-6.250000000000000000e+01 -1.460732984293194114e+01 7.910999999999999630e-03
-6.250000000000000000e+01 -1.366492146596859136e+01 2.263999999999999953e-03
-6.250000000000000000e+01 -1.272251308900523981e+01 4.964999999999999795e-03
-6.250000000000000000e+01 -1.178010471204188825e+01 4.366700000000000026e-01
-6.250000000000000000e+01 -1.083769633507853669e+01 3.796889999999999987e-01
-6.250000000000000000e+01 -9.895287958115185134e+00 8.939040000000000319e-01
-6.250000000000000000e+01 -8.952879581151833577e+00 3.256919999999999815e-01
-6.250000000000000000e+01 -8.010471204188482020e+00 1.107599999999999973e-01
-6.250000000000000000e+01 -7.068062827225130462e+00 9.566700000000000204e-02
-6.250000000000000000e+01 -6.125654450261779793e+00 1.630300000000000152e-02
-6.250000000000000000e+01 -5.183246073298429124e+00 2.396000000000000126e-03
-6.250000000000000000e+01 -4.240837696335078455e+00 3.479199999999999654e-02
-6.250000000000000000e+01 -3.298429319371727786e+00 5.867999999999999952e-03
-6.250000000000000000e+01 -2.356020942408377117e+00 1.056999999999999997e-03
-6.250000000000000000e+01 -1.413612565445026226e+00 7.714999999999999636e-03
-6.250000000000000000e+01 -4.712041884816753901e-01 6.509999999999999945e-04
-6.250000000000000000e+01 4.712041884816753901e-01 6.509999999999999945e-04
-6.250000000000000000e+01 1.413612565445026226e+00 1.435000000000000078e-03
-6.250000000000000000e+01 2.356020942408377117e+00 8.090000000000000403e-04
-6.250000000000000000e+01 3.298429319371727786e+00 0.000000000000000000e+00
-6.125000000000000000e+01 -1.837696335078534560e+01 1.552969999999999906e-01
-6.125000000000000000e+01 -1.743455497382199582e+01 8.767800000000000593e-02
-6.125000000000000000e+01 -1.649214659685864603e+01 1.242390000000000022e-01
-6.125000000000000000e+01 -1.554973821989529448e+01 1.242390000000000022e-01
-6.125000000000000000e+01 -1.460732984293194114e+01 2.429900000000000115e-02
-6.125000000000000000e+01 -1.366492146596859136e+01 4.188700000000000062e-02
-6.125000000000000000e+01 -1.272251308900523981e+01 6.106300000000000061e-01
-6.125000000000000000e+01 -1.178010471204188825e+01 7.106820000000000359e-01
-6.125000000000000000e+01 -1.083769633507853669e+01 4.077020000000000088e-01
-6.125000000000000000e+01 -9.895287958115185134e+00 1.908420000000000116e-01
-6.125000000000000000e+01 -8.952879581151833577e+00 4.097599999999999854e-02
-6.125000000000000000e+01 -8.010471204188482020e+00 2.965599999999999833e-02
-6.125000000000000000e+01 -7.068062827225130462e+00 4.429999999999999910e-03
-6.125000000000000000e+01 -6.125654450261779793e+00 4.586400000000000199e-02
-6.125000000000000000e+01 -5.183246073298429124e+00 1.492800000000000030e-02
-6.125000000000000000e+01 -4.240837696335078455e+00 5.564899999999999708e-02
-6.125000000000000000e+01 -3.298429319371727786e+00 9.357400000000000440e-02
-6.125000000000000000e+01 -2.356020942408377117e+00 1.649999999999999991e-03
-6.125000000000000000e+01 -1.413612565445026226e+00 1.876999999999999979e-03
-6.125000000000000000e+01 -4.712041884816753901e-01 5.366100000000000037e-02
-6.125000000000000000e+01 4.712041884816753901e-01 5.366100000000000037e-02
-6.125000000000000000e+01 1.413612565445026226e+00 6.482599999999999474e-02
-6.125000000000000000e+01 2.356020942408377117e+00 3.945449999999999791e-01
-6.125000000000000000e+01 3.298429319371727786e+00 1.888930000000000053e-01
-6.125000000000000000e+01 4.240837696335078455e+00 2.012399999999999953e-02
-6.000000000000000000e+01 -1.554973821989529448e+01 9.181100000000000372e-02
-6.000000000000000000e+01 -1.460732984293194114e+01 3.701439999999999730e-01
-6.000000000000000000e+01 -1.366492146596859136e+01 4.016250000000000098e-01
-6.000000000000000000e+01 -1.272251308900523981e+01 3.408109999999999751e-01
-6.000000000000000000e+01 -1.178010471204188825e+01 9.620700000000000085e-02
-6.000000000000000000e+01 -1.083769633507853669e+01 7.198999999999999670e-03
-6.000000000000000000e+01 -9.895287958115185134e+00 1.149609999999999937e-01
-6.000000000000000000e+01 -8.952879581151833577e+00 3.015800000000000078e-02
-6.000000000000000000e+01 -8.010471204188482020e+00 0.000000000000000000e+00
-6.000000000000000000e+01 -7.068062827225130462e+00 1.228500000000000009e-01
-6.000000000000000000e+01 -6.125654450261779793e+00 1.085299999999999980e-02
-6.000000000000000000e+01 -5.183246073298429124e+00 2.912299999999999958e-02
-6.000000000000000000e+01 -4.240837696335078455e+00 2.018290000000000084e-01
-6.000000000000000000e+01 -3.298429319371727786e+00 4.994469999999999743e-01
-6.000000000000000000e+01 -2.356020942408377117e+00 3.077719999999999900e-01
-6.000000000000000000e+01 -1.413612565445026226e+00 5.010900000000000076e-02
-6.000000000000000000e+01 -4.712041884816753901e-01 1.786400000000000141e-02
-6.000000000000000000e+01 4.712041884816753901e-01 1.786400000000000141e-02
-6.000000000000000000e+01 1.413612565445026226e+00 3.832499999999999796e-01
-6.000000000000000000e+01 2.356020942408377117e+00 6.894899999999999640e-02
-6.000000000000000000e+01 3.298429319371727786e+00 7.386099999999999610e-02
-6.000000000000000000e+01 4.240837696335078455e+00 1.141299999999999953e-02
-6.000000000000000000e+01 5.183246073298429124e+00 1.274999999999999918e-02
-5.875000000000000000e+01 -1.366492146596859136e+01 2.703099999999999947e-02
-5.875000000000000000e+01 -1.272251308900523981e+01 1.048000000000000103e-03
-5.875000000000000000e+01 -1.178010471204188825e+01 1.620870000000000088e-01
-5.875000000000000000e+01 -1.083769633507853669e+01 5.166349999999999554e-01
-5.875000000000000000e+01 -9.895287958115185134e+00 3.720479999999999898e-01
-5.875000000000000000e+01 -8.952879581151833577e+00 6.459600000000000064e-02
-5.875000000000000000e+01 -8.010471204188482020e+00 2.400000000000000061e-04
-5.875000000000000000e+01 -7.068062827225130462e+00 1.569100000000000009e-02
-5.875000000000000000e+01 -6.125654450261779793e+00 5.649999999999999641e-04
-5.875000000000000000e+01 -5.183246073298429124e+00 1.229000000000000058e-03
-5.875000000000000000e+01 -4.240837696335078455e+00 1.247889999999999971e-01
-5.875000000000000000e+01 -3.298429319371727786e+00 4.234589999999999743e-01
-5.875000000000000000e+01 -2.356020942408377117e+00 2.507099999999999954e-02
-5.875000000000000000e+01 -1.413612565445026226e+00 0.000000000000000000e+00
-5.875000000000000000e+01 -4.712041884816753901e-01 0.000000000000000000e+00
-5.875000000000000000e+01 4.712041884816753901e-01 0.000000000000000000e+00
-5.750000000000000000e+01 -1.366492146596859136e+01 4.943899999999999684e-02
-5.750000000000000000e+01 -1.272251308900523981e+01 5.571299999999999863e-02
-5.750000000000000000e+01 -1.178010471204188825e+01 4.308569999999999900e-01
-5.750000000000000000e+01 -1.083769633507853669e+01 3.866720000000000157e-01
-5.750000000000000000e+01 -9.895287958115185134e+00 2.985940000000000261e-01
-5.750000000000000000e+01 -8.952879581151833577e+00 3.610900000000000221e-02
-5.750000000000000000e+01 -8.010471204188482020e+00 5.362999999999999712e-03
-5.750000000000000000e+01 -7.068062827225130462e+00 2.566000000000000138e-03
-5.750000000000000000e+01 -6.125654450261779793e+00 2.094199999999999881e-02
-5.750000000000000000e+01 -5.183246073298429124e+00 1.631999999999999987e-03
-5.750000000000000000e+01 -4.240837696335078455e+00 4.657800000000000135e-02
-5.750000000000000000e+01 -3.298429319371727786e+00 2.604949999999999766e-01
-5.750000000000000000e+01 -2.356020942408377117e+00 3.132499999999999868e-02
-5.750000000000000000e+01 -1.413612565445026226e+00 6.755999999999999853e-03
-5.750000000000000000e+01 -4.712041884816753901e-01 0.000000000000000000e+00
-5.750000000000000000e+01 4.712041884816753901e-01 0.000000000000000000e+00
-5.750000000000000000e+01 1.413612565445026226e+00 8.100000000000000375e-05
-5.625000000000000000e+01 -1.366492146596859136e+01 2.904939999999999745e-01
-5.625000000000000000e+01 -1.272251308900523981e+01 3.006460000000000243e-01
-5.625000000000000000e+01 -1.178010471204188825e+01 6.423539999999999806e-01
-5.625000000000000000e+01 -1.083769633507853669e+01 4.432679999999999954e-01
-5.625000000000000000e+01 -9.895287958115185134e+00 8.452760000000000273e-01
-5.625000000000000000e+01 -8.952879581151833577e+00 6.401300000000000046e-02
-5.625000000000000000e+01 -8.010471204188482020e+00 1.068200000000000052e-02
-5.625000000000000000e+01 -7.068062827225130462e+00 5.730299999999999977e-02
-5.625000000000000000e+01 -6.125654450261779793e+00 7.288899999999999546e-02
-5.625000000000000000e+01 -5.183246073298429124e+00 1.776959999999999928e-01
-5.625000000000000000e+01 -4.240837696335078455e+00 3.638109999999999955e-01
-5.625000000000000000e+01 -3.298429319371727786e+00 2.948399999999999979e-02
-5.625000000000000000e+01 -2.356020942408377117e+00 3.347629999999999773e-01
-5.625000000000000000e+01 -1.413612565445026226e+00 2.599699999999999928e-02
-5.625000000000000000e+01 -4.712041884816753901e-01 8.000000000000000654e-05
-5.625000000000000000e+01 4.712041884816753901e-01 8.000000000000000654e-05
-5.625000000000000000e+01 1.413612565445026226e+00 0.000000000000000000e+00
-5.500000000000000000e+01 -1.460732984293194114e+01 1.793130000000000002e-01
-5.500000000000000000e+01 -1.366492146596859136e+01 4.305199999999999999e-02
-5.500000000000000000e+01 -1.272251308900523981e+01 3.918139999999999956e-01
-5.500000000000000000e+01 -1.178010471204188825e+01 6.194199999999999706e-01
-5.500000000000000000e+01 -1.083769633507853669e+01 7.529310000000000169e-01
-5.500000000000000000e+01 -9.895287958115185134e+00 7.659169999999999590e-01
-5.500000000000000000e+01 -8.952879581151833577e+00 8.229699999999999516e-02
-5.500000000000000000e+01 -8.010471204188482020e+00 1.485329999999999984e-01
-5.500000000000000000e+01 -7.068062827225130462e+00 1.360119999999999940e-01
-5.500000000000000000e+01 -6.125654450261779793e+00 5.452000000000000249e-03
-5.500000000000000000e+01 -5.183246073298429124e+00 4.809999999999999823e-04
-5.500000000000000000e+01 -4.240837696335078455e+00 2.935169999999999724e-01
-5.500000000000000000e+01 -3.298429319371727786e+00 4.620330000000000270e-01
-5.500000000000000000e+01 -2.356020942408377117e+00 5.574780000000000291e-01
-5.500000000000000000e+01 -1.413612565445026226e+00 1.356199999999999940e-02
-5.500000000000000000e+01 -4.712041884816753901e-01 2.420000000000000005e-04
-5.500000000000000000e+01 4.712041884816753901e-01 2.420000000000000005e-04
-5.500000000000000000e+01 1.413612565445026226e+00 2.420000000000000005e-04
-5.500000000000000000e+01 2.356020942408377117e+00 5.760000000000000146e-04
-5.375000000000000000e+01 -1.460732984293194114e+01 4.079999999999999968e-04
-5.375000000000000000e+01 -1.366492146596859136e+01 4.136999999999999705e-02
-5.375000000000000000e+01 -1.272251308900523981e+01 2.546729999999999827e-01
-5.375000000000000000e+01 -1.178010471204188825e+01 1.530839999999999979e-01
-5.375000000000000000e+01 -1.083769633507853669e+01 2.980709999999999749e-01
-5.375000000000000000e+01 -9.895287958115185134e+00 3.154440000000000022e-01
-5.375000000000000000e+01 -8.952879581151833577e+00 4.512000000000000385e-03
-5.375000000000000000e+01 -8.010471204188482020e+00 8.000000000000000654e-05
-5.375000000000000000e+01 -7.068062827225130462e+00 2.343000000000000031e-03
-5.375000000000000000e+01 -6.125654450261779793e+00 1.098499999999999997e-02
-5.375000000000000000e+01 -5.183246073298429124e+00 3.896000000000000157e-03
-5.375000000000000000e+01 -4.240837696335078455e+00 2.828780000000000183e-01
-5.375000000000000000e+01 -3.298429319371727786e+00 2.605000000000000093e-01
-5.375000000000000000e+01 -2.356020942408377117e+00 4.627629999999999799e-01
-5.375000000000000000e+01 -1.413612565445026226e+00 7.134799999999999476e-02
-5.375000000000000000e+01 -4.712041884816753901e-01 9.719999999999999907e-04
-5.375000000000000000e+01 4.712041884816753901e-01 9.719999999999999907e-04
-5.375000000000000000e+01 1.413612565445026226e+00 2.922999999999999817e-03
-5.375000000000000000e+01 2.356020942408377117e+00 1.054000000000000032e-03
-5.250000000000000000e+01 -1.366492146596859136e+01 1.248499999999999957e-02
-5.250000000000000000e+01 -1.272251308900523981e+01 2.496150000000000035e-01
-5.250000000000000000e+01 -1.178010471204188825e+01 1.100649999999999962e-01
-5.250000000000000000e+01 -1.083769633507853669e+01 2.832140000000000213e-01
-5.250000000000000000e+01 -9.895287958115185134e+00 9.635699999999999821e-02
-5.250000000000000000e+01 -8.952879581151833577e+00 5.699999999999999772e-04
-5.250000000000000000e+01 -8.010471204188482020e+00 2.488000000000000194e-03
-5.250000000000000000e+01 -7.068062827225130462e+00 9.527599999999999958e-02
-5.250000000000000000e+01 -6.125654450261779793e+00 1.551579999999999904e-01
-5.250000000000000000e+01 -5.183246073298429124e+00 2.171999999999999886e-03
-5.250000000000000000e+01 -4.240837696335078455e+00 8.708299999999999375e-02
-5.250000000000000000e+01 -3.298429319371727786e+00 2.233739999999999892e-01
-5.250000000000000000e+01 -2.356020942408377117e+00 3.896600000000000064e-02
-5.250000000000000000e+01 -1.413612565445026226e+00 2.645259999999999834e-01
-5.250000000000000000e+01 -4.712041884816753901e-01 3.559000000000000098e-03
-5.250000000000000000e+01 4.712041884816753901e-01 3.559000000000000098e-03
-5.125000000000000000e+01 -8.952879581151833577e+00 5.793709999999999694e-01
-5.125000000000000000e+01 -8.010471204188482020e+00 4.223459999999999992e-01
-5.125000000000000000e+01 -7.068062827225130462e+00 5.354269999999999863e-01
-5.125000000000000000e+01 -5.183246073298429124e+00 2.273600000000000065e-01
-5.125000000000000000e+01 -4.240837696335078455e+00 3.591309999999999780e-01
-5.125000000000000000e+01 -3.298429319371727786e+00 2.650500000000000078e-01
-5.125000000000000000e+01 -2.356020942408377117e+00 1.282760000000000011e-01
-5.000000000000000000e+01 -3.298429319371727786e+00 4.424879999999999924e-01
