-7.875000000000000000e+01 -6.125654450261779793e+00 5.090620000000000145e-01
-7.875000000000000000e+01 -5.183246073298429124e+00 2.396919999999999884e-01
-7.875000000000000000e+01 -4.240837696335078455e+00 3.658770000000000078e-01
-7.875000000000000000e+01 -3.298429319371727786e+00 4.701890000000000236e-01
-7.875000000000000000e+01 -2.356020942408377117e+00 0.000000000000000000e+00
-7.875000000000000000e+01 -1.413612565445026226e+00 0.000000000000000000e+00
-7.750000000000000000e+01 -8.952879581151833577e+00 1.897490000000000010e-01
-7.750000000000000000e+01 -8.010471204188482020e+00 1.435049999999999937e-01
-7.750000000000000000e+01 -7.068062827225130462e+00 2.927730000000000055e-01
-7.750000000000000000e+01 -6.125654450261779793e+00 5.689319999999999933e-01
-7.750000000000000000e+01 -5.183246073298429124e+00 1.698780000000000012e-01
-7.750000000000000000e+01 -4.240837696335078455e+00 6.098200000000000148e-02
-7.750000000000000000e+01 -3.298429319371727786e+00 3.712420000000000164e-01
-7.750000000000000000e+01 -2.356020942408377117e+00 2.706669999999999909e-01
-7.750000000000000000e+01 -1.413612565445026226e+00 3.468950000000000089e-01
-7.750000000000000000e+01 -4.712041884816753901e-01 2.055240000000000122e-01
-7.750000000000000000e+01 4.712041884816753901e-01 2.055240000000000122e-01
-7.625000000000000000e+01 -1.083769633507853669e+01 6.723500000000000310e-02
-7.625000000000000000e+01 -9.895287958115185134e+00 1.369479999999999864e-01
-7.625000000000000000e+01 -8.952879581151833577e+00 4.345559999999999978e-01
-7.625000000000000000e+01 -8.010471204188482020e+00 1.528589999999999949e-01
-7.625000000000000000e+01 -7.068062827225130462e+00 2.970900000000000207e-01
-7.625000000000000000e+01 -6.125654450261779793e+00 4.220209999999999795e-01
-7.625000000000000000e+01 -5.183246073298429124e+00 4.120900000000000257e-02
-7.625000000000000000e+01 -4.240837696335078455e+00 1.472000000000000001e-03
-7.625000000000000000e+01 -3.298429319371727786e+00 3.983000000000000429e-03
-7.625000000000000000e+01 -2.356020942408377117e+00 2.553000000000000148e-03
-7.625000000000000000e+01 -1.413612565445026226e+00 2.611000000000000040e-03
-7.625000000000000000e+01 -4.712041884816753901e-01 6.655500000000000305e-02
-7.625000000000000000e+01 4.712041884816753901e-01 6.655500000000000305e-02
-7.625000000000000000e+01 1.413612565445026226e+00 8.388750000000000373e-01
-7.500000000000000000e+01 -1.366492146596859136e+01 7.814200000000000312e-02
-7.500000000000000000e+01 -1.272251308900523981e+01 1.417779999999999874e-01
-7.500000000000000000e+01 -1.178010471204188825e+01 1.241629999999999956e-01
-7.500000000000000000e+01 -1.083769633507853669e+01 3.782190000000000274e-01
-7.500000000000000000e+01 -9.895287958115185134e+00 1.814580000000000082e-01
-7.500000000000000000e+01 -8.952879581151833577e+00 4.876170000000000226e-01
-7.500000000000000000e+01 -8.010471204188482020e+00 2.497080000000000133e-01
-7.500000000000000000e+01 -7.068062827225130462e+00 3.560399999999999676e-02
-7.500000000000000000e+01 -6.125654450261779793e+00 6.070300000000000001e-02
-7.500000000000000000e+01 -5.183246073298429124e+00 4.566900000000000126e-02
-7.500000000000000000e+01 -4.240837696335078455e+00 2.003299999999999872e-02
-7.500000000000000000e+01 -3.298429319371727786e+00 2.305999999999999890e-03
-7.500000000000000000e+01 -2.356020942408377117e+00 6.376999999999999856e-03
-7.500000000000000000e+01 -1.413612565445026226e+00 5.597000000000000412e-03
-7.500000000000000000e+01 -4.712041884816753901e-01 2.712099999999999927e-02
-7.500000000000000000e+01 4.712041884816753901e-01 2.712099999999999927e-02
-7.500000000000000000e+01 1.413612565445026226e+00 5.708710000000000173e-01
-7.500000000000000000e+01 2.356020942408377117e+00 9.023149999999999782e-01
-7.375000000000000000e+01 -1.460732984293194114e+01 0.000000000000000000e+00
-7.375000000000000000e+01 -1.366492146596859136e+01 1.302490000000000037e-01
-7.375000000000000000e+01 -1.272251308900523981e+01 8.656500000000000306e-02
-7.375000000000000000e+01 -1.178010471204188825e+01 9.742699999999999971e-02
-7.375000000000000000e+01 -1.083769633507853669e+01 9.951699999999999435e-02
-7.375000000000000000e+01 -9.895287958115185134e+00 5.654499999999999804e-02
-7.375000000000000000e+01 -8.952879581151833577e+00 9.037699999999999900e-02
-7.375000000000000000e+01 -8.010471204188482020e+00 1.366809999999999969e-01
-7.375000000000000000e+01 -7.068062827225130462e+00 3.485900000000000110e-02
-7.375000000000000000e+01 -6.125654450261779793e+00 2.464699999999999877e-02
-7.375000000000000000e+01 -5.183246073298429124e+00 7.177999999999999658e-02
-7.375000000000000000e+01 -4.240837696335078455e+00 2.272499999999999867e-02
-7.375000000000000000e+01 -3.298429319371727786e+00 7.262000000000000226e-03
-7.375000000000000000e+01 -2.356020942408377117e+00 5.409999999999999878e-03
-7.375000000000000000e+01 -1.413612565445026226e+00 1.218609999999999971e-01
-7.375000000000000000e+01 -4.712041884816753901e-01 2.467000000000000009e-03
-7.375000000000000000e+01 4.712041884816753901e-01 2.467000000000000009e-03
-7.375000000000000000e+01 1.413612565445026226e+00 3.757900000000000129e-02
-7.250000000000000000e+01 -1.460732984293194114e+01 5.432000000000000196e-03
-7.250000000000000000e+01 -1.366492146596859136e+01 1.374849999999999961e-01
-7.250000000000000000e+01 -1.272251308900523981e+01 1.755899999999999961e-01
-7.250000000000000000e+01 -1.178010471204188825e+01 4.374800000000000216e-02
-7.250000000000000000e+01 -1.083769633507853669e+01 6.879999999999999831e-03
-7.250000000000000000e+01 -9.895287958115185134e+00 0.000000000000000000e+00
-7.250000000000000000e+01 -8.952879581151833577e+00 1.053100000000000043e-02
-7.250000000000000000e+01 -8.010471204188482020e+00 4.394850000000000145e-01
-7.250000000000000000e+01 -7.068062827225130462e+00 1.504250000000000032e-01
-7.250000000000000000e+01 -6.125654450261779793e+00 9.730000000000000151e-04
-7.250000000000000000e+01 -5.183246073298429124e+00 9.737000000000000863e-03
-7.250000000000000000e+01 -4.240837696335078455e+00 1.123389999999999944e-01
-7.250000000000000000e+01 -3.298429319371727786e+00 2.123999999999999846e-02
-7.250000000000000000e+01 -2.356020942408377117e+00 6.682100000000000539e-02
-7.250000000000000000e+01 -1.413612565445026226e+00 1.990000000000000102e-02
-7.250000000000000000e+01 -4.712041884816753901e-01 6.908000000000000078e-03
-7.250000000000000000e+01 4.712041884816753901e-01 6.908000000000000078e-03
-7.250000000000000000e+01 1.413612565445026226e+00 1.020399999999999953e-02
-7.125000000000000000e+01 -1.460732984293194114e+01 9.079900000000000471e-02
-7.125000000000000000e+01 -1.366492146596859136e+01 2.439500000000000002e-02
-7.125000000000000000e+01 -1.272251308900523981e+01 1.947919999999999929e-01
-7.125000000000000000e+01 -1.178010471204188825e+01 0.000000000000000000e+00
-7.125000000000000000e+01 -1.083769633507853669e+01 0.000000000000000000e+00
-7.125000000000000000e+01 -9.895287958115185134e+00 6.791000000000000161e-03
-7.125000000000000000e+01 -8.952879581151833577e+00 8.434700000000000530e-02
-7.125000000000000000e+01 -8.010471204188482020e+00 5.554850000000000065e-01
-7.125000000000000000e+01 -7.068062827225130462e+00 1.951100000000000056e-02
-7.125000000000000000e+01 -6.125654450261779793e+00 4.655000000000000283e-03
-7.125000000000000000e+01 -5.183246073298429124e+00 2.429999999999999977e-04
-7.125000000000000000e+01 -4.240837696335078455e+00 3.611099999999999727e-02
-7.125000000000000000e+01 -3.298429319371727786e+00 3.190000000000000019e-04
-7.125000000000000000e+01 -2.356020942408377117e+00 4.606699999999999684e-02
-7.125000000000000000e+01 -1.413612565445026226e+00 3.592000000000000141e-03
-7.125000000000000000e+01 -4.712041884816753901e-01 0.000000000000000000e+00
-7.125000000000000000e+01 4.712041884816753901e-01 0.000000000000000000e+00
-7.125000000000000000e+01 1.413612565445026226e+00 1.054350000000000009e-01
-7.000000000000000000e+01 -1.366492146596859136e+01 8.580000000000000820e-03
-7.000000000000000000e+01 -1.272251308900523981e+01 3.726019999999999888e-01
-7.000000000000000000e+01 -1.178010471204188825e+01 4.812299999999999911e-02
-7.000000000000000000e+01 -1.083769633507853669e+01 3.381759999999999766e-01
-7.000000000000000000e+01 -9.895287958115185134e+00 2.850700000000000109e-02
-7.000000000000000000e+01 -8.952879581151833577e+00 2.396939999999999904e-01
-7.000000000000000000e+01 -8.010471204188482020e+00 3.555119999999999947e-01
-7.000000000000000000e+01 -7.068062827225130462e+00 4.120999999999999663e-02
-7.000000000000000000e+01 -6.125654450261779793e+00 1.861000000000000024e-03
-7.000000000000000000e+01 -5.183246073298429124e+00 8.040000000000000271e-04
-7.000000000000000000e+01 -4.240837696335078455e+00 1.297389999999999932e-01
-7.000000000000000000e+01 -3.298429319371727786e+00 7.535799999999999443e-02
-7.000000000000000000e+01 -2.356020942408377117e+00 2.608800000000000008e-02
-7.000000000000000000e+01 -1.413612565445026226e+00 3.861200000000000049e-02
-7.000000000000000000e+01 -4.712041884816753901e-01 1.220300000000000031e-02
-7.000000000000000000e+01 4.712041884816753901e-01 1.220300000000000031e-02
-7.000000000000000000e+01 1.413612565445026226e+00 7.795999999999999978e-03
-6.875000000000000000e+01 -1.554973821989529448e+01 6.769999999999999759e-04
-6.875000000000000000e+01 -1.460732984293194114e+01 3.632900000000000018e-02
-6.875000000000000000e+01 -1.366492146596859136e+01 1.371499999999999976e-02
-6.875000000000000000e+01 -1.272251308900523981e+01 1.282139999999999946e-01
-6.875000000000000000e+01 -1.178010471204188825e+01 3.697269999999999723e-01
-6.875000000000000000e+01 -1.083769633507853669e+01 6.187899999999999512e-01
-6.875000000000000000e+01 -9.895287958115185134e+00 1.148840000000000000e-01
-6.875000000000000000e+01 -8.952879581151833577e+00 4.664590000000000125e-01
-6.875000000000000000e+01 -8.010471204188482020e+00 1.000999999999999980e-02
-6.875000000000000000e+01 -7.068062827225130462e+00 2.047999999999999907e-03
-6.875000000000000000e+01 -6.125654450261779793e+00 1.129999999999999928e-03
-6.875000000000000000e+01 -5.183246073298429124e+00 4.840000000000000010e-04
-6.875000000000000000e+01 -4.240837696335078455e+00 4.423999999999999981e-03
-6.875000000000000000e+01 -3.298429319371727786e+00 7.030999999999999923e-03
-6.875000000000000000e+01 -2.356020942408377117e+00 5.653000000000000039e-03
-6.875000000000000000e+01 -1.413612565445026226e+00 1.144599999999999958e-02
-6.875000000000000000e+01 -4.712041884816753901e-01 1.129100000000000069e-02
-6.875000000000000000e+01 4.712041884816753901e-01 1.129100000000000069e-02
-6.875000000000000000e+01 1.413612565445026226e+00 1.656699999999999839e-02
-6.875000000000000000e+01 2.356020942408377117e+00 6.131000000000000165e-03
-6.750000000000000000e+01 -1.649214659685864603e+01 2.893089999999999828e-01
-6.750000000000000000e+01 -1.554973821989529448e+01 2.893089999999999828e-01
-6.750000000000000000e+01 -1.460732984293194114e+01 1.519479999999999997e-01
-6.750000000000000000e+01 -1.366492146596859136e+01 1.167549999999999977e-01
-6.750000000000000000e+01 -1.272251308900523981e+01 1.665099999999999913e-02
-6.750000000000000000e+01 -1.178010471204188825e+01 1.930600000000000024e-02
-6.750000000000000000e+01 -1.083769633507853669e+01 4.042229999999999990e-01
-6.750000000000000000e+01 -9.895287958115185134e+00 8.126879999999999660e-01
-6.750000000000000000e+01 -8.952879581151833577e+00 2.379870000000000041e-01
-6.750000000000000000e+01 -8.010471204188482020e+00 1.918000000000000000e-03
-6.750000000000000000e+01 -7.068062827225130462e+00 8.919999999999999978e-04
-6.750000000000000000e+01 -6.125654450261779793e+00 5.950000000000000427e-03
-6.750000000000000000e+01 -5.183246073298429124e+00 1.128000000000000096e-03
-6.750000000000000000e+01 -4.240837696335078455e+00 8.059999999999999673e-04
-6.750000000000000000e+01 -3.298429319371727786e+00 1.632199999999999970e-02
-6.750000000000000000e+01 -2.356020942408377117e+00 3.310000000000000225e-04
-6.750000000000000000e+01 -1.413612565445026226e+00 8.000000000000000654e-05
-6.750000000000000000e+01 -4.712041884816753901e-01 8.989999999999999511e-04
-6.750000000000000000e+01 4.712041884816753901e-01 8.989999999999999511e-04
-6.750000000000000000e+01 1.413612565445026226e+00 6.081999999999999733e-03
-6.750000000000000000e+01 2.356020942408377117e+00 7.219999999999999855e-04
-6.625000000000000000e+01 -1.837696335078534560e+01 8.382100000000000661e-02
-6.625000000000000000e+01 -1.743455497382199582e+01 2.620629999999999904e-01
-6.625000000000000000e+01 -1.649214659685864603e+01 1.786999999999999960e-03
-6.625000000000000000e+01 -1.554973821989529448e+01 1.786999999999999960e-03
-6.625000000000000000e+01 -1.460732984293194114e+01 1.533200000000000014e-02
-6.625000000000000000e+01 -1.366492146596859136e+01 1.134000000000000025e-03
-6.625000000000000000e+01 -1.272251308900523981e+01 0.000000000000000000e+00
-6.625000000000000000e+01 -1.178010471204188825e+01 1.301199999999999926e-02
-6.625000000000000000e+01 -1.083769633507853669e+01 1.878460000000000130e-01
-6.625000000000000000e+01 -9.895287958115185134e+00 2.443670000000000009e-01
-6.625000000000000000e+01 -8.952879581151833577e+00 1.903759999999999897e-01
-6.625000000000000000e+01 -8.010471204188482020e+00 2.295000000000000165e-03
-6.625000000000000000e+01 -7.068062827225130462e+00 8.109999999999999805e-04
-6.625000000000000000e+01 -6.125654450261779793e+00 1.610000000000000103e-04
-6.625000000000000000e+01 -5.183246073298429124e+00 3.260000000000000094e-04
-6.625000000000000000e+01 -4.240837696335078455e+00 3.536000000000000081e-03
-6.625000000000000000e+01 -3.298429319371727786e+00 1.739299999999999874e-02
-6.625000000000000000e+01 -2.356020942408377117e+00 6.369999999999999794e-03
-6.625000000000000000e+01 -1.413612565445026226e+00 0.000000000000000000e+00
-6.625000000000000000e+01 -4.712041884816753901e-01 2.425000000000000072e-03
-6.625000000000000000e+01 4.712041884816753901e-01 2.425000000000000072e-03
-6.625000000000000000e+01 1.413612565445026226e+00 9.493000000000000049e-02
-6.625000000000000000e+01 2.356020942408377117e+00 1.201659999999999950e-01
-6.500000000000000000e+01 -1.837696335078534560e+01 2.526099999999999873e-02
-6.500000000000000000e+01 -1.743455497382199582e+01 4.886469999999999980e-01
-6.500000000000000000e+01 -1.649214659685864603e+01 6.599399999999999711e-02
-6.500000000000000000e+01 -1.554973821989529448e+01 6.599399999999999711e-02
-6.500000000000000000e+01 -1.460732984293194114e+01 1.397800000000000084e-02
-6.500000000000000000e+01 -1.366492146596859136e+01 8.911000000000000518e-03
-6.500000000000000000e+01 -1.272251308900523981e+01 2.658000000000000206e-03
-6.500000000000000000e+01 -1.178010471204188825e+01 8.165000000000000382e-03
-6.500000000000000000e+01 -1.083769633507853669e+01 2.108150000000000024e-01
-6.500000000000000000e+01 -9.895287958115185134e+00 6.728779999999999761e-01
-6.500000000000000000e+01 -8.952879581151833577e+00 1.669350000000000001e-01
-6.500000000000000000e+01 -8.010471204188482020e+00 8.028000000000000413e-03
-6.500000000000000000e+01 -7.068062827225130462e+00 6.341499999999999915e-02
-6.500000000000000000e+01 -6.125654450261779793e+00 1.147999999999999932e-03
-6.500000000000000000e+01 -5.183246073298429124e+00 8.154300000000000437e-02
-6.500000000000000000e+01 -4.240837696335078455e+00 3.022100000000000133e-02
-6.500000000000000000e+01 -3.298429319371727786e+00 6.224600000000000272e-02
-6.500000000000000000e+01 -2.356020942408377117e+00 4.329999999999999648e-03
-6.500000000000000000e+01 -1.413612565445026226e+00 1.791999999999999973e-03
-6.500000000000000000e+01 -4.712041884816753901e-01 7.742999999999999883e-03
-6.500000000000000000e+01 4.712041884816753901e-01 7.742999999999999883e-03
-6.500000000000000000e+01 1.413612565445026226e+00 2.658999999999999905e-03
-6.375000000000000000e+01 -2.026178010471204516e+01 8.333329999999999904e-01
-6.375000000000000000e+01 -1.931937172774869538e+01 3.173940000000000095e-01
-6.375000000000000000e+01 -1.837696335078534560e+01 1.516679999999999973e-01
-6.375000000000000000e+01 -1.743455497382199582e+01 5.790260000000000407e-01
-6.375000000000000000e+01 -1.649214659685864603e+01 6.780799999999999328e-02
-6.375000000000000000e+01 -1.554973821989529448e+01 6.780799999999999328e-02
-6.375000000000000000e+01 -1.460732984293194114e+01 4.283399999999999708e-02
-6.375000000000000000e+01 -1.366492146596859136e+01 3.882000000000000034e-03
-6.375000000000000000e+01 -1.272251308900523981e+01 3.177000000000000136e-03
-6.375000000000000000e+01 -1.178010471204188825e+01 2.302520000000000122e-01
-6.375000000000000000e+01 -1.083769633507853669e+01 6.316800000000000193e-02
-6.375000000000000000e+01 -9.895287958115185134e+00 5.399549999999999628e-01
-6.375000000000000000e+01 -8.952879581151833577e+00 8.299410000000000398e-01
-6.375000000000000000e+01 -8.010471204188482020e+00 4.673939999999999761e-01
-6.375000000000000000e+01 -7.068062827225130462e+00 1.686199999999999921e-01
-6.375000000000000000e+01 -6.125654450261779793e+00 4.970999999999999724e-03
-6.375000000000000000e+01 -5.183246073298429124e+00 3.840799999999999770e-02
-6.375000000000000000e+01 -4.240837696335078455e+00 1.637830000000000119e-01
-6.375000000000000000e+01 -3.298429319371727786e+00 3.440599999999999908e-02
-6.375000000000000000e+01 -2.356020942408377117e+00 3.249999999999999851e-04
-6.375000000000000000e+01 -1.413612565445026226e+00 3.240000000000000150e-04
-6.375000000000000000e+01 -4.712041884816753901e-01 3.482999999999999985e-03
-6.375000000000000000e+01 4.712041884816753901e-01 3.482999999999999985e-03
-6.375000000000000000e+01 1.413612565445026226e+00 3.291299999999999781e-02
-6.375000000000000000e+01 3.298429319371727786e+00 2.502599999999999963e-02
-6.250000000000000000e+01 -1.931937172774869538e+01 4.053780000000000161e-01
-6.250000000000000000e+01 -1.837696335078534560e+01 7.259430000000000049e-01
-6.250000000000000000e+01 -1.743455497382199582e+01 8.323019999999999863e-01
-6.250000000000000000e+01 -1.649214659685864603e+01 1.174300000000000066e-01
-6.250000000000000000e+01 -1.554973821989529448e+01 1.174300000000000066e-01
-6.250000000000000000e+01 -1.460732984293194114e+01 7.910999999999999630e-03
-6.250000000000000000e+01 -1.366492146596859136e+01 2.263999999999999953e-03
-6.250000000000000000e+01 -1.272251308900523981e+01 1.157999999999999958e-03
-6.250000000000000000e+01 -1.178010471204188825e+01 3.397209999999999952e-01
-6.250000000000000000e+01 -1.083769633507853669e+01 3.390340000000000020e-01
-6.250000000000000000e+01 -9.895287958115185134e+00 9.762619999999999632e-01
-6.250000000000000000e+01 -8.952879581151833577e+00 4.344520000000000048e-01
-6.250000000000000000e+01 -8.010471204188482020e+00 2.855949999999999878e-01
-6.250000000000000000e+01 -7.068062827225130462e+00 5.335699999999999887e-01
-6.250000000000000000e+01 -6.125654450261779793e+00 1.886210000000000109e-01
-6.250000000000000000e+01 -5.183246073298429124e+00 2.396000000000000126e-03
-6.250000000000000000e+01 -4.240837696335078455e+00 1.602329999999999866e-01
-6.250000000000000000e+01 -3.298429319371727786e+00 2.213100000000000137e-02
-6.250000000000000000e+01 -2.356020942408377117e+00 1.706999999999999967e-03
-6.250000000000000000e+01 -1.413612565445026226e+00 7.914300000000000501e-02
-6.250000000000000000e+01 -4.712041884816753901e-01 6.509999999999999945e-04
-6.250000000000000000e+01 4.712041884816753901e-01 6.509999999999999945e-04
-6.250000000000000000e+01 1.413612565445026226e+00 1.435000000000000078e-03
-6.250000000000000000e+01 2.356020942408377117e+00 1.253699999999999953e-02
-6.250000000000000000e+01 3.298429319371727786e+00 0.000000000000000000e+00
-6.125000000000000000e+01 -1.837696335078534560e+01 2.088839999999999864e-01
-6.125000000000000000e+01 -1.743455497382199582e+01 3.749399999999999955e-01
-6.125000000000000000e+01 -1.649214659685864603e+01 3.344960000000000155e-01
-6.125000000000000000e+01 -1.554973821989529448e+01 3.344960000000000155e-01
-6.125000000000000000e+01 -1.460732984293194114e+01 7.913499999999999701e-02
-6.125000000000000000e+01 -1.366492146596859136e+01 3.887199999999999683e-02
-6.125000000000000000e+01 -1.272251308900523981e+01 6.153220000000000356e-01
-6.125000000000000000e+01 -1.178010471204188825e+01 7.726499999999999480e-01
-6.125000000000000000e+01 -1.083769633507853669e+01 4.174889999999999990e-01
-6.125000000000000000e+01 -9.895287958115185134e+00 2.392479999999999885e-01
-6.125000000000000000e+01 -8.952879581151833577e+00 1.179999999999999938e-01
-6.125000000000000000e+01 -8.010471204188482020e+00 2.374880000000000047e-01
-6.125000000000000000e+01 -7.068062827225130462e+00 8.353499999999999814e-02
-6.125000000000000000e+01 -6.125654450261779793e+00 9.083499999999999908e-02
-6.125000000000000000e+01 -5.183246073298429124e+00 1.784739999999999938e-01
-6.125000000000000000e+01 -4.240837696335078455e+00 5.212679999999999536e-01
-6.125000000000000000e+01 -3.298429319371727786e+00 4.659690000000000221e-01
-6.125000000000000000e+01 -2.356020942408377117e+00 1.042200000000000071e-02
-6.125000000000000000e+01 -1.413612565445026226e+00 3.207399999999999834e-02
-6.125000000000000000e+01 -4.712041884816753901e-01 2.421939999999999926e-01
-6.125000000000000000e+01 4.712041884816753901e-01 2.421939999999999926e-01
-6.125000000000000000e+01 1.413612565445026226e+00 2.512820000000000054e-01
-6.125000000000000000e+01 2.356020942408377117e+00 6.141370000000000440e-01
-6.125000000000000000e+01 3.298429319371727786e+00 2.574130000000000029e-01
-6.125000000000000000e+01 4.240837696335078455e+00 3.568500000000000144e-02
-6.000000000000000000e+01 -1.554973821989529448e+01 9.736100000000000310e-02
-6.000000000000000000e+01 -1.460732984293194114e+01 3.983019999999999894e-01
-6.000000000000000000e+01 -1.366492146596859136e+01 4.265639999999999987e-01
-6.000000000000000000e+01 -1.272251308900523981e+01 3.625220000000000109e-01
-6.000000000000000000e+01 -1.178010471204188825e+01 1.192899999999999933e-01
-6.000000000000000000e+01 -1.083769633507853669e+01 1.132999999999999893e-03
-6.000000000000000000e+01 -9.895287958115185134e+00 5.444700000000000234e-02
-6.000000000000000000e+01 -8.952879581151833577e+00 5.904000000000000394e-03
-6.000000000000000000e+01 -8.010471204188482020e+00 4.477199999999999930e-02
-6.000000000000000000e+01 -7.068062827225130462e+00 5.914479999999999738e-01
-6.000000000000000000e+01 -6.125654450261779793e+00 1.031819999999999959e-01
-6.000000000000000000e+01 -5.183246073298429124e+00 1.121739999999999959e-01
-6.000000000000000000e+01 -4.240837696335078455e+00 6.047259999999999858e-01
-6.000000000000000000e+01 -3.298429319371727786e+00 7.873200000000000198e-01
-6.000000000000000000e+01 -2.356020942408377117e+00 7.679740000000000455e-01
-6.000000000000000000e+01 -1.413612565445026226e+00 3.301319999999999810e-01
-6.000000000000000000e+01 -4.712041884816753901e-01 1.208660000000000012e-01
-6.000000000000000000e+01 4.712041884816753901e-01 1.208660000000000012e-01
-6.000000000000000000e+01 1.413612565445026226e+00 7.342260000000000453e-01
-6.000000000000000000e+01 2.356020942408377117e+00 1.673429999999999918e-01
-6.000000000000000000e+01 3.298429319371727786e+00 1.288040000000000018e-01
-6.000000000000000000e+01 4.240837696335078455e+00 1.745000000000000023e-02
-6.000000000000000000e+01 5.183246073298429124e+00 1.283199999999999966e-02
-5.875000000000000000e+01 -1.366492146596859136e+01 5.121300000000000158e-02
-5.875000000000000000e+01 -1.272251308900523981e+01 4.676999999999999734e-03
-5.875000000000000000e+01 -1.178010471204188825e+01 2.011060000000000070e-01
-5.875000000000000000e+01 -1.083769633507853669e+01 4.084699999999999998e-01
-5.875000000000000000e+01 -9.895287958115185134e+00 3.218210000000000237e-01
-5.875000000000000000e+01 -8.952879581151833577e+00 6.656800000000000217e-02
-5.875000000000000000e+01 -8.010471204188482020e+00 5.029999999999999749e-03
-5.875000000000000000e+01 -7.068062827225130462e+00 4.036509999999999820e-01
-5.875000000000000000e+01 -6.125654450261779793e+00 4.512100000000000138e-02
-5.875000000000000000e+01 -5.183246073298429124e+00 1.639000000000000049e-03
-5.875000000000000000e+01 -4.240837696335078455e+00 3.730310000000000015e-01
-5.875000000000000000e+01 -3.298429319371727786e+00 8.419069999999999609e-01
-5.875000000000000000e+01 -2.356020942408377117e+00 3.300420000000000020e-01
-5.875000000000000000e+01 -1.413612565445026226e+00 8.805999999999999592e-03
-5.875000000000000000e+01 -4.712041884816753901e-01 1.289999999999999914e-03
-5.875000000000000000e+01 4.712041884816753901e-01 1.289999999999999914e-03
-5.750000000000000000e+01 -1.366492146596859136e+01 5.404300000000000076e-02
-5.750000000000000000e+01 -1.272251308900523981e+01 6.454000000000000015e-02
-5.750000000000000000e+01 -1.178010471204188825e+01 5.123269999999999769e-01
-5.750000000000000000e+01 -1.083769633507853669e+01 3.870080000000000187e-01
-5.750000000000000000e+01 -9.895287958115185134e+00 5.643289999999999695e-01
-5.750000000000000000e+01 -8.952879581151833577e+00 2.792100000000000137e-02
-5.750000000000000000e+01 -8.010471204188482020e+00 2.805000000000000202e-03
-5.750000000000000000e+01 -7.068062827225130462e+00 2.011800000000000047e-02
-5.750000000000000000e+01 -6.125654450261779793e+00 3.508129999999999860e-01
-5.750000000000000000e+01 -5.183246073298429124e+00 3.060200000000000073e-02
-5.750000000000000000e+01 -4.240837696335078455e+00 1.944899999999999962e-01
-5.750000000000000000e+01 -3.298429319371727786e+00 5.171740000000000226e-01
-5.750000000000000000e+01 -2.356020942408377117e+00 1.120069999999999955e-01
-5.750000000000000000e+01 -1.413612565445026226e+00 1.481400000000000078e-02
-5.750000000000000000e+01 -4.712041884816753901e-01 5.622599999999999820e-02
-5.750000000000000000e+01 4.712041884816753901e-01 5.622599999999999820e-02
-5.750000000000000000e+01 1.413612565445026226e+00 1.832459999999999922e-01
-5.625000000000000000e+01 -1.366492146596859136e+01 3.688290000000000179e-01
-5.625000000000000000e+01 -1.272251308900523981e+01 3.464079999999999937e-01
-5.625000000000000000e+01 -1.178010471204188825e+01 7.517629999999999590e-01
-5.625000000000000000e+01 -1.083769633507853669e+01 5.168089999999999629e-01
-5.625000000000000000e+01 -9.895287958115185134e+00 8.099809999999999510e-01
-5.625000000000000000e+01 -8.952879581151833577e+00 4.427400000000000085e-02
-5.625000000000000000e+01 -8.010471204188482020e+00 1.171900000000000025e-02
-5.625000000000000000e+01 -7.068062827225130462e+00 1.575830000000000009e-01
-5.625000000000000000e+01 -6.125654450261779793e+00 3.627469999999999861e-01
-5.625000000000000000e+01 -5.183246073298429124e+00 4.838049999999999851e-01
-5.625000000000000000e+01 -4.240837696335078455e+00 4.802580000000000182e-01
-5.625000000000000000e+01 -3.298429319371727786e+00 1.199770000000000003e-01
-5.625000000000000000e+01 -2.356020942408377117e+00 4.618829999999999880e-01
-5.625000000000000000e+01 -1.413612565445026226e+00 3.907800000000000162e-02
-5.625000000000000000e+01 -4.712041884816753901e-01 3.677999999999999846e-03
-5.625000000000000000e+01 4.712041884816753901e-01 3.677999999999999846e-03
-5.625000000000000000e+01 1.413612565445026226e+00 0.000000000000000000e+00
-5.500000000000000000e+01 -1.460732984293194114e+01 1.837709999999999899e-01
-5.500000000000000000e+01 -1.366492146596859136e+01 4.329899999999999721e-02
-5.500000000000000000e+01 -1.272251308900523981e+01 4.585870000000000224e-01
-5.500000000000000000e+01 -1.178010471204188825e+01 7.670599999999999641e-01
-5.500000000000000000e+01 -1.083769633507853669e+01 8.409349999999999881e-01
-5.500000000000000000e+01 -9.895287958115185134e+00 7.657570000000000210e-01
-5.500000000000000000e+01 -8.952879581151833577e+00 9.554200000000000192e-02
-5.500000000000000000e+01 -8.010471204188482020e+00 3.325429999999999775e-01
-5.500000000000000000e+01 -7.068062827225130462e+00 3.318389999999999951e-01
-5.500000000000000000e+01 -6.125654450261779793e+00 8.402099999999999846e-02
-5.500000000000000000e+01 -5.183246073298429124e+00 4.044500000000000178e-02
-5.500000000000000000e+01 -4.240837696335078455e+00 5.758490000000000553e-01
-5.500000000000000000e+01 -3.298429319371727786e+00 5.839929999999999843e-01
-5.500000000000000000e+01 -2.356020942408377117e+00 6.329390000000000294e-01
-5.500000000000000000e+01 -1.413612565445026226e+00 3.900200000000000194e-02
-5.500000000000000000e+01 -4.712041884816753901e-01 2.420000000000000005e-04
-5.500000000000000000e+01 4.712041884816753901e-01 2.420000000000000005e-04
-5.500000000000000000e+01 1.413612565445026226e+00 2.420000000000000005e-04
-5.500000000000000000e+01 2.356020942408377117e+00 5.760000000000000146e-04
-5.375000000000000000e+01 -1.460732984293194114e+01 4.079999999999999968e-04
-5.375000000000000000e+01 -1.366492146596859136e+01 4.145000000000000073e-02
-5.375000000000000000e+01 -1.272251308900523981e+01 2.130199999999999871e-01
-5.375000000000000000e+01 -1.178010471204188825e+01 2.045180000000000053e-01
-5.375000000000000000e+01 -1.083769633507853669e+01 2.824459999999999749e-01
-5.375000000000000000e+01 -9.895287958115185134e+00 3.524930000000000008e-01
-5.375000000000000000e+01 -8.952879581151833577e+00 1.337400000000000047e-02
-5.375000000000000000e+01 -8.010471204188482020e+00 8.000000000000000654e-05
-5.375000000000000000e+01 -7.068062827225130462e+00 2.101000000000000003e-03
-5.375000000000000000e+01 -6.125654450261779793e+00 6.347000000000000211e-03
-5.375000000000000000e+01 -5.183246073298429124e+00 3.327999999999999795e-03
-5.375000000000000000e+01 -4.240837696335078455e+00 5.498049999999999882e-01
-5.375000000000000000e+01 -3.298429319371727786e+00 6.195680000000000076e-01
-5.375000000000000000e+01 -2.356020942408377117e+00 4.951849999999999863e-01
-5.375000000000000000e+01 -1.413612565445026226e+00 1.094480000000000036e-01
-5.375000000000000000e+01 -4.712041884816753901e-01 9.719999999999999907e-04
-5.375000000000000000e+01 4.712041884816753901e-01 9.719999999999999907e-04
-5.375000000000000000e+01 1.413612565445026226e+00 1.217999999999999899e-03
-5.375000000000000000e+01 2.356020942408377117e+00 1.054000000000000032e-03
-5.250000000000000000e+01 -1.366492146596859136e+01 1.288800000000000015e-02
-5.250000000000000000e+01 -1.272251308900523981e+01 2.157610000000000083e-01
-5.250000000000000000e+01 -1.178010471204188825e+01 1.382309999999999928e-01
-5.250000000000000000e+01 -1.083769633507853669e+01 3.094270000000000076e-01
-5.250000000000000000e+01 -9.895287958115185134e+00 9.971299999999999608e-02
-5.250000000000000000e+01 -8.952879581151833577e+00 5.699999999999999772e-04
-5.250000000000000000e+01 -8.010471204188482020e+00 1.825000000000000016e-03
-5.250000000000000000e+01 -7.068062827225130462e+00 1.878099999999999908e-02
-5.250000000000000000e+01 -6.125654450261779793e+00 4.149599999999999816e-02
-5.250000000000000000e+01 -5.183246073298429124e+00 1.755000000000000050e-03
-5.250000000000000000e+01 -4.240837696335078455e+00 1.605119999999999880e-01
-5.250000000000000000e+01 -3.298429319371727786e+00 4.007490000000000219e-01
-5.250000000000000000e+01 -2.356020942408377117e+00 4.569299999999999751e-02
-5.250000000000000000e+01 -1.413612565445026226e+00 5.060879999999999823e-01
-5.250000000000000000e+01 -4.712041884816753901e-01 7.263600000000000612e-02
-5.250000000000000000e+01 4.712041884816753901e-01 7.263600000000000612e-02
-5.125000000000000000e+01 -8.952879581151833577e+00 5.958900000000000308e-01
-5.125000000000000000e+01 -8.010471204188482020e+00 4.195169999999999733e-01
-5.125000000000000000e+01 -7.068062827225130462e+00 4.634480000000000266e-01
-5.125000000000000000e+01 -5.183246073298429124e+00 1.905290000000000039e-01
-5.125000000000000000e+01 -4.240837696335078455e+00 3.560030000000000139e-01
-5.125000000000000000e+01 -3.298429319371727786e+00 5.440120000000000511e-01
-5.125000000000000000e+01 -2.356020942408377117e+00 1.453019999999999867e-01
-5.000000000000000000e+01 -3.298429319371727786e+00 6.835529999999999662e-01
