-7.875000000000000000e+01 -6.125654450261779793e+00 5.071069999999999744e-01
-7.875000000000000000e+01 -5.183246073298429124e+00 2.348520000000000052e-01
-7.875000000000000000e+01 -4.240837696335078455e+00 3.531369999999999787e-01
-7.875000000000000000e+01 -3.298429319371727786e+00 4.559090000000000087e-01
-7.875000000000000000e+01 -2.356020942408377117e+00 0.000000000000000000e+00
-7.875000000000000000e+01 -1.413612565445026226e+00 0.000000000000000000e+00
-7.750000000000000000e+01 -8.952879581151833577e+00 1.897490000000000010e-01
-7.750000000000000000e+01 -8.010471204188482020e+00 1.435049999999999937e-01
-7.750000000000000000e+01 -7.068062827225130462e+00 2.916190000000000171e-01
-7.750000000000000000e+01 -6.125654450261779793e+00 5.590490000000000181e-01
-7.750000000000000000e+01 -5.183246073298429124e+00 1.634549999999999892e-01
-7.750000000000000000e+01 -4.240837696335078455e+00 5.916400000000000131e-02
-7.750000000000000000e+01 -3.298429319371727786e+00 3.532899999999999929e-01
-7.750000000000000000e+01 -2.356020942408377117e+00 2.613519999999999732e-01
-7.750000000000000000e+01 -1.413612565445026226e+00 3.382279999999999731e-01
-7.750000000000000000e+01 -4.712041884816753901e-01 2.028939999999999910e-01
-7.750000000000000000e+01 4.712041884816753901e-01 2.028939999999999910e-01
-7.625000000000000000e+01 -1.083769633507853669e+01 6.636499999999999344e-02
-7.625000000000000000e+01 -9.895287958115185134e+00 1.359650000000000025e-01
-7.625000000000000000e+01 -8.952879581151833577e+00 4.243069999999999897e-01
-7.625000000000000000e+01 -8.010471204188482020e+00 1.431119999999999892e-01
-7.625000000000000000e+01 -7.068062827225130462e+00 2.837359999999999882e-01
-7.625000000000000000e+01 -6.125654450261779793e+00 4.061020000000000185e-01
-7.625000000000000000e+01 -5.183246073298429124e+00 4.044899999999999884e-02
-7.625000000000000000e+01 -4.240837696335078455e+00 1.472000000000000001e-03
-7.625000000000000000e+01 -3.298429319371727786e+00 3.983000000000000429e-03
-7.625000000000000000e+01 -2.356020942408377117e+00 2.553000000000000148e-03
-7.625000000000000000e+01 -1.413612565445026226e+00 2.611000000000000040e-03
-7.625000000000000000e+01 -4.712041884816753901e-01 6.037599999999999911e-02
-7.625000000000000000e+01 4.712041884816753901e-01 6.037599999999999911e-02
-7.625000000000000000e+01 1.413612565445026226e+00 8.211789999999999923e-01
-7.500000000000000000e+01 -1.366492146596859136e+01 7.814200000000000312e-02
-7.500000000000000000e+01 -1.272251308900523981e+01 1.417779999999999874e-01
-7.500000000000000000e+01 -1.178010471204188825e+01 1.241629999999999956e-01
-7.500000000000000000e+01 -1.083769633507853669e+01 3.722449999999999926e-01
-7.500000000000000000e+01 -9.895287958115185134e+00 1.758500000000000063e-01
-7.500000000000000000e+01 -8.952879581151833577e+00 4.760539999999999772e-01
-7.500000000000000000e+01 -8.010471204188482020e+00 2.457050000000000067e-01
-7.500000000000000000e+01 -7.068062827225130462e+00 3.560399999999999676e-02
-7.500000000000000000e+01 -6.125654450261779793e+00 6.070300000000000001e-02
-7.500000000000000000e+01 -5.183246073298429124e+00 4.566900000000000126e-02
-7.500000000000000000e+01 -4.240837696335078455e+00 2.003299999999999872e-02
-7.500000000000000000e+01 -3.298429319371727786e+00 2.305999999999999890e-03
-7.500000000000000000e+01 -2.356020942408377117e+00 6.376999999999999856e-03
-7.500000000000000000e+01 -1.413612565445026226e+00 5.597000000000000412e-03
-7.500000000000000000e+01 -4.712041884816753901e-01 2.629199999999999940e-02
-7.500000000000000000e+01 4.712041884816753901e-01 2.629199999999999940e-02
-7.500000000000000000e+01 1.413612565445026226e+00 5.546159999999999979e-01
-7.500000000000000000e+01 2.356020942408377117e+00 8.893189999999999706e-01
-7.375000000000000000e+01 -1.460732984293194114e+01 0.000000000000000000e+00
-7.375000000000000000e+01 -1.366492146596859136e+01 1.302490000000000037e-01
-7.375000000000000000e+01 -1.272251308900523981e+01 8.623799999999999522e-02
-7.375000000000000000e+01 -1.178010471204188825e+01 9.742699999999999971e-02
-7.375000000000000000e+01 -1.083769633507853669e+01 9.660499999999999643e-02
-7.375000000000000000e+01 -9.895287958115185134e+00 5.654499999999999804e-02
-7.375000000000000000e+01 -8.952879581151833577e+00 8.845200000000000284e-02
-7.375000000000000000e+01 -8.010471204188482020e+00 1.284849999999999881e-01
-7.375000000000000000e+01 -7.068062827225130462e+00 2.842499999999999888e-02
-7.375000000000000000e+01 -6.125654450261779793e+00 2.464699999999999877e-02
-7.375000000000000000e+01 -5.183246073298429124e+00 7.177999999999999658e-02
-7.375000000000000000e+01 -4.240837696335078455e+00 2.272499999999999867e-02
-7.375000000000000000e+01 -3.298429319371727786e+00 7.262000000000000226e-03
-7.375000000000000000e+01 -2.356020942408377117e+00 5.409999999999999878e-03
-7.375000000000000000e+01 -1.413612565445026226e+00 1.163000000000000006e-01
-7.375000000000000000e+01 -4.712041884816753901e-01 2.467000000000000009e-03
-7.375000000000000000e+01 4.712041884816753901e-01 2.467000000000000009e-03
-7.375000000000000000e+01 1.413612565445026226e+00 3.651700000000000085e-02
-7.250000000000000000e+01 -1.460732984293194114e+01 5.432000000000000196e-03
-7.250000000000000000e+01 -1.366492146596859136e+01 1.374849999999999961e-01
-7.250000000000000000e+01 -1.272251308900523981e+01 1.745970000000000022e-01
-7.250000000000000000e+01 -1.178010471204188825e+01 4.366600000000000342e-02
-7.250000000000000000e+01 -1.083769633507853669e+01 6.879999999999999831e-03
-7.250000000000000000e+01 -9.895287958115185134e+00 0.000000000000000000e+00
-7.250000000000000000e+01 -8.952879581151833577e+00 1.028699999999999927e-02
-7.250000000000000000e+01 -8.010471204188482020e+00 4.296010000000000106e-01
-7.250000000000000000e+01 -7.068062827225130462e+00 1.420009999999999883e-01
-7.250000000000000000e+01 -6.125654450261779793e+00 9.730000000000000151e-04
-7.250000000000000000e+01 -5.183246073298429124e+00 9.737000000000000863e-03
-7.250000000000000000e+01 -4.240837696335078455e+00 1.123389999999999944e-01
-7.250000000000000000e+01 -3.298429319371727786e+00 2.123999999999999846e-02
-7.250000000000000000e+01 -2.356020942408377117e+00 6.177599999999999758e-02
-7.250000000000000000e+01 -1.413612565445026226e+00 1.899500000000000147e-02
-7.250000000000000000e+01 -4.712041884816753901e-01 6.908000000000000078e-03
-7.250000000000000000e+01 4.712041884816753901e-01 6.908000000000000078e-03
-7.250000000000000000e+01 1.413612565445026226e+00 1.020399999999999953e-02
-7.125000000000000000e+01 -1.460732984293194114e+01 9.079900000000000471e-02
-7.125000000000000000e+01 -1.366492146596859136e+01 2.439500000000000002e-02
-7.125000000000000000e+01 -1.272251308900523981e+01 1.800539999999999918e-01
-7.125000000000000000e+01 -1.178010471204188825e+01 0.000000000000000000e+00
-7.125000000000000000e+01 -1.083769633507853669e+01 0.000000000000000000e+00
-7.125000000000000000e+01 -9.895287958115185134e+00 6.791000000000000161e-03
-7.125000000000000000e+01 -8.952879581151833577e+00 7.793999999999999539e-02
-7.125000000000000000e+01 -8.010471204188482020e+00 5.349969999999999448e-01
-7.125000000000000000e+01 -7.068062827225130462e+00 1.538199999999999984e-02
-7.125000000000000000e+01 -6.125654450261779793e+00 4.655000000000000283e-03
-7.125000000000000000e+01 -5.183246073298429124e+00 2.429999999999999977e-04
-7.125000000000000000e+01 -4.240837696335078455e+00 3.517800000000000094e-02
-7.125000000000000000e+01 -3.298429319371727786e+00 3.190000000000000019e-04
-7.125000000000000000e+01 -2.356020942408377117e+00 4.296300000000000119e-02
-7.125000000000000000e+01 -1.413612565445026226e+00 3.592000000000000141e-03
-7.125000000000000000e+01 -4.712041884816753901e-01 0.000000000000000000e+00
-7.125000000000000000e+01 4.712041884816753901e-01 0.000000000000000000e+00
-7.125000000000000000e+01 1.413612565445026226e+00 1.025790000000000035e-01
-7.000000000000000000e+01 -1.366492146596859136e+01 8.580000000000000820e-03
-7.000000000000000000e+01 -1.272251308900523981e+01 3.578549999999999787e-01
-7.000000000000000000e+01 -1.178010471204188825e+01 3.883999999999999952e-02
-7.000000000000000000e+01 -1.083769633507853669e+01 3.275649999999999951e-01
-7.000000000000000000e+01 -9.895287958115185134e+00 2.674599999999999894e-02
-7.000000000000000000e+01 -8.952879581151833577e+00 2.206680000000000030e-01
-7.000000000000000000e+01 -8.010471204188482020e+00 3.295009999999999883e-01
-7.000000000000000000e+01 -7.068062827225130462e+00 3.931400000000000172e-02
-7.000000000000000000e+01 -6.125654450261779793e+00 1.861000000000000024e-03
-7.000000000000000000e+01 -5.183246073298429124e+00 8.040000000000000271e-04
-7.000000000000000000e+01 -4.240837696335078455e+00 1.258259999999999934e-01
-7.000000000000000000e+01 -3.298429319371727786e+00 7.037200000000000399e-02
-7.000000000000000000e+01 -2.356020942408377117e+00 2.424799999999999872e-02
-7.000000000000000000e+01 -1.413612565445026226e+00 3.570500000000000063e-02
-7.000000000000000000e+01 -4.712041884816753901e-01 1.220300000000000031e-02
-7.000000000000000000e+01 4.712041884816753901e-01 1.220300000000000031e-02
-7.000000000000000000e+01 1.413612565445026226e+00 7.714999999999999636e-03
-6.875000000000000000e+01 -1.554973821989529448e+01 6.769999999999999759e-04
-6.875000000000000000e+01 -1.460732984293194114e+01 3.556399999999999839e-02
-6.875000000000000000e+01 -1.366492146596859136e+01 1.119900000000000062e-02
-6.875000000000000000e+01 -1.272251308900523981e+01 1.255850000000000022e-01
-6.875000000000000000e+01 -1.178010471204188825e+01 3.550989999999999980e-01
-6.875000000000000000e+01 -1.083769633507853669e+01 6.028860000000000330e-01
-6.875000000000000000e+01 -9.895287958115185134e+00 1.089009999999999978e-01
-6.875000000000000000e+01 -8.952879581151833577e+00 4.488710000000000200e-01
-6.875000000000000000e+01 -8.010471204188482020e+00 8.248999999999999388e-03
-6.875000000000000000e+01 -7.068062827225130462e+00 2.047999999999999907e-03
-6.875000000000000000e+01 -6.125654450261779793e+00 1.129999999999999928e-03
-6.875000000000000000e+01 -5.183246073298429124e+00 4.840000000000000010e-04
-6.875000000000000000e+01 -4.240837696335078455e+00 4.423999999999999981e-03
-6.875000000000000000e+01 -3.298429319371727786e+00 7.030999999999999923e-03
-6.875000000000000000e+01 -2.356020942408377117e+00 5.571000000000000431e-03
-6.875000000000000000e+01 -1.413612565445026226e+00 1.055900000000000068e-02
-6.875000000000000000e+01 -4.712041884816753901e-01 1.129100000000000069e-02
-6.875000000000000000e+01 4.712041884816753901e-01 1.129100000000000069e-02
-6.875000000000000000e+01 1.413612565445026226e+00 1.550600000000000069e-02
-6.875000000000000000e+01 2.356020942408377117e+00 6.131000000000000165e-03
-6.750000000000000000e+01 -1.649214659685864603e+01 2.810849999999999738e-01
-6.750000000000000000e+01 -1.554973821989529448e+01 2.810849999999999738e-01
-6.750000000000000000e+01 -1.460732984293194114e+01 1.468309999999999893e-01
-6.750000000000000000e+01 -1.366492146596859136e+01 1.134280000000000010e-01
-6.750000000000000000e+01 -1.272251308900523981e+01 1.495299999999999928e-02
-6.750000000000000000e+01 -1.178010471204188825e+01 1.914300000000000029e-02
-6.750000000000000000e+01 -1.083769633507853669e+01 3.902559999999999918e-01
-6.750000000000000000e+01 -9.895287958115185134e+00 8.061899999999999622e-01
-6.750000000000000000e+01 -8.952879581151833577e+00 2.251400000000000068e-01
-6.750000000000000000e+01 -8.010471204188482020e+00 1.358000000000000049e-03
-6.750000000000000000e+01 -7.068062827225130462e+00 8.919999999999999978e-04
-6.750000000000000000e+01 -6.125654450261779793e+00 5.379000000000000101e-03
-6.750000000000000000e+01 -5.183246073298429124e+00 1.128000000000000096e-03
-6.750000000000000000e+01 -4.240837696335078455e+00 8.059999999999999673e-04
-6.750000000000000000e+01 -3.298429319371727786e+00 1.562799999999999953e-02
-6.750000000000000000e+01 -2.356020942408377117e+00 3.310000000000000225e-04
-6.750000000000000000e+01 -1.413612565445026226e+00 8.000000000000000654e-05
-6.750000000000000000e+01 -4.712041884816753901e-01 8.989999999999999511e-04
-6.750000000000000000e+01 4.712041884816753901e-01 8.989999999999999511e-04
-6.750000000000000000e+01 1.413612565445026226e+00 6.081999999999999733e-03
-6.750000000000000000e+01 2.356020942408377117e+00 7.219999999999999855e-04
-6.625000000000000000e+01 -1.837696335078534560e+01 8.382100000000000661e-02
-6.625000000000000000e+01 -1.743455497382199582e+01 2.549379999999999979e-01
-6.625000000000000000e+01 -1.649214659685864603e+01 1.786999999999999960e-03
-6.625000000000000000e+01 -1.554973821989529448e+01 1.786999999999999960e-03
-6.625000000000000000e+01 -1.460732984293194114e+01 1.435900000000000024e-02
-6.625000000000000000e+01 -1.366492146596859136e+01 1.134000000000000025e-03
-6.625000000000000000e+01 -1.272251308900523981e+01 0.000000000000000000e+00
-6.625000000000000000e+01 -1.178010471204188825e+01 1.293099999999999979e-02
-6.625000000000000000e+01 -1.083769633507853669e+01 1.788240000000000107e-01
-6.625000000000000000e+01 -9.895287958115185134e+00 2.406389999999999918e-01
-6.625000000000000000e+01 -8.952879581151833577e+00 1.817229999999999956e-01
-6.625000000000000000e+01 -8.010471204188482020e+00 2.295000000000000165e-03
-6.625000000000000000e+01 -7.068062827225130462e+00 8.109999999999999805e-04
-6.625000000000000000e+01 -6.125654450261779793e+00 1.610000000000000103e-04
-6.625000000000000000e+01 -5.183246073298429124e+00 3.260000000000000094e-04
-6.625000000000000000e+01 -4.240837696335078455e+00 3.536000000000000081e-03
-6.625000000000000000e+01 -3.298429319371727786e+00 1.680200000000000096e-02
-6.625000000000000000e+01 -2.356020942408377117e+00 6.369999999999999794e-03
-6.625000000000000000e+01 -1.413612565445026226e+00 0.000000000000000000e+00
-6.625000000000000000e+01 -4.712041884816753901e-01 2.425000000000000072e-03
-6.625000000000000000e+01 4.712041884816753901e-01 2.425000000000000072e-03
-6.625000000000000000e+01 1.413612565445026226e+00 9.436400000000000343e-02
-6.625000000000000000e+01 2.356020942408377117e+00 1.151179999999999981e-01
-6.500000000000000000e+01 -1.837696335078534560e+01 2.526099999999999873e-02
-6.500000000000000000e+01 -1.743455497382199582e+01 4.797469999999999790e-01
-6.500000000000000000e+01 -1.649214659685864603e+01 6.180499999999999883e-02
-6.500000000000000000e+01 -1.554973821989529448e+01 6.180499999999999883e-02
-6.500000000000000000e+01 -1.460732984293194114e+01 1.247200000000000045e-02
-6.500000000000000000e+01 -1.366492146596859136e+01 8.146999999999999728e-03
-6.500000000000000000e+01 -1.272251308900523981e+01 2.658000000000000206e-03
-6.500000000000000000e+01 -1.178010471204188825e+01 7.744000000000000015e-03
-6.500000000000000000e+01 -1.083769633507853669e+01 2.077370000000000050e-01
-6.500000000000000000e+01 -9.895287958115185134e+00 6.608699999999999575e-01
-6.500000000000000000e+01 -8.952879581151833577e+00 1.588789999999999925e-01
-6.500000000000000000e+01 -8.010471204188482020e+00 7.785000000000000253e-03
-6.500000000000000000e+01 -7.068062827225130462e+00 6.209200000000000136e-02
-6.500000000000000000e+01 -6.125654450261779793e+00 1.147999999999999932e-03
-6.500000000000000000e+01 -5.183246073298429124e+00 5.940000000000000141e-02
-6.500000000000000000e+01 -4.240837696335078455e+00 2.684500000000000081e-02
-6.500000000000000000e+01 -3.298429319371727786e+00 5.339399999999999702e-02
-6.500000000000000000e+01 -2.356020942408377117e+00 4.329999999999999648e-03
-6.500000000000000000e+01 -1.413612565445026226e+00 1.791999999999999973e-03
-6.500000000000000000e+01 -4.712041884816753901e-01 7.742999999999999883e-03
-6.500000000000000000e+01 4.712041884816753901e-01 7.742999999999999883e-03
-6.500000000000000000e+01 1.413612565445026226e+00 2.658999999999999905e-03
-6.375000000000000000e+01 -2.026178010471204516e+01 8.333329999999999904e-01
-6.375000000000000000e+01 -1.931937172774869538e+01 3.042300000000000004e-01
-6.375000000000000000e+01 -1.837696335078534560e+01 1.496860000000000135e-01
-6.375000000000000000e+01 -1.743455497382199582e+01 5.662260000000000071e-01
-6.375000000000000000e+01 -1.649214659685864603e+01 6.587800000000000600e-02
-6.375000000000000000e+01 -1.554973821989529448e+01 6.587800000000000600e-02
-6.375000000000000000e+01 -1.460732984293194114e+01 4.110400000000000165e-02
-6.375000000000000000e+01 -1.366492146596859136e+01 3.798999999999999860e-03
-6.375000000000000000e+01 -1.272251308900523981e+01 2.926000000000000215e-03
-6.375000000000000000e+01 -1.178010471204188825e+01 2.302520000000000122e-01
-6.375000000000000000e+01 -1.083769633507853669e+01 6.235799999999999677e-02
-6.375000000000000000e+01 -9.895287958115185134e+00 5.334839999999999582e-01
-6.375000000000000000e+01 -8.952879581151833577e+00 8.265350000000000197e-01
-6.375000000000000000e+01 -8.010471204188482020e+00 4.498090000000000144e-01
-6.375000000000000000e+01 -7.068062827225130462e+00 1.603749999999999898e-01
-6.375000000000000000e+01 -6.125654450261779793e+00 4.970999999999999724e-03
-6.375000000000000000e+01 -5.183246073298429124e+00 3.359700000000000186e-02
-6.375000000000000000e+01 -4.240837696335078455e+00 1.466580000000000106e-01
-6.375000000000000000e+01 -3.298429319371727786e+00 2.726200000000000151e-02
-6.375000000000000000e+01 -2.356020942408377117e+00 3.249999999999999851e-04
-6.375000000000000000e+01 -1.413612565445026226e+00 3.240000000000000150e-04
-6.375000000000000000e+01 -4.712041884816753901e-01 1.828999999999999897e-03
-6.375000000000000000e+01 4.712041884816753901e-01 1.828999999999999897e-03
-6.375000000000000000e+01 1.413612565445026226e+00 2.385599999999999873e-02
-6.375000000000000000e+01 3.298429319371727786e+00 2.462100000000000052e-02
-6.250000000000000000e+01 -1.931937172774869538e+01 4.043649999999999745e-01
-6.250000000000000000e+01 -1.837696335078534560e+01 7.254530000000000145e-01
-6.250000000000000000e+01 -1.743455497382199582e+01 8.271849999999999481e-01
-6.250000000000000000e+01 -1.649214659685864603e+01 1.125130000000000019e-01
-6.250000000000000000e+01 -1.554973821989529448e+01 1.125130000000000019e-01
-6.250000000000000000e+01 -1.460732984293194114e+01 7.910999999999999630e-03
-6.250000000000000000e+01 -1.366492146596859136e+01 2.263999999999999953e-03
-6.250000000000000000e+01 -1.272251308900523981e+01 1.157999999999999958e-03
-6.250000000000000000e+01 -1.178010471204188825e+01 3.397209999999999952e-01
-6.250000000000000000e+01 -1.083769633507853669e+01 3.390340000000000020e-01
-6.250000000000000000e+01 -9.895287958115185134e+00 9.755350000000000410e-01
-6.250000000000000000e+01 -8.952879581151833577e+00 4.303520000000000123e-01
-6.250000000000000000e+01 -8.010471204188482020e+00 2.774400000000000199e-01
-6.250000000000000000e+01 -7.068062827225130462e+00 5.214159999999999906e-01
-6.250000000000000000e+01 -6.125654450261779793e+00 1.704430000000000112e-01
-6.250000000000000000e+01 -5.183246073298429124e+00 2.396000000000000126e-03
-6.250000000000000000e+01 -4.240837696335078455e+00 1.463160000000000016e-01
-6.250000000000000000e+01 -3.298429319371727786e+00 2.104100000000000067e-02
-6.250000000000000000e+01 -2.356020942408377117e+00 1.056999999999999997e-03
-6.250000000000000000e+01 -1.413612565445026226e+00 5.881299999999999722e-02
-6.250000000000000000e+01 -4.712041884816753901e-01 6.509999999999999945e-04
-6.250000000000000000e+01 4.712041884816753901e-01 6.509999999999999945e-04
-6.250000000000000000e+01 1.413612565445026226e+00 1.435000000000000078e-03
-6.250000000000000000e+01 2.356020942408377117e+00 1.197100000000000074e-02
-6.250000000000000000e+01 3.298429319371727786e+00 0.000000000000000000e+00
-6.125000000000000000e+01 -1.837696335078534560e+01 2.044769999999999921e-01
-6.125000000000000000e+01 -1.743455497382199582e+01 3.568109999999999893e-01
-6.125000000000000000e+01 -1.649214659685864603e+01 3.215129999999999932e-01
-6.125000000000000000e+01 -1.554973821989529448e+01 3.215129999999999932e-01
-6.125000000000000000e+01 -1.460732984293194114e+01 7.387000000000000510e-02
-6.125000000000000000e+01 -1.366492146596859136e+01 3.887199999999999683e-02
-6.125000000000000000e+01 -1.272251308900523981e+01 6.153220000000000356e-01
-6.125000000000000000e+01 -1.178010471204188825e+01 7.725689999999999502e-01
-6.125000000000000000e+01 -1.083769633507853669e+01 4.174889999999999990e-01
-6.125000000000000000e+01 -9.895287958115185134e+00 2.392479999999999885e-01
-6.125000000000000000e+01 -8.952879581151833577e+00 1.120870000000000061e-01
-6.125000000000000000e+01 -8.010471204188482020e+00 2.137630000000000086e-01
-6.125000000000000000e+01 -7.068062827225130462e+00 7.491499999999999548e-02
-6.125000000000000000e+01 -6.125654450261779793e+00 8.596499999999999975e-02
-6.125000000000000000e+01 -5.183246073298429124e+00 1.606599999999999973e-01
-6.125000000000000000e+01 -4.240837696335078455e+00 4.879789999999999961e-01
-6.125000000000000000e+01 -3.298429319371727786e+00 4.462639999999999940e-01
-6.125000000000000000e+01 -2.356020942408377117e+00 8.510999999999999469e-03
-6.125000000000000000e+01 -1.413612565445026226e+00 3.036000000000000157e-02
-6.125000000000000000e+01 -4.712041884816753901e-01 2.347680000000000045e-01
-6.125000000000000000e+01 4.712041884816753901e-01 2.347680000000000045e-01
-6.125000000000000000e+01 1.413612565445026226e+00 2.443359999999999976e-01
-6.125000000000000000e+01 2.356020942408377117e+00 6.120079999999999965e-01
-6.125000000000000000e+01 3.298429319371727786e+00 2.566590000000000260e-01
-6.125000000000000000e+01 4.240837696335078455e+00 3.519599999999999812e-02
-6.000000000000000000e+01 -1.554973821989529448e+01 9.736100000000000310e-02
-6.000000000000000000e+01 -1.460732984293194114e+01 3.972410000000000108e-01
-6.000000000000000000e+01 -1.366492146596859136e+01 4.258330000000000171e-01
-6.000000000000000000e+01 -1.272251308900523981e+01 3.623620000000000174e-01
-6.000000000000000000e+01 -1.178010471204188825e+01 1.192899999999999933e-01
-6.000000000000000000e+01 -1.083769633507853669e+01 1.132999999999999893e-03
-6.000000000000000000e+01 -9.895287958115185134e+00 5.444700000000000234e-02
-6.000000000000000000e+01 -8.952879581151833577e+00 5.904000000000000394e-03
-6.000000000000000000e+01 -8.010471204188482020e+00 3.555699999999999833e-02
-6.000000000000000000e+01 -7.068062827225130462e+00 5.479549999999999699e-01
-6.000000000000000000e+01 -6.125654450261779793e+00 9.380900000000000349e-02
-6.000000000000000000e+01 -5.183246073298429124e+00 1.025230000000000030e-01
-6.000000000000000000e+01 -4.240837696335078455e+00 5.793169999999999709e-01
-6.000000000000000000e+01 -3.298429319371727786e+00 7.827129999999999921e-01
-6.000000000000000000e+01 -2.356020942408377117e+00 7.554910000000000236e-01
-6.000000000000000000e+01 -1.413612565445026226e+00 3.094990000000000241e-01
-6.000000000000000000e+01 -4.712041884816753901e-01 1.138649999999999940e-01
-6.000000000000000000e+01 4.712041884816753901e-01 1.138649999999999940e-01
-6.000000000000000000e+01 1.413612565445026226e+00 7.296270000000000255e-01
-6.000000000000000000e+01 2.356020942408377117e+00 1.638550000000000006e-01
-6.000000000000000000e+01 3.298429319371727786e+00 1.256790000000000129e-01
-6.000000000000000000e+01 4.240837696335078455e+00 1.604399999999999923e-02
-6.000000000000000000e+01 5.183246073298429124e+00 1.274999999999999918e-02
-5.875000000000000000e+01 -1.366492146596859136e+01 5.104999999999999816e-02
-5.875000000000000000e+01 -1.272251308900523981e+01 4.676999999999999734e-03
-5.875000000000000000e+01 -1.178010471204188825e+01 2.006989999999999885e-01
-5.875000000000000000e+01 -1.083769633507853669e+01 4.084699999999999998e-01
-5.875000000000000000e+01 -9.895287958115185134e+00 3.053219999999999823e-01
-5.875000000000000000e+01 -8.952879581151833577e+00 6.196600000000000025e-02
-5.875000000000000000e+01 -8.010471204188482020e+00 2.635000000000000189e-03
-5.875000000000000000e+01 -7.068062827225130462e+00 3.550559999999999827e-01
-5.875000000000000000e+01 -6.125654450261779793e+00 3.551499999999999796e-02
-5.875000000000000000e+01 -5.183246073298429124e+00 1.311000000000000099e-03
-5.875000000000000000e+01 -4.240837696335078455e+00 3.583439999999999959e-01
-5.875000000000000000e+01 -3.298429319371727786e+00 8.308130000000000237e-01
-5.875000000000000000e+01 -2.356020942408377117e+00 3.126990000000000047e-01
-5.875000000000000000e+01 -1.413612565445026226e+00 7.583000000000000330e-03
-5.875000000000000000e+01 -4.712041884816753901e-01 1.610000000000000103e-04
-5.875000000000000000e+01 4.712041884816753901e-01 1.610000000000000103e-04
-5.750000000000000000e+01 -1.366492146596859136e+01 5.404300000000000076e-02
-5.750000000000000000e+01 -1.272251308900523981e+01 6.454000000000000015e-02
-5.750000000000000000e+01 -1.178010471204188825e+01 5.105309999999999571e-01
-5.750000000000000000e+01 -1.083769633507853669e+01 3.865049999999999875e-01
-5.750000000000000000e+01 -9.895287958115185134e+00 5.291810000000000125e-01
-5.750000000000000000e+01 -8.952879581151833577e+00 2.579199999999999895e-02
-5.750000000000000000e+01 -8.010471204188482020e+00 2.475000000000000203e-03
-5.750000000000000000e+01 -7.068062827225130462e+00 1.837899999999999950e-02
-5.750000000000000000e+01 -6.125654450261779793e+00 3.126149999999999762e-01
-5.750000000000000000e+01 -5.183246073298429124e+00 2.374700000000000075e-02
-5.750000000000000000e+01 -4.240837696335078455e+00 1.794229999999999992e-01
-5.750000000000000000e+01 -3.298429319371727786e+00 5.073879999999999502e-01
-5.750000000000000000e+01 -2.356020942408377117e+00 1.036139999999999978e-01
-5.750000000000000000e+01 -1.413612565445026226e+00 1.342999999999999923e-02
-5.750000000000000000e+01 -4.712041884816753901e-01 4.658500000000000141e-02
-5.750000000000000000e+01 4.712041884816753901e-01 4.658500000000000141e-02
-5.750000000000000000e+01 1.413612565445026226e+00 1.489739999999999953e-01
-5.625000000000000000e+01 -1.366492146596859136e+01 3.657279999999999975e-01
-5.625000000000000000e+01 -1.272251308900523981e+01 3.450360000000000094e-01
-5.625000000000000000e+01 -1.178010471204188825e+01 7.493309999999999693e-01
-5.625000000000000000e+01 -1.083769633507853669e+01 5.164050000000000029e-01
-5.625000000000000000e+01 -9.895287958115185134e+00 8.098990000000000355e-01
-5.625000000000000000e+01 -8.952879581151833577e+00 4.363500000000000018e-02
-5.625000000000000000e+01 -8.010471204188482020e+00 1.108100000000000057e-02
-5.625000000000000000e+01 -7.068062827225130462e+00 1.478990000000000027e-01
-5.625000000000000000e+01 -6.125654450261779793e+00 3.511110000000000064e-01
-5.625000000000000000e+01 -5.183246073298429124e+00 4.678149999999999809e-01
-5.625000000000000000e+01 -4.240837696335078455e+00 4.738160000000000149e-01
-5.625000000000000000e+01 -3.298429319371727786e+00 1.086249999999999993e-01
-5.625000000000000000e+01 -2.356020942408377117e+00 4.527200000000000113e-01
-5.625000000000000000e+01 -1.413612565445026226e+00 3.507199999999999901e-02
-5.625000000000000000e+01 -4.712041884816753901e-01 1.118999999999999986e-03
-5.625000000000000000e+01 4.712041884816753901e-01 1.118999999999999986e-03
-5.625000000000000000e+01 1.413612565445026226e+00 0.000000000000000000e+00
-5.500000000000000000e+01 -1.460732984293194114e+01 1.837709999999999899e-01
-5.500000000000000000e+01 -1.366492146596859136e+01 4.329899999999999721e-02
-5.500000000000000000e+01 -1.272251308900523981e+01 4.581859999999999822e-01
-5.500000000000000000e+01 -1.178010471204188825e+01 7.647479999999999833e-01
-5.500000000000000000e+01 -1.083769633507853669e+01 8.386860000000000426e-01
-5.500000000000000000e+01 -9.895287958115185134e+00 7.652780000000000138e-01
-5.500000000000000000e+01 -8.952879581151833577e+00 9.521899999999999809e-02
-5.500000000000000000e+01 -8.010471204188482020e+00 3.301720000000000210e-01
-5.500000000000000000e+01 -7.068062827225130462e+00 3.292320000000000246e-01
-5.500000000000000000e+01 -6.125654450261779793e+00 8.017299999999999427e-02
-5.500000000000000000e+01 -5.183246073298429124e+00 3.644100000000000117e-02
-5.500000000000000000e+01 -4.240837696335078455e+00 5.652350000000000430e-01
-5.500000000000000000e+01 -3.298429319371727786e+00 5.793350000000000444e-01
-5.500000000000000000e+01 -2.356020942408377117e+00 6.284999999999999476e-01
-5.500000000000000000e+01 -1.413612565445026226e+00 3.611299999999999927e-02
-5.500000000000000000e+01 -4.712041884816753901e-01 2.420000000000000005e-04
-5.500000000000000000e+01 4.712041884816753901e-01 2.420000000000000005e-04
-5.500000000000000000e+01 1.413612565445026226e+00 2.420000000000000005e-04
-5.500000000000000000e+01 2.356020942408377117e+00 5.760000000000000146e-04
-5.375000000000000000e+01 -1.460732984293194114e+01 4.079999999999999968e-04
-5.375000000000000000e+01 -1.366492146596859136e+01 4.145000000000000073e-02
-5.375000000000000000e+01 -1.272251308900523981e+01 2.129389999999999894e-01
-5.375000000000000000e+01 -1.178010471204188825e+01 2.036239999999999994e-01
-5.375000000000000000e+01 -1.083769633507853669e+01 2.812500000000000000e-01
-5.375000000000000000e+01 -9.895287958115185134e+00 3.524930000000000008e-01
-5.375000000000000000e+01 -8.952879581151833577e+00 1.337400000000000047e-02
-5.375000000000000000e+01 -8.010471204188482020e+00 8.000000000000000654e-05
-5.375000000000000000e+01 -7.068062827225130462e+00 2.101000000000000003e-03
-5.375000000000000000e+01 -6.125654450261779793e+00 6.347000000000000211e-03
-5.375000000000000000e+01 -5.183246073298429124e+00 3.327999999999999795e-03
-5.375000000000000000e+01 -4.240837696335078455e+00 5.436199999999999921e-01
-5.375000000000000000e+01 -3.298429319371727786e+00 6.036249999999999671e-01
-5.375000000000000000e+01 -2.356020942408377117e+00 4.934680000000000177e-01
-5.375000000000000000e+01 -1.413612565445026226e+00 1.079920000000000047e-01
-5.375000000000000000e+01 -4.712041884816753901e-01 9.719999999999999907e-04
-5.375000000000000000e+01 4.712041884816753901e-01 9.719999999999999907e-04
-5.375000000000000000e+01 1.413612565445026226e+00 1.217999999999999899e-03
-5.375000000000000000e+01 2.356020942408377117e+00 1.054000000000000032e-03
-5.250000000000000000e+01 -1.366492146596859136e+01 1.288800000000000015e-02
-5.250000000000000000e+01 -1.272251308900523981e+01 2.157610000000000083e-01
-5.250000000000000000e+01 -1.178010471204188825e+01 1.357140000000000013e-01
-5.250000000000000000e+01 -1.083769633507853669e+01 3.077989999999999893e-01
-5.250000000000000000e+01 -9.895287958115185134e+00 9.938600000000000212e-02
-5.250000000000000000e+01 -8.952879581151833577e+00 5.699999999999999772e-04
-5.250000000000000000e+01 -8.010471204188482020e+00 1.825000000000000016e-03
-5.250000000000000000e+01 -7.068062827225130462e+00 1.878099999999999908e-02
-5.250000000000000000e+01 -6.125654450261779793e+00 4.149599999999999816e-02
-5.250000000000000000e+01 -5.183246073298429124e+00 1.755000000000000050e-03
-5.250000000000000000e+01 -4.240837696335078455e+00 1.597389999999999921e-01
-5.250000000000000000e+01 -3.298429319371727786e+00 4.003510000000000124e-01
-5.250000000000000000e+01 -2.356020942408377117e+00 4.551800000000000290e-02
-5.250000000000000000e+01 -1.413612565445026226e+00 5.060059999999999558e-01
-5.250000000000000000e+01 -4.712041884816753901e-01 7.263600000000000612e-02
-5.250000000000000000e+01 4.712041884816753901e-01 7.263600000000000612e-02
-5.125000000000000000e+01 -8.952879581151833577e+00 5.955679999999999863e-01
-5.125000000000000000e+01 -8.010471204188482020e+00 4.195169999999999733e-01
-5.125000000000000000e+01 -7.068062827225130462e+00 4.634480000000000266e-01
-5.125000000000000000e+01 -5.183246073298429124e+00 1.905290000000000039e-01
-5.125000000000000000e+01 -4.240837696335078455e+00 3.560030000000000139e-01
-5.125000000000000000e+01 -3.298429319371727786e+00 5.440120000000000511e-01
-5.125000000000000000e+01 -2.356020942408377117e+00 1.452130000000000087e-01
-5.000000000000000000e+01 -3.298429319371727786e+00 6.832930000000000392e-01
