-7.875000000000000000e+01 -6.125654450261779793e+00 4.928930000000000256e-01
-7.875000000000000000e+01 -5.183246073298429124e+00 1.753820000000000101e-01
-7.875000000000000000e+01 -4.240837696335078455e+00 2.074499999999999955e-01
-7.875000000000000000e+01 -3.298429319371727786e+00 3.270259999999999834e-01
-7.875000000000000000e+01 -2.356020942408377117e+00 0.000000000000000000e+00
-7.875000000000000000e+01 -1.413612565445026226e+00 0.000000000000000000e+00
-7.750000000000000000e+01 -8.952879581151833577e+00 1.897490000000000010e-01
-7.750000000000000000e+01 -8.010471204188482020e+00 1.435049999999999937e-01
-7.750000000000000000e+01 -7.068062827225130462e+00 2.810590000000000033e-01
-7.750000000000000000e+01 -6.125654450261779793e+00 4.474839999999999929e-01
-7.750000000000000000e+01 -5.183246073298429124e+00 7.567500000000000615e-02
-7.750000000000000000e+01 -4.240837696335078455e+00 2.850799999999999862e-02
-7.750000000000000000e+01 -3.298429319371727786e+00 1.693389999999999895e-01
-7.750000000000000000e+01 -2.356020942408377117e+00 1.193010000000000043e-01
-7.750000000000000000e+01 -1.413612565445026226e+00 2.271849999999999981e-01
-7.750000000000000000e+01 -4.712041884816753901e-01 1.844790000000000041e-01
-7.750000000000000000e+01 4.712041884816753901e-01 1.844790000000000041e-01
-7.625000000000000000e+01 -1.083769633507853669e+01 5.818899999999999767e-02
-7.625000000000000000e+01 -9.895287958115185134e+00 1.232700000000000046e-01
-7.625000000000000000e+01 -8.952879581151833577e+00 2.927679999999999727e-01
-7.625000000000000000e+01 -8.010471204188482020e+00 8.227700000000000291e-02
-7.625000000000000000e+01 -7.068062827225130462e+00 1.801989999999999981e-01
-7.625000000000000000e+01 -6.125654450261779793e+00 2.009779999999999900e-01
-7.625000000000000000e+01 -5.183246073298429124e+00 4.002700000000000008e-02
-7.625000000000000000e+01 -4.240837696335078455e+00 1.472000000000000001e-03
-7.625000000000000000e+01 -3.298429319371727786e+00 3.983000000000000429e-03
-7.625000000000000000e+01 -2.356020942408377117e+00 2.553000000000000148e-03
-7.625000000000000000e+01 -1.413612565445026226e+00 2.611000000000000040e-03
-7.625000000000000000e+01 -4.712041884816753901e-01 2.864299999999999832e-02
-7.625000000000000000e+01 4.712041884816753901e-01 2.864299999999999832e-02
-7.625000000000000000e+01 1.413612565445026226e+00 5.072179999999999467e-01
-7.500000000000000000e+01 -1.366492146596859136e+01 7.814200000000000312e-02
-7.500000000000000000e+01 -1.272251308900523981e+01 1.417779999999999874e-01
-7.500000000000000000e+01 -1.178010471204188825e+01 1.237540000000000029e-01
-7.500000000000000000e+01 -1.083769633507853669e+01 2.864289999999999892e-01
-7.500000000000000000e+01 -9.895287958115185134e+00 1.301549999999999929e-01
-7.500000000000000000e+01 -8.952879581151833577e+00 3.113009999999999944e-01
-7.500000000000000000e+01 -8.010471204188482020e+00 1.779820000000000013e-01
-7.500000000000000000e+01 -7.068062827225130462e+00 3.468899999999999761e-02
-7.500000000000000000e+01 -6.125654450261779793e+00 6.070300000000000001e-02
-7.500000000000000000e+01 -5.183246073298429124e+00 4.566900000000000126e-02
-7.500000000000000000e+01 -4.240837696335078455e+00 2.003299999999999872e-02
-7.500000000000000000e+01 -3.298429319371727786e+00 2.305999999999999890e-03
-7.500000000000000000e+01 -2.356020942408377117e+00 6.376999999999999856e-03
-7.500000000000000000e+01 -1.413612565445026226e+00 5.597000000000000412e-03
-7.500000000000000000e+01 -4.712041884816753901e-01 2.222800000000000123e-02
-7.500000000000000000e+01 4.712041884816753901e-01 2.222800000000000123e-02
-7.500000000000000000e+01 1.413612565445026226e+00 4.013329999999999953e-01
-7.500000000000000000e+01 2.356020942408377117e+00 6.698509999999999742e-01
-7.375000000000000000e+01 -1.460732984293194114e+01 0.000000000000000000e+00
-7.375000000000000000e+01 -1.366492146596859136e+01 1.302490000000000037e-01
-7.375000000000000000e+01 -1.272251308900523981e+01 8.108300000000000229e-02
-7.375000000000000000e+01 -1.178010471204188825e+01 9.292000000000000259e-02
-7.375000000000000000e+01 -1.083769633507853669e+01 7.596899999999999487e-02
-7.375000000000000000e+01 -9.895287958115185134e+00 5.654499999999999804e-02
-7.375000000000000000e+01 -8.952879581151833577e+00 7.188300000000000245e-02
-7.375000000000000000e+01 -8.010471204188482020e+00 5.134600000000000275e-02
-7.375000000000000000e+01 -7.068062827225130462e+00 9.365999999999999326e-03
-7.375000000000000000e+01 -6.125654450261779793e+00 2.464699999999999877e-02
-7.375000000000000000e+01 -5.183246073298429124e+00 7.177999999999999658e-02
-7.375000000000000000e+01 -4.240837696335078455e+00 2.272499999999999867e-02
-7.375000000000000000e+01 -3.298429319371727786e+00 7.262000000000000226e-03
-7.375000000000000000e+01 -2.356020942408377117e+00 5.409999999999999878e-03
-7.375000000000000000e+01 -1.413612565445026226e+00 3.099700000000000025e-02
-7.375000000000000000e+01 -4.712041884816753901e-01 2.467000000000000009e-03
-7.375000000000000000e+01 4.712041884816753901e-01 2.467000000000000009e-03
-7.375000000000000000e+01 1.413612565445026226e+00 3.635300000000000337e-02
-7.250000000000000000e+01 -1.460732984293194114e+01 5.432000000000000196e-03
-7.250000000000000000e+01 -1.366492146596859136e+01 1.374849999999999961e-01
-7.250000000000000000e+01 -1.272251308900523981e+01 1.628469999999999918e-01
-7.250000000000000000e+01 -1.178010471204188825e+01 4.293199999999999794e-02
-7.250000000000000000e+01 -1.083769633507853669e+01 6.879999999999999831e-03
-7.250000000000000000e+01 -9.895287958115185134e+00 0.000000000000000000e+00
-7.250000000000000000e+01 -8.952879581151833577e+00 9.388999999999999777e-03
-7.250000000000000000e+01 -8.010471204188482020e+00 1.952369999999999939e-01
-7.250000000000000000e+01 -7.068062827225130462e+00 5.200500000000000261e-02
-7.250000000000000000e+01 -6.125654450261779793e+00 9.730000000000000151e-04
-7.250000000000000000e+01 -5.183246073298429124e+00 9.737000000000000863e-03
-7.250000000000000000e+01 -4.240837696335078455e+00 1.123389999999999944e-01
-7.250000000000000000e+01 -3.298429319371727786e+00 2.123999999999999846e-02
-7.250000000000000000e+01 -2.356020942408377117e+00 1.703599999999999906e-02
-7.250000000000000000e+01 -1.413612565445026226e+00 4.357999999999999895e-03
-7.250000000000000000e+01 -4.712041884816753901e-01 6.908000000000000078e-03
-7.250000000000000000e+01 4.712041884816753901e-01 6.908000000000000078e-03
-7.250000000000000000e+01 1.413612565445026226e+00 1.020399999999999953e-02
-7.125000000000000000e+01 -1.460732984293194114e+01 9.079900000000000471e-02
-7.125000000000000000e+01 -1.366492146596859136e+01 2.439500000000000002e-02
-7.125000000000000000e+01 -1.272251308900523981e+01 5.305800000000000100e-02
-7.125000000000000000e+01 -1.178010471204188825e+01 0.000000000000000000e+00
-7.125000000000000000e+01 -1.083769633507853669e+01 0.000000000000000000e+00
-7.125000000000000000e+01 -9.895287958115185134e+00 6.791000000000000161e-03
-7.125000000000000000e+01 -8.952879581151833577e+00 2.733199999999999866e-02
-7.125000000000000000e+01 -8.010471204188482020e+00 1.536190000000000055e-01
-7.125000000000000000e+01 -7.068062827225130462e+00 3.642999999999999971e-03
-7.125000000000000000e+01 -6.125654450261779793e+00 4.655000000000000283e-03
-7.125000000000000000e+01 -5.183246073298429124e+00 2.429999999999999977e-04
-7.125000000000000000e+01 -4.240837696335078455e+00 1.890299999999999966e-02
-7.125000000000000000e+01 -3.298429319371727786e+00 1.589999999999999888e-04
-7.125000000000000000e+01 -2.356020942408377117e+00 1.764299999999999896e-02
-7.125000000000000000e+01 -1.413612565445026226e+00 3.592000000000000141e-03
-7.125000000000000000e+01 -4.712041884816753901e-01 0.000000000000000000e+00
-7.125000000000000000e+01 4.712041884816753901e-01 0.000000000000000000e+00
-7.125000000000000000e+01 1.413612565445026226e+00 3.060200000000000073e-02
-7.000000000000000000e+01 -1.366492146596859136e+01 8.580000000000000820e-03
-7.000000000000000000e+01 -1.272251308900523981e+01 1.008799999999999975e-01
-7.000000000000000000e+01 -1.178010471204188825e+01 0.000000000000000000e+00
-7.000000000000000000e+01 -1.083769633507853669e+01 1.242349999999999982e-01
-7.000000000000000000e+01 -9.895287958115185134e+00 3.200000000000000262e-04
-7.000000000000000000e+01 -8.952879581151833577e+00 2.463600000000000165e-02
-7.000000000000000000e+01 -8.010471204188482020e+00 1.026579999999999993e-01
-7.000000000000000000e+01 -7.068062827225130462e+00 2.868199999999999916e-02
-7.000000000000000000e+01 -6.125654450261779793e+00 1.861000000000000024e-03
-7.000000000000000000e+01 -5.183246073298429124e+00 8.040000000000000271e-04
-7.000000000000000000e+01 -4.240837696335078455e+00 7.591299999999999437e-02
-7.000000000000000000e+01 -3.298429319371727786e+00 2.337600000000000094e-02
-7.000000000000000000e+01 -2.356020942408377117e+00 7.041999999999999649e-03
-7.000000000000000000e+01 -1.413612565445026226e+00 1.536200000000000065e-02
-7.000000000000000000e+01 -4.712041884816753901e-01 1.220300000000000031e-02
-7.000000000000000000e+01 4.712041884816753901e-01 1.220300000000000031e-02
-7.000000000000000000e+01 1.413612565445026226e+00 4.872999999999999728e-03
-6.875000000000000000e+01 -1.554973821989529448e+01 6.769999999999999759e-04
-6.875000000000000000e+01 -1.460732984293194114e+01 2.383700000000000055e-02
-6.875000000000000000e+01 -1.366492146596859136e+01 3.651999999999999864e-03
-6.875000000000000000e+01 -1.272251308900523981e+01 8.041099999999999637e-02
-6.875000000000000000e+01 -1.178010471204188825e+01 1.549220000000000041e-01
-6.875000000000000000e+01 -1.083769633507853669e+01 3.789150000000000018e-01
-6.875000000000000000e+01 -9.895287958115185134e+00 2.756899999999999976e-02
-6.875000000000000000e+01 -8.952879581151833577e+00 1.248360000000000025e-01
-6.875000000000000000e+01 -8.010471204188482020e+00 3.200000000000000262e-04
-6.875000000000000000e+01 -7.068062827225130462e+00 2.047999999999999907e-03
-6.875000000000000000e+01 -6.125654450261779793e+00 1.129999999999999928e-03
-6.875000000000000000e+01 -5.183246073298429124e+00 4.840000000000000010e-04
-6.875000000000000000e+01 -4.240837696335078455e+00 4.423999999999999981e-03
-6.875000000000000000e+01 -3.298429319371727786e+00 7.030999999999999923e-03
-6.875000000000000000e+01 -2.356020942408377117e+00 2.785999999999999848e-03
-6.875000000000000000e+01 -1.413612565445026226e+00 2.660000000000000038e-03
-6.875000000000000000e+01 -4.712041884816753901e-01 1.129100000000000069e-02
-6.875000000000000000e+01 4.712041884816753901e-01 1.129100000000000069e-02
-6.875000000000000000e+01 1.413612565445026226e+00 1.289500000000000021e-02
-6.875000000000000000e+01 2.356020942408377117e+00 6.131000000000000165e-03
-6.750000000000000000e+01 -1.649214659685864603e+01 1.822010000000000018e-01
-6.750000000000000000e+01 -1.554973821989529448e+01 1.822010000000000018e-01
-6.750000000000000000e+01 -1.460732984293194114e+01 5.356600000000000250e-02
-6.750000000000000000e+01 -1.366492146596859136e+01 4.770800000000000041e-02
-6.750000000000000000e+01 -1.272251308900523981e+01 5.739000000000000178e-03
-6.750000000000000000e+01 -1.178010471204188825e+01 1.366200000000000053e-02
-6.750000000000000000e+01 -1.083769633507853669e+01 2.110910000000000009e-01
-6.750000000000000000e+01 -9.895287958115185134e+00 6.240759999999999641e-01
-6.750000000000000000e+01 -8.952879581151833577e+00 8.049399999999999611e-02
-6.750000000000000000e+01 -8.010471204188482020e+00 9.590000000000000000e-04
-6.750000000000000000e+01 -7.068062827225130462e+00 8.919999999999999978e-04
-6.750000000000000000e+01 -6.125654450261779793e+00 5.134999999999999808e-03
-6.750000000000000000e+01 -5.183246073298429124e+00 1.128000000000000096e-03
-6.750000000000000000e+01 -4.240837696335078455e+00 8.059999999999999673e-04
-6.750000000000000000e+01 -3.298429319371727786e+00 1.389100000000000057e-02
-6.750000000000000000e+01 -2.356020942408377117e+00 3.310000000000000225e-04
-6.750000000000000000e+01 -1.413612565445026226e+00 8.000000000000000654e-05
-6.750000000000000000e+01 -4.712041884816753901e-01 8.989999999999999511e-04
-6.750000000000000000e+01 4.712041884816753901e-01 8.989999999999999511e-04
-6.750000000000000000e+01 1.413612565445026226e+00 6.081999999999999733e-03
-6.750000000000000000e+01 2.356020942408377117e+00 7.219999999999999855e-04
-6.625000000000000000e+01 -1.837696335078534560e+01 8.382100000000000661e-02
-6.625000000000000000e+01 -1.743455497382199582e+01 1.532550000000000023e-01
-6.625000000000000000e+01 -1.649214659685864603e+01 1.786999999999999960e-03
-6.625000000000000000e+01 -1.554973821989529448e+01 1.786999999999999960e-03
-6.625000000000000000e+01 -1.460732984293194114e+01 6.490000000000000109e-03
-6.625000000000000000e+01 -1.366492146596859136e+01 1.134000000000000025e-03
-6.625000000000000000e+01 -1.272251308900523981e+01 0.000000000000000000e+00
-6.625000000000000000e+01 -1.178010471204188825e+01 5.656999999999999702e-03
-6.625000000000000000e+01 -1.083769633507853669e+01 8.009199999999999653e-02
-6.625000000000000000e+01 -9.895287958115185134e+00 1.467009999999999981e-01
-6.625000000000000000e+01 -8.952879581151833577e+00 3.226799999999999807e-02
-6.625000000000000000e+01 -8.010471204188482020e+00 2.295000000000000165e-03
-6.625000000000000000e+01 -7.068062827225130462e+00 8.109999999999999805e-04
-6.625000000000000000e+01 -6.125654450261779793e+00 1.610000000000000103e-04
-6.625000000000000000e+01 -5.183246073298429124e+00 3.260000000000000094e-04
-6.625000000000000000e+01 -4.240837696335078455e+00 3.536000000000000081e-03
-6.625000000000000000e+01 -3.298429319371727786e+00 1.376199999999999993e-02
-6.625000000000000000e+01 -2.356020942408377117e+00 6.198000000000000384e-03
-6.625000000000000000e+01 -1.413612565445026226e+00 0.000000000000000000e+00
-6.625000000000000000e+01 -4.712041884816753901e-01 2.425000000000000072e-03
-6.625000000000000000e+01 4.712041884816753901e-01 2.425000000000000072e-03
-6.625000000000000000e+01 1.413612565445026226e+00 7.964699999999999558e-02
-6.625000000000000000e+01 2.356020942408377117e+00 7.669099999999999528e-02
-6.500000000000000000e+01 -1.837696335078534560e+01 2.297899999999999943e-02
-6.500000000000000000e+01 -1.743455497382199582e+01 3.215500000000000025e-01
-6.500000000000000000e+01 -1.649214659685864603e+01 1.393400000000000021e-02
-6.500000000000000000e+01 -1.554973821989529448e+01 1.393400000000000021e-02
-6.500000000000000000e+01 -1.460732984293194114e+01 5.943000000000000366e-03
-6.500000000000000000e+01 -1.366492146596859136e+01 3.139999999999999996e-03
-6.500000000000000000e+01 -1.272251308900523981e+01 1.660999999999999933e-03
-6.500000000000000000e+01 -1.178010471204188825e+01 7.238999999999999775e-03
-6.500000000000000000e+01 -1.083769633507853669e+01 1.522459999999999924e-01
-6.500000000000000000e+01 -9.895287958115185134e+00 3.467489999999999739e-01
-6.500000000000000000e+01 -8.952879581151833577e+00 6.501800000000000634e-02
-6.500000000000000000e+01 -8.010471204188482020e+00 2.351999999999999924e-03
-6.500000000000000000e+01 -7.068062827225130462e+00 2.364600000000000035e-02
-6.500000000000000000e+01 -6.125654450261779793e+00 1.147999999999999932e-03
-6.500000000000000000e+01 -5.183246073298429124e+00 1.630000000000000047e-04
-6.500000000000000000e+01 -4.240837696335078455e+00 4.858000000000000339e-03
-6.500000000000000000e+01 -3.298429319371727786e+00 1.290999999999999960e-02
-6.500000000000000000e+01 -2.356020942408377117e+00 4.329999999999999648e-03
-6.500000000000000000e+01 -1.413612565445026226e+00 1.791999999999999973e-03
-6.500000000000000000e+01 -4.712041884816753901e-01 7.742999999999999883e-03
-6.500000000000000000e+01 4.712041884816753901e-01 7.742999999999999883e-03
-6.500000000000000000e+01 1.413612565445026226e+00 2.658999999999999905e-03
-6.375000000000000000e+01 -2.026178010471204516e+01 5.000000000000000000e-01
-6.375000000000000000e+01 -1.931937172774869538e+01 1.227280000000000038e-01
-6.375000000000000000e+01 -1.837696335078534560e+01 1.142669999999999936e-01
-6.375000000000000000e+01 -1.743455497382199582e+01 4.568949999999999956e-01
-6.375000000000000000e+01 -1.649214659685864603e+01 5.345799999999999857e-02
-6.375000000000000000e+01 -1.554973821989529448e+01 5.345799999999999857e-02
-6.375000000000000000e+01 -1.460732984293194114e+01 2.438200000000000089e-02
-6.375000000000000000e+01 -1.366492146596859136e+01 2.972999999999999948e-03
-6.375000000000000000e+01 -1.272251308900523981e+01 1.505000000000000044e-03
-6.375000000000000000e+01 -1.178010471204188825e+01 2.248439999999999883e-01
-6.375000000000000000e+01 -1.083769633507853669e+01 4.397500000000000020e-02
-6.375000000000000000e+01 -9.895287958115185134e+00 3.609669999999999823e-01
-6.375000000000000000e+01 -8.952879581151833577e+00 5.883530000000000149e-01
-6.375000000000000000e+01 -8.010471204188482020e+00 1.226079999999999948e-01
-6.375000000000000000e+01 -7.068062827225130462e+00 1.543899999999999960e-02
-6.375000000000000000e+01 -6.125654450261779793e+00 4.970999999999999724e-03
-6.375000000000000000e+01 -5.183246073298429124e+00 2.282999999999999873e-03
-6.375000000000000000e+01 -4.240837696335078455e+00 3.407400000000000012e-02
-6.375000000000000000e+01 -3.298429319371727786e+00 1.724000000000000055e-03
-6.375000000000000000e+01 -2.356020942408377117e+00 3.249999999999999851e-04
-6.375000000000000000e+01 -1.413612565445026226e+00 3.240000000000000150e-04
-6.375000000000000000e+01 -4.712041884816753901e-01 1.828999999999999897e-03
-6.375000000000000000e+01 4.712041884816753901e-01 1.828999999999999897e-03
-6.375000000000000000e+01 1.413612565445026226e+00 0.000000000000000000e+00
-6.375000000000000000e+01 3.298429319371727786e+00 1.174399999999999923e-02
-6.250000000000000000e+01 -1.931937172774869538e+01 3.320210000000000106e-01
-6.250000000000000000e+01 -1.837696335078534560e+01 6.812610000000000054e-01
-6.250000000000000000e+01 -1.743455497382199582e+01 7.255920000000000147e-01
-6.250000000000000000e+01 -1.649214659685864603e+01 7.145799999999999375e-02
-6.250000000000000000e+01 -1.554973821989529448e+01 7.145799999999999375e-02
-6.250000000000000000e+01 -1.460732984293194114e+01 7.910999999999999630e-03
-6.250000000000000000e+01 -1.366492146596859136e+01 2.263999999999999953e-03
-6.250000000000000000e+01 -1.272251308900523981e+01 1.157999999999999958e-03
-6.250000000000000000e+01 -1.178010471204188825e+01 3.360170000000000101e-01
-6.250000000000000000e+01 -1.083769633507853669e+01 3.344360000000000110e-01
-6.250000000000000000e+01 -9.895287958115185134e+00 8.878479999999999706e-01
-6.250000000000000000e+01 -8.952879581151833577e+00 3.043589999999999907e-01
-6.250000000000000000e+01 -8.010471204188482020e+00 1.007740000000000025e-01
-6.250000000000000000e+01 -7.068062827225130462e+00 1.026129999999999959e-01
-6.250000000000000000e+01 -6.125654450261779793e+00 1.108600000000000037e-02
-6.250000000000000000e+01 -5.183246073298429124e+00 2.396000000000000126e-03
-6.250000000000000000e+01 -4.240837696335078455e+00 3.822300000000000003e-02
-6.250000000000000000e+01 -3.298429319371727786e+00 5.784000000000000079e-03
-6.250000000000000000e+01 -2.356020942408377117e+00 1.056999999999999997e-03
-6.250000000000000000e+01 -1.413612565445026226e+00 3.086000000000000201e-03
-6.250000000000000000e+01 -4.712041884816753901e-01 6.509999999999999945e-04
-6.250000000000000000e+01 4.712041884816753901e-01 6.509999999999999945e-04
-6.250000000000000000e+01 1.413612565445026226e+00 1.435000000000000078e-03
-6.250000000000000000e+01 2.356020942408377117e+00 2.345999999999999995e-03
-6.250000000000000000e+01 3.298429319371727786e+00 0.000000000000000000e+00
-6.125000000000000000e+01 -1.837696335078534560e+01 1.591750000000000109e-01
-6.125000000000000000e+01 -1.743455497382199582e+01 9.417599999999999583e-02
-6.125000000000000000e+01 -1.649214659685864603e+01 1.248879999999999990e-01
-6.125000000000000000e+01 -1.554973821989529448e+01 1.248879999999999990e-01
-6.125000000000000000e+01 -1.460732984293194114e+01 2.211199999999999971e-02
-6.125000000000000000e+01 -1.366492146596859136e+01 3.658999999999999753e-02
-6.125000000000000000e+01 -1.272251308900523981e+01 5.970389999999999864e-01
-6.125000000000000000e+01 -1.178010471204188825e+01 7.031389999999999585e-01
-6.125000000000000000e+01 -1.083769633507853669e+01 3.982350000000000056e-01
-6.125000000000000000e+01 -9.895287958115185134e+00 1.998360000000000136e-01
-6.125000000000000000e+01 -8.952879581151833577e+00 2.824799999999999880e-02
-6.125000000000000000e+01 -8.010471204188482020e+00 3.006199999999999845e-02
-6.125000000000000000e+01 -7.068062827225130462e+00 3.867000000000000211e-03
-6.125000000000000000e+01 -6.125654450261779793e+00 3.677199999999999913e-02
-6.125000000000000000e+01 -5.183246073298429124e+00 1.690699999999999842e-02
-6.125000000000000000e+01 -4.240837696335078455e+00 6.943499999999999672e-02
-6.125000000000000000e+01 -3.298429319371727786e+00 9.309900000000000120e-02
-6.125000000000000000e+01 -2.356020942408377117e+00 1.476000000000000098e-03
-6.125000000000000000e+01 -1.413612565445026226e+00 1.469000000000000037e-03
-6.125000000000000000e+01 -4.712041884816753901e-01 7.785699999999999565e-02
-6.125000000000000000e+01 4.712041884816753901e-01 7.785699999999999565e-02
-6.125000000000000000e+01 1.413612565445026226e+00 7.301100000000000645e-02
-6.125000000000000000e+01 2.356020942408377117e+00 3.865179999999999727e-01
-6.125000000000000000e+01 3.298429319371727786e+00 1.862959999999999894e-01
-6.125000000000000000e+01 4.240837696335078455e+00 1.474699999999999969e-02
-6.000000000000000000e+01 -1.554973821989529448e+01 8.589600000000000013e-02
-6.000000000000000000e+01 -1.460732984293194114e+01 3.655729999999999813e-01
-6.000000000000000000e+01 -1.366492146596859136e+01 3.751419999999999755e-01
-6.000000000000000000e+01 -1.272251308900523981e+01 3.245469999999999744e-01
-6.000000000000000000e+01 -1.178010471204188825e+01 9.475400000000000489e-02
-6.000000000000000000e+01 -1.083769633507853669e+01 1.132999999999999893e-03
-6.000000000000000000e+01 -9.895287958115185134e+00 5.205200000000000105e-02
-6.000000000000000000e+01 -8.952879581151833577e+00 5.904000000000000394e-03
-6.000000000000000000e+01 -8.010471204188482020e+00 0.000000000000000000e+00
-6.000000000000000000e+01 -7.068062827225130462e+00 1.483279999999999876e-01
-6.000000000000000000e+01 -6.125654450261779793e+00 1.274400000000000012e-02
-6.000000000000000000e+01 -5.183246073298429124e+00 1.786300000000000041e-02
-6.000000000000000000e+01 -4.240837696335078455e+00 2.197000000000000064e-01
-6.000000000000000000e+01 -3.298429319371727786e+00 4.875599999999999934e-01
-6.000000000000000000e+01 -2.356020942408377117e+00 2.993239999999999790e-01
-6.000000000000000000e+01 -1.413612565445026226e+00 6.408700000000000507e-02
-6.000000000000000000e+01 -4.712041884816753901e-01 2.140500000000000042e-02
-6.000000000000000000e+01 4.712041884816753901e-01 2.140500000000000042e-02
-6.000000000000000000e+01 1.413612565445026226e+00 4.415040000000000076e-01
-6.000000000000000000e+01 2.356020942408377117e+00 6.481199999999999461e-02
-6.000000000000000000e+01 3.298429319371727786e+00 7.427200000000000468e-02
-6.000000000000000000e+01 4.240837696335078455e+00 1.091600000000000036e-02
-6.000000000000000000e+01 5.183246073298429124e+00 1.274999999999999918e-02
-5.875000000000000000e+01 -1.366492146596859136e+01 3.313800000000000079e-02
-5.875000000000000000e+01 -1.272251308900523981e+01 2.742000000000000080e-03
-5.875000000000000000e+01 -1.178010471204188825e+01 1.750929999999999986e-01
-5.875000000000000000e+01 -1.083769633507853669e+01 3.981040000000000134e-01
-5.875000000000000000e+01 -9.895287958115185134e+00 1.782590000000000008e-01
-5.875000000000000000e+01 -8.952879581151833577e+00 3.500999999999999945e-02
-5.875000000000000000e+01 -8.010471204188482020e+00 2.400000000000000061e-04
-5.875000000000000000e+01 -7.068062827225130462e+00 2.145499999999999838e-02
-5.875000000000000000e+01 -6.125654450261779793e+00 5.649999999999999641e-04
-5.875000000000000000e+01 -5.183246073298429124e+00 1.229000000000000058e-03
-5.875000000000000000e+01 -4.240837696335078455e+00 1.460609999999999964e-01
-5.875000000000000000e+01 -3.298429319371727786e+00 4.829559999999999964e-01
-5.875000000000000000e+01 -2.356020942408377117e+00 3.614699999999999858e-02
-5.875000000000000000e+01 -1.413612565445026226e+00 0.000000000000000000e+00
-5.875000000000000000e+01 -4.712041884816753901e-01 0.000000000000000000e+00
-5.875000000000000000e+01 4.712041884816753901e-01 0.000000000000000000e+00
-5.750000000000000000e+01 -1.366492146596859136e+01 4.693399999999999656e-02
-5.750000000000000000e+01 -1.272251308900523981e+01 5.287900000000000239e-02
-5.750000000000000000e+01 -1.178010471204188825e+01 4.342039999999999789e-01
-5.750000000000000000e+01 -1.083769633507853669e+01 3.554899999999999727e-01
-5.750000000000000000e+01 -9.895287958115185134e+00 2.032039999999999957e-01
-5.750000000000000000e+01 -8.952879581151833577e+00 1.785000000000000128e-02
-5.750000000000000000e+01 -8.010471204188482020e+00 1.814999999999999990e-03
-5.750000000000000000e+01 -7.068062827225130462e+00 2.400999999999999922e-03
-5.750000000000000000e+01 -6.125654450261779793e+00 3.266899999999999665e-02
-5.750000000000000000e+01 -5.183246073298429124e+00 1.631999999999999987e-03
-5.750000000000000000e+01 -4.240837696335078455e+00 5.587600000000000205e-02
-5.750000000000000000e+01 -3.298429319371727786e+00 2.876989999999999825e-01
-5.750000000000000000e+01 -2.356020942408377117e+00 3.298700000000000243e-02
-5.750000000000000000e+01 -1.413612565445026226e+00 6.755999999999999853e-03
-5.750000000000000000e+01 -4.712041884816753901e-01 0.000000000000000000e+00
-5.750000000000000000e+01 4.712041884816753901e-01 0.000000000000000000e+00
-5.750000000000000000e+01 1.413612565445026226e+00 8.100000000000000375e-05
-5.625000000000000000e+01 -1.366492146596859136e+01 2.762140000000000151e-01
-5.625000000000000000e+01 -1.272251308900523981e+01 2.999189999999999912e-01
-5.625000000000000000e+01 -1.178010471204188825e+01 6.382200000000000095e-01
-5.625000000000000000e+01 -1.083769633507853669e+01 4.390660000000000118e-01
-5.625000000000000000e+01 -9.895287958115185134e+00 7.765739999999999865e-01
-5.625000000000000000e+01 -8.952879581151833577e+00 3.748100000000000043e-02
-5.625000000000000000e+01 -8.010471204188482020e+00 3.507999999999999834e-03
-5.625000000000000000e+01 -7.068062827225130462e+00 4.009599999999999970e-02
-5.625000000000000000e+01 -6.125654450261779793e+00 9.034300000000000663e-02
-5.625000000000000000e+01 -5.183246073298429124e+00 2.000820000000000098e-01
-5.625000000000000000e+01 -4.240837696335078455e+00 3.556130000000000124e-01
-5.625000000000000000e+01 -3.298429319371727786e+00 2.989199999999999843e-02
-5.625000000000000000e+01 -2.356020942408377117e+00 3.432439999999999936e-01
-5.625000000000000000e+01 -1.413612565445026226e+00 2.534300000000000094e-02
-5.625000000000000000e+01 -4.712041884816753901e-01 8.000000000000000654e-05
-5.625000000000000000e+01 4.712041884816753901e-01 8.000000000000000654e-05
-5.625000000000000000e+01 1.413612565445026226e+00 0.000000000000000000e+00
-5.500000000000000000e+01 -1.460732984293194114e+01 1.797989999999999866e-01
-5.500000000000000000e+01 -1.366492146596859136e+01 4.296900000000000025e-02
-5.500000000000000000e+01 -1.272251308900523981e+01 3.619580000000000020e-01
-5.500000000000000000e+01 -1.178010471204188825e+01 6.108099999999999641e-01
-5.500000000000000000e+01 -1.083769633507853669e+01 7.214549999999999574e-01
-5.500000000000000000e+01 -9.895287958115185134e+00 7.240309999999999802e-01
-5.500000000000000000e+01 -8.952879581151833577e+00 6.146000000000000074e-02
-5.500000000000000000e+01 -8.010471204188482020e+00 1.462440000000000129e-01
-5.500000000000000000e+01 -7.068062827225130462e+00 1.664899999999999991e-01
-5.500000000000000000e+01 -6.125654450261779793e+00 7.856999999999999401e-03
-5.500000000000000000e+01 -5.183246073298429124e+00 4.809999999999999823e-04
-5.500000000000000000e+01 -4.240837696335078455e+00 2.972730000000000095e-01
-5.500000000000000000e+01 -3.298429319371727786e+00 4.642689999999999872e-01
-5.500000000000000000e+01 -2.356020942408377117e+00 5.596400000000000263e-01
-5.500000000000000000e+01 -1.413612565445026226e+00 1.396400000000000072e-02
-5.500000000000000000e+01 -4.712041884816753901e-01 2.420000000000000005e-04
-5.500000000000000000e+01 4.712041884816753901e-01 2.420000000000000005e-04
-5.500000000000000000e+01 1.413612565445026226e+00 2.420000000000000005e-04
-5.500000000000000000e+01 2.356020942408377117e+00 5.760000000000000146e-04
-5.375000000000000000e+01 -1.460732984293194114e+01 4.079999999999999968e-04
-5.375000000000000000e+01 -1.366492146596859136e+01 4.025000000000000105e-02
-5.375000000000000000e+01 -1.272251308900523981e+01 2.000480000000000036e-01
-5.375000000000000000e+01 -1.178010471204188825e+01 1.327699999999999991e-01
-5.375000000000000000e+01 -1.083769633507853669e+01 2.275989999999999958e-01
-5.375000000000000000e+01 -9.895287958115185134e+00 3.015809999999999880e-01
-5.375000000000000000e+01 -8.952879581151833577e+00 6.042999999999999761e-03
-5.375000000000000000e+01 -8.010471204188482020e+00 8.000000000000000654e-05
-5.375000000000000000e+01 -7.068062827225130462e+00 2.101000000000000003e-03
-5.375000000000000000e+01 -6.125654450261779793e+00 6.347000000000000211e-03
-5.375000000000000000e+01 -5.183246073298429124e+00 3.246999999999999886e-03
-5.375000000000000000e+01 -4.240837696335078455e+00 2.900389999999999913e-01
-5.375000000000000000e+01 -3.298429319371727786e+00 2.554830000000000156e-01
-5.375000000000000000e+01 -2.356020942408377117e+00 4.571370000000000156e-01
-5.375000000000000000e+01 -1.413612565445026226e+00 6.932499999999999774e-02
-5.375000000000000000e+01 -4.712041884816753901e-01 9.719999999999999907e-04
-5.375000000000000000e+01 4.712041884816753901e-01 9.719999999999999907e-04
-5.375000000000000000e+01 1.413612565445026226e+00 1.217999999999999899e-03
-5.375000000000000000e+01 2.356020942408377117e+00 1.054000000000000032e-03
-5.250000000000000000e+01 -1.366492146596859136e+01 1.280700000000000068e-02
-5.250000000000000000e+01 -1.272251308900523981e+01 2.135740000000000138e-01
-5.250000000000000000e+01 -1.178010471204188825e+01 1.089289999999999980e-01
-5.250000000000000000e+01 -1.083769633507853669e+01 2.765389999999999793e-01
-5.250000000000000000e+01 -9.895287958115185134e+00 8.866100000000000370e-02
-5.250000000000000000e+01 -8.952879581151833577e+00 5.699999999999999772e-04
-5.250000000000000000e+01 -8.010471204188482020e+00 1.825000000000000016e-03
-5.250000000000000000e+01 -7.068062827225130462e+00 1.878099999999999908e-02
-5.250000000000000000e+01 -6.125654450261779793e+00 4.092200000000000004e-02
-5.250000000000000000e+01 -5.183246073298429124e+00 1.755000000000000050e-03
-5.250000000000000000e+01 -4.240837696335078455e+00 9.086199999999999832e-02
-5.250000000000000000e+01 -3.298429319371727786e+00 2.417090000000000072e-01
-5.250000000000000000e+01 -2.356020942408377117e+00 3.250000000000000111e-02
-5.250000000000000000e+01 -1.413612565445026226e+00 2.589690000000000047e-01
-5.250000000000000000e+01 -4.712041884816753901e-01 5.257999999999999653e-03
-5.250000000000000000e+01 4.712041884816753901e-01 5.257999999999999653e-03
-5.125000000000000000e+01 -8.952879581151833577e+00 5.349720000000000031e-01
-5.125000000000000000e+01 -8.010471204188482020e+00 4.029429999999999956e-01
-5.125000000000000000e+01 -7.068062827225130462e+00 4.594309999999999783e-01
-5.125000000000000000e+01 -5.183246073298429124e+00 1.795279999999999931e-01
-5.125000000000000000e+01 -4.240837696335078455e+00 3.026710000000000234e-01
-5.125000000000000000e+01 -3.298429319371727786e+00 2.565899999999999848e-01
-5.125000000000000000e+01 -2.356020942408377117e+00 9.083600000000000008e-02
-5.000000000000000000e+01 -3.298429319371727786e+00 4.467380000000000240e-01
