-7.875000000000000000e+01 -6.125654450261779793e+00 5.190120000000000289e-01
-7.875000000000000000e+01 -5.183246073298429124e+00 2.695130000000000026e-01
-7.875000000000000000e+01 -4.240837696335078455e+00 4.245950000000000002e-01
-7.875000000000000000e+01 -3.298429319371727786e+00 5.180289999999999617e-01
-7.875000000000000000e+01 -2.356020942408377117e+00 0.000000000000000000e+00
-7.875000000000000000e+01 -1.413612565445026226e+00 0.000000000000000000e+00
-7.750000000000000000e+01 -8.952879581151833577e+00 1.897490000000000010e-01
-7.750000000000000000e+01 -8.010471204188482020e+00 1.435049999999999937e-01
-7.750000000000000000e+01 -7.068062827225130462e+00 3.004450000000000176e-01
-7.750000000000000000e+01 -6.125654450261779793e+00 5.968639999999999501e-01
-7.750000000000000000e+01 -5.183246073298429124e+00 2.048750000000000016e-01
-7.750000000000000000e+01 -4.240837696335078455e+00 6.924500000000000099e-02
-7.750000000000000000e+01 -3.298429319371727786e+00 4.306110000000000215e-01
-7.750000000000000000e+01 -2.356020942408377117e+00 3.142860000000000098e-01
-7.750000000000000000e+01 -1.413612565445026226e+00 3.917610000000000259e-01
-7.750000000000000000e+01 -4.712041884816753901e-01 2.226239999999999886e-01
-7.750000000000000000e+01 4.712041884816753901e-01 2.226239999999999886e-01
-7.625000000000000000e+01 -1.083769633507853669e+01 7.019200000000000439e-02
-7.625000000000000000e+01 -9.895287958115185134e+00 1.394869999999999999e-01
-7.625000000000000000e+01 -8.952879581151833577e+00 4.890590000000000215e-01
-7.625000000000000000e+01 -8.010471204188482020e+00 2.047599999999999976e-01
-7.625000000000000000e+01 -7.068062827225130462e+00 3.430059999999999776e-01
-7.625000000000000000e+01 -6.125654450261779793e+00 4.953150000000000053e-01
-7.625000000000000000e+01 -5.183246073298429124e+00 6.206699999999999717e-02
-7.625000000000000000e+01 -4.240837696335078455e+00 1.472000000000000001e-03
-7.625000000000000000e+01 -3.298429319371727786e+00 3.983000000000000429e-03
-7.625000000000000000e+01 -2.356020942408377117e+00 2.553000000000000148e-03
-7.625000000000000000e+01 -1.413612565445026226e+00 2.611000000000000040e-03
-7.625000000000000000e+01 -4.712041884816753901e-01 1.136530000000000040e-01
-7.625000000000000000e+01 4.712041884816753901e-01 1.136530000000000040e-01
-7.625000000000000000e+01 1.413612565445026226e+00 9.040700000000000403e-01
-7.500000000000000000e+01 -1.366492146596859136e+01 7.814200000000000312e-02
-7.500000000000000000e+01 -1.272251308900523981e+01 1.417779999999999874e-01
-7.500000000000000000e+01 -1.178010471204188825e+01 1.246529999999999999e-01
-7.500000000000000000e+01 -1.083769633507853669e+01 4.046179999999999777e-01
-7.500000000000000000e+01 -9.895287958115185134e+00 2.146160000000000012e-01
-7.500000000000000000e+01 -8.952879581151833577e+00 5.293590000000000240e-01
-7.500000000000000000e+01 -8.010471204188482020e+00 2.796500000000000097e-01
-7.500000000000000000e+01 -7.068062827225130462e+00 3.560399999999999676e-02
-7.500000000000000000e+01 -6.125654450261779793e+00 6.070300000000000001e-02
-7.500000000000000000e+01 -5.183246073298429124e+00 4.566900000000000126e-02
-7.500000000000000000e+01 -4.240837696335078455e+00 2.003299999999999872e-02
-7.500000000000000000e+01 -3.298429319371727786e+00 2.305999999999999890e-03
-7.500000000000000000e+01 -2.356020942408377117e+00 6.376999999999999856e-03
-7.500000000000000000e+01 -1.413612565445026226e+00 5.597000000000000412e-03
-7.500000000000000000e+01 -4.712041884816753901e-01 3.475199999999999817e-02
-7.500000000000000000e+01 4.712041884816753901e-01 3.475199999999999817e-02
-7.500000000000000000e+01 1.413612565445026226e+00 6.790469999999999562e-01
-7.500000000000000000e+01 2.356020942408377117e+00 9.372580000000000355e-01
-7.375000000000000000e+01 -1.460732984293194114e+01 0.000000000000000000e+00
-7.375000000000000000e+01 -1.366492146596859136e+01 1.302490000000000037e-01
-7.375000000000000000e+01 -1.272251308900523981e+01 9.253799999999999526e-02
-7.375000000000000000e+01 -1.178010471204188825e+01 9.808300000000000352e-02
-7.375000000000000000e+01 -1.083769633507853669e+01 1.133300000000000002e-01
-7.375000000000000000e+01 -9.895287958115185134e+00 5.654499999999999804e-02
-7.375000000000000000e+01 -8.952879581151833577e+00 1.010039999999999966e-01
-7.375000000000000000e+01 -8.010471204188482020e+00 1.810370000000000035e-01
-7.375000000000000000e+01 -7.068062827225130462e+00 9.024300000000000377e-02
-7.375000000000000000e+01 -6.125654450261779793e+00 2.464699999999999877e-02
-7.375000000000000000e+01 -5.183246073298429124e+00 7.177999999999999658e-02
-7.375000000000000000e+01 -4.240837696335078455e+00 2.272499999999999867e-02
-7.375000000000000000e+01 -3.298429319371727786e+00 7.262000000000000226e-03
-7.375000000000000000e+01 -2.356020942408377117e+00 5.409999999999999878e-03
-7.375000000000000000e+01 -1.413612565445026226e+00 1.561299999999999910e-01
-7.375000000000000000e+01 -4.712041884816753901e-01 2.549000000000000050e-03
-7.375000000000000000e+01 4.712041884816753901e-01 2.549000000000000050e-03
-7.375000000000000000e+01 1.413612565445026226e+00 4.476800000000000224e-02
-7.250000000000000000e+01 -1.460732984293194114e+01 5.432000000000000196e-03
-7.250000000000000000e+01 -1.366492146596859136e+01 1.374849999999999961e-01
-7.250000000000000000e+01 -1.272251308900523981e+01 1.813819999999999877e-01
-7.250000000000000000e+01 -1.178010471204188825e+01 4.456399999999999945e-02
-7.250000000000000000e+01 -1.083769633507853669e+01 6.879999999999999831e-03
-7.250000000000000000e+01 -9.895287958115185134e+00 0.000000000000000000e+00
-7.250000000000000000e+01 -8.952879581151833577e+00 1.094000000000000007e-02
-7.250000000000000000e+01 -8.010471204188482020e+00 4.807190000000000074e-01
-7.250000000000000000e+01 -7.068062827225130462e+00 1.783720000000000028e-01
-7.250000000000000000e+01 -6.125654450261779793e+00 9.730000000000000151e-04
-7.250000000000000000e+01 -5.183246073298429124e+00 9.737000000000000863e-03
-7.250000000000000000e+01 -4.240837696335078455e+00 1.123389999999999944e-01
-7.250000000000000000e+01 -3.298429319371727786e+00 2.123999999999999846e-02
-7.250000000000000000e+01 -2.356020942408377117e+00 8.840599999999999847e-02
-7.250000000000000000e+01 -1.413612565445026226e+00 2.746499999999999983e-02
-7.250000000000000000e+01 -4.712041884816753901e-01 6.908000000000000078e-03
-7.250000000000000000e+01 4.712041884816753901e-01 6.908000000000000078e-03
-7.250000000000000000e+01 1.413612565445026226e+00 1.020399999999999953e-02
-7.125000000000000000e+01 -1.460732984293194114e+01 9.079900000000000471e-02
-7.125000000000000000e+01 -1.366492146596859136e+01 2.439500000000000002e-02
-7.125000000000000000e+01 -1.272251308900523981e+01 2.483420000000000072e-01
-7.125000000000000000e+01 -1.178010471204188825e+01 2.460000000000000164e-04
-7.125000000000000000e+01 -1.083769633507853669e+01 0.000000000000000000e+00
-7.125000000000000000e+01 -9.895287958115185134e+00 6.791000000000000161e-03
-7.125000000000000000e+01 -8.952879581151833577e+00 1.134629999999999944e-01
-7.125000000000000000e+01 -8.010471204188482020e+00 6.242830000000000323e-01
-7.125000000000000000e+01 -7.068062827225130462e+00 6.776200000000000279e-02
-7.125000000000000000e+01 -6.125654450261779793e+00 4.655000000000000283e-03
-7.125000000000000000e+01 -5.183246073298429124e+00 2.429999999999999977e-04
-7.125000000000000000e+01 -4.240837696335078455e+00 4.077299999999999675e-02
-7.125000000000000000e+01 -3.298429319371727786e+00 3.190000000000000019e-04
-7.125000000000000000e+01 -2.356020942408377117e+00 5.578700000000000325e-02
-7.125000000000000000e+01 -1.413612565445026226e+00 3.592000000000000141e-03
-7.125000000000000000e+01 -4.712041884816753901e-01 0.000000000000000000e+00
-7.125000000000000000e+01 4.712041884816753901e-01 0.000000000000000000e+00
-7.125000000000000000e+01 1.413612565445026226e+00 1.266529999999999878e-01
-7.000000000000000000e+01 -1.366492146596859136e+01 9.511999999999999622e-03
-7.000000000000000000e+01 -1.272251308900523981e+01 4.291579999999999839e-01
-7.000000000000000000e+01 -1.178010471204188825e+01 9.355900000000000327e-02
-7.000000000000000000e+01 -1.083769633507853669e+01 3.765410000000000146e-01
-7.000000000000000000e+01 -9.895287958115185134e+00 3.859699999999999936e-02
-7.000000000000000000e+01 -8.952879581151833577e+00 3.136030000000000206e-01
-7.000000000000000000e+01 -8.010471204188482020e+00 4.457760000000000056e-01
-7.000000000000000000e+01 -7.068062827225130462e+00 5.711700000000000110e-02
-7.000000000000000000e+01 -6.125654450261779793e+00 1.861000000000000024e-03
-7.000000000000000000e+01 -5.183246073298429124e+00 8.040000000000000271e-04
-7.000000000000000000e+01 -4.240837696335078455e+00 1.499129999999999907e-01
-7.000000000000000000e+01 -3.298429319371727786e+00 9.292999999999999872e-02
-7.000000000000000000e+01 -2.356020942408377117e+00 3.617200000000000276e-02
-7.000000000000000000e+01 -1.413612565445026226e+00 4.757999999999999730e-02
-7.000000000000000000e+01 -4.712041884816753901e-01 1.220300000000000031e-02
-7.000000000000000000e+01 4.712041884816753901e-01 1.220300000000000031e-02
-7.000000000000000000e+01 1.413612565445026226e+00 9.013999999999999443e-03
-6.875000000000000000e+01 -1.554973821989529448e+01 6.769999999999999759e-04
-6.875000000000000000e+01 -1.460732984293194114e+01 4.372199999999999698e-02
-6.875000000000000000e+01 -1.366492146596859136e+01 1.736700000000000049e-02
-6.875000000000000000e+01 -1.272251308900523981e+01 1.361809999999999965e-01
-6.875000000000000000e+01 -1.178010471204188825e+01 4.403590000000000004e-01
-6.875000000000000000e+01 -1.083769633507853669e+01 6.673229999999999995e-01
-6.875000000000000000e+01 -9.895287958115185134e+00 1.465760000000000118e-01
-6.875000000000000000e+01 -8.952879581151833577e+00 5.306769999999999543e-01
-6.875000000000000000e+01 -8.010471204188482020e+00 1.906000000000000055e-02
-6.875000000000000000e+01 -7.068062827225130462e+00 2.047999999999999907e-03
-6.875000000000000000e+01 -6.125654450261779793e+00 1.129999999999999928e-03
-6.875000000000000000e+01 -5.183246073298429124e+00 4.840000000000000010e-04
-6.875000000000000000e+01 -4.240837696335078455e+00 4.423999999999999981e-03
-6.875000000000000000e+01 -3.298429319371727786e+00 7.289000000000000340e-03
-6.875000000000000000e+01 -2.356020942408377117e+00 6.555000000000000063e-03
-6.875000000000000000e+01 -1.413612565445026226e+00 1.362200000000000043e-02
-6.875000000000000000e+01 -4.712041884816753901e-01 1.129100000000000069e-02
-6.875000000000000000e+01 4.712041884816753901e-01 1.129100000000000069e-02
-6.875000000000000000e+01 1.413612565445026226e+00 1.705699999999999925e-02
-6.875000000000000000e+01 2.356020942408377117e+00 6.131000000000000165e-03
-6.750000000000000000e+01 -1.649214659685864603e+01 3.313099999999999934e-01
-6.750000000000000000e+01 -1.554973821989529448e+01 3.313099999999999934e-01
-6.750000000000000000e+01 -1.460732984293194114e+01 1.734900000000000053e-01
-6.750000000000000000e+01 -1.366492146596859136e+01 1.311160000000000103e-01
-6.750000000000000000e+01 -1.272251308900523981e+01 2.529899999999999857e-02
-6.750000000000000000e+01 -1.178010471204188825e+01 2.135099999999999845e-02
-6.750000000000000000e+01 -1.083769633507853669e+01 4.708180000000000143e-01
-6.750000000000000000e+01 -9.895287958115185134e+00 8.374620000000000397e-01
-6.750000000000000000e+01 -8.952879581151833577e+00 2.899419999999999775e-01
-6.750000000000000000e+01 -8.010471204188482020e+00 3.435999999999999818e-03
-6.750000000000000000e+01 -7.068062827225130462e+00 8.919999999999999978e-04
-6.750000000000000000e+01 -6.125654450261779793e+00 8.068999999999999784e-03
-6.750000000000000000e+01 -5.183246073298429124e+00 1.128000000000000096e-03
-6.750000000000000000e+01 -4.240837696335078455e+00 8.059999999999999673e-04
-6.750000000000000000e+01 -3.298429319371727786e+00 1.875299999999999884e-02
-6.750000000000000000e+01 -2.356020942408377117e+00 3.310000000000000225e-04
-6.750000000000000000e+01 -1.413612565445026226e+00 8.000000000000000654e-05
-6.750000000000000000e+01 -4.712041884816753901e-01 8.989999999999999511e-04
-6.750000000000000000e+01 4.712041884816753901e-01 8.989999999999999511e-04
-6.750000000000000000e+01 1.413612565445026226e+00 6.081999999999999733e-03
-6.750000000000000000e+01 2.356020942408377117e+00 2.165999999999999957e-03
-6.625000000000000000e+01 -1.837696335078534560e+01 8.382100000000000661e-02
-6.625000000000000000e+01 -1.743455497382199582e+01 2.978469999999999729e-01
-6.625000000000000000e+01 -1.649214659685864603e+01 3.575000000000000053e-03
-6.625000000000000000e+01 -1.554973821989529448e+01 3.575000000000000053e-03
-6.625000000000000000e+01 -1.460732984293194114e+01 2.384999999999999967e-02
-6.625000000000000000e+01 -1.366492146596859136e+01 1.134000000000000025e-03
-6.625000000000000000e+01 -1.272251308900523981e+01 0.000000000000000000e+00
-6.625000000000000000e+01 -1.178010471204188825e+01 1.495200000000000001e-02
-6.625000000000000000e+01 -1.083769633507853669e+01 2.255510000000000015e-01
-6.625000000000000000e+01 -9.895287958115185134e+00 2.653590000000000115e-01
-6.625000000000000000e+01 -8.952879581151833577e+00 2.132630000000000081e-01
-6.625000000000000000e+01 -8.010471204188482020e+00 2.295000000000000165e-03
-6.625000000000000000e+01 -7.068062827225130462e+00 8.109999999999999805e-04
-6.625000000000000000e+01 -6.125654450261779793e+00 1.610000000000000103e-04
-6.625000000000000000e+01 -5.183246073298429124e+00 3.260000000000000094e-04
-6.625000000000000000e+01 -4.240837696335078455e+00 3.776999999999999975e-03
-6.625000000000000000e+01 -3.298429319371727786e+00 1.882800000000000099e-02
-6.625000000000000000e+01 -2.356020942408377117e+00 6.542000000000000072e-03
-6.625000000000000000e+01 -1.413612565445026226e+00 0.000000000000000000e+00
-6.625000000000000000e+01 -4.712041884816753901e-01 2.425000000000000072e-03
-6.625000000000000000e+01 4.712041884816753901e-01 2.425000000000000072e-03
-6.625000000000000000e+01 1.413612565445026226e+00 9.792199999999999516e-02
-6.625000000000000000e+01 2.356020942408377117e+00 1.524060000000000137e-01
-6.500000000000000000e+01 -1.837696335078534560e+01 2.526099999999999873e-02
-6.500000000000000000e+01 -1.743455497382199582e+01 5.336440000000000072e-01
-6.500000000000000000e+01 -1.649214659685864603e+01 7.787700000000000178e-02
-6.500000000000000000e+01 -1.554973821989529448e+01 7.787700000000000178e-02
-6.500000000000000000e+01 -1.460732984293194114e+01 1.623799999999999896e-02
-6.500000000000000000e+01 -1.366492146596859136e+01 1.077799999999999939e-02
-6.500000000000000000e+01 -1.272251308900523981e+01 2.990000000000000036e-03
-6.500000000000000000e+01 -1.178010471204188825e+01 1.186899999999999934e-02
-6.500000000000000000e+01 -1.083769633507853669e+01 2.181359999999999966e-01
-6.500000000000000000e+01 -9.895287958115185134e+00 7.029400000000000093e-01
-6.500000000000000000e+01 -8.952879581151833577e+00 1.879629999999999912e-01
-6.500000000000000000e+01 -8.010471204188482020e+00 8.838999999999999635e-03
-6.500000000000000000e+01 -7.068062827225130462e+00 6.663900000000000379e-02
-6.500000000000000000e+01 -6.125654450261779793e+00 1.147999999999999932e-03
-6.500000000000000000e+01 -5.183246073298429124e+00 1.909470000000000056e-01
-6.500000000000000000e+01 -4.240837696335078455e+00 3.936100000000000015e-02
-6.500000000000000000e+01 -3.298429319371727786e+00 9.608999999999999486e-02
-6.500000000000000000e+01 -2.356020942408377117e+00 4.329999999999999648e-03
-6.500000000000000000e+01 -1.413612565445026226e+00 1.791999999999999973e-03
-6.500000000000000000e+01 -4.712041884816753901e-01 7.742999999999999883e-03
-6.500000000000000000e+01 4.712041884816753901e-01 7.742999999999999883e-03
-6.500000000000000000e+01 1.413612565445026226e+00 2.658999999999999905e-03
-6.375000000000000000e+01 -2.026178010471204516e+01 8.333329999999999904e-01
-6.375000000000000000e+01 -1.931937172774869538e+01 3.647869999999999724e-01
-6.375000000000000000e+01 -1.837696335078534560e+01 1.585199999999999942e-01
-6.375000000000000000e+01 -1.743455497382199582e+01 6.327829999999999844e-01
-6.375000000000000000e+01 -1.649214659685864603e+01 7.603200000000000236e-02
-6.375000000000000000e+01 -1.554973821989529448e+01 7.603200000000000236e-02
-6.375000000000000000e+01 -1.460732984293194114e+01 5.312999999999999667e-02
-6.375000000000000000e+01 -1.366492146596859136e+01 4.956000000000000336e-03
-6.375000000000000000e+01 -1.272251308900523981e+01 4.347000000000000169e-03
-6.375000000000000000e+01 -1.178010471204188825e+01 2.313179999999999958e-01
-6.375000000000000000e+01 -1.083769633507853669e+01 6.438299999999999579e-02
-6.375000000000000000e+01 -9.895287958115185134e+00 5.552409999999999846e-01
-6.375000000000000000e+01 -8.952879581151833577e+00 8.389130000000000198e-01
-6.375000000000000000e+01 -8.010471204188482020e+00 5.155089999999999950e-01
-6.375000000000000000e+01 -7.068062827225130462e+00 2.279519999999999880e-01
-6.375000000000000000e+01 -6.125654450261779793e+00 6.212999999999999773e-03
-6.375000000000000000e+01 -5.183246073298429124e+00 6.548199999999999854e-02
-6.375000000000000000e+01 -4.240837696335078455e+00 2.328969999999999929e-01
-6.375000000000000000e+01 -3.298429319371727786e+00 6.848400000000000321e-02
-6.375000000000000000e+01 -2.356020942408377117e+00 3.249999999999999851e-04
-6.375000000000000000e+01 -1.413612565445026226e+00 1.529900000000000010e-02
-6.375000000000000000e+01 -4.712041884816753901e-01 5.138000000000000206e-02
-6.375000000000000000e+01 4.712041884816753901e-01 5.138000000000000206e-02
-6.375000000000000000e+01 1.413612565445026226e+00 1.609250000000000125e-01
-6.375000000000000000e+01 3.298429319371727786e+00 2.834700000000000067e-02
-6.250000000000000000e+01 -1.931937172774869538e+01 4.088660000000000072e-01
-6.250000000000000000e+01 -1.837696335078534560e+01 7.288839999999999764e-01
-6.250000000000000000e+01 -1.743455497382199582e+01 8.433610000000000273e-01
-6.250000000000000000e+01 -1.649214659685864603e+01 1.498809999999999865e-01
-6.250000000000000000e+01 -1.554973821989529448e+01 1.498809999999999865e-01
-6.250000000000000000e+01 -1.460732984293194114e+01 7.910999999999999630e-03
-6.250000000000000000e+01 -1.366492146596859136e+01 2.263999999999999953e-03
-6.250000000000000000e+01 -1.272251308900523981e+01 1.240999999999999916e-03
-6.250000000000000000e+01 -1.178010471204188825e+01 3.397209999999999952e-01
-6.250000000000000000e+01 -1.083769633507853669e+01 3.390340000000000020e-01
-6.250000000000000000e+01 -9.895287958115185134e+00 9.789259999999999629e-01
-6.250000000000000000e+01 -8.952879581151833577e+00 4.460799999999999765e-01
-6.250000000000000000e+01 -8.010471204188482020e+00 3.024879999999999791e-01
-6.250000000000000000e+01 -7.068062827225130462e+00 5.682979999999999698e-01
-6.250000000000000000e+01 -6.125654450261779793e+00 2.711120000000000196e-01
-6.250000000000000000e+01 -5.183246073298429124e+00 2.396000000000000126e-03
-6.250000000000000000e+01 -4.240837696335078455e+00 2.415400000000000047e-01
-6.250000000000000000e+01 -3.298429319371727786e+00 2.917300000000000101e-02
-6.250000000000000000e+01 -2.356020942408377117e+00 2.072999999999999843e-02
-6.250000000000000000e+01 -1.413612565445026226e+00 2.159189999999999998e-01
-6.250000000000000000e+01 -4.712041884816753901e-01 6.509999999999999945e-04
-6.250000000000000000e+01 4.712041884816753901e-01 6.509999999999999945e-04
-6.250000000000000000e+01 1.413612565445026226e+00 3.149699999999999722e-02
-6.250000000000000000e+01 2.356020942408377117e+00 1.456000000000000003e-02
-6.250000000000000000e+01 3.298429319371727786e+00 0.000000000000000000e+00
-6.125000000000000000e+01 -1.837696335078534560e+01 2.225449999999999928e-01
-6.125000000000000000e+01 -1.743455497382199582e+01 4.608539999999999859e-01
-6.125000000000000000e+01 -1.649214659685864603e+01 4.055830000000000268e-01
-6.125000000000000000e+01 -1.554973821989529448e+01 4.055830000000000268e-01
-6.125000000000000000e+01 -1.460732984293194114e+01 1.085369999999999946e-01
-6.125000000000000000e+01 -1.366492146596859136e+01 3.903500000000000025e-02
-6.125000000000000000e+01 -1.272251308900523981e+01 6.153220000000000356e-01
-6.125000000000000000e+01 -1.178010471204188825e+01 7.726499999999999480e-01
-6.125000000000000000e+01 -1.083769633507853669e+01 4.174889999999999990e-01
-6.125000000000000000e+01 -9.895287958115185134e+00 2.392479999999999885e-01
-6.125000000000000000e+01 -8.952879581151833577e+00 1.465760000000000118e-01
-6.125000000000000000e+01 -8.010471204188482020e+00 3.036240000000000050e-01
-6.125000000000000000e+01 -7.068062827225130462e+00 1.151930000000000037e-01
-6.125000000000000000e+01 -6.125654450261779793e+00 1.144570000000000032e-01
-6.125000000000000000e+01 -5.183246073298429124e+00 2.521240000000000148e-01
-6.125000000000000000e+01 -4.240837696335078455e+00 6.532449999999999646e-01
-6.125000000000000000e+01 -3.298429319371727786e+00 5.393620000000000081e-01
-6.125000000000000000e+01 -2.356020942408377117e+00 1.632799999999999876e-02
-6.125000000000000000e+01 -1.413612565445026226e+00 4.113300000000000289e-02
-6.125000000000000000e+01 -4.712041884816753901e-01 2.818809999999999927e-01
-6.125000000000000000e+01 4.712041884816753901e-01 2.818809999999999927e-01
-6.125000000000000000e+01 1.413612565445026226e+00 2.671569999999999778e-01
-6.125000000000000000e+01 2.356020942408377117e+00 6.197070000000000078e-01
-6.125000000000000000e+01 3.298429319371727786e+00 2.595910000000000162e-01
-6.125000000000000000e+01 4.240837696335078455e+00 3.625500000000000250e-02
-6.000000000000000000e+01 -1.554973821989529448e+01 9.836200000000000498e-02
-6.000000000000000000e+01 -1.460732984293194114e+01 4.008329999999999949e-01
-6.000000000000000000e+01 -1.366492146596859136e+01 4.288379999999999970e-01
-6.000000000000000000e+01 -1.272251308900523981e+01 3.625220000000000109e-01
-6.000000000000000000e+01 -1.178010471204188825e+01 1.192899999999999933e-01
-6.000000000000000000e+01 -1.083769633507853669e+01 1.132999999999999893e-03
-6.000000000000000000e+01 -9.895287958115185134e+00 5.444700000000000234e-02
-6.000000000000000000e+01 -8.952879581151833577e+00 5.904000000000000394e-03
-6.000000000000000000e+01 -8.010471204188482020e+00 9.549799999999999955e-02
-6.000000000000000000e+01 -7.068062827225130462e+00 7.522720000000000518e-01
-6.000000000000000000e+01 -6.125654450261779793e+00 1.732299999999999951e-01
-6.000000000000000000e+01 -5.183246073298429124e+00 1.463770000000000071e-01
-6.000000000000000000e+01 -4.240837696335078455e+00 7.237230000000000052e-01
-6.000000000000000000e+01 -3.298429319371727786e+00 8.180060000000000109e-01
-6.000000000000000000e+01 -2.356020942408377117e+00 8.203489999999999949e-01
-6.000000000000000000e+01 -1.413612565445026226e+00 4.342489999999999961e-01
-6.000000000000000000e+01 -4.712041884816753901e-01 1.396149999999999891e-01
-6.000000000000000000e+01 4.712041884816753901e-01 1.396149999999999891e-01
-6.000000000000000000e+01 1.413612565445026226e+00 7.508470000000000422e-01
-6.000000000000000000e+01 2.356020942408377117e+00 1.713169999999999971e-01
-6.000000000000000000e+01 3.298429319371727786e+00 1.437740000000000129e-01
-6.000000000000000000e+01 4.240837696335078455e+00 2.315599999999999950e-02
-6.000000000000000000e+01 5.183246073298429124e+00 1.480599999999999972e-02
-5.875000000000000000e+01 -1.366492146596859136e+01 5.121300000000000158e-02
-5.875000000000000000e+01 -1.272251308900523981e+01 4.676999999999999734e-03
-5.875000000000000000e+01 -1.178010471204188825e+01 2.015119999999999967e-01
-5.875000000000000000e+01 -1.083769633507853669e+01 4.085500000000000242e-01
-5.875000000000000000e+01 -9.895287958115185134e+00 3.652540000000000231e-01
-5.875000000000000000e+01 -8.952879581151833577e+00 8.415499999999999370e-02
-5.875000000000000000e+01 -8.010471204188482020e+00 2.163800000000000098e-02
-5.875000000000000000e+01 -7.068062827225130462e+00 6.138019999999999587e-01
-5.875000000000000000e+01 -6.125654450261779793e+00 1.018649999999999972e-01
-5.875000000000000000e+01 -5.183246073298429124e+00 4.343999999999999771e-03
-5.875000000000000000e+01 -4.240837696335078455e+00 4.361369999999999969e-01
-5.875000000000000000e+01 -3.298429319371727786e+00 8.733109999999999484e-01
-5.875000000000000000e+01 -2.356020942408377117e+00 4.410580000000000056e-01
-5.875000000000000000e+01 -1.413612565445026226e+00 2.772099999999999911e-02
-5.875000000000000000e+01 -4.712041884816753901e-01 5.240999999999999999e-03
-5.875000000000000000e+01 4.712041884816753901e-01 5.240999999999999999e-03
-5.750000000000000000e+01 -1.366492146596859136e+01 5.452800000000000008e-02
-5.750000000000000000e+01 -1.272251308900523981e+01 6.478299999999999337e-02
-5.750000000000000000e+01 -1.178010471204188825e+01 5.135509999999999797e-01
-5.750000000000000000e+01 -1.083769633507853669e+01 3.872590000000000199e-01
-5.750000000000000000e+01 -9.895287958115185134e+00 6.783550000000000413e-01
-5.750000000000000000e+01 -8.952879581151833577e+00 4.012099999999999694e-02
-5.750000000000000000e+01 -8.010471204188482020e+00 4.538000000000000367e-03
-5.750000000000000000e+01 -7.068062827225130462e+00 3.402600000000000069e-02
-5.750000000000000000e+01 -6.125654450261779793e+00 5.216119999999999646e-01
-5.750000000000000000e+01 -5.183246073298429124e+00 5.900099999999999789e-02
-5.750000000000000000e+01 -4.240837696335078455e+00 3.027980000000000116e-01
-5.750000000000000000e+01 -3.298429319371727786e+00 5.352770000000000028e-01
-5.750000000000000000e+01 -2.356020942408377117e+00 1.697549999999999892e-01
-5.750000000000000000e+01 -1.413612565445026226e+00 2.295300000000000118e-02
-5.750000000000000000e+01 -4.712041884816753901e-01 8.887599999999999667e-02
-5.750000000000000000e+01 4.712041884816753901e-01 8.887599999999999667e-02
-5.750000000000000000e+01 1.413612565445026226e+00 3.109739999999999727e-01
-5.625000000000000000e+01 -1.366492146596859136e+01 3.756019999999999914e-01
-5.625000000000000000e+01 -1.272251308900523981e+01 3.482649999999999912e-01
-5.625000000000000000e+01 -1.178010471204188825e+01 7.563819999999999988e-01
-5.625000000000000000e+01 -1.083769633507853669e+01 5.187490000000000157e-01
-5.625000000000000000e+01 -9.895287958115185134e+00 8.102270000000000305e-01
-5.625000000000000000e+01 -8.952879581151833577e+00 4.946899999999999908e-02
-5.625000000000000000e+01 -8.010471204188482020e+00 1.387099999999999965e-02
-5.625000000000000000e+01 -7.068062827225130462e+00 1.891160000000000063e-01
-5.625000000000000000e+01 -6.125654450261779793e+00 4.183430000000000204e-01
-5.625000000000000000e+01 -5.183246073298429124e+00 5.207049999999999734e-01
-5.625000000000000000e+01 -4.240837696335078455e+00 5.005020000000000024e-01
-5.625000000000000000e+01 -3.298429319371727786e+00 1.688989999999999936e-01
-5.625000000000000000e+01 -2.356020942408377117e+00 4.936630000000000185e-01
-5.625000000000000000e+01 -1.413612565445026226e+00 8.101700000000000568e-02
-5.625000000000000000e+01 -4.712041884816753901e-01 2.998100000000000070e-02
-5.625000000000000000e+01 4.712041884816753901e-01 2.998100000000000070e-02
-5.625000000000000000e+01 1.413612565445026226e+00 0.000000000000000000e+00
-5.500000000000000000e+01 -1.460732984293194114e+01 1.837709999999999899e-01
-5.500000000000000000e+01 -1.366492146596859136e+01 4.329899999999999721e-02
-5.500000000000000000e+01 -1.272251308900523981e+01 4.610750000000000126e-01
-5.500000000000000000e+01 -1.178010471204188825e+01 7.731190000000000007e-01
-5.500000000000000000e+01 -1.083769633507853669e+01 8.430220000000000491e-01
-5.500000000000000000e+01 -9.895287958115185134e+00 7.666349999999999554e-01
-5.500000000000000000e+01 -8.952879581151833577e+00 9.626899999999999347e-02
-5.500000000000000000e+01 -8.010471204188482020e+00 3.403089999999999726e-01
-5.500000000000000000e+01 -7.068062827225130462e+00 3.367290000000000005e-01
-5.500000000000000000e+01 -6.125654450261779793e+00 9.781099999999999517e-02
-5.500000000000000000e+01 -5.183246073298429124e+00 5.053699999999999859e-02
-5.500000000000000000e+01 -4.240837696335078455e+00 6.076089999999999547e-01
-5.500000000000000000e+01 -3.298429319371727786e+00 5.904220000000000024e-01
-5.500000000000000000e+01 -2.356020942408377117e+00 6.503529999999999589e-01
-5.500000000000000000e+01 -1.413612565445026226e+00 6.267599999999999560e-02
-5.500000000000000000e+01 -4.712041884816753901e-01 2.420000000000000005e-04
-5.500000000000000000e+01 4.712041884816753901e-01 2.420000000000000005e-04
-5.500000000000000000e+01 1.413612565445026226e+00 2.420000000000000005e-04
-5.500000000000000000e+01 2.356020942408377117e+00 5.760000000000000146e-04
-5.375000000000000000e+01 -1.460732984293194114e+01 4.079999999999999968e-04
-5.375000000000000000e+01 -1.366492146596859136e+01 4.145000000000000073e-02
-5.375000000000000000e+01 -1.272251308900523981e+01 2.141480000000000050e-01
-5.375000000000000000e+01 -1.178010471204188825e+01 2.075239999999999863e-01
-5.375000000000000000e+01 -1.083769633507853669e+01 2.836420000000000052e-01
-5.375000000000000000e+01 -9.895287958115185134e+00 3.524930000000000008e-01
-5.375000000000000000e+01 -8.952879581151833577e+00 1.337400000000000047e-02
-5.375000000000000000e+01 -8.010471204188482020e+00 8.000000000000000654e-05
-5.375000000000000000e+01 -7.068062827225130462e+00 2.101000000000000003e-03
-5.375000000000000000e+01 -6.125654450261779793e+00 6.347000000000000211e-03
-5.375000000000000000e+01 -5.183246073298429124e+00 3.327999999999999795e-03
-5.375000000000000000e+01 -4.240837696335078455e+00 5.698239999999999972e-01
-5.375000000000000000e+01 -3.298429319371727786e+00 6.597880000000000411e-01
-5.375000000000000000e+01 -2.356020942408377117e+00 4.992849999999999788e-01
-5.375000000000000000e+01 -1.413612565445026226e+00 1.126840000000000064e-01
-5.375000000000000000e+01 -4.712041884816753901e-01 9.719999999999999907e-04
-5.375000000000000000e+01 4.712041884816753901e-01 9.719999999999999907e-04
-5.375000000000000000e+01 1.413612565445026226e+00 1.217999999999999899e-03
-5.375000000000000000e+01 2.356020942408377117e+00 1.054000000000000032e-03
-5.250000000000000000e+01 -1.366492146596859136e+01 1.288800000000000015e-02
-5.250000000000000000e+01 -1.272251308900523981e+01 2.164899999999999880e-01
-5.250000000000000000e+01 -1.178010471204188825e+01 1.409090000000000065e-01
-5.250000000000000000e+01 -1.083769633507853669e+01 3.181370000000000031e-01
-5.250000000000000000e+01 -9.895287958115185134e+00 1.002870000000000011e-01
-5.250000000000000000e+01 -8.952879581151833577e+00 5.699999999999999772e-04
-5.250000000000000000e+01 -8.010471204188482020e+00 1.825000000000000016e-03
-5.250000000000000000e+01 -7.068062827225130462e+00 1.878099999999999908e-02
-5.250000000000000000e+01 -6.125654450261779793e+00 4.149599999999999816e-02
-5.250000000000000000e+01 -5.183246073298429124e+00 1.755000000000000050e-03
-5.250000000000000000e+01 -4.240837696335078455e+00 1.614569999999999894e-01
-5.250000000000000000e+01 -3.298429319371727786e+00 4.016259999999999830e-01
-5.250000000000000000e+01 -2.356020942408377117e+00 4.630399999999999794e-02
-5.250000000000000000e+01 -1.413612565445026226e+00 5.064149999999999485e-01
-5.250000000000000000e+01 -4.712041884816753901e-01 7.263600000000000612e-02
-5.250000000000000000e+01 4.712041884816753901e-01 7.263600000000000612e-02
-5.125000000000000000e+01 -8.952879581151833577e+00 5.963739999999999597e-01
-5.125000000000000000e+01 -8.010471204188482020e+00 4.196779999999999955e-01
-5.125000000000000000e+01 -7.068062827225130462e+00 4.634480000000000266e-01
-5.125000000000000000e+01 -5.183246073298429124e+00 1.905290000000000039e-01
-5.125000000000000000e+01 -4.240837696335078455e+00 3.560030000000000139e-01
-5.125000000000000000e+01 -3.298429319371727786e+00 5.440120000000000511e-01
-5.125000000000000000e+01 -2.356020942408377117e+00 1.453019999999999867e-01
-5.000000000000000000e+01 -3.298429319371727786e+00 6.835529999999999662e-01
