-7.875000000000000000e+01 -6.125654450261779793e+00 5.043530000000000513e-01
-7.875000000000000000e+01 -5.183246073298429124e+00 2.205030000000000046e-01
-7.875000000000000000e+01 -4.240837696335078455e+00 3.179620000000000224e-01
-7.875000000000000000e+01 -3.298429319371727786e+00 4.266329999999999845e-01
-7.875000000000000000e+01 -2.356020942408377117e+00 0.000000000000000000e+00
-7.875000000000000000e+01 -1.413612565445026226e+00 0.000000000000000000e+00
-7.750000000000000000e+01 -8.952879581151833577e+00 1.897490000000000010e-01
-7.750000000000000000e+01 -8.010471204188482020e+00 1.435049999999999937e-01
-7.750000000000000000e+01 -7.068062827225130462e+00 2.870809999999999751e-01
-7.750000000000000000e+01 -6.125654450261779793e+00 5.401829999999999687e-01
-7.750000000000000000e+01 -5.183246073298429124e+00 1.460799999999999876e-01
-7.750000000000000000e+01 -4.240837696335078455e+00 5.371000000000000080e-02
-7.750000000000000000e+01 -3.298429319371727786e+00 3.027719999999999856e-01
-7.750000000000000000e+01 -2.356020942408377117e+00 2.313479999999999981e-01
-7.750000000000000000e+01 -1.413612565445026226e+00 3.214029999999999943e-01
-7.750000000000000000e+01 -4.712041884816753901e-01 1.958239999999999981e-01
-7.750000000000000000e+01 4.712041884816753901e-01 1.958239999999999981e-01
-7.625000000000000000e+01 -1.083769633507853669e+01 6.488599999999999923e-02
-7.625000000000000000e+01 -9.895287958115185134e+00 1.325250000000000039e-01
-7.625000000000000000e+01 -8.952879581151833577e+00 3.941270000000000051e-01
-7.625000000000000000e+01 -8.010471204188482020e+00 1.256500000000000117e-01
-7.625000000000000000e+01 -7.068062827225130462e+00 2.550490000000000257e-01
-7.625000000000000000e+01 -6.125654450261779793e+00 3.609979999999999856e-01
-7.625000000000000000e+01 -5.183246073298429124e+00 4.002700000000000008e-02
-7.625000000000000000e+01 -4.240837696335078455e+00 1.472000000000000001e-03
-7.625000000000000000e+01 -3.298429319371727786e+00 3.983000000000000429e-03
-7.625000000000000000e+01 -2.356020942408377117e+00 2.553000000000000148e-03
-7.625000000000000000e+01 -1.413612565445026226e+00 2.611000000000000040e-03
-7.625000000000000000e+01 -4.712041884816753901e-01 5.219200000000000228e-02
-7.625000000000000000e+01 4.712041884816753901e-01 5.219200000000000228e-02
-7.625000000000000000e+01 1.413612565445026226e+00 7.591510000000000202e-01
-7.500000000000000000e+01 -1.366492146596859136e+01 7.814200000000000312e-02
-7.500000000000000000e+01 -1.272251308900523981e+01 1.417779999999999874e-01
-7.500000000000000000e+01 -1.178010471204188825e+01 1.241629999999999956e-01
-7.500000000000000000e+01 -1.083769633507853669e+01 3.570679999999999965e-01
-7.500000000000000000e+01 -9.895287958115185134e+00 1.646320000000000006e-01
-7.500000000000000000e+01 -8.952879581151833577e+00 4.517800000000000149e-01
-7.500000000000000000e+01 -8.010471204188482020e+00 2.346959999999999880e-01
-7.500000000000000000e+01 -7.068062827225130462e+00 3.560399999999999676e-02
-7.500000000000000000e+01 -6.125654450261779793e+00 6.070300000000000001e-02
-7.500000000000000000e+01 -5.183246073298429124e+00 4.566900000000000126e-02
-7.500000000000000000e+01 -4.240837696335078455e+00 2.003299999999999872e-02
-7.500000000000000000e+01 -3.298429319371727786e+00 2.305999999999999890e-03
-7.500000000000000000e+01 -2.356020942408377117e+00 6.376999999999999856e-03
-7.500000000000000000e+01 -1.413612565445026226e+00 5.597000000000000412e-03
-7.500000000000000000e+01 -4.712041884816753901e-01 2.297400000000000136e-02
-7.500000000000000000e+01 4.712041884816753901e-01 2.297400000000000136e-02
-7.500000000000000000e+01 1.413612565445026226e+00 5.110529999999999795e-01
-7.500000000000000000e+01 2.356020942408377117e+00 8.560980000000000256e-01
-7.375000000000000000e+01 -1.460732984293194114e+01 0.000000000000000000e+00
-7.375000000000000000e+01 -1.366492146596859136e+01 1.302490000000000037e-01
-7.375000000000000000e+01 -1.272251308900523981e+01 8.468299999999999439e-02
-7.375000000000000000e+01 -1.178010471204188825e+01 9.693499999999999339e-02
-7.375000000000000000e+01 -1.083769633507853669e+01 9.161299999999999999e-02
-7.375000000000000000e+01 -9.895287958115185134e+00 5.654499999999999804e-02
-7.375000000000000000e+01 -8.952879581151833577e+00 8.334700000000000442e-02
-7.375000000000000000e+01 -8.010471204188482020e+00 1.037359999999999949e-01
-7.375000000000000000e+01 -7.068062827225130462e+00 1.889599999999999960e-02
-7.375000000000000000e+01 -6.125654450261779793e+00 2.464699999999999877e-02
-7.375000000000000000e+01 -5.183246073298429124e+00 7.177999999999999658e-02
-7.375000000000000000e+01 -4.240837696335078455e+00 2.272499999999999867e-02
-7.375000000000000000e+01 -3.298429319371727786e+00 7.262000000000000226e-03
-7.375000000000000000e+01 -2.356020942408377117e+00 5.409999999999999878e-03
-7.375000000000000000e+01 -1.413612565445026226e+00 9.421799999999999620e-02
-7.375000000000000000e+01 -4.712041884816753901e-01 2.467000000000000009e-03
-7.375000000000000000e+01 4.712041884816753901e-01 2.467000000000000009e-03
-7.375000000000000000e+01 1.413612565445026226e+00 3.635300000000000337e-02
-7.250000000000000000e+01 -1.460732984293194114e+01 5.432000000000000196e-03
-7.250000000000000000e+01 -1.366492146596859136e+01 1.374849999999999961e-01
-7.250000000000000000e+01 -1.272251308900523981e+01 1.723619999999999874e-01
-7.250000000000000000e+01 -1.178010471204188825e+01 4.301300000000000262e-02
-7.250000000000000000e+01 -1.083769633507853669e+01 6.879999999999999831e-03
-7.250000000000000000e+01 -9.895287958115185134e+00 0.000000000000000000e+00
-7.250000000000000000e+01 -8.952879581151833577e+00 9.960000000000000103e-03
-7.250000000000000000e+01 -8.010471204188482020e+00 3.920930000000000248e-01
-7.250000000000000000e+01 -7.068062827225130462e+00 1.171320000000000000e-01
-7.250000000000000000e+01 -6.125654450261779793e+00 9.730000000000000151e-04
-7.250000000000000000e+01 -5.183246073298429124e+00 9.737000000000000863e-03
-7.250000000000000000e+01 -4.240837696335078455e+00 1.123389999999999944e-01
-7.250000000000000000e+01 -3.298429319371727786e+00 2.123999999999999846e-02
-7.250000000000000000e+01 -2.356020942408377117e+00 5.292800000000000282e-02
-7.250000000000000000e+01 -1.413612565445026226e+00 1.595299999999999843e-02
-7.250000000000000000e+01 -4.712041884816753901e-01 6.908000000000000078e-03
-7.250000000000000000e+01 4.712041884816753901e-01 6.908000000000000078e-03
-7.250000000000000000e+01 1.413612565445026226e+00 1.020399999999999953e-02
-7.125000000000000000e+01 -1.460732984293194114e+01 9.079900000000000471e-02
-7.125000000000000000e+01 -1.366492146596859136e+01 2.439500000000000002e-02
-7.125000000000000000e+01 -1.272251308900523981e+01 1.429620000000000057e-01
-7.125000000000000000e+01 -1.178010471204188825e+01 0.000000000000000000e+00
-7.125000000000000000e+01 -1.083769633507853669e+01 0.000000000000000000e+00
-7.125000000000000000e+01 -9.895287958115185134e+00 6.791000000000000161e-03
-7.125000000000000000e+01 -8.952879581151833577e+00 6.431499999999999717e-02
-7.125000000000000000e+01 -8.010471204188482020e+00 4.731349999999999723e-01
-7.125000000000000000e+01 -7.068062827225130462e+00 9.634000000000000202e-03
-7.125000000000000000e+01 -6.125654450261779793e+00 4.655000000000000283e-03
-7.125000000000000000e+01 -5.183246073298429124e+00 2.429999999999999977e-04
-7.125000000000000000e+01 -4.240837696335078455e+00 3.017699999999999896e-02
-7.125000000000000000e+01 -3.298429319371727786e+00 2.390000000000000089e-04
-7.125000000000000000e+01 -2.356020942408377117e+00 3.830800000000000177e-02
-7.125000000000000000e+01 -1.413612565445026226e+00 3.592000000000000141e-03
-7.125000000000000000e+01 -4.712041884816753901e-01 0.000000000000000000e+00
-7.125000000000000000e+01 4.712041884816753901e-01 0.000000000000000000e+00
-7.125000000000000000e+01 1.413612565445026226e+00 8.788999999999999591e-02
-7.000000000000000000e+01 -1.366492146596859136e+01 8.580000000000000820e-03
-7.000000000000000000e+01 -1.272251308900523981e+01 3.093420000000000059e-01
-7.000000000000000000e+01 -1.178010471204188825e+01 1.872800000000000159e-02
-7.000000000000000000e+01 -1.083769633507853669e+01 2.951599999999999779e-01
-7.000000000000000000e+01 -9.895287958115185134e+00 1.897799999999999834e-02
-7.000000000000000000e+01 -8.952879581151833577e+00 1.600939999999999863e-01
-7.000000000000000000e+01 -8.010471204188482020e+00 2.727499999999999925e-01
-7.000000000000000000e+01 -7.068062827225130462e+00 3.519300000000000206e-02
-7.000000000000000000e+01 -6.125654450261779793e+00 1.861000000000000024e-03
-7.000000000000000000e+01 -5.183246073298429124e+00 8.040000000000000271e-04
-7.000000000000000000e+01 -4.240837696335078455e+00 1.160869999999999957e-01
-7.000000000000000000e+01 -3.298429319371727786e+00 6.007400000000000240e-02
-7.000000000000000000e+01 -2.356020942408377117e+00 1.920600000000000085e-02
-7.000000000000000000e+01 -1.413612565445026226e+00 3.255000000000000254e-02
-7.000000000000000000e+01 -4.712041884816753901e-01 1.220300000000000031e-02
-7.000000000000000000e+01 4.712041884816753901e-01 1.220300000000000031e-02
-7.000000000000000000e+01 1.413612565445026226e+00 7.471000000000000210e-03
-6.875000000000000000e+01 -1.554973821989529448e+01 6.769999999999999759e-04
-6.875000000000000000e+01 -1.460732984293194114e+01 3.314199999999999785e-02
-6.875000000000000000e+01 -1.366492146596859136e+01 7.872000000000000525e-03
-6.875000000000000000e+01 -1.272251308900523981e+01 1.179469999999999963e-01
-6.875000000000000000e+01 -1.178010471204188825e+01 3.228539999999999743e-01
-6.875000000000000000e+01 -1.083769633507853669e+01 5.591899999999999649e-01
-6.875000000000000000e+01 -9.895287958115185134e+00 8.933599999999999874e-02
-6.875000000000000000e+01 -8.952879581151833577e+00 3.997870000000000035e-01
-6.875000000000000000e+01 -8.010471204188482020e+00 3.203000000000000118e-03
-6.875000000000000000e+01 -7.068062827225130462e+00 2.047999999999999907e-03
-6.875000000000000000e+01 -6.125654450261779793e+00 1.129999999999999928e-03
-6.875000000000000000e+01 -5.183246073298429124e+00 4.840000000000000010e-04
-6.875000000000000000e+01 -4.240837696335078455e+00 4.423999999999999981e-03
-6.875000000000000000e+01 -3.298429319371727786e+00 7.030999999999999923e-03
-6.875000000000000000e+01 -2.356020942408377117e+00 5.080000000000000314e-03
-6.875000000000000000e+01 -1.413612565445026226e+00 9.591999999999999832e-03
-6.875000000000000000e+01 -4.712041884816753901e-01 1.129100000000000069e-02
-6.875000000000000000e+01 4.712041884816753901e-01 1.129100000000000069e-02
-6.875000000000000000e+01 1.413612565445026226e+00 1.501700000000000083e-02
-6.875000000000000000e+01 2.356020942408377117e+00 6.131000000000000165e-03
-6.750000000000000000e+01 -1.649214659685864603e+01 2.701189999999999980e-01
-6.750000000000000000e+01 -1.554973821989529448e+01 2.701189999999999980e-01
-6.750000000000000000e+01 -1.460732984293194114e+01 1.313139999999999863e-01
-6.750000000000000000e+01 -1.366492146596859136e+01 1.004459999999999936e-01
-6.750000000000000000e+01 -1.272251308900523981e+01 1.066899999999999966e-02
-6.750000000000000000e+01 -1.178010471204188825e+01 1.734300000000000078e-02
-6.750000000000000000e+01 -1.083769633507853669e+01 3.524280000000000190e-01
-6.750000000000000000e+01 -9.895287958115185134e+00 7.858829999999999982e-01
-6.750000000000000000e+01 -8.952879581151833577e+00 1.899339999999999917e-01
-6.750000000000000000e+01 -8.010471204188482020e+00 1.038999999999999993e-03
-6.750000000000000000e+01 -7.068062827225130462e+00 8.919999999999999978e-04
-6.750000000000000000e+01 -6.125654450261779793e+00 5.134999999999999808e-03
-6.750000000000000000e+01 -5.183246073298429124e+00 1.128000000000000096e-03
-6.750000000000000000e+01 -4.240837696335078455e+00 8.059999999999999673e-04
-6.750000000000000000e+01 -3.298429319371727786e+00 1.562799999999999953e-02
-6.750000000000000000e+01 -2.356020942408377117e+00 3.310000000000000225e-04
-6.750000000000000000e+01 -1.413612565445026226e+00 8.000000000000000654e-05
-6.750000000000000000e+01 -4.712041884816753901e-01 8.989999999999999511e-04
-6.750000000000000000e+01 4.712041884816753901e-01 8.989999999999999511e-04
-6.750000000000000000e+01 1.413612565445026226e+00 6.081999999999999733e-03
-6.750000000000000000e+01 2.356020942408377117e+00 7.219999999999999855e-04
-6.625000000000000000e+01 -1.837696335078534560e+01 8.382100000000000661e-02
-6.625000000000000000e+01 -1.743455497382199582e+01 2.367229999999999890e-01
-6.625000000000000000e+01 -1.649214659685864603e+01 1.786999999999999960e-03
-6.625000000000000000e+01 -1.554973821989529448e+01 1.786999999999999960e-03
-6.625000000000000000e+01 -1.460732984293194114e+01 1.127599999999999957e-02
-6.625000000000000000e+01 -1.366492146596859136e+01 1.134000000000000025e-03
-6.625000000000000000e+01 -1.272251308900523981e+01 0.000000000000000000e+00
-6.625000000000000000e+01 -1.178010471204188825e+01 1.179999999999999973e-02
-6.625000000000000000e+01 -1.083769633507853669e+01 1.575449999999999906e-01
-6.625000000000000000e+01 -9.895287958115185134e+00 2.264549999999999896e-01
-6.625000000000000000e+01 -8.952879581151833577e+00 1.575409999999999866e-01
-6.625000000000000000e+01 -8.010471204188482020e+00 2.295000000000000165e-03
-6.625000000000000000e+01 -7.068062827225130462e+00 8.109999999999999805e-04
-6.625000000000000000e+01 -6.125654450261779793e+00 1.610000000000000103e-04
-6.625000000000000000e+01 -5.183246073298429124e+00 3.260000000000000094e-04
-6.625000000000000000e+01 -4.240837696335078455e+00 3.536000000000000081e-03
-6.625000000000000000e+01 -3.298429319371727786e+00 1.536599999999999945e-02
-6.625000000000000000e+01 -2.356020942408377117e+00 6.369999999999999794e-03
-6.625000000000000000e+01 -1.413612565445026226e+00 0.000000000000000000e+00
-6.625000000000000000e+01 -4.712041884816753901e-01 2.425000000000000072e-03
-6.625000000000000000e+01 4.712041884816753901e-01 2.425000000000000072e-03
-6.625000000000000000e+01 1.413612565445026226e+00 9.242300000000000515e-02
-6.625000000000000000e+01 2.356020942408377117e+00 9.842900000000000260e-02
-6.500000000000000000e+01 -1.837696335078534560e+01 2.485300000000000009e-02
-6.500000000000000000e+01 -1.743455497382199582e+01 4.557100000000000040e-01
-6.500000000000000000e+01 -1.649214659685864603e+01 5.129100000000000326e-02
-6.500000000000000000e+01 -1.554973821989529448e+01 5.129100000000000326e-02
-6.500000000000000000e+01 -1.460732984293194114e+01 1.054700000000000082e-02
-6.500000000000000000e+01 -1.366492146596859136e+01 5.856000000000000094e-03
-6.500000000000000000e+01 -1.272251308900523981e+01 2.407999999999999984e-03
-6.500000000000000000e+01 -1.178010471204188825e+01 7.576000000000000269e-03
-6.500000000000000000e+01 -1.083769633507853669e+01 2.016640000000000099e-01
-6.500000000000000000e+01 -9.895287958115185134e+00 6.269980000000000553e-01
-6.500000000000000000e+01 -8.952879581151833577e+00 1.386560000000000015e-01
-6.500000000000000000e+01 -8.010471204188482020e+00 6.892999999999999822e-03
-6.500000000000000000e+01 -7.068062827225130462e+00 5.580800000000000344e-02
-6.500000000000000000e+01 -6.125654450261779793e+00 1.147999999999999932e-03
-6.500000000000000000e+01 -5.183246073298429124e+00 2.255100000000000160e-02
-6.500000000000000000e+01 -4.240837696335078455e+00 1.968100000000000058e-02
-6.500000000000000000e+01 -3.298429319371727786e+00 4.324999999999999678e-02
-6.500000000000000000e+01 -2.356020942408377117e+00 4.329999999999999648e-03
-6.500000000000000000e+01 -1.413612565445026226e+00 1.791999999999999973e-03
-6.500000000000000000e+01 -4.712041884816753901e-01 7.742999999999999883e-03
-6.500000000000000000e+01 4.712041884816753901e-01 7.742999999999999883e-03
-6.500000000000000000e+01 1.413612565445026226e+00 2.658999999999999905e-03
-6.375000000000000000e+01 -2.026178010471204516e+01 8.333329999999999904e-01
-6.375000000000000000e+01 -1.931937172774869538e+01 2.606589999999999741e-01
-6.375000000000000000e+01 -1.837696335078534560e+01 1.439890000000000059e-01
-6.375000000000000000e+01 -1.743455497382199582e+01 5.350949999999999873e-01
-6.375000000000000000e+01 -1.649214659685864603e+01 6.327599999999999891e-02
-6.375000000000000000e+01 -1.554973821989529448e+01 6.327599999999999891e-02
-6.375000000000000000e+01 -1.460732984293194114e+01 3.550199999999999884e-02
-6.375000000000000000e+01 -1.366492146596859136e+01 3.798999999999999860e-03
-6.375000000000000000e+01 -1.272251308900523981e+01 2.674999999999999861e-03
-6.375000000000000000e+01 -1.178010471204188825e+01 2.298429999999999918e-01
-6.375000000000000000e+01 -1.083769633507853669e+01 6.114399999999999696e-02
-6.375000000000000000e+01 -9.895287958115185134e+00 5.162569999999999659e-01
-6.375000000000000000e+01 -8.952879581151833577e+00 8.093380000000000019e-01
-6.375000000000000000e+01 -8.010471204188482020e+00 4.002279999999999727e-01
-6.375000000000000000e+01 -7.068062827225130462e+00 1.307089999999999919e-01
-6.375000000000000000e+01 -6.125654450261779793e+00 4.970999999999999724e-03
-6.375000000000000000e+01 -5.183246073298429124e+00 2.389300000000000104e-02
-6.375000000000000000e+01 -4.240837696335078455e+00 1.100379999999999969e-01
-6.375000000000000000e+01 -3.298429319371727786e+00 1.420599999999999988e-02
-6.375000000000000000e+01 -2.356020942408377117e+00 3.249999999999999851e-04
-6.375000000000000000e+01 -1.413612565445026226e+00 3.240000000000000150e-04
-6.375000000000000000e+01 -4.712041884816753901e-01 1.828999999999999897e-03
-6.375000000000000000e+01 4.712041884816753901e-01 1.828999999999999897e-03
-6.375000000000000000e+01 1.413612565445026226e+00 1.107900000000000031e-02
-6.375000000000000000e+01 3.298429319371727786e+00 2.300200000000000161e-02
-6.250000000000000000e+01 -1.931937172774869538e+01 3.972769999999999913e-01
-6.250000000000000000e+01 -1.837696335078534560e+01 7.241459999999999564e-01
-6.250000000000000000e+01 -1.743455497382199582e+01 8.161260000000000181e-01
-6.250000000000000000e+01 -1.649214659685864603e+01 9.997499999999999443e-02
-6.250000000000000000e+01 -1.554973821989529448e+01 9.997499999999999443e-02
-6.250000000000000000e+01 -1.460732984293194114e+01 7.910999999999999630e-03
-6.250000000000000000e+01 -1.366492146596859136e+01 2.263999999999999953e-03
-6.250000000000000000e+01 -1.272251308900523981e+01 1.157999999999999958e-03
-6.250000000000000000e+01 -1.178010471204188825e+01 3.397209999999999952e-01
-6.250000000000000000e+01 -1.083769633507853669e+01 3.385500000000000176e-01
-6.250000000000000000e+01 -9.895287958115185134e+00 9.709330000000000460e-01
-6.250000000000000000e+01 -8.952879581151833577e+00 4.074289999999999856e-01
-6.250000000000000000e+01 -8.010471204188482020e+00 2.522260000000000058e-01
-6.250000000000000000e+01 -7.068062827225130462e+00 4.774269999999999903e-01
-6.250000000000000000e+01 -6.125654450261779793e+00 1.338439999999999908e-01
-6.250000000000000000e+01 -5.183246073298429124e+00 2.396000000000000126e-03
-6.250000000000000000e+01 -4.240837696335078455e+00 1.193400000000000016e-01
-6.250000000000000000e+01 -3.298429319371727786e+00 1.735300000000000037e-02
-6.250000000000000000e+01 -2.356020942408377117e+00 1.056999999999999997e-03
-6.250000000000000000e+01 -1.413612565445026226e+00 3.094900000000000082e-02
-6.250000000000000000e+01 -4.712041884816753901e-01 6.509999999999999945e-04
-6.250000000000000000e+01 4.712041884816753901e-01 6.509999999999999945e-04
-6.250000000000000000e+01 1.413612565445026226e+00 1.435000000000000078e-03
-6.250000000000000000e+01 2.356020942408377117e+00 1.075800000000000020e-02
-6.250000000000000000e+01 3.298429319371727786e+00 0.000000000000000000e+00
-6.125000000000000000e+01 -1.837696335078534560e+01 1.968090000000000117e-01
-6.125000000000000000e+01 -1.743455497382199582e+01 3.045880000000000254e-01
-6.125000000000000000e+01 -1.649214659685864603e+01 2.805320000000000036e-01
-6.125000000000000000e+01 -1.554973821989529448e+01 2.805320000000000036e-01
-6.125000000000000000e+01 -1.460732984293194114e+01 6.018099999999999838e-02
-6.125000000000000000e+01 -1.366492146596859136e+01 3.887199999999999683e-02
-6.125000000000000000e+01 -1.272251308900523981e+01 6.146749999999999714e-01
-6.125000000000000000e+01 -1.178010471204188825e+01 7.723250000000000393e-01
-6.125000000000000000e+01 -1.083769633507853669e+01 4.174889999999999990e-01
-6.125000000000000000e+01 -9.895287958115185134e+00 2.391659999999999897e-01
-6.125000000000000000e+01 -8.952879581151833577e+00 8.802799999999999514e-02
-6.125000000000000000e+01 -8.010471204188482020e+00 1.555900000000000061e-01
-6.125000000000000000e+01 -7.068062827225130462e+00 5.340700000000000308e-02
-6.125000000000000000e+01 -6.125654450261779793e+00 7.135299999999999976e-02
-6.125000000000000000e+01 -5.183246073298429124e+00 1.226389999999999980e-01
-6.125000000000000000e+01 -4.240837696335078455e+00 4.036649999999999960e-01
-6.125000000000000000e+01 -3.298429319371727786e+00 3.925750000000000073e-01
-6.125000000000000000e+01 -2.356020942408377117e+00 6.252999999999999878e-03
-6.125000000000000000e+01 -1.413612565445026226e+00 2.334100000000000064e-02
-6.125000000000000000e+01 -4.712041884816753901e-01 2.147249999999999992e-01
-6.125000000000000000e+01 4.712041884816753901e-01 2.147249999999999992e-01
-6.125000000000000000e+01 1.413612565445026226e+00 2.251529999999999920e-01
-6.125000000000000000e+01 2.356020942408377117e+00 5.987390000000000212e-01
-6.125000000000000000e+01 3.298429319371727786e+00 2.521360000000000268e-01
-6.125000000000000000e+01 4.240837696335078455e+00 3.307800000000000323e-02
-6.000000000000000000e+01 -1.554973821989529448e+01 9.554100000000000092e-02
-6.000000000000000000e+01 -1.460732984293194114e+01 3.934050000000000047e-01
-6.000000000000000000e+01 -1.366492146596859136e+01 4.226650000000000129e-01
-6.000000000000000000e+01 -1.272251308900523981e+01 3.613199999999999745e-01
-6.000000000000000000e+01 -1.178010471204188825e+01 1.191279999999999978e-01
-6.000000000000000000e+01 -1.083769633507853669e+01 1.132999999999999893e-03
-6.000000000000000000e+01 -9.895287958115185134e+00 5.420699999999999824e-02
-6.000000000000000000e+01 -8.952879581151833577e+00 5.904000000000000394e-03
-6.000000000000000000e+01 -8.010471204188482020e+00 1.688100000000000017e-02
-6.000000000000000000e+01 -7.068062827225130462e+00 4.095260000000000011e-01
-6.000000000000000000e+01 -6.125654450261779793e+00 7.481699999999999462e-02
-6.000000000000000000e+01 -5.183246073298429124e+00 8.643800000000000094e-02
-6.000000000000000000e+01 -4.240837696335078455e+00 5.031759999999999566e-01
-6.000000000000000000e+01 -3.298429319371727786e+00 7.640069999999999917e-01
-6.000000000000000000e+01 -2.356020942408377117e+00 7.212309999999999555e-01
-6.000000000000000000e+01 -1.413612565445026226e+00 2.588190000000000213e-01
-6.000000000000000000e+01 -4.712041884816753901e-01 9.712700000000000500e-02
-6.000000000000000000e+01 4.712041884816753901e-01 9.712700000000000500e-02
-6.000000000000000000e+01 1.413612565445026226e+00 7.113120000000000553e-01
-6.000000000000000000e+01 2.356020942408377117e+00 1.512819999999999998e-01
-6.000000000000000000e+01 3.298429319371727786e+00 1.195920000000000039e-01
-6.000000000000000000e+01 4.240837696335078455e+00 1.265299999999999932e-02
-6.000000000000000000e+01 5.183246073298429124e+00 1.274999999999999918e-02
-5.875000000000000000e+01 -1.366492146596859136e+01 5.047999999999999710e-02
-5.875000000000000000e+01 -1.272251308900523981e+01 4.355000000000000364e-03
-5.875000000000000000e+01 -1.178010471204188825e+01 1.995609999999999884e-01
-5.875000000000000000e+01 -1.083769633507853669e+01 4.078269999999999951e-01
-5.875000000000000000e+01 -9.895287958115185134e+00 2.515370000000000106e-01
-5.875000000000000000e+01 -8.952879581151833577e+00 4.898099999999999676e-02
-5.875000000000000000e+01 -8.010471204188482020e+00 2.400000000000000061e-04
-5.875000000000000000e+01 -7.068062827225130462e+00 2.306459999999999899e-01
-5.875000000000000000e+01 -6.125654450261779793e+00 1.565899999999999931e-02
-5.875000000000000000e+01 -5.183246073298429124e+00 1.229000000000000058e-03
-5.875000000000000000e+01 -4.240837696335078455e+00 3.198039999999999772e-01
-5.875000000000000000e+01 -3.298429319371727786e+00 7.913569999999999771e-01
-5.875000000000000000e+01 -2.356020942408377117e+00 2.525970000000000160e-01
-5.875000000000000000e+01 -1.413612565445026226e+00 4.239999999999999845e-03
-5.875000000000000000e+01 -4.712041884816753901e-01 0.000000000000000000e+00
-5.875000000000000000e+01 4.712041884816753901e-01 0.000000000000000000e+00
-5.750000000000000000e+01 -1.366492146596859136e+01 5.371999999999999692e-02
-5.750000000000000000e+01 -1.272251308900523981e+01 6.454000000000000015e-02
-5.750000000000000000e+01 -1.178010471204188825e+01 5.060409999999999631e-01
-5.750000000000000000e+01 -1.083769633507853669e+01 3.851629999999999776e-01
-5.750000000000000000e+01 -9.895287958115185134e+00 4.009320000000000106e-01
-5.750000000000000000e+01 -8.952879581151833577e+00 2.300800000000000067e-02
-5.750000000000000000e+01 -8.010471204188482020e+00 2.475000000000000203e-03
-5.750000000000000000e+01 -7.068062827225130462e+00 1.324600000000000083e-02
-5.750000000000000000e+01 -6.125654450261779793e+00 2.143579999999999930e-01
-5.750000000000000000e+01 -5.183246073298429124e+00 6.936999999999999590e-03
-5.750000000000000000e+01 -4.240837696335078455e+00 1.440379999999999994e-01
-5.750000000000000000e+01 -3.298429319371727786e+00 4.832179999999999809e-01
-5.750000000000000000e+01 -2.356020942408377117e+00 8.441999999999999504e-02
-5.750000000000000000e+01 -1.413612565445026226e+00 1.253499999999999927e-02
-5.750000000000000000e+01 -4.712041884816753901e-01 1.693300000000000013e-02
-5.750000000000000000e+01 4.712041884816753901e-01 1.693300000000000013e-02
-5.750000000000000000e+01 1.413612565445026226e+00 7.098699999999999455e-02
-5.625000000000000000e+01 -1.366492146596859136e+01 3.557730000000000059e-01
-5.625000000000000000e+01 -1.272251308900523981e+01 3.416460000000000052e-01
-5.625000000000000000e+01 -1.178010471204188825e+01 7.399299999999999766e-01
-5.625000000000000000e+01 -1.083769633507853669e+01 5.121219999999999661e-01
-5.625000000000000000e+01 -9.895287958115185134e+00 8.094890000000000141e-01
-5.625000000000000000e+01 -8.952879581151833577e+00 4.155699999999999672e-02
-5.625000000000000000e+01 -8.010471204188482020e+00 8.529999999999999388e-03
-5.625000000000000000e+01 -7.068062827225130462e+00 1.249299999999999994e-01
-5.625000000000000000e+01 -6.125654450261779793e+00 3.056969999999999965e-01
-5.625000000000000000e+01 -5.183246073298429124e+00 4.282079999999999775e-01
-5.625000000000000000e+01 -4.240837696335078455e+00 4.585910000000000264e-01
-5.625000000000000000e+01 -3.298429319371727786e+00 8.706300000000000150e-02
-5.625000000000000000e+01 -2.356020942408377117e+00 4.308830000000000160e-01
-5.625000000000000000e+01 -1.413612565445026226e+00 2.951300000000000104e-02
-5.625000000000000000e+01 -4.712041884816753901e-01 8.000000000000000654e-05
-5.625000000000000000e+01 4.712041884816753901e-01 8.000000000000000654e-05
-5.625000000000000000e+01 1.413612565445026226e+00 0.000000000000000000e+00
-5.500000000000000000e+01 -1.460732984293194114e+01 1.828790000000000138e-01
-5.500000000000000000e+01 -1.366492146596859136e+01 4.329899999999999721e-02
-5.500000000000000000e+01 -1.272251308900523981e+01 4.516850000000000032e-01
-5.500000000000000000e+01 -1.178010471204188825e+01 7.554210000000000091e-01
-5.500000000000000000e+01 -1.083769633507853669e+01 8.305770000000000097e-01
-5.500000000000000000e+01 -9.895287958115185134e+00 7.646399999999999864e-01
-5.500000000000000000e+01 -8.952879581151833577e+00 9.384599999999999886e-02
-5.500000000000000000e+01 -8.010471204188482020e+00 3.175839999999999774e-01
-5.500000000000000000e+01 -7.068062827225130462e+00 3.211640000000000050e-01
-5.500000000000000000e+01 -6.125654450261779793e+00 6.646399999999999531e-02
-5.500000000000000000e+01 -5.183246073298429124e+00 2.618900000000000047e-02
-5.500000000000000000e+01 -4.240837696335078455e+00 5.320049999999999502e-01
-5.500000000000000000e+01 -3.298429319371727786e+00 5.680610000000000381e-01
-5.500000000000000000e+01 -2.356020942408377117e+00 6.166629999999999612e-01
-5.500000000000000000e+01 -1.413612565445026226e+00 3.089599999999999985e-02
-5.500000000000000000e+01 -4.712041884816753901e-01 2.420000000000000005e-04
-5.500000000000000000e+01 4.712041884816753901e-01 2.420000000000000005e-04
-5.500000000000000000e+01 1.413612565445026226e+00 2.420000000000000005e-04
-5.500000000000000000e+01 2.356020942408377117e+00 5.760000000000000146e-04
-5.375000000000000000e+01 -1.460732984293194114e+01 4.079999999999999968e-04
-5.375000000000000000e+01 -1.366492146596859136e+01 4.129000000000000031e-02
-5.375000000000000000e+01 -1.272251308900523981e+01 2.116500000000000048e-01
-5.375000000000000000e+01 -1.178010471204188825e+01 1.975300000000000111e-01
-5.375000000000000000e+01 -1.083769633507853669e+01 2.780610000000000026e-01
-5.375000000000000000e+01 -9.895287958115185134e+00 3.522500000000000075e-01
-5.375000000000000000e+01 -8.952879581151833577e+00 1.329400000000000026e-02
-5.375000000000000000e+01 -8.010471204188482020e+00 8.000000000000000654e-05
-5.375000000000000000e+01 -7.068062827225130462e+00 2.101000000000000003e-03
-5.375000000000000000e+01 -6.125654450261779793e+00 6.347000000000000211e-03
-5.375000000000000000e+01 -5.183246073298429124e+00 3.327999999999999795e-03
-5.375000000000000000e+01 -4.240837696335078455e+00 5.169270000000000254e-01
-5.375000000000000000e+01 -3.298429319371727786e+00 5.512660000000000338e-01
-5.375000000000000000e+01 -2.356020942408377117e+00 4.893680000000000252e-01
-5.375000000000000000e+01 -1.413612565445026226e+00 1.018440000000000040e-01
-5.375000000000000000e+01 -4.712041884816753901e-01 9.719999999999999907e-04
-5.375000000000000000e+01 4.712041884816753901e-01 9.719999999999999907e-04
-5.375000000000000000e+01 1.413612565445026226e+00 1.217999999999999899e-03
-5.375000000000000000e+01 2.356020942408377117e+00 1.054000000000000032e-03
-5.250000000000000000e+01 -1.366492146596859136e+01 1.288800000000000015e-02
-5.250000000000000000e+01 -1.272251308900523981e+01 2.155990000000000129e-01
-5.250000000000000000e+01 -1.178010471204188825e+01 1.309250000000000136e-01
-5.250000000000000000e+01 -1.083769633507853669e+01 3.020999999999999797e-01
-5.250000000000000000e+01 -9.895287958115185134e+00 9.864900000000000058e-02
-5.250000000000000000e+01 -8.952879581151833577e+00 5.699999999999999772e-04
-5.250000000000000000e+01 -8.010471204188482020e+00 1.825000000000000016e-03
-5.250000000000000000e+01 -7.068062827225130462e+00 1.878099999999999908e-02
-5.250000000000000000e+01 -6.125654450261779793e+00 4.149599999999999816e-02
-5.250000000000000000e+01 -5.183246073298429124e+00 1.755000000000000050e-03
-5.250000000000000000e+01 -4.240837696335078455e+00 1.551869999999999916e-01
-5.250000000000000000e+01 -3.298429319371727786e+00 3.987559999999999993e-01
-5.250000000000000000e+01 -2.356020942408377117e+00 4.324700000000000072e-02
-5.250000000000000000e+01 -1.413612565445026226e+00 5.033100000000000351e-01
-5.250000000000000000e+01 -4.712041884816753901e-01 7.150399999999999812e-02
-5.250000000000000000e+01 4.712041884816753901e-01 7.150399999999999812e-02
-5.125000000000000000e+01 -8.952879581151833577e+00 5.932309999999999528e-01
-5.125000000000000000e+01 -8.010471204188482020e+00 4.187080000000000246e-01
-5.125000000000000000e+01 -7.068062827225130462e+00 4.633680000000000021e-01
-5.125000000000000000e+01 -5.183246073298429124e+00 1.905290000000000039e-01
-5.125000000000000000e+01 -4.240837696335078455e+00 3.556819999999999982e-01
-5.125000000000000000e+01 -3.298429319371727786e+00 5.408399999999999874e-01
-5.125000000000000000e+01 -2.356020942408377117e+00 1.442319999999999991e-01
-5.000000000000000000e+01 -3.298429319371727786e+00 6.801700000000000523e-01
