-7.875000000000000000e+01 -6.125654450261779793e+00 5.070179999999999687e-01
-7.875000000000000000e+01 -5.183246073298429124e+00 2.322589999999999932e-01
-7.875000000000000000e+01 -4.240837696335078455e+00 3.460739999999999927e-01
-7.875000000000000000e+01 -3.298429319371727786e+00 4.480540000000000078e-01
-7.875000000000000000e+01 -2.356020942408377117e+00 0.000000000000000000e+00
-7.875000000000000000e+01 -1.413612565445026226e+00 0.000000000000000000e+00
-7.750000000000000000e+01 -8.952879581151833577e+00 1.897490000000000010e-01
-7.750000000000000000e+01 -8.010471204188482020e+00 1.435049999999999937e-01
-7.750000000000000000e+01 -7.068062827225130462e+00 2.907939999999999969e-01
-7.750000000000000000e+01 -6.125654450261779793e+00 5.559460000000000512e-01
-7.750000000000000000e+01 -5.183246073298429124e+00 1.590910000000000102e-01
-7.750000000000000000e+01 -4.240837696335078455e+00 5.817200000000000149e-02
-7.750000000000000000e+01 -3.298429319371727786e+00 3.437709999999999932e-01
-7.750000000000000000e+01 -2.356020942408377117e+00 2.570529999999999760e-01
-7.750000000000000000e+01 -1.413612565445026226e+00 3.353729999999999767e-01
-7.750000000000000000e+01 -4.712041884816753901e-01 2.012500000000000122e-01
-7.750000000000000000e+01 4.712041884816753901e-01 2.012500000000000122e-01
-7.625000000000000000e+01 -1.083769633507853669e+01 6.636499999999999344e-02
-7.625000000000000000e+01 -9.895287958115185134e+00 1.344909999999999994e-01
-7.625000000000000000e+01 -8.952879581151833577e+00 4.169849999999999945e-01
-7.625000000000000000e+01 -8.010471204188482020e+00 1.404320000000000013e-01
-7.625000000000000000e+01 -7.068062827225130462e+00 2.765639999999999765e-01
-7.625000000000000000e+01 -6.125654450261779793e+00 3.959869999999999779e-01
-7.625000000000000000e+01 -5.183246073298429124e+00 4.002700000000000008e-02
-7.625000000000000000e+01 -4.240837696335078455e+00 1.472000000000000001e-03
-7.625000000000000000e+01 -3.298429319371727786e+00 3.983000000000000429e-03
-7.625000000000000000e+01 -2.356020942408377117e+00 2.553000000000000148e-03
-7.625000000000000000e+01 -1.413612565445026226e+00 2.611000000000000040e-03
-7.625000000000000000e+01 -4.712041884816753901e-01 5.837200000000000027e-02
-7.625000000000000000e+01 4.712041884816753901e-01 5.837200000000000027e-02
-7.625000000000000000e+01 1.413612565445026226e+00 8.108410000000000339e-01
-7.500000000000000000e+01 -1.366492146596859136e+01 7.814200000000000312e-02
-7.500000000000000000e+01 -1.272251308900523981e+01 1.417779999999999874e-01
-7.500000000000000000e+01 -1.178010471204188825e+01 1.241629999999999956e-01
-7.500000000000000000e+01 -1.083769633507853669e+01 3.696619999999999906e-01
-7.500000000000000000e+01 -9.895287958115185134e+00 1.738699999999999968e-01
-7.500000000000000000e+01 -8.952879581151833577e+00 4.720349999999999824e-01
-7.500000000000000000e+01 -8.010471204188482020e+00 2.431190000000000018e-01
-7.500000000000000000e+01 -7.068062827225130462e+00 3.560399999999999676e-02
-7.500000000000000000e+01 -6.125654450261779793e+00 6.070300000000000001e-02
-7.500000000000000000e+01 -5.183246073298429124e+00 4.566900000000000126e-02
-7.500000000000000000e+01 -4.240837696335078455e+00 2.003299999999999872e-02
-7.500000000000000000e+01 -3.298429319371727786e+00 2.305999999999999890e-03
-7.500000000000000000e+01 -2.356020942408377117e+00 6.376999999999999856e-03
-7.500000000000000000e+01 -1.413612565445026226e+00 5.597000000000000412e-03
-7.500000000000000000e+01 -4.712041884816753901e-01 2.479900000000000160e-02
-7.500000000000000000e+01 4.712041884816753901e-01 2.479900000000000160e-02
-7.500000000000000000e+01 1.413612565445026226e+00 5.458389999999999631e-01
-7.500000000000000000e+01 2.356020942408377117e+00 8.838970000000000438e-01
-7.375000000000000000e+01 -1.460732984293194114e+01 0.000000000000000000e+00
-7.375000000000000000e+01 -1.366492146596859136e+01 1.302490000000000037e-01
-7.375000000000000000e+01 -1.272251308900523981e+01 8.591100000000000125e-02
-7.375000000000000000e+01 -1.178010471204188825e+01 9.742699999999999971e-02
-7.375000000000000000e+01 -1.083769633507853669e+01 9.519099999999999784e-02
-7.375000000000000000e+01 -9.895287958115185134e+00 5.654499999999999804e-02
-7.375000000000000000e+01 -8.952879581151833577e+00 8.761499999999999844e-02
-7.375000000000000000e+01 -8.010471204188482020e+00 1.227000000000000035e-01
-7.375000000000000000e+01 -7.068062827225130462e+00 2.492300000000000071e-02
-7.375000000000000000e+01 -6.125654450261779793e+00 2.464699999999999877e-02
-7.375000000000000000e+01 -5.183246073298429124e+00 7.177999999999999658e-02
-7.375000000000000000e+01 -4.240837696335078455e+00 2.272499999999999867e-02
-7.375000000000000000e+01 -3.298429319371727786e+00 7.262000000000000226e-03
-7.375000000000000000e+01 -2.356020942408377117e+00 5.409999999999999878e-03
-7.375000000000000000e+01 -1.413612565445026226e+00 1.116380000000000011e-01
-7.375000000000000000e+01 -4.712041884816753901e-01 2.467000000000000009e-03
-7.375000000000000000e+01 4.712041884816753901e-01 2.467000000000000009e-03
-7.375000000000000000e+01 1.413612565445026226e+00 3.651700000000000085e-02
-7.250000000000000000e+01 -1.460732984293194114e+01 5.432000000000000196e-03
-7.250000000000000000e+01 -1.366492146596859136e+01 1.374849999999999961e-01
-7.250000000000000000e+01 -1.272251308900523981e+01 1.741000000000000048e-01
-7.250000000000000000e+01 -1.178010471204188825e+01 4.366600000000000342e-02
-7.250000000000000000e+01 -1.083769633507853669e+01 6.879999999999999831e-03
-7.250000000000000000e+01 -9.895287958115185134e+00 0.000000000000000000e+00
-7.250000000000000000e+01 -8.952879581151833577e+00 1.028699999999999927e-02
-7.250000000000000000e+01 -8.010471204188482020e+00 4.222290000000000210e-01
-7.250000000000000000e+01 -7.068062827225130462e+00 1.382750000000000090e-01
-7.250000000000000000e+01 -6.125654450261779793e+00 9.730000000000000151e-04
-7.250000000000000000e+01 -5.183246073298429124e+00 9.737000000000000863e-03
-7.250000000000000000e+01 -4.240837696335078455e+00 1.123389999999999944e-01
-7.250000000000000000e+01 -3.298429319371727786e+00 2.123999999999999846e-02
-7.250000000000000000e+01 -2.356020942408377117e+00 5.929500000000000048e-02
-7.250000000000000000e+01 -1.413612565445026226e+00 1.825500000000000039e-02
-7.250000000000000000e+01 -4.712041884816753901e-01 6.908000000000000078e-03
-7.250000000000000000e+01 4.712041884816753901e-01 6.908000000000000078e-03
-7.250000000000000000e+01 1.413612565445026226e+00 1.020399999999999953e-02
-7.125000000000000000e+01 -1.460732984293194114e+01 9.079900000000000471e-02
-7.125000000000000000e+01 -1.366492146596859136e+01 2.439500000000000002e-02
-7.125000000000000000e+01 -1.272251308900523981e+01 1.724390000000000089e-01
-7.125000000000000000e+01 -1.178010471204188825e+01 0.000000000000000000e+00
-7.125000000000000000e+01 -1.083769633507853669e+01 0.000000000000000000e+00
-7.125000000000000000e+01 -9.895287958115185134e+00 6.791000000000000161e-03
-7.125000000000000000e+01 -8.952879581151833577e+00 7.623699999999999921e-02
-7.125000000000000000e+01 -8.010471204188482020e+00 5.247129999999999850e-01
-7.125000000000000000e+01 -7.068062827225130462e+00 1.465299999999999936e-02
-7.125000000000000000e+01 -6.125654450261779793e+00 4.655000000000000283e-03
-7.125000000000000000e+01 -5.183246073298429124e+00 2.429999999999999977e-04
-7.125000000000000000e+01 -4.240837696335078455e+00 3.399200000000000138e-02
-7.125000000000000000e+01 -3.298429319371727786e+00 3.190000000000000019e-04
-7.125000000000000000e+01 -2.356020942408377117e+00 4.173799999999999732e-02
-7.125000000000000000e+01 -1.413612565445026226e+00 3.592000000000000141e-03
-7.125000000000000000e+01 -4.712041884816753901e-01 0.000000000000000000e+00
-7.125000000000000000e+01 4.712041884816753901e-01 0.000000000000000000e+00
-7.125000000000000000e+01 1.413612565445026226e+00 1.008649999999999963e-01
-7.000000000000000000e+01 -1.366492146596859136e+01 8.580000000000000820e-03
-7.000000000000000000e+01 -1.272251308900523981e+01 3.494760000000000089e-01
-7.000000000000000000e+01 -1.178010471204188825e+01 3.574600000000000000e-02
-7.000000000000000000e+01 -1.083769633507853669e+01 3.211979999999999835e-01
-7.000000000000000000e+01 -9.895287958115185134e+00 2.546400000000000052e-02
-7.000000000000000000e+01 -8.952879581151833577e+00 2.088790000000000091e-01
-7.000000000000000000e+01 -8.010471204188482020e+00 3.168619999999999770e-01
-7.000000000000000000e+01 -7.068062827225130462e+00 3.717100000000000265e-02
-7.000000000000000000e+01 -6.125654450261779793e+00 1.861000000000000024e-03
-7.000000000000000000e+01 -5.183246073298429124e+00 8.040000000000000271e-04
-7.000000000000000000e+01 -4.240837696335078455e+00 1.228699999999999931e-01
-7.000000000000000000e+01 -3.298429319371727786e+00 6.865499999999999381e-02
-7.000000000000000000e+01 -2.356020942408377117e+00 2.336699999999999888e-02
-7.000000000000000000e+01 -1.413612565445026226e+00 3.504100000000000270e-02
-7.000000000000000000e+01 -4.712041884816753901e-01 1.220300000000000031e-02
-7.000000000000000000e+01 4.712041884816753901e-01 1.220300000000000031e-02
-7.000000000000000000e+01 1.413612565445026226e+00 7.714999999999999636e-03
-6.875000000000000000e+01 -1.554973821989529448e+01 6.769999999999999759e-04
-6.875000000000000000e+01 -1.460732984293194114e+01 3.518199999999999800e-02
-6.875000000000000000e+01 -1.366492146596859136e+01 1.095600000000000046e-02
-6.875000000000000000e+01 -1.272251308900523981e+01 1.248459999999999986e-01
-6.875000000000000000e+01 -1.178010471204188825e+01 3.485530000000000017e-01
-6.875000000000000000e+01 -1.083769633507853669e+01 5.948520000000000474e-01
-6.875000000000000000e+01 -9.895287958115185134e+00 1.048589999999999939e-01
-6.875000000000000000e+01 -8.952879581151833577e+00 4.388909999999999756e-01
-6.875000000000000000e+01 -8.010471204188482020e+00 7.206999999999999865e-03
-6.875000000000000000e+01 -7.068062827225130462e+00 2.047999999999999907e-03
-6.875000000000000000e+01 -6.125654450261779793e+00 1.129999999999999928e-03
-6.875000000000000000e+01 -5.183246073298429124e+00 4.840000000000000010e-04
-6.875000000000000000e+01 -4.240837696335078455e+00 4.423999999999999981e-03
-6.875000000000000000e+01 -3.298429319371727786e+00 7.030999999999999923e-03
-6.875000000000000000e+01 -2.356020942408377117e+00 5.571000000000000431e-03
-6.875000000000000000e+01 -1.413612565445026226e+00 1.015600000000000010e-02
-6.875000000000000000e+01 -4.712041884816753901e-01 1.129100000000000069e-02
-6.875000000000000000e+01 4.712041884816753901e-01 1.129100000000000069e-02
-6.875000000000000000e+01 1.413612565445026226e+00 1.542499999999999948e-02
-6.875000000000000000e+01 2.356020942408377117e+00 6.131000000000000165e-03
-6.750000000000000000e+01 -1.649214659685864603e+01 2.765810000000000213e-01
-6.750000000000000000e+01 -1.554973821989529448e+01 2.765810000000000213e-01
-6.750000000000000000e+01 -1.460732984293194114e+01 1.451800000000000035e-01
-6.750000000000000000e+01 -1.366492146596859136e+01 1.114809999999999968e-01
-6.750000000000000000e+01 -1.272251308900523981e+01 1.487199999999999980e-02
-6.750000000000000000e+01 -1.178010471204188825e+01 1.873400000000000065e-02
-6.750000000000000000e+01 -1.083769633507853669e+01 3.826899999999999746e-01
-6.750000000000000000e+01 -9.895287958115185134e+00 8.033470000000000333e-01
-6.750000000000000000e+01 -8.952879581151833577e+00 2.198549999999999949e-01
-6.750000000000000000e+01 -8.010471204188482020e+00 1.038999999999999993e-03
-6.750000000000000000e+01 -7.068062827225130462e+00 8.919999999999999978e-04
-6.750000000000000000e+01 -6.125654450261779793e+00 5.379000000000000101e-03
-6.750000000000000000e+01 -5.183246073298429124e+00 1.128000000000000096e-03
-6.750000000000000000e+01 -4.240837696335078455e+00 8.059999999999999673e-04
-6.750000000000000000e+01 -3.298429319371727786e+00 1.562799999999999953e-02
-6.750000000000000000e+01 -2.356020942408377117e+00 3.310000000000000225e-04
-6.750000000000000000e+01 -1.413612565445026226e+00 8.000000000000000654e-05
-6.750000000000000000e+01 -4.712041884816753901e-01 8.989999999999999511e-04
-6.750000000000000000e+01 4.712041884816753901e-01 8.989999999999999511e-04
-6.750000000000000000e+01 1.413612565445026226e+00 6.081999999999999733e-03
-6.750000000000000000e+01 2.356020942408377117e+00 7.219999999999999855e-04
-6.625000000000000000e+01 -1.837696335078534560e+01 8.382100000000000661e-02
-6.625000000000000000e+01 -1.743455497382199582e+01 2.504859999999999864e-01
-6.625000000000000000e+01 -1.649214659685864603e+01 1.786999999999999960e-03
-6.625000000000000000e+01 -1.554973821989529448e+01 1.786999999999999960e-03
-6.625000000000000000e+01 -1.460732984293194114e+01 1.427800000000000076e-02
-6.625000000000000000e+01 -1.366492146596859136e+01 1.134000000000000025e-03
-6.625000000000000000e+01 -1.272251308900523981e+01 0.000000000000000000e+00
-6.625000000000000000e+01 -1.178010471204188825e+01 1.293099999999999979e-02
-6.625000000000000000e+01 -1.083769633507853669e+01 1.742279999999999940e-01
-6.625000000000000000e+01 -9.895287958115185134e+00 2.383689999999999976e-01
-6.625000000000000000e+01 -8.952879581151833577e+00 1.775170000000000081e-01
-6.625000000000000000e+01 -8.010471204188482020e+00 2.295000000000000165e-03
-6.625000000000000000e+01 -7.068062827225130462e+00 8.109999999999999805e-04
-6.625000000000000000e+01 -6.125654450261779793e+00 1.610000000000000103e-04
-6.625000000000000000e+01 -5.183246073298429124e+00 3.260000000000000094e-04
-6.625000000000000000e+01 -4.240837696335078455e+00 3.536000000000000081e-03
-6.625000000000000000e+01 -3.298429319371727786e+00 1.621099999999999972e-02
-6.625000000000000000e+01 -2.356020942408377117e+00 6.369999999999999794e-03
-6.625000000000000000e+01 -1.413612565445026226e+00 0.000000000000000000e+00
-6.625000000000000000e+01 -4.712041884816753901e-01 2.425000000000000072e-03
-6.625000000000000000e+01 4.712041884816753901e-01 2.425000000000000072e-03
-6.625000000000000000e+01 1.413612565445026226e+00 9.412099999999999633e-02
-6.625000000000000000e+01 2.356020942408377117e+00 1.116179999999999950e-01
-6.500000000000000000e+01 -1.837696335078534560e+01 2.501600000000000004e-02
-6.500000000000000000e+01 -1.743455497382199582e+01 4.743410000000000126e-01
-6.500000000000000000e+01 -1.649214659685864603e+01 6.001000000000000084e-02
-6.500000000000000000e+01 -1.554973821989529448e+01 6.001000000000000084e-02
-6.500000000000000000e+01 -1.460732984293194114e+01 1.180199999999999999e-02
-6.500000000000000000e+01 -1.366492146596859136e+01 7.298999999999999932e-03
-6.500000000000000000e+01 -1.272251308900523981e+01 2.407999999999999984e-03
-6.500000000000000000e+01 -1.178010471204188825e+01 7.744000000000000015e-03
-6.500000000000000000e+01 -1.083769633507853669e+01 2.067390000000000061e-01
-6.500000000000000000e+01 -9.895287958115185134e+00 6.565630000000000077e-01
-6.500000000000000000e+01 -8.952879581151833577e+00 1.559780000000000055e-01
-6.500000000000000000e+01 -8.010471204188482020e+00 7.622000000000000303e-03
-6.500000000000000000e+01 -7.068062827225130462e+00 6.068599999999999689e-02
-6.500000000000000000e+01 -6.125654450261779793e+00 1.147999999999999932e-03
-6.500000000000000000e+01 -5.183246073298429124e+00 5.016700000000000326e-02
-6.500000000000000000e+01 -4.240837696335078455e+00 2.560899999999999982e-02
-6.500000000000000000e+01 -3.298429319371727786e+00 4.859800000000000231e-02
-6.500000000000000000e+01 -2.356020942408377117e+00 4.329999999999999648e-03
-6.500000000000000000e+01 -1.413612565445026226e+00 1.791999999999999973e-03
-6.500000000000000000e+01 -4.712041884816753901e-01 7.742999999999999883e-03
-6.500000000000000000e+01 4.712041884816753901e-01 7.742999999999999883e-03
-6.500000000000000000e+01 1.413612565445026226e+00 2.658999999999999905e-03
-6.375000000000000000e+01 -2.026178010471204516e+01 8.333329999999999904e-01
-6.375000000000000000e+01 -1.931937172774869538e+01 2.970099999999999962e-01
-6.375000000000000000e+01 -1.837696335078534560e+01 1.490259999999999918e-01
-6.375000000000000000e+01 -1.743455497382199582e+01 5.587119999999999864e-01
-6.375000000000000000e+01 -1.649214659685864603e+01 6.537400000000000155e-02
-6.375000000000000000e+01 -1.554973821989529448e+01 6.537400000000000155e-02
-6.375000000000000000e+01 -1.460732984293194114e+01 3.945599999999999802e-02
-6.375000000000000000e+01 -1.366492146596859136e+01 3.798999999999999860e-03
-6.375000000000000000e+01 -1.272251308900523981e+01 2.926000000000000215e-03
-6.375000000000000000e+01 -1.178010471204188825e+01 2.302520000000000122e-01
-6.375000000000000000e+01 -1.083769633507853669e+01 6.211499999999999660e-02
-6.375000000000000000e+01 -9.895287958115185134e+00 5.305729999999999613e-01
-6.375000000000000000e+01 -8.952879581151833577e+00 8.250389999999999668e-01
-6.375000000000000000e+01 -8.010471204188482020e+00 4.427260000000000084e-01
-6.375000000000000000e+01 -7.068062827225130462e+00 1.540700000000000125e-01
-6.375000000000000000e+01 -6.125654450261779793e+00 4.970999999999999724e-03
-6.375000000000000000e+01 -5.183246073298429124e+00 3.139499999999999930e-02
-6.375000000000000000e+01 -4.240837696335078455e+00 1.371739999999999904e-01
-6.375000000000000000e+01 -3.298429319371727786e+00 2.463500000000000065e-02
-6.375000000000000000e+01 -2.356020942408377117e+00 3.249999999999999851e-04
-6.375000000000000000e+01 -1.413612565445026226e+00 3.240000000000000150e-04
-6.375000000000000000e+01 -4.712041884816753901e-01 1.828999999999999897e-03
-6.375000000000000000e+01 4.712041884816753901e-01 1.828999999999999897e-03
-6.375000000000000000e+01 1.413612565445026226e+00 2.223800000000000082e-02
-6.375000000000000000e+01 3.298429319371727786e+00 2.429699999999999915e-02
-6.250000000000000000e+01 -1.931937172774869538e+01 4.036899999999999933e-01
-6.250000000000000000e+01 -1.837696335078534560e+01 7.252079999999999638e-01
-6.250000000000000000e+01 -1.743455497382199582e+01 8.252869999999999928e-01
-6.250000000000000000e+01 -1.649214659685864603e+01 1.097270000000000051e-01
-6.250000000000000000e+01 -1.554973821989529448e+01 1.097270000000000051e-01
-6.250000000000000000e+01 -1.460732984293194114e+01 7.910999999999999630e-03
-6.250000000000000000e+01 -1.366492146596859136e+01 2.263999999999999953e-03
-6.250000000000000000e+01 -1.272251308900523981e+01 1.157999999999999958e-03
-6.250000000000000000e+01 -1.178010471204188825e+01 3.397209999999999952e-01
-6.250000000000000000e+01 -1.083769633507853669e+01 3.390340000000000020e-01
-6.250000000000000000e+01 -9.895287958115185134e+00 9.750499999999999723e-01
-6.250000000000000000e+01 -8.952879581151833577e+00 4.258350000000000191e-01
-6.250000000000000000e+01 -8.010471204188482020e+00 2.726140000000000230e-01
-6.250000000000000000e+01 -7.068062827225130462e+00 5.148009999999999531e-01
-6.250000000000000000e+01 -6.125654450261779793e+00 1.642480000000000051e-01
-6.250000000000000000e+01 -5.183246073298429124e+00 2.396000000000000126e-03
-6.250000000000000000e+01 -4.240837696335078455e+00 1.403109999999999913e-01
-6.250000000000000000e+01 -3.298429319371727786e+00 1.995099999999999998e-02
-6.250000000000000000e+01 -2.356020942408377117e+00 1.056999999999999997e-03
-6.250000000000000000e+01 -1.413612565445026226e+00 5.155200000000000060e-02
-6.250000000000000000e+01 -4.712041884816753901e-01 6.509999999999999945e-04
-6.250000000000000000e+01 4.712041884816753901e-01 6.509999999999999945e-04
-6.250000000000000000e+01 1.413612565445026226e+00 1.435000000000000078e-03
-6.250000000000000000e+01 2.356020942408377117e+00 1.197100000000000074e-02
-6.250000000000000000e+01 3.298429319371727786e+00 0.000000000000000000e+00
-6.125000000000000000e+01 -1.837696335078534560e+01 2.024499999999999911e-01
-6.125000000000000000e+01 -1.743455497382199582e+01 3.475849999999999773e-01
-6.125000000000000000e+01 -1.649214659685864603e+01 3.143719999999999848e-01
-6.125000000000000000e+01 -1.554973821989529448e+01 3.143719999999999848e-01
-6.125000000000000000e+01 -1.460732984293194114e+01 7.062999999999999834e-02
-6.125000000000000000e+01 -1.366492146596859136e+01 3.887199999999999683e-02
-6.125000000000000000e+01 -1.272251308900523981e+01 6.151609999999999578e-01
-6.125000000000000000e+01 -1.178010471204188825e+01 7.725689999999999502e-01
-6.125000000000000000e+01 -1.083769633507853669e+01 4.174889999999999990e-01
-6.125000000000000000e+01 -9.895287958115185134e+00 2.391659999999999897e-01
-6.125000000000000000e+01 -8.952879581151833577e+00 1.085559999999999997e-01
-6.125000000000000000e+01 -8.010471204188482020e+00 2.046640000000000126e-01
-6.125000000000000000e+01 -7.068062827225130462e+00 7.072699999999999820e-02
-6.125000000000000000e+01 -6.125654450261779793e+00 8.271799999999999986e-02
-6.125000000000000000e+01 -5.183246073298429124e+00 1.525769999999999904e-01
-6.125000000000000000e+01 -4.240837696335078455e+00 4.685610000000000053e-01
-6.125000000000000000e+01 -3.298429319371727786e+00 4.358879999999999977e-01
-6.125000000000000000e+01 -2.356020942408377117e+00 7.556000000000000216e-03
-6.125000000000000000e+01 -1.413612565445026226e+00 2.970700000000000077e-02
-6.125000000000000000e+01 -4.712041884816753901e-01 2.309350000000000014e-01
-6.125000000000000000e+01 4.712041884816753901e-01 2.309350000000000014e-01
-6.125000000000000000e+01 1.413612565445026226e+00 2.421040000000000136e-01
-6.125000000000000000e+01 2.356020942408377117e+00 6.102060000000000262e-01
-6.125000000000000000e+01 3.298429319371727786e+00 2.559890000000000221e-01
-6.125000000000000000e+01 4.240837696335078455e+00 3.486999999999999822e-02
-6.000000000000000000e+01 -1.554973821989529448e+01 9.717900000000000149e-02
-6.000000000000000000e+01 -1.460732984293194114e+01 3.967519999999999936e-01
-6.000000000000000000e+01 -1.366492146596859136e+01 4.251019999999999799e-01
-6.000000000000000000e+01 -1.272251308900523981e+01 3.623620000000000174e-01
-6.000000000000000000e+01 -1.178010471204188825e+01 1.192899999999999933e-01
-6.000000000000000000e+01 -1.083769633507853669e+01 1.132999999999999893e-03
-6.000000000000000000e+01 -9.895287958115185134e+00 5.444700000000000234e-02
-6.000000000000000000e+01 -8.952879581151833577e+00 5.904000000000000394e-03
-6.000000000000000000e+01 -8.010471204188482020e+00 3.099000000000000019e-02
-6.000000000000000000e+01 -7.068062827225130462e+00 5.214220000000000521e-01
-6.000000000000000000e+01 -6.125654450261779793e+00 8.904099999999999515e-02
-6.000000000000000000e+01 -5.183246073298429124e+00 9.854400000000000659e-02
-6.000000000000000000e+01 -4.240837696335078455e+00 5.640720000000000178e-01
-6.000000000000000000e+01 -3.298429319371727786e+00 7.786579999999999613e-01
-6.000000000000000000e+01 -2.356020942408377117e+00 7.471370000000000511e-01
-6.000000000000000000e+01 -1.413612565445026226e+00 3.002759999999999874e-01
-6.000000000000000000e+01 -4.712041884816753901e-01 1.100830000000000003e-01
-6.000000000000000000e+01 4.712041884816753901e-01 1.100830000000000003e-01
-6.000000000000000000e+01 1.413612565445026226e+00 7.266420000000000101e-01
-6.000000000000000000e+01 2.356020942408377117e+00 1.613400000000000112e-01
-6.000000000000000000e+01 3.298429319371727786e+00 1.248559999999999948e-01
-6.000000000000000000e+01 4.240837696335078455e+00 1.554700000000000006e-02
-6.000000000000000000e+01 5.183246073298429124e+00 1.274999999999999918e-02
-5.875000000000000000e+01 -1.366492146596859136e+01 5.080599999999999700e-02
-5.875000000000000000e+01 -1.272251308900523981e+01 4.676999999999999734e-03
-5.875000000000000000e+01 -1.178010471204188825e+01 2.003739999999999966e-01
-5.875000000000000000e+01 -1.083769633507853669e+01 4.084699999999999998e-01
-5.875000000000000000e+01 -9.895287958115185134e+00 2.952119999999999744e-01
-5.875000000000000000e+01 -8.952879581151833577e+00 5.949999999999999734e-02
-5.875000000000000000e+01 -8.010471204188482020e+00 1.915999999999999951e-03
-5.875000000000000000e+01 -7.068062827225130462e+00 3.300779999999999825e-01
-5.875000000000000000e+01 -6.125654450261779793e+00 3.220599999999999852e-02
-5.875000000000000000e+01 -5.183246073298429124e+00 1.229000000000000058e-03
-5.875000000000000000e+01 -4.240837696335078455e+00 3.509570000000000189e-01
-5.875000000000000000e+01 -3.298429319371727786e+00 8.236560000000000548e-01
-5.875000000000000000e+01 -2.356020942408377117e+00 3.018799999999999817e-01
-5.875000000000000000e+01 -1.413612565445026226e+00 6.523000000000000152e-03
-5.875000000000000000e+01 -4.712041884816753901e-01 0.000000000000000000e+00
-5.875000000000000000e+01 4.712041884816753901e-01 0.000000000000000000e+00
-5.750000000000000000e+01 -1.366492146596859136e+01 5.396200000000000302e-02
-5.750000000000000000e+01 -1.272251308900523981e+01 6.454000000000000015e-02
-5.750000000000000000e+01 -1.178010471204188825e+01 5.098780000000000534e-01
-5.750000000000000000e+01 -1.083769633507853669e+01 3.863369999999999860e-01
-5.750000000000000000e+01 -9.895287958115185134e+00 5.076019999999999976e-01
-5.750000000000000000e+01 -8.952879581151833577e+00 2.571000000000000021e-02
-5.750000000000000000e+01 -8.010471204188482020e+00 2.475000000000000203e-03
-5.750000000000000000e+01 -7.068062827225130462e+00 1.705399999999999971e-02
-5.750000000000000000e+01 -6.125654450261779793e+00 2.923439999999999928e-01
-5.750000000000000000e+01 -5.183246073298429124e+00 2.154400000000000065e-02
-5.750000000000000000e+01 -4.240837696335078455e+00 1.703830000000000067e-01
-5.750000000000000000e+01 -3.298429319371727786e+00 5.023969999999999825e-01
-5.750000000000000000e+01 -2.356020942408377117e+00 9.937699999999999312e-02
-5.750000000000000000e+01 -1.413612565445026226e+00 1.294200000000000038e-02
-5.750000000000000000e+01 -4.712041884816753901e-01 4.204800000000000204e-02
-5.750000000000000000e+01 4.712041884816753901e-01 4.204800000000000204e-02
-5.750000000000000000e+01 1.413612565445026226e+00 1.317159999999999997e-01
-5.625000000000000000e+01 -1.366492146596859136e+01 3.638509999999999800e-01
-5.625000000000000000e+01 -1.272251308900523981e+01 3.443100000000000049e-01
-5.625000000000000000e+01 -1.178010471204188825e+01 7.479540000000000077e-01
-5.625000000000000000e+01 -1.083769633507853669e+01 5.160010000000000430e-01
-5.625000000000000000e+01 -9.895287958115185134e+00 8.097349999999999826e-01
-5.625000000000000000e+01 -8.952879581151833577e+00 4.323500000000000260e-02
-5.625000000000000000e+01 -8.010471204188482020e+00 1.020399999999999953e-02
-5.625000000000000000e+01 -7.068062827225130462e+00 1.438979999999999981e-01
-5.625000000000000000e+01 -6.125654450261779793e+00 3.424650000000000194e-01
-5.625000000000000000e+01 -5.183246073298429124e+00 4.600250000000000172e-01
-5.625000000000000000e+01 -4.240837696335078455e+00 4.710559999999999747e-01
-5.625000000000000000e+01 -3.298429319371727786e+00 1.042140000000000011e-01
-5.625000000000000000e+01 -2.356020942408377117e+00 4.485279999999999823e-01
-5.625000000000000000e+01 -1.413612565445026226e+00 3.319199999999999928e-02
-5.625000000000000000e+01 -4.712041884816753901e-01 7.200000000000000453e-04
-5.625000000000000000e+01 4.712041884816753901e-01 7.200000000000000453e-04
-5.625000000000000000e+01 1.413612565445026226e+00 0.000000000000000000e+00
-5.500000000000000000e+01 -1.460732984293194114e+01 1.837709999999999899e-01
-5.500000000000000000e+01 -1.366492146596859136e+01 4.329899999999999721e-02
-5.500000000000000000e+01 -1.272251308900523981e+01 4.567419999999999813e-01
-5.500000000000000000e+01 -1.178010471204188825e+01 7.634729999999999572e-01
-5.500000000000000000e+01 -1.083769633507853669e+01 8.383650000000000269e-01
-5.500000000000000000e+01 -9.895287958115185134e+00 7.651989999999999625e-01
-5.500000000000000000e+01 -8.952879581151833577e+00 9.505700000000000260e-02
-5.500000000000000000e+01 -8.010471204188482020e+00 3.294369999999999798e-01
-5.500000000000000000e+01 -7.068062827225130462e+00 3.273570000000000091e-01
-5.500000000000000000e+01 -6.125654450261779793e+00 7.728699999999999459e-02
-5.500000000000000000e+01 -5.183246073298429124e+00 3.523899999999999949e-02
-5.500000000000000000e+01 -4.240837696335078455e+00 5.600100000000000078e-01
-5.500000000000000000e+01 -3.298429319371727786e+00 5.765400000000000524e-01
-5.500000000000000000e+01 -2.356020942408377117e+00 6.254269999999999552e-01
-5.500000000000000000e+01 -1.413612565445026226e+00 3.538999999999999785e-02
-5.500000000000000000e+01 -4.712041884816753901e-01 2.420000000000000005e-04
-5.500000000000000000e+01 4.712041884816753901e-01 2.420000000000000005e-04
-5.500000000000000000e+01 1.413612565445026226e+00 2.420000000000000005e-04
-5.500000000000000000e+01 2.356020942408377117e+00 5.760000000000000146e-04
-5.375000000000000000e+01 -1.460732984293194114e+01 4.079999999999999968e-04
-5.375000000000000000e+01 -1.366492146596859136e+01 4.145000000000000073e-02
-5.375000000000000000e+01 -1.272251308900523981e+01 2.126170000000000004e-01
-5.375000000000000000e+01 -1.178010471204188825e+01 2.027299999999999935e-01
-5.375000000000000000e+01 -1.083769633507853669e+01 2.805329999999999768e-01
-5.375000000000000000e+01 -9.895287958115185134e+00 3.524930000000000008e-01
-5.375000000000000000e+01 -8.952879581151833577e+00 1.337400000000000047e-02
-5.375000000000000000e+01 -8.010471204188482020e+00 8.000000000000000654e-05
-5.375000000000000000e+01 -7.068062827225130462e+00 2.101000000000000003e-03
-5.375000000000000000e+01 -6.125654450261779793e+00 6.347000000000000211e-03
-5.375000000000000000e+01 -5.183246073298429124e+00 3.327999999999999795e-03
-5.375000000000000000e+01 -4.240837696335078455e+00 5.405269999999999797e-01
-5.375000000000000000e+01 -3.298429319371727786e+00 5.941570000000000462e-01
-5.375000000000000000e+01 -2.356020942408377117e+00 4.928009999999999891e-01
-5.375000000000000000e+01 -1.413612565445026226e+00 1.066170000000000034e-01
-5.375000000000000000e+01 -4.712041884816753901e-01 9.719999999999999907e-04
-5.375000000000000000e+01 4.712041884816753901e-01 9.719999999999999907e-04
-5.375000000000000000e+01 1.413612565445026226e+00 1.217999999999999899e-03
-5.375000000000000000e+01 2.356020942408377117e+00 1.054000000000000032e-03
-5.250000000000000000e+01 -1.366492146596859136e+01 1.288800000000000015e-02
-5.250000000000000000e+01 -1.272251308900523981e+01 2.157610000000000083e-01
-5.250000000000000000e+01 -1.178010471204188825e+01 1.352270000000000139e-01
-5.250000000000000000e+01 -1.083769633507853669e+01 3.063330000000000219e-01
-5.250000000000000000e+01 -9.895287958115185134e+00 9.938600000000000212e-02
-5.250000000000000000e+01 -8.952879581151833577e+00 5.699999999999999772e-04
-5.250000000000000000e+01 -8.010471204188482020e+00 1.825000000000000016e-03
-5.250000000000000000e+01 -7.068062827225130462e+00 1.878099999999999908e-02
-5.250000000000000000e+01 -6.125654450261779793e+00 4.149599999999999816e-02
-5.250000000000000000e+01 -5.183246073298429124e+00 1.755000000000000050e-03
-5.250000000000000000e+01 -4.240837696335078455e+00 1.587939999999999907e-01
-5.250000000000000000e+01 -3.298429319371727786e+00 4.001120000000000232e-01
-5.250000000000000000e+01 -2.356020942408377117e+00 4.508100000000000301e-02
-5.250000000000000000e+01 -1.413612565445026226e+00 5.060059999999999558e-01
-5.250000000000000000e+01 -4.712041884816753901e-01 7.247399999999999676e-02
-5.250000000000000000e+01 4.712041884816753901e-01 7.247399999999999676e-02
-5.125000000000000000e+01 -8.952879581151833577e+00 5.952460000000000528e-01
-5.125000000000000000e+01 -8.010471204188482020e+00 4.192739999999999800e-01
-5.125000000000000000e+01 -7.068062827225130462e+00 4.634480000000000266e-01
-5.125000000000000000e+01 -5.183246073298429124e+00 1.905290000000000039e-01
-5.125000000000000000e+01 -4.240837696335078455e+00 3.560030000000000139e-01
-5.125000000000000000e+01 -3.298429319371727786e+00 5.440120000000000511e-01
-5.125000000000000000e+01 -2.356020942408377117e+00 1.452130000000000087e-01
-5.000000000000000000e+01 -3.298429319371727786e+00 6.831190000000000317e-01
