-7.875000000000000000e+01 -6.125654450261779793e+00 5.034650000000000514e-01
-7.875000000000000000e+01 -5.183246073298429124e+00 2.153170000000000084e-01
-7.875000000000000000e+01 -4.240837696335078455e+00 3.041130000000000222e-01
-7.875000000000000000e+01 -3.298429319371727786e+00 4.094969999999999999e-01
-7.875000000000000000e+01 -2.356020942408377117e+00 0.000000000000000000e+00
-7.875000000000000000e+01 -1.413612565445026226e+00 0.000000000000000000e+00
-7.750000000000000000e+01 -8.952879581151833577e+00 1.897490000000000010e-01
-7.750000000000000000e+01 -8.010471204188482020e+00 1.435049999999999937e-01
-7.750000000000000000e+01 -7.068062827225130462e+00 2.857609999999999872e-01
-7.750000000000000000e+01 -6.125654450261779793e+00 5.325060000000000349e-01
-7.750000000000000000e+01 -5.183246073298429124e+00 1.406459999999999932e-01
-7.750000000000000000e+01 -4.240837696335078455e+00 5.040499999999999842e-02
-7.750000000000000000e+01 -3.298429319371727786e+00 2.842350000000000154e-01
-7.750000000000000000e+01 -2.356020942408377117e+00 2.210479999999999945e-01
-7.750000000000000000e+01 -1.413612565445026226e+00 3.146729999999999805e-01
-7.750000000000000000e+01 -4.712041884816753901e-01 1.943439999999999890e-01
-7.750000000000000000e+01 4.712041884816753901e-01 1.943439999999999890e-01
-7.625000000000000000e+01 -1.083769633507853669e+01 6.401700000000000446e-02
-7.625000000000000000e+01 -9.895287958115185134e+00 1.316239999999999910e-01
-7.625000000000000000e+01 -8.952879581151833577e+00 3.824130000000000029e-01
-7.625000000000000000e+01 -8.010471204188482020e+00 1.185019999999999962e-01
-7.625000000000000000e+01 -7.068062827225130462e+00 2.449919999999999876e-01
-7.625000000000000000e+01 -6.125654450261779793e+00 3.399389999999999912e-01
-7.625000000000000000e+01 -5.183246073298429124e+00 4.002700000000000008e-02
-7.625000000000000000e+01 -4.240837696335078455e+00 1.472000000000000001e-03
-7.625000000000000000e+01 -3.298429319371727786e+00 3.983000000000000429e-03
-7.625000000000000000e+01 -2.356020942408377117e+00 2.553000000000000148e-03
-7.625000000000000000e+01 -1.413612565445026226e+00 2.611000000000000040e-03
-7.625000000000000000e+01 -4.712041884816753901e-01 4.943600000000000078e-02
-7.625000000000000000e+01 4.712041884816753901e-01 4.943600000000000078e-02
-7.625000000000000000e+01 1.413612565445026226e+00 7.313960000000000461e-01
-7.500000000000000000e+01 -1.366492146596859136e+01 7.814200000000000312e-02
-7.500000000000000000e+01 -1.272251308900523981e+01 1.417779999999999874e-01
-7.500000000000000000e+01 -1.178010471204188825e+01 1.241629999999999956e-01
-7.500000000000000000e+01 -1.083769633507853669e+01 3.506099999999999772e-01
-7.500000000000000000e+01 -9.895287958115185134e+00 1.598479999999999901e-01
-7.500000000000000000e+01 -8.952879581151833577e+00 4.397240000000000038e-01
-7.500000000000000000e+01 -8.010471204188482020e+00 2.291080000000000061e-01
-7.500000000000000000e+01 -7.068062827225130462e+00 3.560399999999999676e-02
-7.500000000000000000e+01 -6.125654450261779793e+00 6.070300000000000001e-02
-7.500000000000000000e+01 -5.183246073298429124e+00 4.566900000000000126e-02
-7.500000000000000000e+01 -4.240837696335078455e+00 2.003299999999999872e-02
-7.500000000000000000e+01 -3.298429319371727786e+00 2.305999999999999890e-03
-7.500000000000000000e+01 -2.356020942408377117e+00 6.376999999999999856e-03
-7.500000000000000000e+01 -1.413612565445026226e+00 5.597000000000000412e-03
-7.500000000000000000e+01 -4.712041884816753901e-01 2.264199999999999893e-02
-7.500000000000000000e+01 4.712041884816753901e-01 2.264199999999999893e-02
-7.500000000000000000e+01 1.413612565445026226e+00 4.955300000000000260e-01
-7.500000000000000000e+01 2.356020942408377117e+00 8.369050000000000100e-01
-7.375000000000000000e+01 -1.460732984293194114e+01 0.000000000000000000e+00
-7.375000000000000000e+01 -1.366492146596859136e+01 1.302490000000000037e-01
-7.375000000000000000e+01 -1.272251308900523981e+01 8.411100000000000521e-02
-7.375000000000000000e+01 -1.178010471204188825e+01 9.619800000000000573e-02
-7.375000000000000000e+01 -1.083769633507853669e+01 8.845100000000000184e-02
-7.375000000000000000e+01 -9.895287958115185134e+00 5.654499999999999804e-02
-7.375000000000000000e+01 -8.952879581151833577e+00 8.184099999999999708e-02
-7.375000000000000000e+01 -8.010471204188482020e+00 9.538000000000000644e-02
-7.375000000000000000e+01 -7.068062827225130462e+00 1.645200000000000135e-02
-7.375000000000000000e+01 -6.125654450261779793e+00 2.464699999999999877e-02
-7.375000000000000000e+01 -5.183246073298429124e+00 7.177999999999999658e-02
-7.375000000000000000e+01 -4.240837696335078455e+00 2.272499999999999867e-02
-7.375000000000000000e+01 -3.298429319371727786e+00 7.262000000000000226e-03
-7.375000000000000000e+01 -2.356020942408377117e+00 5.409999999999999878e-03
-7.375000000000000000e+01 -1.413612565445026226e+00 8.783799999999999941e-02
-7.375000000000000000e+01 -4.712041884816753901e-01 2.467000000000000009e-03
-7.375000000000000000e+01 4.712041884816753901e-01 2.467000000000000009e-03
-7.375000000000000000e+01 1.413612565445026226e+00 3.635300000000000337e-02
-7.250000000000000000e+01 -1.460732984293194114e+01 5.432000000000000196e-03
-7.250000000000000000e+01 -1.366492146596859136e+01 1.374849999999999961e-01
-7.250000000000000000e+01 -1.272251308900523981e+01 1.713689999999999936e-01
-7.250000000000000000e+01 -1.178010471204188825e+01 4.293199999999999794e-02
-7.250000000000000000e+01 -1.083769633507853669e+01 6.879999999999999831e-03
-7.250000000000000000e+01 -9.895287958115185134e+00 0.000000000000000000e+00
-7.250000000000000000e+01 -8.952879581151833577e+00 9.960000000000000103e-03
-7.250000000000000000e+01 -8.010471204188482020e+00 3.744330000000000158e-01
-7.250000000000000000e+01 -7.068062827225130462e+00 1.080600000000000033e-01
-7.250000000000000000e+01 -6.125654450261779793e+00 9.730000000000000151e-04
-7.250000000000000000e+01 -5.183246073298429124e+00 9.737000000000000863e-03
-7.250000000000000000e+01 -4.240837696335078455e+00 1.123389999999999944e-01
-7.250000000000000000e+01 -3.298429319371727786e+00 2.123999999999999846e-02
-7.250000000000000000e+01 -2.356020942408377117e+00 4.829599999999999865e-02
-7.250000000000000000e+01 -1.413612565445026226e+00 1.480099999999999992e-02
-7.250000000000000000e+01 -4.712041884816753901e-01 6.908000000000000078e-03
-7.250000000000000000e+01 4.712041884816753901e-01 6.908000000000000078e-03
-7.250000000000000000e+01 1.413612565445026226e+00 1.020399999999999953e-02
-7.125000000000000000e+01 -1.460732984293194114e+01 9.079900000000000471e-02
-7.125000000000000000e+01 -1.366492146596859136e+01 2.439500000000000002e-02
-7.125000000000000000e+01 -1.272251308900523981e+01 1.310080000000000133e-01
-7.125000000000000000e+01 -1.178010471204188825e+01 0.000000000000000000e+00
-7.125000000000000000e+01 -1.083769633507853669e+01 0.000000000000000000e+00
-7.125000000000000000e+01 -9.895287958115185134e+00 6.791000000000000161e-03
-7.125000000000000000e+01 -8.952879581151833577e+00 5.928599999999999842e-02
-7.125000000000000000e+01 -8.010471204188482020e+00 4.426019999999999954e-01
-7.125000000000000000e+01 -7.068062827225130462e+00 7.447999999999999760e-03
-7.125000000000000000e+01 -6.125654450261779793e+00 4.655000000000000283e-03
-7.125000000000000000e+01 -5.183246073298429124e+00 2.429999999999999977e-04
-7.125000000000000000e+01 -4.240837696335078455e+00 2.848200000000000037e-02
-7.125000000000000000e+01 -3.298429319371727786e+00 2.390000000000000089e-04
-7.125000000000000000e+01 -2.356020942408377117e+00 3.626599999999999963e-02
-7.125000000000000000e+01 -1.413612565445026226e+00 3.592000000000000141e-03
-7.125000000000000000e+01 -4.712041884816753901e-01 0.000000000000000000e+00
-7.125000000000000000e+01 4.712041884816753901e-01 0.000000000000000000e+00
-7.125000000000000000e+01 1.413612565445026226e+00 8.046399999999999386e-02
-7.000000000000000000e+01 -1.366492146596859136e+01 8.580000000000000820e-03
-7.000000000000000000e+01 -1.272251308900523981e+01 2.876409999999999800e-01
-7.000000000000000000e+01 -1.178010471204188825e+01 1.327300000000000008e-02
-7.000000000000000000e+01 -1.083769633507853669e+01 2.765489999999999893e-01
-7.000000000000000000e+01 -9.895287958115185134e+00 1.641600000000000004e-02
-7.000000000000000000e+01 -8.952879581151833577e+00 1.395240000000000091e-01
-7.000000000000000000e+01 -8.010471204188482020e+00 2.509779999999999789e-01
-7.000000000000000000e+01 -7.068062827225130462e+00 3.436899999999999678e-02
-7.000000000000000000e+01 -6.125654450261779793e+00 1.861000000000000024e-03
-7.000000000000000000e+01 -5.183246073298429124e+00 8.040000000000000271e-04
-7.000000000000000000e+01 -4.240837696335078455e+00 1.127829999999999944e-01
-7.000000000000000000e+01 -3.298429319371727786e+00 5.574199999999999988e-02
-7.000000000000000000e+01 -2.356020942408377117e+00 1.816600000000000159e-02
-7.000000000000000000e+01 -1.413612565445026226e+00 3.072300000000000031e-02
-7.000000000000000000e+01 -4.712041884816753901e-01 1.220300000000000031e-02
-7.000000000000000000e+01 4.712041884816753901e-01 1.220300000000000031e-02
-7.000000000000000000e+01 1.413612565445026226e+00 7.228000000000000050e-03
-6.875000000000000000e+01 -1.554973821989529448e+01 6.769999999999999759e-04
-6.875000000000000000e+01 -1.460732984293194114e+01 3.148499999999999910e-02
-6.875000000000000000e+01 -1.366492146596859136e+01 6.573999999999999982e-03
-6.875000000000000000e+01 -1.272251308900523981e+01 1.162220000000000059e-01
-6.875000000000000000e+01 -1.178010471204188825e+01 3.083080000000000265e-01
-6.875000000000000000e+01 -1.083769633507853669e+01 5.434499999999999886e-01
-6.875000000000000000e+01 -9.895287958115185134e+00 8.197899999999999632e-02
-6.875000000000000000e+01 -8.952879581151833577e+00 3.665740000000000109e-01
-6.875000000000000000e+01 -8.010471204188482020e+00 1.761999999999999894e-03
-6.875000000000000000e+01 -7.068062827225130462e+00 2.047999999999999907e-03
-6.875000000000000000e+01 -6.125654450261779793e+00 1.129999999999999928e-03
-6.875000000000000000e+01 -5.183246073298429124e+00 4.840000000000000010e-04
-6.875000000000000000e+01 -4.240837696335078455e+00 4.423999999999999981e-03
-6.875000000000000000e+01 -3.298429319371727786e+00 7.030999999999999923e-03
-6.875000000000000000e+01 -2.356020942408377117e+00 4.997999999999999839e-03
-6.875000000000000000e+01 -1.413612565445026226e+00 9.270000000000000462e-03
-6.875000000000000000e+01 -4.712041884816753901e-01 1.129100000000000069e-02
-6.875000000000000000e+01 4.712041884816753901e-01 1.129100000000000069e-02
-6.875000000000000000e+01 1.413612565445026226e+00 1.485399999999999915e-02
-6.875000000000000000e+01 2.356020942408377117e+00 6.131000000000000165e-03
-6.750000000000000000e+01 -1.649214659685864603e+01 2.626789999999999958e-01
-6.750000000000000000e+01 -1.554973821989529448e+01 2.626789999999999958e-01
-6.750000000000000000e+01 -1.460732984293194114e+01 1.246290000000000037e-01
-6.750000000000000000e+01 -1.366492146596859136e+01 9.281899999999999873e-02
-6.750000000000000000e+01 -1.272251308900523981e+01 1.002300000000000066e-02
-6.750000000000000000e+01 -1.178010471204188825e+01 1.709799999999999862e-02
-6.750000000000000000e+01 -1.083769633507853669e+01 3.390420000000000100e-01
-6.750000000000000000e+01 -9.895287958115185134e+00 7.736979999999999968e-01
-6.750000000000000000e+01 -8.952879581151833577e+00 1.767620000000000025e-01
-6.750000000000000000e+01 -8.010471204188482020e+00 1.038999999999999993e-03
-6.750000000000000000e+01 -7.068062827225130462e+00 8.919999999999999978e-04
-6.750000000000000000e+01 -6.125654450261779793e+00 5.134999999999999808e-03
-6.750000000000000000e+01 -5.183246073298429124e+00 1.128000000000000096e-03
-6.750000000000000000e+01 -4.240837696335078455e+00 8.059999999999999673e-04
-6.750000000000000000e+01 -3.298429319371727786e+00 1.536700000000000045e-02
-6.750000000000000000e+01 -2.356020942408377117e+00 3.310000000000000225e-04
-6.750000000000000000e+01 -1.413612565445026226e+00 8.000000000000000654e-05
-6.750000000000000000e+01 -4.712041884816753901e-01 8.989999999999999511e-04
-6.750000000000000000e+01 4.712041884816753901e-01 8.989999999999999511e-04
-6.750000000000000000e+01 1.413612565445026226e+00 6.081999999999999733e-03
-6.750000000000000000e+01 2.356020942408377117e+00 7.219999999999999855e-04
-6.625000000000000000e+01 -1.837696335078534560e+01 8.382100000000000661e-02
-6.625000000000000000e+01 -1.743455497382199582e+01 2.286269999999999969e-01
-6.625000000000000000e+01 -1.649214659685864603e+01 1.786999999999999960e-03
-6.625000000000000000e+01 -1.554973821989529448e+01 1.786999999999999960e-03
-6.625000000000000000e+01 -1.460732984293194114e+01 1.054599999999999982e-02
-6.625000000000000000e+01 -1.366492146596859136e+01 1.134000000000000025e-03
-6.625000000000000000e+01 -1.272251308900523981e+01 0.000000000000000000e+00
-6.625000000000000000e+01 -1.178010471204188825e+01 1.115299999999999972e-02
-6.625000000000000000e+01 -1.083769633507853669e+01 1.515869999999999995e-01
-6.625000000000000000e+01 -9.895287958115185134e+00 2.211869999999999947e-01
-6.625000000000000000e+01 -8.952879581151833577e+00 1.473510000000000097e-01
-6.625000000000000000e+01 -8.010471204188482020e+00 2.295000000000000165e-03
-6.625000000000000000e+01 -7.068062827225130462e+00 8.109999999999999805e-04
-6.625000000000000000e+01 -6.125654450261779793e+00 1.610000000000000103e-04
-6.625000000000000000e+01 -5.183246073298429124e+00 3.260000000000000094e-04
-6.625000000000000000e+01 -4.240837696335078455e+00 3.536000000000000081e-03
-6.625000000000000000e+01 -3.298429319371727786e+00 1.519799999999999970e-02
-6.625000000000000000e+01 -2.356020942408377117e+00 6.283999999999999655e-03
-6.625000000000000000e+01 -1.413612565445026226e+00 0.000000000000000000e+00
-6.625000000000000000e+01 -4.712041884816753901e-01 2.425000000000000072e-03
-6.625000000000000000e+01 4.712041884816753901e-01 2.425000000000000072e-03
-6.625000000000000000e+01 1.413612565445026226e+00 9.137199999999999489e-02
-6.625000000000000000e+01 2.356020942408377117e+00 9.329999999999999405e-02
-6.500000000000000000e+01 -1.837696335078534560e+01 2.460899999999999893e-02
-6.500000000000000000e+01 -1.743455497382199582e+01 4.443150000000000155e-01
-6.500000000000000000e+01 -1.649214659685864603e+01 4.727300000000000252e-02
-6.500000000000000000e+01 -1.554973821989529448e+01 4.727300000000000252e-02
-6.500000000000000000e+01 -1.460732984293194114e+01 1.012799999999999985e-02
-6.500000000000000000e+01 -1.366492146596859136e+01 5.432000000000000196e-03
-6.500000000000000000e+01 -1.272251308900523981e+01 2.407999999999999984e-03
-6.500000000000000000e+01 -1.178010471204188825e+01 7.238999999999999775e-03
-6.500000000000000000e+01 -1.083769633507853669e+01 1.972550000000000137e-01
-6.500000000000000000e+01 -9.895287958115185134e+00 6.073709999999999942e-01
-6.500000000000000000e+01 -8.952879581151833577e+00 1.301160000000000094e-01
-6.500000000000000000e+01 -8.010471204188482020e+00 6.568000000000000053e-03
-6.500000000000000000e+01 -7.068062827225130462e+00 5.266599999999999754e-02
-6.500000000000000000e+01 -6.125654450261779793e+00 1.147999999999999932e-03
-6.500000000000000000e+01 -5.183246073298429124e+00 1.683099999999999874e-02
-6.500000000000000000e+01 -4.240837696335078455e+00 1.762199999999999878e-02
-6.500000000000000000e+01 -3.298429319371727786e+00 4.094400000000000123e-02
-6.500000000000000000e+01 -2.356020942408377117e+00 4.329999999999999648e-03
-6.500000000000000000e+01 -1.413612565445026226e+00 1.791999999999999973e-03
-6.500000000000000000e+01 -4.712041884816753901e-01 7.742999999999999883e-03
-6.500000000000000000e+01 4.712041884816753901e-01 7.742999999999999883e-03
-6.500000000000000000e+01 1.413612565445026226e+00 2.658999999999999905e-03
-6.375000000000000000e+01 -2.026178010471204516e+01 6.666670000000000096e-01
-6.375000000000000000e+01 -1.931937172774869538e+01 2.395960000000000034e-01
-6.375000000000000000e+01 -1.837696335078534560e+01 1.419249999999999956e-01
-6.375000000000000000e+01 -1.743455497382199582e+01 5.275809999999999667e-01
-6.375000000000000000e+01 -1.649214659685864603e+01 6.268899999999999473e-02
-6.375000000000000000e+01 -1.554973821989529448e+01 6.268899999999999473e-02
-6.375000000000000000e+01 -1.460732984293194114e+01 3.360799999999999899e-02
-6.375000000000000000e+01 -1.366492146596859136e+01 3.552000000000000036e-03
-6.375000000000000000e+01 -1.272251308900523981e+01 2.674999999999999861e-03
-6.375000000000000000e+01 -1.178010471204188825e+01 2.292690000000000006e-01
-6.375000000000000000e+01 -1.083769633507853669e+01 6.017200000000000326e-02
-6.375000000000000000e+01 -9.895287958115185134e+00 5.065509999999999735e-01
-6.375000000000000000e+01 -8.952879581151833577e+00 8.003660000000000219e-01
-6.375000000000000000e+01 -8.010471204188482020e+00 3.738500000000000156e-01
-6.375000000000000000e+01 -7.068062827225130462e+00 1.176949999999999941e-01
-6.375000000000000000e+01 -6.125654450261779793e+00 4.970999999999999724e-03
-6.375000000000000000e+01 -5.183246073298429124e+00 2.071299999999999877e-02
-6.375000000000000000e+01 -4.240837696335078455e+00 9.695299999999999752e-02
-6.375000000000000000e+01 -3.298429319371727786e+00 1.108600000000000037e-02
-6.375000000000000000e+01 -2.356020942408377117e+00 3.249999999999999851e-04
-6.375000000000000000e+01 -1.413612565445026226e+00 3.240000000000000150e-04
-6.375000000000000000e+01 -4.712041884816753901e-01 1.828999999999999897e-03
-6.375000000000000000e+01 4.712041884816753901e-01 1.828999999999999897e-03
-6.375000000000000000e+01 1.413612565445026226e+00 6.955000000000000245e-03
-6.375000000000000000e+01 3.298429319371727786e+00 2.219199999999999992e-02
-6.250000000000000000e+01 -1.931937172774869538e+01 3.932269999999999932e-01
-6.250000000000000000e+01 -1.837696335078534560e+01 7.223490000000000189e-01
-6.250000000000000000e+01 -1.743455497382199582e+01 8.108440000000000092e-01
-6.250000000000000000e+01 -1.649214659685864603e+01 9.620599999999999985e-02
-6.250000000000000000e+01 -1.554973821989529448e+01 9.620599999999999985e-02
-6.250000000000000000e+01 -1.460732984293194114e+01 7.910999999999999630e-03
-6.250000000000000000e+01 -1.366492146596859136e+01 2.263999999999999953e-03
-6.250000000000000000e+01 -1.272251308900523981e+01 1.157999999999999958e-03
-6.250000000000000000e+01 -1.178010471204188825e+01 3.397209999999999952e-01
-6.250000000000000000e+01 -1.083769633507853669e+01 3.385500000000000176e-01
-6.250000000000000000e+01 -9.895287958115185134e+00 9.676219999999999821e-01
-6.250000000000000000e+01 -8.952879581151833577e+00 3.976410000000000222e-01
-6.250000000000000000e+01 -8.010471204188482020e+00 2.424070000000000114e-01
-6.250000000000000000e+01 -7.068062827225130462e+00 4.491479999999999917e-01
-6.250000000000000000e+01 -6.125654450261779793e+00 1.147699999999999970e-01
-6.250000000000000000e+01 -5.183246073298429124e+00 2.396000000000000126e-03
-6.250000000000000000e+01 -4.240837696335078455e+00 1.124769999999999937e-01
-6.250000000000000000e+01 -3.298429319371727786e+00 1.534100000000000047e-02
-6.250000000000000000e+01 -2.356020942408377117e+00 1.056999999999999997e-03
-6.250000000000000000e+01 -1.413612565445026226e+00 2.541300000000000156e-02
-6.250000000000000000e+01 -4.712041884816753901e-01 6.509999999999999945e-04
-6.250000000000000000e+01 4.712041884816753901e-01 6.509999999999999945e-04
-6.250000000000000000e+01 1.413612565445026226e+00 1.435000000000000078e-03
-6.250000000000000000e+01 2.356020942408377117e+00 1.011100000000000020e-02
-6.250000000000000000e+01 3.298429319371727786e+00 0.000000000000000000e+00
-6.125000000000000000e+01 -1.837696335078534560e+01 1.931080000000000019e-01
-6.125000000000000000e+01 -1.743455497382199582e+01 2.768329999999999957e-01
-6.125000000000000000e+01 -1.649214659685864603e+01 2.636530000000000262e-01
-6.125000000000000000e+01 -1.554973821989529448e+01 2.636530000000000262e-01
-6.125000000000000000e+01 -1.460732984293194114e+01 5.548399999999999860e-02
-6.125000000000000000e+01 -1.366492146596859136e+01 3.887199999999999683e-02
-6.125000000000000000e+01 -1.272251308900523981e+01 6.146749999999999714e-01
-6.125000000000000000e+01 -1.178010471204188825e+01 7.714330000000000354e-01
-6.125000000000000000e+01 -1.083769633507853669e+01 4.173290000000000055e-01
-6.125000000000000000e+01 -9.895287958115185134e+00 2.388389999999999957e-01
-6.125000000000000000e+01 -8.952879581151833577e+00 7.989799999999999680e-02
-6.125000000000000000e+01 -8.010471204188482020e+00 1.282909999999999884e-01
-6.125000000000000000e+01 -7.068062827225130462e+00 4.583500000000000074e-02
-6.125000000000000000e+01 -6.125654450261779793e+00 6.632000000000000395e-02
-6.125000000000000000e+01 -5.183246073298429124e+00 1.120000000000000023e-01
-6.125000000000000000e+01 -4.240837696335078455e+00 3.667619999999999769e-01
-6.125000000000000000e+01 -3.298429319371727786e+00 3.758210000000000162e-01
-6.125000000000000000e+01 -2.356020942408377117e+00 5.732000000000000116e-03
-6.125000000000000000e+01 -1.413612565445026226e+00 2.105599999999999833e-02
-6.125000000000000000e+01 -4.712041884816753901e-01 2.027470000000000105e-01
-6.125000000000000000e+01 4.712041884816753901e-01 2.027470000000000105e-01
-6.125000000000000000e+01 1.413612565445026226e+00 2.177109999999999879e-01
-6.125000000000000000e+01 2.356020942408377117e+00 5.880910000000000304e-01
-6.125000000000000000e+01 3.298429319371727786e+00 2.487020000000000064e-01
-6.125000000000000000e+01 4.240837696335078455e+00 3.087799999999999920e-02
-6.000000000000000000e+01 -1.554973821989529448e+01 9.499499999999999611e-02
-6.000000000000000000e+01 -1.460732984293194114e+01 3.907120000000000037e-01
-6.000000000000000000e+01 -1.366492146596859136e+01 4.208770000000000011e-01
-6.000000000000000000e+01 -1.272251308900523981e+01 3.603589999999999849e-01
-6.000000000000000000e+01 -1.178010471204188825e+01 1.185630000000000017e-01
-6.000000000000000000e+01 -1.083769633507853669e+01 1.132999999999999893e-03
-6.000000000000000000e+01 -9.895287958115185134e+00 5.420699999999999824e-02
-6.000000000000000000e+01 -8.952879581151833577e+00 5.904000000000000394e-03
-6.000000000000000000e+01 -8.010471204188482020e+00 1.198800000000000039e-02
-6.000000000000000000e+01 -7.068062827225130462e+00 3.569459999999999855e-01
-6.000000000000000000e+01 -6.125654450261779793e+00 6.618400000000000671e-02
-6.000000000000000000e+01 -5.183246073298429124e+00 7.797199999999999964e-02
-6.000000000000000000e+01 -4.240837696335078455e+00 4.741259999999999919e-01
-6.000000000000000000e+01 -3.298429319371727786e+00 7.538700000000000401e-01
-6.000000000000000000e+01 -2.356020942408377117e+00 7.006759999999999655e-01
-6.000000000000000000e+01 -1.413612565445026226e+00 2.394219999999999959e-01
-6.000000000000000000e+01 -4.712041884816753901e-01 8.972399999999999820e-02
-6.000000000000000000e+01 4.712041884816753901e-01 8.972399999999999820e-02
-6.000000000000000000e+01 1.413612565445026226e+00 6.995320000000000427e-01
-6.000000000000000000e+01 2.356020942408377117e+00 1.451169999999999960e-01
-6.000000000000000000e+01 3.298429319371727786e+00 1.178649999999999975e-01
-6.000000000000000000e+01 4.240837696335078455e+00 1.199099999999999992e-02
-6.000000000000000000e+01 5.183246073298429124e+00 1.274999999999999918e-02
-5.875000000000000000e+01 -1.366492146596859136e+01 5.007299999999999945e-02
-5.875000000000000000e+01 -1.272251308900523981e+01 4.274000000000000021e-03
-5.875000000000000000e+01 -1.178010471204188825e+01 1.987480000000000080e-01
-5.875000000000000000e+01 -1.083769633507853669e+01 4.073450000000000126e-01
-5.875000000000000000e+01 -9.895287958115185134e+00 2.281620000000000037e-01
-5.875000000000000000e+01 -8.952879581151833577e+00 4.511799999999999838e-02
-5.875000000000000000e+01 -8.010471204188482020e+00 2.400000000000000061e-04
-5.875000000000000000e+01 -7.068062827225130462e+00 1.734050000000000036e-01
-5.875000000000000000e+01 -6.125654450261779793e+00 1.017000000000000022e-02
-5.875000000000000000e+01 -5.183246073298429124e+00 1.229000000000000058e-03
-5.875000000000000000e+01 -4.240837696335078455e+00 3.041389999999999927e-01
-5.875000000000000000e+01 -3.298429319371727786e+00 7.718530000000000113e-01
-5.875000000000000000e+01 -2.356020942408377117e+00 2.259809999999999874e-01
-5.875000000000000000e+01 -1.413612565445026226e+00 2.282999999999999873e-03
-5.875000000000000000e+01 -4.712041884816753901e-01 0.000000000000000000e+00
-5.875000000000000000e+01 4.712041884816753901e-01 0.000000000000000000e+00
-5.750000000000000000e+01 -1.366492146596859136e+01 5.347799999999999776e-02
-5.750000000000000000e+01 -1.272251308900523981e+01 6.437800000000000467e-02
-5.750000000000000000e+01 -1.178010471204188825e+01 5.032649999999999624e-01
-5.750000000000000000e+01 -1.083769633507853669e+01 3.837380000000000235e-01
-5.750000000000000000e+01 -9.895287958115185134e+00 3.451040000000000219e-01
-5.750000000000000000e+01 -8.952879581151833577e+00 2.079800000000000051e-02
-5.750000000000000000e+01 -8.010471204188482020e+00 2.475000000000000203e-03
-5.750000000000000000e+01 -7.068062827225130462e+00 1.142499999999999939e-02
-5.750000000000000000e+01 -6.125654450261779793e+00 1.842850000000000044e-01
-5.750000000000000000e+01 -5.183246073298429124e+00 3.101000000000000024e-03
-5.750000000000000000e+01 -4.240837696335078455e+00 1.343090000000000117e-01
-5.750000000000000000e+01 -3.298429319371727786e+00 4.721600000000000241e-01
-5.750000000000000000e+01 -2.356020942408377117e+00 8.101400000000000268e-02
-5.750000000000000000e+01 -1.413612565445026226e+00 1.196499999999999994e-02
-5.750000000000000000e+01 -4.712041884816753901e-01 8.750000000000000833e-03
-5.750000000000000000e+01 4.712041884816753901e-01 8.750000000000000833e-03
-5.750000000000000000e+01 1.413612565445026226e+00 4.143600000000000061e-02
-5.625000000000000000e+01 -1.366492146596859136e+01 3.512850000000000139e-01
-5.625000000000000000e+01 -1.272251308900523981e+01 3.396290000000000142e-01
-5.625000000000000000e+01 -1.178010471204188825e+01 7.352300000000000502e-01
-5.625000000000000000e+01 -1.083769633507853669e+01 5.107479999999999798e-01
-5.625000000000000000e+01 -9.895287958115185134e+00 8.094890000000000141e-01
-5.625000000000000000e+01 -8.952879581151833577e+00 4.139700000000000324e-02
-5.625000000000000000e+01 -8.010471204188482020e+00 7.493999999999999793e-03
-5.625000000000000000e+01 -7.068062827225130462e+00 1.131650000000000017e-01
-5.625000000000000000e+01 -6.125654450261779793e+00 2.818590000000000262e-01
-5.625000000000000000e+01 -5.183246073298429124e+00 4.101679999999999771e-01
-5.625000000000000000e+01 -4.240837696335078455e+00 4.531540000000000012e-01
-5.625000000000000000e+01 -3.298429319371727786e+00 7.816099999999999437e-02
-5.625000000000000000e+01 -2.356020942408377117e+00 4.275689999999999769e-01
-5.625000000000000000e+01 -1.413612565445026226e+00 2.836800000000000085e-02
-5.625000000000000000e+01 -4.712041884816753901e-01 8.000000000000000654e-05
-5.625000000000000000e+01 4.712041884816753901e-01 8.000000000000000654e-05
-5.625000000000000000e+01 1.413612565445026226e+00 0.000000000000000000e+00
-5.500000000000000000e+01 -1.460732984293194114e+01 1.824739999999999973e-01
-5.500000000000000000e+01 -1.366492146596859136e+01 4.329899999999999721e-02
-5.500000000000000000e+01 -1.272251308900523981e+01 4.475919999999999899e-01
-5.500000000000000000e+01 -1.178010471204188825e+01 7.480869999999999465e-01
-5.500000000000000000e+01 -1.083769633507853669e+01 8.272040000000000504e-01
-5.500000000000000000e+01 -9.895287958115185134e+00 7.634429999999999827e-01
-5.500000000000000000e+01 -8.952879581151833577e+00 9.336099999999999954e-02
-5.500000000000000000e+01 -8.010471204188482020e+00 3.104720000000000257e-01
-5.500000000000000000e+01 -7.068062827225130462e+00 3.140740000000000198e-01
-5.500000000000000000e+01 -6.125654450261779793e+00 5.812599999999999711e-02
-5.500000000000000000e+01 -5.183246073298429124e+00 2.194499999999999923e-02
-5.500000000000000000e+01 -4.240837696335078455e+00 5.161660000000000137e-01
-5.500000000000000000e+01 -3.298429319371727786e+00 5.635890000000000066e-01
-5.500000000000000000e+01 -2.356020942408377117e+00 6.129069999999999796e-01
-5.500000000000000000e+01 -1.413612565445026226e+00 2.856900000000000064e-02
-5.500000000000000000e+01 -4.712041884816753901e-01 2.420000000000000005e-04
-5.500000000000000000e+01 4.712041884816753901e-01 2.420000000000000005e-04
-5.500000000000000000e+01 1.413612565445026226e+00 2.420000000000000005e-04
-5.500000000000000000e+01 2.356020942408377117e+00 5.760000000000000146e-04
-5.375000000000000000e+01 -1.460732984293194114e+01 4.079999999999999968e-04
-5.375000000000000000e+01 -1.366492146596859136e+01 4.112999999999999989e-02
-5.375000000000000000e+01 -1.272251308900523981e+01 2.106830000000000092e-01
-5.375000000000000000e+01 -1.178010471204188825e+01 1.924919999999999964e-01
-5.375000000000000000e+01 -1.083769633507853669e+01 2.761480000000000046e-01
-5.375000000000000000e+01 -9.895287958115185134e+00 3.521690000000000098e-01
-5.375000000000000000e+01 -8.952879581151833577e+00 1.329400000000000026e-02
-5.375000000000000000e+01 -8.010471204188482020e+00 8.000000000000000654e-05
-5.375000000000000000e+01 -7.068062827225130462e+00 2.101000000000000003e-03
-5.375000000000000000e+01 -6.125654450261779793e+00 6.347000000000000211e-03
-5.375000000000000000e+01 -5.183246073298429124e+00 3.327999999999999795e-03
-5.375000000000000000e+01 -4.240837696335078455e+00 5.000000000000000000e-01
-5.375000000000000000e+01 -3.298429319371727786e+00 5.258559999999999901e-01
-5.375000000000000000e+01 -2.356020942408377117e+00 4.867929999999999757e-01
-5.375000000000000000e+01 -1.413612565445026226e+00 9.731399999999999773e-02
-5.375000000000000000e+01 -4.712041884816753901e-01 9.719999999999999907e-04
-5.375000000000000000e+01 4.712041884816753901e-01 9.719999999999999907e-04
-5.375000000000000000e+01 1.413612565445026226e+00 1.217999999999999899e-03
-5.375000000000000000e+01 2.356020942408377117e+00 1.054000000000000032e-03
-5.250000000000000000e+01 -1.366492146596859136e+01 1.288800000000000015e-02
-5.250000000000000000e+01 -1.272251308900523981e+01 2.155990000000000129e-01
-5.250000000000000000e+01 -1.178010471204188825e+01 1.301140000000000074e-01
-5.250000000000000000e+01 -1.083769633507853669e+01 3.001469999999999971e-01
-5.250000000000000000e+01 -9.895287958115185134e+00 9.832200000000000661e-02
-5.250000000000000000e+01 -8.952879581151833577e+00 5.699999999999999772e-04
-5.250000000000000000e+01 -8.010471204188482020e+00 1.825000000000000016e-03
-5.250000000000000000e+01 -7.068062827225130462e+00 1.878099999999999908e-02
-5.250000000000000000e+01 -6.125654450261779793e+00 4.149599999999999816e-02
-5.250000000000000000e+01 -5.183246073298429124e+00 1.755000000000000050e-03
-5.250000000000000000e+01 -4.240837696335078455e+00 1.514939999999999898e-01
-5.250000000000000000e+01 -3.298429319371727786e+00 3.971620000000000150e-01
-5.250000000000000000e+01 -2.356020942408377117e+00 4.228599999999999720e-02
-5.250000000000000000e+01 -1.413612565445026226e+00 4.987329999999999819e-01
-5.250000000000000000e+01 -4.712041884816753901e-01 6.875399999999999567e-02
-5.250000000000000000e+01 4.712041884816753901e-01 6.875399999999999567e-02
-5.125000000000000000e+01 -8.952879581151833577e+00 5.912169999999999925e-01
-5.125000000000000000e+01 -8.010471204188482020e+00 4.183040000000000092e-01
-5.125000000000000000e+01 -7.068062827225130462e+00 4.633680000000000021e-01
-5.125000000000000000e+01 -5.183246073298429124e+00 1.905290000000000039e-01
-5.125000000000000000e+01 -4.240837696335078455e+00 3.547199999999999798e-01
-5.125000000000000000e+01 -3.298429319371727786e+00 5.369350000000000511e-01
-5.125000000000000000e+01 -2.356020942408377117e+00 1.439650000000000096e-01
-5.000000000000000000e+01 -3.298429319371727786e+00 6.762660000000000338e-01
