-7.875000000000000000e+01 -6.125654450261779793e+00 5.060409999999999631e-01
-7.875000000000000000e+01 -5.183246073298429124e+00 2.410750000000000115e-01
-7.875000000000000000e+01 -4.240837696335078455e+00 3.608919999999999906e-01
-7.875000000000000000e+01 -3.298429319371727786e+00 4.905390000000000028e-01
-7.875000000000000000e+01 -2.356020942408377117e+00 0.000000000000000000e+00
-7.875000000000000000e+01 -1.413612565445026226e+00 0.000000000000000000e+00
-7.750000000000000000e+01 -8.952879581151833577e+00 1.875680000000000125e-01
-7.750000000000000000e+01 -8.010471204188482020e+00 1.435049999999999937e-01
-7.750000000000000000e+01 -7.068062827225130462e+00 2.859260000000000135e-01
-7.750000000000000000e+01 -6.125654450261779793e+00 5.303010000000000224e-01
-7.750000000000000000e+01 -5.183246073298429124e+00 1.827239999999999975e-01
-7.750000000000000000e+01 -4.240837696335078455e+00 5.114900000000000002e-02
-7.750000000000000000e+01 -3.298429319371727786e+00 4.265200000000000102e-01
-7.750000000000000000e+01 -2.356020942408377117e+00 2.523960000000000092e-01
-7.750000000000000000e+01 -1.413612565445026226e+00 3.870700000000000252e-01
-7.750000000000000000e+01 -4.712041884816753901e-01 2.201579999999999926e-01
-7.750000000000000000e+01 4.712041884816753901e-01 2.201579999999999926e-01
-7.625000000000000000e+01 -1.083769633507853669e+01 7.114900000000000391e-02
-7.625000000000000000e+01 -9.895287958115185134e+00 1.448109999999999953e-01
-7.625000000000000000e+01 -8.952879581151833577e+00 4.723010000000000264e-01
-7.625000000000000000e+01 -8.010471204188482020e+00 1.756010000000000071e-01
-7.625000000000000000e+01 -7.068062827225130462e+00 2.622209999999999819e-01
-7.625000000000000000e+01 -6.125654450261779793e+00 4.591660000000000186e-01
-7.625000000000000000e+01 -5.183246073298429124e+00 4.002700000000000008e-02
-7.625000000000000000e+01 -4.240837696335078455e+00 1.472000000000000001e-03
-7.625000000000000000e+01 -3.298429319371727786e+00 3.983000000000000429e-03
-7.625000000000000000e+01 -2.356020942408377117e+00 2.553000000000000148e-03
-7.625000000000000000e+01 -1.413612565445026226e+00 6.200999999999999915e-03
-7.625000000000000000e+01 -4.712041884816753901e-01 2.011689999999999867e-01
-7.625000000000000000e+01 4.712041884816753901e-01 2.011689999999999867e-01
-7.625000000000000000e+01 1.413612565445026226e+00 8.503309999999999480e-01
-7.500000000000000000e+01 -1.366492146596859136e+01 7.814200000000000312e-02
-7.500000000000000000e+01 -1.272251308900523981e+01 1.417779999999999874e-01
-7.500000000000000000e+01 -1.178010471204188825e+01 1.237540000000000029e-01
-7.500000000000000000e+01 -1.083769633507853669e+01 3.706300000000000150e-01
-7.500000000000000000e+01 -9.895287958115185134e+00 2.032329999999999970e-01
-7.500000000000000000e+01 -8.952879581151833577e+00 5.302609999999999824e-01
-7.500000000000000000e+01 -8.010471204188482020e+00 2.462050000000000072e-01
-7.500000000000000000e+01 -7.068062827225130462e+00 3.810000000000000192e-02
-7.500000000000000000e+01 -6.125654450261779793e+00 6.070300000000000001e-02
-7.500000000000000000e+01 -5.183246073298429124e+00 4.566900000000000126e-02
-7.500000000000000000e+01 -4.240837696335078455e+00 2.003299999999999872e-02
-7.500000000000000000e+01 -3.298429319371727786e+00 2.305999999999999890e-03
-7.500000000000000000e+01 -2.356020942408377117e+00 6.376999999999999856e-03
-7.500000000000000000e+01 -1.413612565445026226e+00 5.597000000000000412e-03
-7.500000000000000000e+01 -4.712041884816753901e-01 3.433699999999999947e-02
-7.500000000000000000e+01 4.712041884816753901e-01 3.433699999999999947e-02
-7.500000000000000000e+01 1.413612565445026226e+00 5.495769999999999822e-01
-7.500000000000000000e+01 2.356020942408377117e+00 9.126429999999999820e-01
-7.375000000000000000e+01 -1.460732984293194114e+01 0.000000000000000000e+00
-7.375000000000000000e+01 -1.366492146596859136e+01 1.302490000000000037e-01
-7.375000000000000000e+01 -1.272251308900523981e+01 8.337400000000000366e-02
-7.375000000000000000e+01 -1.178010471204188825e+01 1.019339999999999968e-01
-7.375000000000000000e+01 -1.083769633507853669e+01 9.768699999999999606e-02
-7.375000000000000000e+01 -9.895287958115185134e+00 5.901700000000000002e-02
-7.375000000000000000e+01 -8.952879581151833577e+00 1.068619999999999987e-01
-7.375000000000000000e+01 -8.010471204188482020e+00 1.672960000000000003e-01
-7.375000000000000000e+01 -7.068062827225130462e+00 8.796199999999999852e-02
-7.375000000000000000e+01 -6.125654450261779793e+00 2.464699999999999877e-02
-7.375000000000000000e+01 -5.183246073298429124e+00 7.177999999999999658e-02
-7.375000000000000000e+01 -4.240837696335078455e+00 2.272499999999999867e-02
-7.375000000000000000e+01 -3.298429319371727786e+00 7.262000000000000226e-03
-7.375000000000000000e+01 -2.356020942408377117e+00 5.409999999999999878e-03
-7.375000000000000000e+01 -1.413612565445026226e+00 1.121290000000000064e-01
-7.375000000000000000e+01 -4.712041884816753901e-01 2.467000000000000009e-03
-7.375000000000000000e+01 4.712041884816753901e-01 2.467000000000000009e-03
-7.375000000000000000e+01 1.413612565445026226e+00 4.893399999999999833e-02
-7.250000000000000000e+01 -1.460732984293194114e+01 5.432000000000000196e-03
-7.250000000000000000e+01 -1.366492146596859136e+01 1.374849999999999961e-01
-7.250000000000000000e+01 -1.272251308900523981e+01 1.772450000000000137e-01
-7.250000000000000000e+01 -1.178010471204188825e+01 4.293199999999999794e-02
-7.250000000000000000e+01 -1.083769633507853669e+01 6.879999999999999831e-03
-7.250000000000000000e+01 -9.895287958115185134e+00 0.000000000000000000e+00
-7.250000000000000000e+01 -8.952879581151833577e+00 2.049099999999999880e-02
-7.250000000000000000e+01 -8.010471204188482020e+00 5.315130000000000132e-01
-7.250000000000000000e+01 -7.068062827225130462e+00 2.956659999999999844e-01
-7.250000000000000000e+01 -6.125654450261779793e+00 9.730000000000000151e-04
-7.250000000000000000e+01 -5.183246073298429124e+00 9.737000000000000863e-03
-7.250000000000000000e+01 -4.240837696335078455e+00 1.123389999999999944e-01
-7.250000000000000000e+01 -3.298429319371727786e+00 2.123999999999999846e-02
-7.250000000000000000e+01 -2.356020942408377117e+00 5.549099999999999866e-02
-7.250000000000000000e+01 -1.413612565445026226e+00 1.217000000000000026e-02
-7.250000000000000000e+01 -4.712041884816753901e-01 6.908000000000000078e-03
-7.250000000000000000e+01 4.712041884816753901e-01 6.908000000000000078e-03
-7.250000000000000000e+01 1.413612565445026226e+00 1.092699999999999921e-02
-7.125000000000000000e+01 -1.460732984293194114e+01 9.079900000000000471e-02
-7.125000000000000000e+01 -1.366492146596859136e+01 2.504899999999999835e-02
-7.125000000000000000e+01 -1.272251308900523981e+01 2.485880000000000034e-01
-7.125000000000000000e+01 -1.178010471204188825e+01 8.123000000000000012e-03
-7.125000000000000000e+01 -1.083769633507853669e+01 1.640000000000000019e-04
-7.125000000000000000e+01 -9.895287958115185134e+00 6.791000000000000161e-03
-7.125000000000000000e+01 -8.952879581151833577e+00 1.451739999999999975e-01
-7.125000000000000000e+01 -8.010471204188482020e+00 6.840720000000000134e-01
-7.125000000000000000e+01 -7.068062827225130462e+00 1.309099999999999986e-01
-7.125000000000000000e+01 -6.125654450261779793e+00 5.457000000000000045e-03
-7.125000000000000000e+01 -5.183246073298429124e+00 2.429999999999999977e-04
-7.125000000000000000e+01 -4.240837696335078455e+00 3.450000000000000289e-02
-7.125000000000000000e+01 -3.298429319371727786e+00 1.589999999999999888e-04
-7.125000000000000000e+01 -2.356020942408377117e+00 4.900800000000000295e-02
-7.125000000000000000e+01 -1.413612565445026226e+00 3.592000000000000141e-03
-7.125000000000000000e+01 -4.712041884816753901e-01 0.000000000000000000e+00
-7.125000000000000000e+01 4.712041884816753901e-01 0.000000000000000000e+00
-7.125000000000000000e+01 1.413612565445026226e+00 1.000489999999999990e-01
-7.000000000000000000e+01 -1.366492146596859136e+01 1.025799999999999976e-02
-7.000000000000000000e+01 -1.272251308900523981e+01 3.540010000000000101e-01
-7.000000000000000000e+01 -1.178010471204188825e+01 9.974800000000000333e-02
-7.000000000000000000e+01 -1.083769633507853669e+01 3.891109999999999847e-01
-7.000000000000000000e+01 -9.895287958115185134e+00 3.467300000000000243e-02
-7.000000000000000000e+01 -8.952879581151833577e+00 3.558009999999999784e-01
-7.000000000000000000e+01 -8.010471204188482020e+00 4.779840000000000200e-01
-7.000000000000000000e+01 -7.068062827225130462e+00 5.678699999999999720e-02
-7.000000000000000000e+01 -6.125654450261779793e+00 1.861000000000000024e-03
-7.000000000000000000e+01 -5.183246073298429124e+00 8.040000000000000271e-04
-7.000000000000000000e+01 -4.240837696335078455e+00 1.229569999999999969e-01
-7.000000000000000000e+01 -3.298429319371727786e+00 5.255399999999999655e-02
-7.000000000000000000e+01 -2.356020942408377117e+00 1.888600000000000001e-02
-7.000000000000000000e+01 -1.413612565445026226e+00 3.371299999999999991e-02
-7.000000000000000000e+01 -4.712041884816753901e-01 1.220300000000000031e-02
-7.000000000000000000e+01 4.712041884816753901e-01 1.220300000000000031e-02
-7.000000000000000000e+01 1.413612565445026226e+00 7.309000000000000392e-03
-6.875000000000000000e+01 -1.554973821989529448e+01 1.353999999999999952e-03
-6.875000000000000000e+01 -1.460732984293194114e+01 3.836799999999999933e-02
-6.875000000000000000e+01 -1.366492146596859136e+01 1.793499999999999955e-02
-6.875000000000000000e+01 -1.272251308900523981e+01 1.692809999999999870e-01
-6.875000000000000000e+01 -1.178010471204188825e+01 4.984649999999999914e-01
-6.875000000000000000e+01 -1.083769633507853669e+01 7.065090000000000536e-01
-6.875000000000000000e+01 -9.895287958115185134e+00 2.566089999999999760e-01
-6.875000000000000000e+01 -8.952879581151833577e+00 7.512269999999999781e-01
-6.875000000000000000e+01 -8.010471204188482020e+00 2.914999999999999883e-02
-6.875000000000000000e+01 -7.068062827225130462e+00 2.047999999999999907e-03
-6.875000000000000000e+01 -6.125654450261779793e+00 1.129999999999999928e-03
-6.875000000000000000e+01 -5.183246073298429124e+00 4.840000000000000010e-04
-6.875000000000000000e+01 -4.240837696335078455e+00 4.423999999999999981e-03
-6.875000000000000000e+01 -3.298429319371727786e+00 7.030999999999999923e-03
-6.875000000000000000e+01 -2.356020942408377117e+00 4.833999999999999755e-03
-6.875000000000000000e+01 -1.413612565445026226e+00 1.039799999999999926e-02
-6.875000000000000000e+01 -4.712041884816753901e-01 1.129100000000000069e-02
-6.875000000000000000e+01 4.712041884816753901e-01 1.129100000000000069e-02
-6.875000000000000000e+01 1.413612565445026226e+00 1.477200000000000041e-02
-6.875000000000000000e+01 2.356020942408377117e+00 6.295000000000000248e-03
-6.750000000000000000e+01 -1.649214659685864603e+01 3.899549999999999961e-01
-6.750000000000000000e+01 -1.554973821989529448e+01 3.899549999999999961e-01
-6.750000000000000000e+01 -1.460732984293194114e+01 1.876029999999999920e-01
-6.750000000000000000e+01 -1.366492146596859136e+01 1.490470000000000128e-01
-6.750000000000000000e+01 -1.272251308900523981e+01 2.683500000000000121e-02
-6.750000000000000000e+01 -1.178010471204188825e+01 4.949300000000000227e-02
-6.750000000000000000e+01 -1.083769633507853669e+01 4.545230000000000103e-01
-6.750000000000000000e+01 -9.895287958115185134e+00 9.065879999999999495e-01
-6.750000000000000000e+01 -8.952879581151833577e+00 4.475970000000000226e-01
-6.750000000000000000e+01 -8.010471204188482020e+00 4.394999999999999601e-03
-6.750000000000000000e+01 -7.068062827225130462e+00 1.216000000000000067e-03
-6.750000000000000000e+01 -6.125654450261779793e+00 6.030999999999999903e-03
-6.750000000000000000e+01 -5.183246073298429124e+00 1.128000000000000096e-03
-6.750000000000000000e+01 -4.240837696335078455e+00 8.059999999999999673e-04
-6.750000000000000000e+01 -3.298429319371727786e+00 1.597499999999999962e-02
-6.750000000000000000e+01 -2.356020942408377117e+00 3.310000000000000225e-04
-6.750000000000000000e+01 -1.413612565445026226e+00 8.000000000000000654e-05
-6.750000000000000000e+01 -4.712041884816753901e-01 8.989999999999999511e-04
-6.750000000000000000e+01 4.712041884816753901e-01 8.989999999999999511e-04
-6.750000000000000000e+01 1.413612565445026226e+00 7.217000000000000325e-03
-6.750000000000000000e+01 2.356020942408377117e+00 2.823200000000000015e-02
-6.625000000000000000e+01 -1.837696335078534560e+01 8.382100000000000661e-02
-6.625000000000000000e+01 -1.743455497382199582e+01 3.266680000000000139e-01
-6.625000000000000000e+01 -1.649214659685864603e+01 2.461599999999999899e-02
-6.625000000000000000e+01 -1.554973821989529448e+01 2.461599999999999899e-02
-6.625000000000000000e+01 -1.460732984293194114e+01 1.533200000000000014e-02
-6.625000000000000000e+01 -1.366492146596859136e+01 1.134000000000000025e-03
-6.625000000000000000e+01 -1.272251308900523981e+01 0.000000000000000000e+00
-6.625000000000000000e+01 -1.178010471204188825e+01 1.099200000000000003e-02
-6.625000000000000000e+01 -1.083769633507853669e+01 1.707380000000000009e-01
-6.625000000000000000e+01 -9.895287958115185134e+00 3.332789999999999919e-01
-6.625000000000000000e+01 -8.952879581151833577e+00 2.906590000000000007e-01
-6.625000000000000000e+01 -8.010471204188482020e+00 2.704499999999999960e-02
-6.625000000000000000e+01 -7.068062827225130462e+00 8.109999999999999805e-04
-6.625000000000000000e+01 -6.125654450261779793e+00 1.610000000000000103e-04
-6.625000000000000000e+01 -5.183246073298429124e+00 3.260000000000000094e-04
-6.625000000000000000e+01 -4.240837696335078455e+00 3.536000000000000081e-03
-6.625000000000000000e+01 -3.298429319371727786e+00 1.654800000000000021e-02
-6.625000000000000000e+01 -2.356020942408377117e+00 6.369999999999999794e-03
-6.625000000000000000e+01 -1.413612565445026226e+00 0.000000000000000000e+00
-6.625000000000000000e+01 -4.712041884816753901e-01 2.425000000000000072e-03
-6.625000000000000000e+01 4.712041884816753901e-01 2.425000000000000072e-03
-6.625000000000000000e+01 1.413612565445026226e+00 8.433699999999999530e-02
-6.625000000000000000e+01 2.356020942408377117e+00 7.253900000000000625e-02
-6.500000000000000000e+01 -1.837696335078534560e+01 2.843899999999999900e-02
-6.500000000000000000e+01 -1.743455497382199582e+01 5.521920000000000162e-01
-6.500000000000000000e+01 -1.649214659685864603e+01 6.360100000000000475e-02
-6.500000000000000000e+01 -1.554973821989529448e+01 6.360100000000000475e-02
-6.500000000000000000e+01 -1.460732984293194114e+01 1.180199999999999999e-02
-6.500000000000000000e+01 -1.366492146596859136e+01 5.432000000000000196e-03
-6.500000000000000000e+01 -1.272251308900523981e+01 1.992999999999999980e-03
-6.500000000000000000e+01 -1.178010471204188825e+01 7.600999999999999424e-02
-6.500000000000000000e+01 -1.083769633507853669e+01 3.549080000000000013e-01
-6.500000000000000000e+01 -9.895287958115185134e+00 7.713459999999999761e-01
-6.500000000000000000e+01 -8.952879581151833577e+00 4.650340000000000029e-01
-6.500000000000000000e+01 -8.010471204188482020e+00 1.420690000000000008e-01
-6.500000000000000000e+01 -7.068062827225130462e+00 1.538650000000000018e-01
-6.500000000000000000e+01 -6.125654450261779793e+00 1.147999999999999932e-03
-6.500000000000000000e+01 -5.183246073298429124e+00 7.582300000000000151e-02
-6.500000000000000000e+01 -4.240837696335078455e+00 1.071310000000000040e-01
-6.500000000000000000e+01 -3.298429319371727786e+00 1.260600000000000054e-01
-6.500000000000000000e+01 -2.356020942408377117e+00 4.329999999999999648e-03
-6.500000000000000000e+01 -1.413612565445026226e+00 1.791999999999999973e-03
-6.500000000000000000e+01 -4.712041884816753901e-01 8.848999999999999228e-03
-6.500000000000000000e+01 4.712041884816753901e-01 8.848999999999999228e-03
-6.500000000000000000e+01 1.413612565445026226e+00 2.658999999999999905e-03
-6.375000000000000000e+01 -2.026178010471204516e+01 5.000000000000000000e-01
-6.375000000000000000e+01 -1.931937172774869538e+01 3.397319999999999784e-01
-6.375000000000000000e+01 -1.837696335078534560e+01 2.159020000000000106e-01
-6.375000000000000000e+01 -1.743455497382199582e+01 6.748969999999999692e-01
-6.375000000000000000e+01 -1.649214659685864603e+01 7.536099999999999743e-02
-6.375000000000000000e+01 -1.554973821989529448e+01 7.536099999999999743e-02
-6.375000000000000000e+01 -1.460732984293194114e+01 4.308100000000000124e-02
-6.375000000000000000e+01 -1.366492146596859136e+01 3.468999999999999861e-03
-6.375000000000000000e+01 -1.272251308900523981e+01 7.106000000000000337e-03
-6.375000000000000000e+01 -1.178010471204188825e+01 6.319240000000000412e-01
-6.375000000000000000e+01 -1.083769633507853669e+01 1.418040000000000134e-01
-6.375000000000000000e+01 -9.895287958115185134e+00 7.165970000000000395e-01
-6.375000000000000000e+01 -8.952879581151833577e+00 9.121040000000000258e-01
-6.375000000000000000e+01 -8.010471204188482020e+00 6.520390000000000352e-01
-6.375000000000000000e+01 -7.068062827225130462e+00 2.423410000000000009e-01
-6.375000000000000000e+01 -6.125654450261779793e+00 4.970999999999999724e-03
-6.375000000000000000e+01 -5.183246073298429124e+00 4.338299999999999795e-02
-6.375000000000000000e+01 -4.240837696335078455e+00 2.428210000000000091e-01
-6.375000000000000000e+01 -3.298429319371727786e+00 1.807000000000000012e-03
-6.375000000000000000e+01 -2.356020942408377117e+00 3.249999999999999851e-04
-6.375000000000000000e+01 -1.413612565445026226e+00 3.240000000000000150e-04
-6.375000000000000000e+01 -4.712041884816753901e-01 1.828999999999999897e-03
-6.375000000000000000e+01 4.712041884816753901e-01 1.828999999999999897e-03
-6.375000000000000000e+01 1.413612565445026226e+00 5.579999999999999891e-03
-6.375000000000000000e+01 3.298429319371727786e+00 2.640299999999999939e-02
-6.250000000000000000e+01 -1.931937172774869538e+01 4.045900000000000052e-01
-6.250000000000000000e+01 -1.837696335078534560e+01 7.245549999999999491e-01
-6.250000000000000000e+01 -1.743455497382199582e+01 8.480649999999999578e-01
-6.250000000000000000e+01 -1.649214659685864603e+01 1.920840000000000047e-01
-6.250000000000000000e+01 -1.554973821989529448e+01 1.920840000000000047e-01
-6.250000000000000000e+01 -1.460732984293194114e+01 9.929000000000000326e-03
-6.250000000000000000e+01 -1.366492146596859136e+01 2.831000000000000183e-03
-6.250000000000000000e+01 -1.272251308900523981e+01 2.275500000000000092e-02
-6.250000000000000000e+01 -1.178010471204188825e+01 5.988400000000000389e-01
-6.250000000000000000e+01 -1.083769633507853669e+01 4.726949999999999763e-01
-6.250000000000000000e+01 -9.895287958115185134e+00 9.859510000000000218e-01
-6.250000000000000000e+01 -8.952879581151833577e+00 6.697899999999999965e-01
-6.250000000000000000e+01 -8.010471204188482020e+00 5.624529999999999808e-01
-6.250000000000000000e+01 -7.068062827225130462e+00 8.277660000000000018e-01
-6.250000000000000000e+01 -6.125654450261779793e+00 3.369739999999999958e-01
-6.250000000000000000e+01 -5.183246073298429124e+00 2.396000000000000126e-03
-6.250000000000000000e+01 -4.240837696335078455e+00 3.275190000000000046e-01
-6.250000000000000000e+01 -3.298429319371727786e+00 2.263400000000000134e-02
-6.250000000000000000e+01 -2.356020942408377117e+00 3.983000000000000429e-03
-6.250000000000000000e+01 -1.413612565445026226e+00 1.570159999999999889e-01
-6.250000000000000000e+01 -4.712041884816753901e-01 6.509999999999999945e-04
-6.250000000000000000e+01 4.712041884816753901e-01 6.509999999999999945e-04
-6.250000000000000000e+01 1.413612565445026226e+00 5.102999999999999897e-03
-6.250000000000000000e+01 2.356020942408377117e+00 1.464000000000000024e-02
-6.250000000000000000e+01 3.298429319371727786e+00 0.000000000000000000e+00
-6.125000000000000000e+01 -1.837696335078534560e+01 2.113520000000000121e-01
-6.125000000000000000e+01 -1.743455497382199582e+01 3.827209999999999779e-01
-6.125000000000000000e+01 -1.649214659685864603e+01 3.864319999999999977e-01
-6.125000000000000000e+01 -1.554973821989529448e+01 3.864319999999999977e-01
-6.125000000000000000e+01 -1.460732984293194114e+01 8.537200000000000344e-02
-6.125000000000000000e+01 -1.366492146596859136e+01 7.839599999999999347e-02
-6.125000000000000000e+01 -1.272251308900523981e+01 7.448430000000000328e-01
-6.125000000000000000e+01 -1.178010471204188825e+01 8.175850000000000062e-01
-6.125000000000000000e+01 -1.083769633507853669e+01 5.358199999999999630e-01
-6.125000000000000000e+01 -9.895287958115185134e+00 6.490599999999999703e-01
-6.125000000000000000e+01 -8.952879581151833577e+00 4.474460000000000104e-01
-6.125000000000000000e+01 -8.010471204188482020e+00 3.922649999999999748e-01
-6.125000000000000000e+01 -7.068062827225130462e+00 1.529719999999999969e-01
-6.125000000000000000e+01 -6.125654450261779793e+00 2.449870000000000103e-01
-6.125000000000000000e+01 -5.183246073298429124e+00 1.864740000000000009e-01
-6.125000000000000000e+01 -4.240837696335078455e+00 5.433759999999999701e-01
-6.125000000000000000e+01 -3.298429319371727786e+00 5.079489999999999839e-01
-6.125000000000000000e+01 -2.356020942408377117e+00 1.242000000000000048e-02
-6.125000000000000000e+01 -1.413612565445026226e+00 8.797800000000000065e-02
-6.125000000000000000e+01 -4.712041884816753901e-01 2.715000000000000191e-01
-6.125000000000000000e+01 4.712041884816753901e-01 2.715000000000000191e-01
-6.125000000000000000e+01 1.413612565445026226e+00 4.183069999999999844e-01
-6.125000000000000000e+01 2.356020942408377117e+00 8.551069999999999505e-01
-6.125000000000000000e+01 3.298429319371727786e+00 2.946050000000000058e-01
-6.125000000000000000e+01 4.240837696335078455e+00 1.287270000000000081e-01
-6.000000000000000000e+01 -1.554973821989529448e+01 1.622379999999999933e-01
-6.000000000000000000e+01 -1.460732984293194114e+01 4.689030000000000142e-01
-6.000000000000000000e+01 -1.366492146596859136e+01 6.412670000000000314e-01
-6.000000000000000000e+01 -1.272251308900523981e+01 5.267589999999999772e-01
-6.000000000000000000e+01 -1.178010471204188825e+01 1.903150000000000119e-01
-6.000000000000000000e+01 -1.083769633507853669e+01 4.667500000000000121e-02
-6.000000000000000000e+01 -9.895287958115185134e+00 4.729360000000000230e-01
-6.000000000000000000e+01 -8.952879581151833577e+00 3.650070000000000259e-01
-6.000000000000000000e+01 -8.010471204188482020e+00 1.348880000000000079e-01
-6.000000000000000000e+01 -7.068062827225130462e+00 6.461379999999999901e-01
-6.000000000000000000e+01 -6.125654450261779793e+00 2.783849999999999936e-01
-6.000000000000000000e+01 -5.183246073298429124e+00 2.679480000000000195e-01
-6.000000000000000000e+01 -4.240837696335078455e+00 6.808670000000000000e-01
-6.000000000000000000e+01 -3.298429319371727786e+00 8.848139999999999894e-01
-6.000000000000000000e+01 -2.356020942408377117e+00 9.230340000000000211e-01
-6.000000000000000000e+01 -1.413612565445026226e+00 4.180849999999999844e-01
-6.000000000000000000e+01 -4.712041884816753901e-01 1.083130000000000065e-01
-6.000000000000000000e+01 4.712041884816753901e-01 1.083130000000000065e-01
-6.000000000000000000e+01 1.413612565445026226e+00 8.145069999999999810e-01
-6.000000000000000000e+01 2.356020942408377117e+00 4.414339999999999931e-01
-6.000000000000000000e+01 3.298429319371727786e+00 1.372760000000000091e-01
-6.000000000000000000e+01 4.240837696335078455e+00 1.794600000000000015e-02
-6.000000000000000000e+01 5.183246073298429124e+00 1.941299999999999970e-02
-5.875000000000000000e+01 -1.366492146596859136e+01 6.456599999999999839e-02
-5.875000000000000000e+01 -1.272251308900523981e+01 1.120999999999999948e-02
-5.875000000000000000e+01 -1.178010471204188825e+01 2.970249999999999835e-01
-5.875000000000000000e+01 -1.083769633507853669e+01 7.669559999999999711e-01
-5.875000000000000000e+01 -9.895287958115185134e+00 8.658200000000000340e-01
-5.875000000000000000e+01 -8.952879581151833577e+00 4.355689999999999840e-01
-5.875000000000000000e+01 -8.010471204188482020e+00 5.293799999999999895e-02
-5.875000000000000000e+01 -7.068062827225130462e+00 4.777040000000000175e-01
-5.875000000000000000e+01 -6.125654450261779793e+00 5.472599999999999687e-02
-5.875000000000000000e+01 -5.183246073298429124e+00 6.229000000000000162e-03
-5.875000000000000000e+01 -4.240837696335078455e+00 4.158430000000000182e-01
-5.875000000000000000e+01 -3.298429319371727786e+00 8.691060000000000452e-01
-5.875000000000000000e+01 -2.356020942408377117e+00 3.546839999999999993e-01
-5.875000000000000000e+01 -1.413612565445026226e+00 3.815700000000000341e-02
-5.875000000000000000e+01 -4.712041884816753901e-01 9.594999999999999363e-03
-5.875000000000000000e+01 4.712041884816753901e-01 9.594999999999999363e-03
-5.750000000000000000e+01 -1.366492146596859136e+01 6.228299999999999809e-02
-5.750000000000000000e+01 -1.272251308900523981e+01 1.059200000000000003e-01
-5.750000000000000000e+01 -1.178010471204188825e+01 7.017139999999999489e-01
-5.750000000000000000e+01 -1.083769633507853669e+01 6.595980000000000176e-01
-5.750000000000000000e+01 -9.895287958115185134e+00 9.361620000000000497e-01
-5.750000000000000000e+01 -8.952879581151833577e+00 3.817240000000000077e-01
-5.750000000000000000e+01 -8.010471204188482020e+00 3.355609999999999982e-01
-5.750000000000000000e+01 -7.068062827225130462e+00 2.342899999999999844e-02
-5.750000000000000000e+01 -6.125654450261779793e+00 4.578659999999999952e-01
-5.750000000000000000e+01 -5.183246073298429124e+00 1.135140000000000038e-01
-5.750000000000000000e+01 -4.240837696335078455e+00 2.160999999999999865e-01
-5.750000000000000000e+01 -3.298429319371727786e+00 5.106169999999999876e-01
-5.750000000000000000e+01 -2.356020942408377117e+00 1.561279999999999890e-01
-5.750000000000000000e+01 -1.413612565445026226e+00 2.238300000000000012e-02
-5.750000000000000000e+01 -4.712041884816753901e-01 1.544200000000000017e-01
-5.750000000000000000e+01 4.712041884816753901e-01 1.544200000000000017e-01
-5.750000000000000000e+01 1.413612565445026226e+00 2.423480000000000079e-01
-5.625000000000000000e+01 -1.366492146596859136e+01 4.468380000000000130e-01
-5.625000000000000000e+01 -1.272251308900523981e+01 3.922519999999999896e-01
-5.625000000000000000e+01 -1.178010471204188825e+01 8.550130000000000230e-01
-5.625000000000000000e+01 -1.083769633507853669e+01 6.706800000000000539e-01
-5.625000000000000000e+01 -9.895287958115185134e+00 9.899860000000000326e-01
-5.625000000000000000e+01 -8.952879581151833577e+00 1.790940000000000032e-01
-5.625000000000000000e+01 -8.010471204188482020e+00 1.851079999999999948e-01
-5.625000000000000000e+01 -7.068062827225130462e+00 4.291320000000000134e-01
-5.625000000000000000e+01 -6.125654450261779793e+00 5.099799999999999889e-01
-5.625000000000000000e+01 -5.183246073298429124e+00 6.190240000000000187e-01
-5.625000000000000000e+01 -4.240837696335078455e+00 5.450059999999999905e-01
-5.625000000000000000e+01 -3.298429319371727786e+00 3.792880000000000140e-01
-5.625000000000000000e+01 -2.356020942408377117e+00 4.847920000000000007e-01
-5.625000000000000000e+01 -1.413612565445026226e+00 1.342379999999999962e-01
-5.625000000000000000e+01 -4.712041884816753901e-01 1.255200000000000066e-02
-5.625000000000000000e+01 4.712041884816753901e-01 1.255200000000000066e-02
-5.625000000000000000e+01 1.413612565445026226e+00 1.753999999999999917e-03
-5.500000000000000000e+01 -1.460732984293194114e+01 1.896079999999999988e-01
-5.500000000000000000e+01 -1.366492146596859136e+01 6.548500000000000154e-02
-5.500000000000000000e+01 -1.272251308900523981e+01 6.662120000000000264e-01
-5.500000000000000000e+01 -1.178010471204188825e+01 9.423629999999999507e-01
-5.500000000000000000e+01 -1.083769633507853669e+01 9.512610000000000232e-01
-5.500000000000000000e+01 -9.895287958115185134e+00 9.271580000000000377e-01
-5.500000000000000000e+01 -8.952879581151833577e+00 3.466319999999999957e-01
-5.500000000000000000e+01 -8.010471204188482020e+00 7.522280000000000078e-01
-5.500000000000000000e+01 -7.068062827225130462e+00 5.579819999999999780e-01
-5.500000000000000000e+01 -6.125654450261779793e+00 3.755310000000000037e-01
-5.500000000000000000e+01 -5.183246073298429124e+00 3.216399999999999815e-01
-5.500000000000000000e+01 -4.240837696335078455e+00 7.551440000000000374e-01
-5.500000000000000000e+01 -3.298429319371727786e+00 7.802109999999999879e-01
-5.500000000000000000e+01 -2.356020942408377117e+00 7.113589999999999636e-01
-5.500000000000000000e+01 -1.413612565445026226e+00 3.101679999999999993e-01
-5.500000000000000000e+01 -4.712041884816753901e-01 3.059999999999999786e-03
-5.500000000000000000e+01 4.712041884816753901e-01 3.059999999999999786e-03
-5.500000000000000000e+01 1.413612565445026226e+00 2.579999999999999828e-03
-5.500000000000000000e+01 2.356020942408377117e+00 3.898999999999999688e-02
-5.375000000000000000e+01 -1.460732984293194114e+01 4.896000000000000178e-03
-5.375000000000000000e+01 -1.366492146596859136e+01 6.169499999999999984e-02
-5.375000000000000000e+01 -1.272251308900523981e+01 5.199810000000000265e-01
-5.375000000000000000e+01 -1.178010471204188825e+01 3.788900000000000046e-01
-5.375000000000000000e+01 -1.083769633507853669e+01 6.719549999999999690e-01
-5.375000000000000000e+01 -9.895287958115185134e+00 6.934740000000000348e-01
-5.375000000000000000e+01 -8.952879581151833577e+00 1.057850000000000040e-01
-5.375000000000000000e+01 -8.010471204188482020e+00 4.076999999999999895e-03
-5.375000000000000000e+01 -7.068062827225130462e+00 3.484689999999999732e-01
-5.375000000000000000e+01 -6.125654450261779793e+00 4.768490000000000228e-01
-5.375000000000000000e+01 -5.183246073298429124e+00 6.822789999999999688e-01
-5.375000000000000000e+01 -4.240837696335078455e+00 6.738279999999999825e-01
-5.375000000000000000e+01 -3.298429319371727786e+00 9.211780000000000523e-01
-5.375000000000000000e+01 -2.356020942408377117e+00 6.038909999999999556e-01
-5.375000000000000000e+01 -1.413612565445026226e+00 5.634200000000000319e-01
-5.375000000000000000e+01 -4.712041884816753901e-01 2.368419999999999970e-01
-5.375000000000000000e+01 4.712041884816753901e-01 2.368419999999999970e-01
-5.375000000000000000e+01 1.413612565445026226e+00 5.004060000000000175e-01
-5.375000000000000000e+01 2.356020942408377117e+00 1.802850000000000008e-01
-5.250000000000000000e+01 -1.366492146596859136e+01 1.514300000000000021e-02
-5.250000000000000000e+01 -1.272251308900523981e+01 3.944280000000000008e-01
-5.250000000000000000e+01 -1.178010471204188825e+01 2.304380000000000039e-01
-5.250000000000000000e+01 -1.083769633507853669e+01 3.908340000000000147e-01
-5.250000000000000000e+01 -9.895287958115185134e+00 2.684400000000000119e-01
-5.250000000000000000e+01 -8.952879581151833577e+00 2.638400000000000120e-02
-5.250000000000000000e+01 -8.010471204188482020e+00 1.080699999999999994e-01
-5.250000000000000000e+01 -7.068062827225130462e+00 6.932129999999999681e-01
-5.250000000000000000e+01 -6.125654450261779793e+00 7.751350000000000184e-01
-5.250000000000000000e+01 -5.183246073298429124e+00 2.124659999999999882e-01
-5.250000000000000000e+01 -4.240837696335078455e+00 4.166949999999999821e-01
-5.250000000000000000e+01 -3.298429319371727786e+00 8.711729999999999752e-01
-5.250000000000000000e+01 -2.356020942408377117e+00 3.587279999999999913e-01
-5.250000000000000000e+01 -1.413612565445026226e+00 8.655720000000000081e-01
-5.250000000000000000e+01 -4.712041884816753901e-01 4.390519999999999978e-01
-5.250000000000000000e+01 4.712041884816753901e-01 4.390519999999999978e-01
-5.125000000000000000e+01 -8.952879581151833577e+00 8.497989999999999711e-01
-5.125000000000000000e+01 -8.010471204188482020e+00 5.600289999999999990e-01
-5.125000000000000000e+01 -7.068062827225130462e+00 6.941680000000000073e-01
-5.125000000000000000e+01 -5.183246073298429124e+00 4.830200000000000049e-01
-5.125000000000000000e+01 -4.240837696335078455e+00 7.114439999999999653e-01
-5.125000000000000000e+01 -3.298429319371727786e+00 9.850309999999999899e-01
-5.125000000000000000e+01 -2.356020942408377117e+00 8.083439999999999515e-01
-5.000000000000000000e+01 -3.298429319371727786e+00 9.456109999999999793e-01
