-7.875000000000000000e+01 -6.125654450261779793e+00 5.006220000000000114e-01
-7.875000000000000000e+01 -5.183246073298429124e+00 2.007089999999999985e-01
-7.875000000000000000e+01 -4.240837696335078455e+00 2.694920000000000093e-01
-7.875000000000000000e+01 -3.298429319371727786e+00 3.834339999999999971e-01
-7.875000000000000000e+01 -2.356020942408377117e+00 0.000000000000000000e+00
-7.875000000000000000e+01 -1.413612565445026226e+00 0.000000000000000000e+00
-7.750000000000000000e+01 -8.952879581151833577e+00 1.897490000000000010e-01
-7.750000000000000000e+01 -8.010471204188482020e+00 1.435049999999999937e-01
-7.750000000000000000e+01 -7.068062827225130462e+00 2.832040000000000113e-01
-7.750000000000000000e+01 -6.125654450261779793e+00 5.125779999999999781e-01
-7.750000000000000000e+01 -5.183246073298429124e+00 1.268120000000000080e-01
-7.750000000000000000e+01 -4.240837696335078455e+00 4.420799999999999730e-02
-7.750000000000000000e+01 -3.298429319371727786e+00 2.393949999999999967e-01
-7.750000000000000000e+01 -2.356020942408377117e+00 1.851319999999999910e-01
-7.750000000000000000e+01 -1.413612565445026226e+00 2.913229999999999986e-01
-7.750000000000000000e+01 -4.712041884816753901e-01 1.918779999999999930e-01
-7.750000000000000000e+01 4.712041884816753901e-01 1.918779999999999930e-01
-7.625000000000000000e+01 -1.083769633507853669e+01 6.192899999999999794e-02
-7.625000000000000000e+01 -9.895287958115185134e+00 1.303960000000000119e-01
-7.625000000000000000e+01 -8.952879581151833577e+00 3.558939999999999881e-01
-7.625000000000000000e+01 -8.010471204188482020e+00 1.023389999999999994e-01
-7.625000000000000000e+01 -7.068062827225130462e+00 2.166349999999999942e-01
-7.625000000000000000e+01 -6.125654450261779793e+00 2.897770000000000068e-01
-7.625000000000000000e+01 -5.183246073298429124e+00 4.002700000000000008e-02
-7.625000000000000000e+01 -4.240837696335078455e+00 1.472000000000000001e-03
-7.625000000000000000e+01 -3.298429319371727786e+00 3.983000000000000429e-03
-7.625000000000000000e+01 -2.356020942408377117e+00 2.553000000000000148e-03
-7.625000000000000000e+01 -1.413612565445026226e+00 2.611000000000000040e-03
-7.625000000000000000e+01 -4.712041884816753901e-01 4.100199999999999678e-02
-7.625000000000000000e+01 4.712041884816753901e-01 4.100199999999999678e-02
-7.625000000000000000e+01 1.413612565445026226e+00 6.560489999999999933e-01
-7.500000000000000000e+01 -1.366492146596859136e+01 7.814200000000000312e-02
-7.500000000000000000e+01 -1.272251308900523981e+01 1.417779999999999874e-01
-7.500000000000000000e+01 -1.178010471204188825e+01 1.240809999999999969e-01
-7.500000000000000000e+01 -1.083769633507853669e+01 3.305890000000000217e-01
-7.500000000000000000e+01 -9.895287958115185134e+00 1.465690000000000048e-01
-7.500000000000000000e+01 -8.952879581151833577e+00 4.046250000000000124e-01
-7.500000000000000000e+01 -8.010471204188482020e+00 2.136780000000000068e-01
-7.500000000000000000e+01 -7.068062827225130462e+00 3.560399999999999676e-02
-7.500000000000000000e+01 -6.125654450261779793e+00 6.070300000000000001e-02
-7.500000000000000000e+01 -5.183246073298429124e+00 4.566900000000000126e-02
-7.500000000000000000e+01 -4.240837696335078455e+00 2.003299999999999872e-02
-7.500000000000000000e+01 -3.298429319371727786e+00 2.305999999999999890e-03
-7.500000000000000000e+01 -2.356020942408377117e+00 6.376999999999999856e-03
-7.500000000000000000e+01 -1.413612565445026226e+00 5.597000000000000412e-03
-7.500000000000000000e+01 -4.712041884816753901e-01 2.222800000000000123e-02
-7.500000000000000000e+01 4.712041884816753901e-01 2.222800000000000123e-02
-7.500000000000000000e+01 1.413612565445026226e+00 4.639949999999999908e-01
-7.500000000000000000e+01 2.356020942408377117e+00 7.814790000000000347e-01
-7.375000000000000000e+01 -1.460732984293194114e+01 0.000000000000000000e+00
-7.375000000000000000e+01 -1.366492146596859136e+01 1.302490000000000037e-01
-7.375000000000000000e+01 -1.272251308900523981e+01 8.280200000000000060e-02
-7.375000000000000000e+01 -1.178010471204188825e+01 9.398600000000000010e-02
-7.375000000000000000e+01 -1.083769633507853669e+01 8.312500000000000444e-02
-7.375000000000000000e+01 -9.895287958115185134e+00 5.654499999999999804e-02
-7.375000000000000000e+01 -8.952879581151833577e+00 7.640199999999999769e-02
-7.375000000000000000e+01 -8.010471204188482020e+00 7.569299999999999640e-02
-7.375000000000000000e+01 -7.068062827225130462e+00 1.246099999999999985e-02
-7.375000000000000000e+01 -6.125654450261779793e+00 2.464699999999999877e-02
-7.375000000000000000e+01 -5.183246073298429124e+00 7.177999999999999658e-02
-7.375000000000000000e+01 -4.240837696335078455e+00 2.272499999999999867e-02
-7.375000000000000000e+01 -3.298429319371727786e+00 7.262000000000000226e-03
-7.375000000000000000e+01 -2.356020942408377117e+00 5.409999999999999878e-03
-7.375000000000000000e+01 -1.413612565445026226e+00 6.992700000000000304e-02
-7.375000000000000000e+01 -4.712041884816753901e-01 2.467000000000000009e-03
-7.375000000000000000e+01 4.712041884816753901e-01 2.467000000000000009e-03
-7.375000000000000000e+01 1.413612565445026226e+00 3.635300000000000337e-02
-7.250000000000000000e+01 -1.460732984293194114e+01 5.432000000000000196e-03
-7.250000000000000000e+01 -1.366492146596859136e+01 1.374849999999999961e-01
-7.250000000000000000e+01 -1.272251308900523981e+01 1.696320000000000050e-01
-7.250000000000000000e+01 -1.178010471204188825e+01 4.293199999999999794e-02
-7.250000000000000000e+01 -1.083769633507853669e+01 6.879999999999999831e-03
-7.250000000000000000e+01 -9.895287958115185134e+00 0.000000000000000000e+00
-7.250000000000000000e+01 -8.952879581151833577e+00 9.388999999999999777e-03
-7.250000000000000000e+01 -8.010471204188482020e+00 3.109199999999999742e-01
-7.250000000000000000e+01 -7.068062827225130462e+00 8.991499999999999493e-02
-7.250000000000000000e+01 -6.125654450261779793e+00 9.730000000000000151e-04
-7.250000000000000000e+01 -5.183246073298429124e+00 9.737000000000000863e-03
-7.250000000000000000e+01 -4.240837696335078455e+00 1.123389999999999944e-01
-7.250000000000000000e+01 -3.298429319371727786e+00 2.123999999999999846e-02
-7.250000000000000000e+01 -2.356020942408377117e+00 3.779400000000000120e-02
-7.250000000000000000e+01 -1.413612565445026226e+00 1.093700000000000054e-02
-7.250000000000000000e+01 -4.712041884816753901e-01 6.908000000000000078e-03
-7.250000000000000000e+01 4.712041884816753901e-01 6.908000000000000078e-03
-7.250000000000000000e+01 1.413612565445026226e+00 1.020399999999999953e-02
-7.125000000000000000e+01 -1.460732984293194114e+01 9.079900000000000471e-02
-7.125000000000000000e+01 -1.366492146596859136e+01 2.439500000000000002e-02
-7.125000000000000000e+01 -1.272251308900523981e+01 1.021859999999999991e-01
-7.125000000000000000e+01 -1.178010471204188825e+01 0.000000000000000000e+00
-7.125000000000000000e+01 -1.083769633507853669e+01 0.000000000000000000e+00
-7.125000000000000000e+01 -9.895287958115185134e+00 6.791000000000000161e-03
-7.125000000000000000e+01 -8.952879581151833577e+00 4.282199999999999895e-02
-7.125000000000000000e+01 -8.010471204188482020e+00 3.426339999999999941e-01
-7.125000000000000000e+01 -7.068062827225130462e+00 5.585999999999999820e-03
-7.125000000000000000e+01 -6.125654450261779793e+00 4.655000000000000283e-03
-7.125000000000000000e+01 -5.183246073298429124e+00 2.429999999999999977e-04
-7.125000000000000000e+01 -4.240837696335078455e+00 2.593900000000000025e-02
-7.125000000000000000e+01 -3.298429319371727786e+00 2.390000000000000089e-04
-7.125000000000000000e+01 -2.356020942408377117e+00 3.022100000000000133e-02
-7.125000000000000000e+01 -1.413612565445026226e+00 3.592000000000000141e-03
-7.125000000000000000e+01 -4.712041884816753901e-01 0.000000000000000000e+00
-7.125000000000000000e+01 4.712041884816753901e-01 0.000000000000000000e+00
-7.125000000000000000e+01 1.413612565445026226e+00 6.471399999999999375e-02
-7.000000000000000000e+01 -1.366492146596859136e+01 8.580000000000000820e-03
-7.000000000000000000e+01 -1.272251308900523981e+01 2.295770000000000033e-01
-7.000000000000000000e+01 -1.178010471204188825e+01 5.292999999999999962e-03
-7.000000000000000000e+01 -1.083769633507853669e+01 2.306749999999999912e-01
-7.000000000000000000e+01 -9.895287958115185134e+00 8.248000000000000123e-03
-7.000000000000000000e+01 -8.952879581151833577e+00 9.268999999999999462e-02
-7.000000000000000000e+01 -8.010471204188482020e+00 1.974889999999999979e-01
-7.000000000000000000e+01 -7.068062827225130462e+00 3.099000000000000019e-02
-7.000000000000000000e+01 -6.125654450261779793e+00 1.861000000000000024e-03
-7.000000000000000000e+01 -5.183246073298429124e+00 8.040000000000000271e-04
-7.000000000000000000e+01 -4.240837696335078455e+00 1.022610000000000047e-01
-7.000000000000000000e+01 -3.298429319371727786e+00 4.462599999999999900e-02
-7.000000000000000000e+01 -2.356020942408377117e+00 1.240400000000000010e-02
-7.000000000000000000e+01 -1.413612565445026226e+00 2.524300000000000155e-02
-7.000000000000000000e+01 -4.712041884816753901e-01 1.220300000000000031e-02
-7.000000000000000000e+01 4.712041884816753901e-01 1.220300000000000031e-02
-7.000000000000000000e+01 1.413612565445026226e+00 6.334000000000000220e-03
-6.875000000000000000e+01 -1.554973821989529448e+01 6.769999999999999759e-04
-6.875000000000000000e+01 -1.460732984293194114e+01 2.970000000000000070e-02
-6.875000000000000000e+01 -1.366492146596859136e+01 5.032000000000000015e-03
-6.875000000000000000e+01 -1.272251308900523981e+01 1.062010000000000037e-01
-6.875000000000000000e+01 -1.178010471204188825e+01 2.619199999999999862e-01
-6.875000000000000000e+01 -1.083769633507853669e+01 5.000000000000000000e-01
-6.875000000000000000e+01 -9.895287958115185134e+00 5.756300000000000305e-02
-6.875000000000000000e+01 -8.952879581151833577e+00 2.837859999999999827e-01
-6.875000000000000000e+01 -8.010471204188482020e+00 3.200000000000000262e-04
-6.875000000000000000e+01 -7.068062827225130462e+00 2.047999999999999907e-03
-6.875000000000000000e+01 -6.125654450261779793e+00 1.129999999999999928e-03
-6.875000000000000000e+01 -5.183246073298429124e+00 4.840000000000000010e-04
-6.875000000000000000e+01 -4.240837696335078455e+00 4.423999999999999981e-03
-6.875000000000000000e+01 -3.298429319371727786e+00 7.030999999999999923e-03
-6.875000000000000000e+01 -2.356020942408377117e+00 4.505999999999999589e-03
-6.875000000000000000e+01 -1.413612565445026226e+00 7.818999999999999562e-03
-6.875000000000000000e+01 -4.712041884816753901e-01 1.129100000000000069e-02
-6.875000000000000000e+01 4.712041884816753901e-01 1.129100000000000069e-02
-6.875000000000000000e+01 1.413612565445026226e+00 1.436400000000000003e-02
-6.875000000000000000e+01 2.356020942408377117e+00 6.131000000000000165e-03
-6.750000000000000000e+01 -1.649214659685864603e+01 2.464260000000000062e-01
-6.750000000000000000e+01 -1.554973821989529448e+01 2.464260000000000062e-01
-6.750000000000000000e+01 -1.460732984293194114e+01 9.846499999999999697e-02
-6.750000000000000000e+01 -1.366492146596859136e+01 7.780900000000000316e-02
-6.750000000000000000e+01 -1.272251308900523981e+01 8.810000000000000123e-03
-6.750000000000000000e+01 -1.178010471204188825e+01 1.570699999999999874e-02
-6.750000000000000000e+01 -1.083769633507853669e+01 2.999669999999999837e-01
-6.750000000000000000e+01 -9.895287958115185134e+00 7.423440000000000039e-01
-6.750000000000000000e+01 -8.952879581151833577e+00 1.436699999999999922e-01
-6.750000000000000000e+01 -8.010471204188482020e+00 9.590000000000000000e-04
-6.750000000000000000e+01 -7.068062827225130462e+00 8.919999999999999978e-04
-6.750000000000000000e+01 -6.125654450261779793e+00 5.134999999999999808e-03
-6.750000000000000000e+01 -5.183246073298429124e+00 1.128000000000000096e-03
-6.750000000000000000e+01 -4.240837696335078455e+00 8.059999999999999673e-04
-6.750000000000000000e+01 -3.298429319371727786e+00 1.458600000000000001e-02
-6.750000000000000000e+01 -2.356020942408377117e+00 3.310000000000000225e-04
-6.750000000000000000e+01 -1.413612565445026226e+00 8.000000000000000654e-05
-6.750000000000000000e+01 -4.712041884816753901e-01 8.989999999999999511e-04
-6.750000000000000000e+01 4.712041884816753901e-01 8.989999999999999511e-04
-6.750000000000000000e+01 1.413612565445026226e+00 6.081999999999999733e-03
-6.750000000000000000e+01 2.356020942408377117e+00 7.219999999999999855e-04
-6.625000000000000000e+01 -1.837696335078534560e+01 8.382100000000000661e-02
-6.625000000000000000e+01 -1.743455497382199582e+01 2.061199999999999977e-01
-6.625000000000000000e+01 -1.649214659685864603e+01 1.786999999999999960e-03
-6.625000000000000000e+01 -1.554973821989529448e+01 1.786999999999999960e-03
-6.625000000000000000e+01 -1.460732984293194114e+01 8.923999999999999641e-03
-6.625000000000000000e+01 -1.366492146596859136e+01 1.134000000000000025e-03
-6.625000000000000000e+01 -1.272251308900523981e+01 0.000000000000000000e+00
-6.625000000000000000e+01 -1.178010471204188825e+01 9.294000000000000178e-03
-6.625000000000000000e+01 -1.083769633507853669e+01 1.289470000000000061e-01
-6.625000000000000000e+01 -9.895287958115185134e+00 2.013290000000000080e-01
-6.625000000000000000e+01 -8.952879581151833577e+00 1.109580000000000011e-01
-6.625000000000000000e+01 -8.010471204188482020e+00 2.295000000000000165e-03
-6.625000000000000000e+01 -7.068062827225130462e+00 8.109999999999999805e-04
-6.625000000000000000e+01 -6.125654450261779793e+00 1.610000000000000103e-04
-6.625000000000000000e+01 -5.183246073298429124e+00 3.260000000000000094e-04
-6.625000000000000000e+01 -4.240837696335078455e+00 3.536000000000000081e-03
-6.625000000000000000e+01 -3.298429319371727786e+00 1.477499999999999994e-02
-6.625000000000000000e+01 -2.356020942408377117e+00 6.283999999999999655e-03
-6.625000000000000000e+01 -1.413612565445026226e+00 0.000000000000000000e+00
-6.625000000000000000e+01 -4.712041884816753901e-01 2.425000000000000072e-03
-6.625000000000000000e+01 4.712041884816753901e-01 2.425000000000000072e-03
-6.625000000000000000e+01 1.413612565445026226e+00 8.821900000000000575e-02
-6.625000000000000000e+01 2.356020942408377117e+00 8.621700000000000197e-02
-6.500000000000000000e+01 -1.837696335078534560e+01 2.403800000000000034e-02
-6.500000000000000000e+01 -1.743455497382199582e+01 4.162850000000000161e-01
-6.500000000000000000e+01 -1.649214659685864603e+01 3.718599999999999683e-02
-6.500000000000000000e+01 -1.554973821989529448e+01 3.718599999999999683e-02
-6.500000000000000000e+01 -1.460732984293194114e+01 8.203000000000000222e-03
-6.500000000000000000e+01 -1.366492146596859136e+01 4.922000000000000160e-03
-6.500000000000000000e+01 -1.272251308900523981e+01 2.407999999999999984e-03
-6.500000000000000000e+01 -1.178010471204188825e+01 7.238999999999999775e-03
-6.500000000000000000e+01 -1.083769633507853669e+01 1.836109999999999964e-01
-6.500000000000000000e+01 -9.895287958115185134e+00 5.445130000000000248e-01
-6.500000000000000000e+01 -8.952879581151833577e+00 1.061880000000000046e-01
-6.500000000000000000e+01 -8.010471204188482020e+00 5.838000000000000307e-03
-6.500000000000000000e+01 -7.068062827225130462e+00 4.208400000000000335e-02
-6.500000000000000000e+01 -6.125654450261779793e+00 1.147999999999999932e-03
-6.500000000000000000e+01 -5.183246073298429124e+00 4.003999999999999747e-03
-6.500000000000000000e+01 -4.240837696335078455e+00 1.498700000000000032e-02
-6.500000000000000000e+01 -3.298429319371727786e+00 3.476599999999999829e-02
-6.500000000000000000e+01 -2.356020942408377117e+00 4.329999999999999648e-03
-6.500000000000000000e+01 -1.413612565445026226e+00 1.791999999999999973e-03
-6.500000000000000000e+01 -4.712041884816753901e-01 7.742999999999999883e-03
-6.500000000000000000e+01 4.712041884816753901e-01 7.742999999999999883e-03
-6.500000000000000000e+01 1.413612565445026226e+00 2.658999999999999905e-03
-6.375000000000000000e+01 -2.026178010471204516e+01 6.666670000000000096e-01
-6.375000000000000000e+01 -1.931937172774869538e+01 1.973840000000000039e-01
-6.375000000000000000e+01 -1.837696335078534560e+01 1.336690000000000100e-01
-6.375000000000000000e+01 -1.743455497382199582e+01 5.056150000000000366e-01
-6.375000000000000000e+01 -1.649214659685864603e+01 5.966799999999999882e-02
-6.375000000000000000e+01 -1.554973821989529448e+01 5.966799999999999882e-02
-6.375000000000000000e+01 -1.460732984293194114e+01 2.932500000000000037e-02
-6.375000000000000000e+01 -1.366492146596859136e+01 3.552000000000000036e-03
-6.375000000000000000e+01 -1.272251308900523981e+01 2.256999999999999892e-03
-6.375000000000000000e+01 -1.178010471204188825e+01 2.286140000000000116e-01
-6.375000000000000000e+01 -1.083769633507853669e+01 5.587899999999999812e-02
-6.375000000000000000e+01 -9.895287958115185134e+00 4.715300000000000047e-01
-6.375000000000000000e+01 -8.952879581151833577e+00 7.624819999999999931e-01
-6.375000000000000000e+01 -8.010471204188482020e+00 2.863310000000000022e-01
-6.375000000000000000e+01 -7.068062827225130462e+00 7.113400000000000278e-02
-6.375000000000000000e+01 -6.125654450261779793e+00 4.970999999999999724e-03
-6.375000000000000000e+01 -5.183246073298429124e+00 1.329200000000000000e-02
-6.375000000000000000e+01 -4.240837696335078455e+00 7.069499999999999396e-02
-6.375000000000000000e+01 -3.298429319371727786e+00 3.037999999999999902e-03
-6.375000000000000000e+01 -2.356020942408377117e+00 3.249999999999999851e-04
-6.375000000000000000e+01 -1.413612565445026226e+00 3.240000000000000150e-04
-6.375000000000000000e+01 -4.712041884816753901e-01 1.828999999999999897e-03
-6.375000000000000000e+01 4.712041884816753901e-01 1.828999999999999897e-03
-6.375000000000000000e+01 1.413612565445026226e+00 0.000000000000000000e+00
-6.375000000000000000e+01 3.298429319371727786e+00 1.895200000000000010e-02
-6.250000000000000000e+01 -1.931937172774869538e+01 3.793880000000000030e-01
-6.250000000000000000e+01 -1.837696335078534560e+01 7.175300000000000011e-01
-6.250000000000000000e+01 -1.743455497382199582e+01 7.931829999999999714e-01
-6.250000000000000000e+01 -1.649214659685864603e+01 8.645400000000000307e-02
-6.250000000000000000e+01 -1.554973821989529448e+01 8.645400000000000307e-02
-6.250000000000000000e+01 -1.460732984293194114e+01 7.910999999999999630e-03
-6.250000000000000000e+01 -1.366492146596859136e+01 2.263999999999999953e-03
-6.250000000000000000e+01 -1.272251308900523981e+01 1.157999999999999958e-03
-6.250000000000000000e+01 -1.178010471204188825e+01 3.397209999999999952e-01
-6.250000000000000000e+01 -1.083769633507853669e+01 3.383880000000000221e-01
-6.250000000000000000e+01 -9.895287958115185134e+00 9.553490000000000038e-01
-6.250000000000000000e+01 -8.952879581151833577e+00 3.746340000000000225e-01
-6.250000000000000000e+01 -8.010471204188482020e+00 2.030460000000000043e-01
-6.250000000000000000e+01 -7.068062827225130462e+00 3.502560000000000118e-01
-6.250000000000000000e+01 -6.125654450261779793e+00 6.382500000000000673e-02
-6.250000000000000000e+01 -5.183246073298429124e+00 2.396000000000000126e-03
-6.250000000000000000e+01 -4.240837696335078455e+00 8.464399999999999702e-02
-6.250000000000000000e+01 -3.298429319371727786e+00 1.039499999999999973e-02
-6.250000000000000000e+01 -2.356020942408377117e+00 1.056999999999999997e-03
-6.250000000000000000e+01 -1.413612565445026226e+00 1.216199999999999920e-02
-6.250000000000000000e+01 -4.712041884816753901e-01 6.509999999999999945e-04
-6.250000000000000000e+01 4.712041884816753901e-01 6.509999999999999945e-04
-6.250000000000000000e+01 1.413612565445026226e+00 1.435000000000000078e-03
-6.250000000000000000e+01 2.356020942408377117e+00 7.361000000000000355e-03
-6.250000000000000000e+01 3.298429319371727786e+00 0.000000000000000000e+00
-6.125000000000000000e+01 -1.837696335078534560e+01 1.844699999999999951e-01
-6.125000000000000000e+01 -1.743455497382199582e+01 2.126580000000000137e-01
-6.125000000000000000e+01 -1.649214659685864603e+01 2.178039999999999976e-01
-6.125000000000000000e+01 -1.554973821989529448e+01 2.178039999999999976e-01
-6.125000000000000000e+01 -1.460732984293194114e+01 4.082299999999999818e-02
-6.125000000000000000e+01 -1.366492146596859136e+01 3.854599999999999693e-02
-6.125000000000000000e+01 -1.272251308900523981e+01 6.124100000000000099e-01
-6.125000000000000000e+01 -1.178010471204188825e+01 7.640519999999999534e-01
-6.125000000000000000e+01 -1.083769633507853669e+01 4.162049999999999916e-01
-6.125000000000000000e+01 -9.895287958115185134e+00 2.379390000000000116e-01
-6.125000000000000000e+01 -8.952879581151833577e+00 4.935099999999999903e-02
-6.125000000000000000e+01 -8.010471204188482020e+00 7.775400000000000367e-02
-6.125000000000000000e+01 -7.068062827225130462e+00 2.706599999999999978e-02
-6.125000000000000000e+01 -6.125654450261779793e+00 5.357599999999999862e-02
-6.125000000000000000e+01 -5.183246073298429124e+00 7.068000000000000671e-02
-6.125000000000000000e+01 -4.240837696335078455e+00 2.461329999999999907e-01
-6.125000000000000000e+01 -3.298429319371727786e+00 2.975729999999999764e-01
-6.125000000000000000e+01 -2.356020942408377117e+00 3.560999999999999929e-03
-6.125000000000000000e+01 -1.413612565445026226e+00 1.183400000000000077e-02
-6.125000000000000000e+01 -4.712041884816753901e-01 1.634589999999999932e-01
-6.125000000000000000e+01 4.712041884816753901e-01 1.634589999999999932e-01
-6.125000000000000000e+01 1.413612565445026226e+00 1.809159999999999935e-01
-6.125000000000000000e+01 2.356020942408377117e+00 5.436969999999999859e-01
-6.125000000000000000e+01 3.298429319371727786e+00 2.359690000000000121e-01
-6.125000000000000000e+01 4.240837696335078455e+00 2.770099999999999993e-02
-6.000000000000000000e+01 -1.554973821989529448e+01 9.235699999999999465e-02
-6.000000000000000000e+01 -1.460732984293194114e+01 3.844270000000000187e-01
-6.000000000000000000e+01 -1.366492146596859136e+01 4.116980000000000084e-01
-6.000000000000000000e+01 -1.272251308900523981e+01 3.552319999999999922e-01
-6.000000000000000000e+01 -1.178010471204188825e+01 1.159000000000000030e-01
-6.000000000000000000e+01 -1.083769633507853669e+01 1.132999999999999893e-03
-6.000000000000000000e+01 -9.895287958115185134e+00 5.412700000000000150e-02
-6.000000000000000000e+01 -8.952879581151833577e+00 5.904000000000000394e-03
-6.000000000000000000e+01 -8.010471204188482020e+00 4.159000000000000370e-03
-6.000000000000000000e+01 -7.068062827225130462e+00 2.723949999999999982e-01
-6.000000000000000000e+01 -6.125654450261779793e+00 4.653499999999999998e-02
-6.000000000000000000e+01 -5.183246073298429124e+00 5.460500000000000076e-02
-6.000000000000000000e+01 -4.240837696335078455e+00 3.923940000000000206e-01
-6.000000000000000000e+01 -3.298429319371727786e+00 7.112969999999999571e-01
-6.000000000000000000e+01 -2.356020942408377117e+00 6.187350000000000350e-01
-6.000000000000000000e+01 -1.413612565445026226e+00 1.778069999999999928e-01
-6.000000000000000000e+01 -4.712041884816753901e-01 6.622699999999999421e-02
-6.000000000000000000e+01 4.712041884816753901e-01 6.622699999999999421e-02
-6.000000000000000000e+01 1.413612565445026226e+00 6.516060000000000185e-01
-6.000000000000000000e+01 2.356020942408377117e+00 1.257300000000000084e-01
-6.000000000000000000e+01 3.298429319371727786e+00 1.075009999999999993e-01
-6.000000000000000000e+01 4.240837696335078455e+00 1.141299999999999953e-02
-6.000000000000000000e+01 5.183246073298429124e+00 1.274999999999999918e-02
-5.875000000000000000e+01 -1.366492146596859136e+01 4.632800000000000112e-02
-5.875000000000000000e+01 -1.272251308900523981e+01 4.193999999999999811e-03
-5.875000000000000000e+01 -1.178010471204188825e+01 1.962280000000000135e-01
-5.875000000000000000e+01 -1.083769633507853669e+01 4.053359999999999741e-01
-5.875000000000000000e+01 -9.895287958115185134e+00 1.998540000000000039e-01
-5.875000000000000000e+01 -8.952879581151833577e+00 3.994099999999999734e-02
-5.875000000000000000e+01 -8.010471204188482020e+00 2.400000000000000061e-04
-5.875000000000000000e+01 -7.068062827225130462e+00 7.901700000000000390e-02
-5.875000000000000000e+01 -6.125654450261779793e+00 2.987000000000000072e-03
-5.875000000000000000e+01 -5.183246073298429124e+00 1.229000000000000058e-03
-5.875000000000000000e+01 -4.240837696335078455e+00 2.509120000000000239e-01
-5.875000000000000000e+01 -3.298429319371727786e+00 7.104770000000000252e-01
-5.875000000000000000e+01 -2.356020942408377117e+00 1.399499999999999911e-01
-5.875000000000000000e+01 -1.413612565445026226e+00 8.149999999999999693e-04
-5.875000000000000000e+01 -4.712041884816753901e-01 0.000000000000000000e+00
-5.875000000000000000e+01 4.712041884816753901e-01 0.000000000000000000e+00
-5.750000000000000000e+01 -1.366492146596859136e+01 5.178100000000000064e-02
-5.750000000000000000e+01 -1.272251308900523981e+01 6.308199999999999918e-02
-5.750000000000000000e+01 -1.178010471204188825e+01 4.901220000000000021e-01
-5.750000000000000000e+01 -1.083769633507853669e+01 3.777869999999999839e-01
-5.750000000000000000e+01 -9.895287958115185134e+00 2.645089999999999941e-01
-5.750000000000000000e+01 -8.952879581151833577e+00 1.875100000000000031e-02
-5.750000000000000000e+01 -8.010471204188482020e+00 2.063000000000000164e-03
-5.750000000000000000e+01 -7.068062827225130462e+00 6.623000000000000415e-03
-5.750000000000000000e+01 -6.125654450261779793e+00 1.250630000000000075e-01
-5.750000000000000000e+01 -5.183246073298429124e+00 1.631999999999999987e-03
-5.750000000000000000e+01 -4.240837696335078455e+00 1.080499999999999933e-01
-5.750000000000000000e+01 -3.298429319371727786e+00 4.344850000000000101e-01
-5.750000000000000000e+01 -2.356020942408377117e+00 6.331499999999999628e-02
-5.750000000000000000e+01 -1.413612565445026226e+00 1.001100000000000080e-02
-5.750000000000000000e+01 -4.712041884816753901e-01 0.000000000000000000e+00
-5.750000000000000000e+01 4.712041884816753901e-01 0.000000000000000000e+00
-5.750000000000000000e+01 1.413612565445026226e+00 1.871999999999999966e-03
-5.625000000000000000e+01 -1.366492146596859136e+01 3.347209999999999908e-01
-5.625000000000000000e+01 -1.272251308900523981e+01 3.329300000000000037e-01
-5.625000000000000000e+01 -1.178010471204188825e+01 7.186970000000000303e-01
-5.625000000000000000e+01 -1.083769633507853669e+01 4.971709999999999741e-01
-5.625000000000000000e+01 -9.895287958115185134e+00 8.083390000000000297e-01
-5.625000000000000000e+01 -8.952879581151833577e+00 4.051799999999999846e-02
-5.625000000000000000e+01 -8.010471204188482020e+00 4.385000000000000009e-03
-5.625000000000000000e+01 -7.068062827225130462e+00 8.267299999999999649e-02
-5.625000000000000000e+01 -6.125654450261779793e+00 2.138180000000000081e-01
-5.625000000000000000e+01 -5.183246073298429124e+00 3.516199999999999881e-01
-5.625000000000000000e+01 -4.240837696335078455e+00 4.260499999999999843e-01
-5.625000000000000000e+01 -3.298429319371727786e+00 5.349600000000000188e-02
-5.625000000000000000e+01 -2.356020942408377117e+00 4.043669999999999765e-01
-5.625000000000000000e+01 -1.413612565445026226e+00 2.534300000000000094e-02
-5.625000000000000000e+01 -4.712041884816753901e-01 8.000000000000000654e-05
-5.625000000000000000e+01 4.712041884816753901e-01 8.000000000000000654e-05
-5.625000000000000000e+01 1.413612565445026226e+00 0.000000000000000000e+00
-5.500000000000000000e+01 -1.460732984293194114e+01 1.821500000000000064e-01
-5.500000000000000000e+01 -1.366492146596859136e+01 4.329899999999999721e-02
-5.500000000000000000e+01 -1.272251308900523981e+01 4.332260000000000000e-01
-5.500000000000000000e+01 -1.178010471204188825e+01 7.256059999999999732e-01
-5.500000000000000000e+01 -1.083769633507853669e+01 8.086560000000000414e-01
-5.500000000000000000e+01 -9.895287958115185134e+00 7.595340000000000424e-01
-5.500000000000000000e+01 -8.952879581151833577e+00 8.859599999999999420e-02
-5.500000000000000000e+01 -8.010471204188482020e+00 2.749940000000000162e-01
-5.500000000000000000e+01 -7.068062827225130462e+00 2.847359999999999891e-01
-5.500000000000000000e+01 -6.125654450261779793e+00 3.864299999999999680e-02
-5.500000000000000000e+01 -5.183246073298429124e+00 9.771000000000000171e-03
-5.500000000000000000e+01 -4.240837696335078455e+00 4.576259999999999772e-01
-5.500000000000000000e+01 -3.298429319371727786e+00 5.418800000000000283e-01
-5.500000000000000000e+01 -2.356020942408377117e+00 5.974279999999999591e-01
-5.500000000000000000e+01 -1.413612565445026226e+00 2.407499999999999918e-02
-5.500000000000000000e+01 -4.712041884816753901e-01 2.420000000000000005e-04
-5.500000000000000000e+01 4.712041884816753901e-01 2.420000000000000005e-04
-5.500000000000000000e+01 1.413612565445026226e+00 2.420000000000000005e-04
-5.500000000000000000e+01 2.356020942408377117e+00 5.760000000000000146e-04
-5.375000000000000000e+01 -1.460732984293194114e+01 4.079999999999999968e-04
-5.375000000000000000e+01 -1.366492146596859136e+01 4.080999999999999905e-02
-5.375000000000000000e+01 -1.272251308900523981e+01 2.078629999999999922e-01
-5.375000000000000000e+01 -1.178010471204188825e+01 1.751850000000000074e-01
-5.375000000000000000e+01 -1.083769633507853669e+01 2.687339999999999729e-01
-5.375000000000000000e+01 -9.895287958115185134e+00 3.468180000000000152e-01
-5.375000000000000000e+01 -8.952879581151833577e+00 1.305199999999999937e-02
-5.375000000000000000e+01 -8.010471204188482020e+00 8.000000000000000654e-05
-5.375000000000000000e+01 -7.068062827225130462e+00 2.101000000000000003e-03
-5.375000000000000000e+01 -6.125654450261779793e+00 6.347000000000000211e-03
-5.375000000000000000e+01 -5.183246073298429124e+00 3.327999999999999795e-03
-5.375000000000000000e+01 -4.240837696335078455e+00 4.457189999999999763e-01
-5.375000000000000000e+01 -3.298429319371727786e+00 4.435540000000000038e-01
-5.375000000000000000e+01 -2.356020942408377117e+00 4.803089999999999860e-01
-5.375000000000000000e+01 -1.413612565445026226e+00 8.534200000000000119e-02
-5.375000000000000000e+01 -4.712041884816753901e-01 9.719999999999999907e-04
-5.375000000000000000e+01 4.712041884816753901e-01 9.719999999999999907e-04
-5.375000000000000000e+01 1.413612565445026226e+00 1.217999999999999899e-03
-5.375000000000000000e+01 2.356020942408377117e+00 1.054000000000000032e-03
-5.250000000000000000e+01 -1.366492146596859136e+01 1.288800000000000015e-02
-5.250000000000000000e+01 -1.272251308900523981e+01 2.153559999999999919e-01
-5.250000000000000000e+01 -1.178010471204188825e+01 1.255680000000000129e-01
-5.250000000000000000e+01 -1.083769633507853669e+01 2.934709999999999819e-01
-5.250000000000000000e+01 -9.895287958115185134e+00 9.676600000000000479e-02
-5.250000000000000000e+01 -8.952879581151833577e+00 5.699999999999999772e-04
-5.250000000000000000e+01 -8.010471204188482020e+00 1.825000000000000016e-03
-5.250000000000000000e+01 -7.068062827225130462e+00 1.878099999999999908e-02
-5.250000000000000000e+01 -6.125654450261779793e+00 4.149599999999999816e-02
-5.250000000000000000e+01 -5.183246073298429124e+00 1.755000000000000050e-03
-5.250000000000000000e+01 -4.240837696335078455e+00 1.407589999999999952e-01
-5.250000000000000000e+01 -3.298429319371727786e+00 3.795439999999999925e-01
-5.250000000000000000e+01 -2.356020942408377117e+00 3.922799999999999898e-02
-5.250000000000000000e+01 -1.413612565445026226e+00 4.618780000000000108e-01
-5.250000000000000000e+01 -4.712041884816753901e-01 5.492199999999999860e-02
-5.250000000000000000e+01 4.712041884816753901e-01 5.492199999999999860e-02
-5.125000000000000000e+01 -8.952879581151833577e+00 5.819499999999999673e-01
-5.125000000000000000e+01 -8.010471204188482020e+00 4.172529999999999850e-01
-5.125000000000000000e+01 -7.068062827225130462e+00 4.633680000000000021e-01
-5.125000000000000000e+01 -5.183246073298429124e+00 1.899710000000000010e-01
-5.125000000000000000e+01 -4.240837696335078455e+00 3.514320000000000221e-01
-5.125000000000000000e+01 -3.298429319371727786e+00 4.990240000000000231e-01
-5.125000000000000000e+01 -2.356020942408377117e+00 1.361209999999999920e-01
-5.000000000000000000e+01 -3.298429319371727786e+00 6.446039999999999548e-01
