-7.875000000000000000e+01 -6.125654450261779793e+00 5.047089999999999632e-01
-7.875000000000000000e+01 -5.183246073298429124e+00 2.231829999999999925e-01
-7.875000000000000000e+01 -4.240837696335078455e+00 3.358260000000000134e-01
-7.875000000000000000e+01 -3.298429319371727786e+00 4.698320000000000274e-01
-7.875000000000000000e+01 -2.356020942408377117e+00 0.000000000000000000e+00
-7.875000000000000000e+01 -1.413612565445026226e+00 0.000000000000000000e+00
-7.750000000000000000e+01 -8.952879581151833577e+00 1.875680000000000125e-01
-7.750000000000000000e+01 -8.010471204188482020e+00 1.435049999999999937e-01
-7.750000000000000000e+01 -7.068062827225130462e+00 2.855139999999999900e-01
-7.750000000000000000e+01 -6.125654450261779793e+00 5.176410000000000178e-01
-7.750000000000000000e+01 -5.183246073298429124e+00 1.702899999999999969e-01
-7.750000000000000000e+01 -4.240837696335078455e+00 4.660399999999999959e-02
-7.750000000000000000e+01 -3.298429319371727786e+00 4.006350000000000189e-01
-7.750000000000000000e+01 -2.356020942408377117e+00 2.303630000000000122e-01
-7.750000000000000000e+01 -1.413612565445026226e+00 3.634140000000000148e-01
-7.750000000000000000e+01 -4.712041884816753901e-01 2.106220000000000037e-01
-7.750000000000000000e+01 4.712041884816753901e-01 2.106220000000000037e-01
-7.625000000000000000e+01 -1.083769633507853669e+01 6.784400000000000153e-02
-7.625000000000000000e+01 -9.895287958115185134e+00 1.409620000000000040e-01
-7.625000000000000000e+01 -8.952879581151833577e+00 4.513949999999999907e-01
-7.625000000000000000e+01 -8.010471204188482020e+00 1.570010000000000017e-01
-7.625000000000000000e+01 -7.068062827225130462e+00 2.520809999999999995e-01
-7.625000000000000000e+01 -6.125654450261779793e+00 4.182069999999999954e-01
-7.625000000000000000e+01 -5.183246073298429124e+00 4.002700000000000008e-02
-7.625000000000000000e+01 -4.240837696335078455e+00 1.472000000000000001e-03
-7.625000000000000000e+01 -3.298429319371727786e+00 3.983000000000000429e-03
-7.625000000000000000e+01 -2.356020942408377117e+00 2.553000000000000148e-03
-7.625000000000000000e+01 -1.413612565445026226e+00 5.139999999999999604e-03
-7.625000000000000000e+01 -4.712041884816753901e-01 1.709390000000000076e-01
-7.625000000000000000e+01 4.712041884816753901e-01 1.709390000000000076e-01
-7.625000000000000000e+01 1.413612565445026226e+00 8.185710000000000486e-01
-7.500000000000000000e+01 -1.366492146596859136e+01 7.814200000000000312e-02
-7.500000000000000000e+01 -1.272251308900523981e+01 1.417779999999999874e-01
-7.500000000000000000e+01 -1.178010471204188825e+01 1.237540000000000029e-01
-7.500000000000000000e+01 -1.083769633507853669e+01 3.536770000000000191e-01
-7.500000000000000000e+01 -9.895287958115185134e+00 1.914379999999999971e-01
-7.500000000000000000e+01 -8.952879581151833577e+00 5.094309999999999672e-01
-7.500000000000000000e+01 -8.010471204188482020e+00 2.386159999999999948e-01
-7.500000000000000000e+01 -7.068062827225130462e+00 3.676900000000000307e-02
-7.500000000000000000e+01 -6.125654450261779793e+00 6.070300000000000001e-02
-7.500000000000000000e+01 -5.183246073298429124e+00 4.566900000000000126e-02
-7.500000000000000000e+01 -4.240837696335078455e+00 2.003299999999999872e-02
-7.500000000000000000e+01 -3.298429319371727786e+00 2.305999999999999890e-03
-7.500000000000000000e+01 -2.356020942408377117e+00 6.376999999999999856e-03
-7.500000000000000000e+01 -1.413612565445026226e+00 5.597000000000000412e-03
-7.500000000000000000e+01 -4.712041884816753901e-01 2.819899999999999837e-02
-7.500000000000000000e+01 4.712041884816753901e-01 2.819899999999999837e-02
-7.500000000000000000e+01 1.413612565445026226e+00 5.086960000000000370e-01
-7.500000000000000000e+01 2.356020942408377117e+00 8.973229999999999817e-01
-7.375000000000000000e+01 -1.460732984293194114e+01 0.000000000000000000e+00
-7.375000000000000000e+01 -1.366492146596859136e+01 1.302490000000000037e-01
-7.375000000000000000e+01 -1.272251308900523981e+01 8.222899999999999654e-02
-7.375000000000000000e+01 -1.178010471204188825e+01 1.002949999999999953e-01
-7.375000000000000000e+01 -1.083769633507853669e+01 9.294399999999999884e-02
-7.375000000000000000e+01 -9.895287958115185134e+00 5.901700000000000002e-02
-7.375000000000000000e+01 -8.952879581151833577e+00 9.949800000000000311e-02
-7.375000000000000000e+01 -8.010471204188482020e+00 1.425470000000000070e-01
-7.375000000000000000e+01 -7.068062827225130462e+00 7.085800000000000431e-02
-7.375000000000000000e+01 -6.125654450261779793e+00 2.464699999999999877e-02
-7.375000000000000000e+01 -5.183246073298429124e+00 7.177999999999999658e-02
-7.375000000000000000e+01 -4.240837696335078455e+00 2.272499999999999867e-02
-7.375000000000000000e+01 -3.298429319371727786e+00 7.262000000000000226e-03
-7.375000000000000000e+01 -2.356020942408377117e+00 5.409999999999999878e-03
-7.375000000000000000e+01 -1.413612565445026226e+00 1.002699999999999980e-01
-7.375000000000000000e+01 -4.712041884816753901e-01 2.467000000000000009e-03
-7.375000000000000000e+01 4.712041884816753901e-01 2.467000000000000009e-03
-7.375000000000000000e+01 1.413612565445026226e+00 4.435900000000000259e-02
-7.250000000000000000e+01 -1.460732984293194114e+01 5.432000000000000196e-03
-7.250000000000000000e+01 -1.366492146596859136e+01 1.374849999999999961e-01
-7.250000000000000000e+01 -1.272251308900523981e+01 1.741000000000000048e-01
-7.250000000000000000e+01 -1.178010471204188825e+01 4.293199999999999794e-02
-7.250000000000000000e+01 -1.083769633507853669e+01 6.879999999999999831e-03
-7.250000000000000000e+01 -9.895287958115185134e+00 0.000000000000000000e+00
-7.250000000000000000e+01 -8.952879581151833577e+00 1.412399999999999940e-02
-7.250000000000000000e+01 -8.010471204188482020e+00 4.880099999999999993e-01
-7.250000000000000000e+01 -7.068062827225130462e+00 2.482789999999999997e-01
-7.250000000000000000e+01 -6.125654450261779793e+00 9.730000000000000151e-04
-7.250000000000000000e+01 -5.183246073298429124e+00 9.737000000000000863e-03
-7.250000000000000000e+01 -4.240837696335078455e+00 1.123389999999999944e-01
-7.250000000000000000e+01 -3.298429319371727786e+00 2.123999999999999846e-02
-7.250000000000000000e+01 -2.356020942408377117e+00 5.052899999999999753e-02
-7.250000000000000000e+01 -1.413612565445026226e+00 1.011399999999999973e-02
-7.250000000000000000e+01 -4.712041884816753901e-01 6.908000000000000078e-03
-7.250000000000000000e+01 4.712041884816753901e-01 6.908000000000000078e-03
-7.250000000000000000e+01 1.413612565445026226e+00 1.060600000000000084e-02
-7.125000000000000000e+01 -1.460732984293194114e+01 9.079900000000000471e-02
-7.125000000000000000e+01 -1.366492146596859136e+01 2.439500000000000002e-02
-7.125000000000000000e+01 -1.272251308900523981e+01 2.211579999999999935e-01
-7.125000000000000000e+01 -1.178010471204188825e+01 6.400000000000000307e-03
-7.125000000000000000e+01 -1.083769633507853669e+01 0.000000000000000000e+00
-7.125000000000000000e+01 -9.895287958115185134e+00 6.791000000000000161e-03
-7.125000000000000000e+01 -8.952879581151833577e+00 1.221409999999999996e-01
-7.125000000000000000e+01 -8.010471204188482020e+00 6.213330000000000242e-01
-7.125000000000000000e+01 -7.068062827225130462e+00 9.043099999999999750e-02
-7.125000000000000000e+01 -6.125654450261779793e+00 4.655000000000000283e-03
-7.125000000000000000e+01 -5.183246073298429124e+00 2.429999999999999977e-04
-7.125000000000000000e+01 -4.240837696335078455e+00 3.238100000000000006e-02
-7.125000000000000000e+01 -3.298429319371727786e+00 1.589999999999999888e-04
-7.125000000000000000e+01 -2.356020942408377117e+00 4.549500000000000072e-02
-7.125000000000000000e+01 -1.413612565445026226e+00 3.592000000000000141e-03
-7.125000000000000000e+01 -4.712041884816753901e-01 0.000000000000000000e+00
-7.125000000000000000e+01 4.712041884816753901e-01 0.000000000000000000e+00
-7.125000000000000000e+01 1.413612565445026226e+00 9.384699999999999986e-02
-7.000000000000000000e+01 -1.366492146596859136e+01 9.419000000000000289e-03
-7.000000000000000000e+01 -1.272251308900523981e+01 3.167159999999999975e-01
-7.000000000000000000e+01 -1.178010471204188825e+01 6.978299999999999781e-02
-7.000000000000000000e+01 -1.083769633507853669e+01 3.518899999999999806e-01
-7.000000000000000000e+01 -9.895287958115185134e+00 1.449399999999999994e-02
-7.000000000000000000e+01 -8.952879581151833577e+00 2.989669999999999828e-01
-7.000000000000000000e+01 -8.010471204188482020e+00 4.099800000000000111e-01
-7.000000000000000000e+01 -7.068062827225130462e+00 4.219900000000000040e-02
-7.000000000000000000e+01 -6.125654450261779793e+00 1.861000000000000024e-03
-7.000000000000000000e+01 -5.183246073298429124e+00 8.040000000000000271e-04
-7.000000000000000000e+01 -4.240837696335078455e+00 1.145219999999999988e-01
-7.000000000000000000e+01 -3.298429319371727786e+00 4.814100000000000323e-02
-7.000000000000000000e+01 -2.356020942408377117e+00 1.632499999999999923e-02
-7.000000000000000000e+01 -1.413612565445026226e+00 3.097199999999999953e-02
-7.000000000000000000e+01 -4.712041884816753901e-01 1.220300000000000031e-02
-7.000000000000000000e+01 4.712041884816753901e-01 1.220300000000000031e-02
-7.000000000000000000e+01 1.413612565445026226e+00 6.983999999999999757e-03
-6.875000000000000000e+01 -1.554973821989529448e+01 1.353999999999999952e-03
-6.875000000000000000e+01 -1.460732984293194114e+01 3.377900000000000347e-02
-6.875000000000000000e+01 -1.366492146596859136e+01 1.679900000000000143e-02
-6.875000000000000000e+01 -1.272251308900523981e+01 1.601640000000000008e-01
-6.875000000000000000e+01 -1.178010471204188825e+01 4.646029999999999882e-01
-6.875000000000000000e+01 -1.083769633507853669e+01 6.633869999999999489e-01
-6.875000000000000000e+01 -9.895287958115185134e+00 2.074539999999999995e-01
-6.875000000000000000e+01 -8.952879581151833577e+00 6.779290000000000038e-01
-6.875000000000000000e+01 -8.010471204188482020e+00 1.297300000000000016e-02
-6.875000000000000000e+01 -7.068062827225130462e+00 2.047999999999999907e-03
-6.875000000000000000e+01 -6.125654450261779793e+00 1.129999999999999928e-03
-6.875000000000000000e+01 -5.183246073298429124e+00 4.840000000000000010e-04
-6.875000000000000000e+01 -4.240837696335078455e+00 4.423999999999999981e-03
-6.875000000000000000e+01 -3.298429319371727786e+00 7.030999999999999923e-03
-6.875000000000000000e+01 -2.356020942408377117e+00 4.833999999999999755e-03
-6.875000000000000000e+01 -1.413612565445026226e+00 8.866999999999999882e-03
-6.875000000000000000e+01 -4.712041884816753901e-01 1.129100000000000069e-02
-6.875000000000000000e+01 4.712041884816753901e-01 1.129100000000000069e-02
-6.875000000000000000e+01 1.413612565445026226e+00 1.477200000000000041e-02
-6.875000000000000000e+01 2.356020942408377117e+00 6.295000000000000248e-03
-6.750000000000000000e+01 -1.649214659685864603e+01 3.617580000000000240e-01
-6.750000000000000000e+01 -1.554973821989529448e+01 3.617580000000000240e-01
-6.750000000000000000e+01 -1.460732984293194114e+01 1.687029999999999919e-01
-6.750000000000000000e+01 -1.366492146596859136e+01 1.382559999999999900e-01
-6.750000000000000000e+01 -1.272251308900523981e+01 2.319799999999999987e-02
-6.750000000000000000e+01 -1.178010471204188825e+01 3.844899999999999707e-02
-6.750000000000000000e+01 -1.083769633507853669e+01 4.211010000000000031e-01
-6.750000000000000000e+01 -9.895287958115185134e+00 8.847369999999999957e-01
-6.750000000000000000e+01 -8.952879581151833577e+00 3.937720000000000109e-01
-6.750000000000000000e+01 -8.010471204188482020e+00 3.356000000000000042e-03
-6.750000000000000000e+01 -7.068062827225130462e+00 8.919999999999999978e-04
-6.750000000000000000e+01 -6.125654450261779793e+00 5.297999999999999758e-03
-6.750000000000000000e+01 -5.183246073298429124e+00 1.128000000000000096e-03
-6.750000000000000000e+01 -4.240837696335078455e+00 8.059999999999999673e-04
-6.750000000000000000e+01 -3.298429319371727786e+00 1.458600000000000001e-02
-6.750000000000000000e+01 -2.356020942408377117e+00 3.310000000000000225e-04
-6.750000000000000000e+01 -1.413612565445026226e+00 8.000000000000000654e-05
-6.750000000000000000e+01 -4.712041884816753901e-01 8.989999999999999511e-04
-6.750000000000000000e+01 4.712041884816753901e-01 8.989999999999999511e-04
-6.750000000000000000e+01 1.413612565445026226e+00 6.081999999999999733e-03
-6.750000000000000000e+01 2.356020942408377117e+00 1.187000000000000034e-02
-6.625000000000000000e+01 -1.837696335078534560e+01 8.382100000000000661e-02
-6.625000000000000000e+01 -1.743455497382199582e+01 3.044850000000000056e-01
-6.625000000000000000e+01 -1.649214659685864603e+01 1.722299999999999873e-02
-6.625000000000000000e+01 -1.554973821989529448e+01 1.722299999999999873e-02
-6.625000000000000000e+01 -1.460732984293194114e+01 1.192499999999999984e-02
-6.625000000000000000e+01 -1.366492146596859136e+01 1.134000000000000025e-03
-6.625000000000000000e+01 -1.272251308900523981e+01 0.000000000000000000e+00
-6.625000000000000000e+01 -1.178010471204188825e+01 1.018299999999999934e-02
-6.625000000000000000e+01 -1.083769633507853669e+01 1.599289999999999878e-01
-6.625000000000000000e+01 -9.895287958115185134e+00 3.207160000000000011e-01
-6.625000000000000000e+01 -8.952879581151833577e+00 2.448849999999999916e-01
-6.625000000000000000e+01 -8.010471204188482020e+00 1.393199999999999994e-02
-6.625000000000000000e+01 -7.068062827225130462e+00 8.109999999999999805e-04
-6.625000000000000000e+01 -6.125654450261779793e+00 1.610000000000000103e-04
-6.625000000000000000e+01 -5.183246073298429124e+00 3.260000000000000094e-04
-6.625000000000000000e+01 -4.240837696335078455e+00 3.536000000000000081e-03
-6.625000000000000000e+01 -3.298429319371727786e+00 1.511299999999999970e-02
-6.625000000000000000e+01 -2.356020942408377117e+00 6.283999999999999655e-03
-6.625000000000000000e+01 -1.413612565445026226e+00 0.000000000000000000e+00
-6.625000000000000000e+01 -4.712041884816753901e-01 2.425000000000000072e-03
-6.625000000000000000e+01 4.712041884816753901e-01 2.425000000000000072e-03
-6.625000000000000000e+01 1.413612565445026226e+00 8.296299999999999508e-02
-6.625000000000000000e+01 2.356020942408377117e+00 6.977099999999999969e-02
-6.500000000000000000e+01 -1.837696335078534560e+01 2.827599999999999905e-02
-6.500000000000000000e+01 -1.743455497382199582e+01 5.329779999999999518e-01
-6.500000000000000000e+01 -1.649214659685864603e+01 5.257300000000000167e-02
-6.500000000000000000e+01 -1.554973821989529448e+01 5.257300000000000167e-02
-6.500000000000000000e+01 -1.460732984293194114e+01 9.877000000000000363e-03
-6.500000000000000000e+01 -1.366492146596859136e+01 4.837000000000000154e-03
-6.500000000000000000e+01 -1.272251308900523981e+01 1.992999999999999980e-03
-6.500000000000000000e+01 -1.178010471204188825e+01 5.766000000000000292e-02
-6.500000000000000000e+01 -1.083769633507853669e+01 3.132280000000000064e-01
-6.500000000000000000e+01 -9.895287958115185134e+00 7.383849999999999580e-01
-6.500000000000000000e+01 -8.952879581151833577e+00 4.036420000000000008e-01
-6.500000000000000000e+01 -8.010471204188482020e+00 1.047680000000000000e-01
-6.500000000000000000e+01 -7.068062827225130462e+00 1.283999999999999864e-01
-6.500000000000000000e+01 -6.125654450261779793e+00 1.147999999999999932e-03
-6.500000000000000000e+01 -5.183246073298429124e+00 4.657200000000000228e-02
-6.500000000000000000e+01 -4.240837696335078455e+00 6.554699999999999416e-02
-6.500000000000000000e+01 -3.298429319371727786e+00 1.071560000000000012e-01
-6.500000000000000000e+01 -2.356020942408377117e+00 4.329999999999999648e-03
-6.500000000000000000e+01 -1.413612565445026226e+00 1.791999999999999973e-03
-6.500000000000000000e+01 -4.712041884816753901e-01 8.337999999999999926e-03
-6.500000000000000000e+01 4.712041884816753901e-01 8.337999999999999926e-03
-6.500000000000000000e+01 1.413612565445026226e+00 2.658999999999999905e-03
-6.375000000000000000e+01 -2.026178010471204516e+01 5.000000000000000000e-01
-6.375000000000000000e+01 -1.931937172774869538e+01 3.113639999999999741e-01
-6.375000000000000000e+01 -1.837696335078534560e+01 1.993890000000000107e-01
-6.375000000000000000e+01 -1.743455497382199582e+01 6.400500000000000078e-01
-6.375000000000000000e+01 -1.649214659685864603e+01 7.158399999999999486e-02
-6.375000000000000000e+01 -1.554973821989529448e+01 7.158399999999999486e-02
-6.375000000000000000e+01 -1.460732984293194114e+01 3.550199999999999884e-02
-6.375000000000000000e+01 -1.366492146596859136e+01 3.468999999999999861e-03
-6.375000000000000000e+01 -1.272251308900523981e+01 6.520999999999999887e-03
-6.375000000000000000e+01 -1.178010471204188825e+01 6.083250000000000046e-01
-6.375000000000000000e+01 -1.083769633507853669e+01 1.113539999999999947e-01
-6.375000000000000000e+01 -9.895287958115185134e+00 6.713850000000000096e-01
-6.375000000000000000e+01 -8.952879581151833577e+00 8.871809999999999974e-01
-6.375000000000000000e+01 -8.010471204188482020e+00 6.040870000000000406e-01
-6.375000000000000000e+01 -7.068062827225130462e+00 1.819580000000000086e-01
-6.375000000000000000e+01 -6.125654450261779793e+00 4.970999999999999724e-03
-6.375000000000000000e+01 -5.183246073298429124e+00 3.938699999999999840e-02
-6.375000000000000000e+01 -4.240837696335078455e+00 1.816979999999999984e-01
-6.375000000000000000e+01 -3.298429319371727786e+00 1.724000000000000055e-03
-6.375000000000000000e+01 -2.356020942408377117e+00 3.249999999999999851e-04
-6.375000000000000000e+01 -1.413612565445026226e+00 3.240000000000000150e-04
-6.375000000000000000e+01 -4.712041884816753901e-01 1.828999999999999897e-03
-6.375000000000000000e+01 4.712041884816753901e-01 1.828999999999999897e-03
-6.375000000000000000e+01 1.413612565445026226e+00 0.000000000000000000e+00
-6.375000000000000000e+01 3.298429319371727786e+00 2.138200000000000170e-02
-6.250000000000000000e+01 -1.931937172774869538e+01 4.026779999999999804e-01
-6.250000000000000000e+01 -1.837696335078534560e+01 7.226759999999999851e-01
-6.250000000000000000e+01 -1.743455497382199582e+01 8.418750000000000400e-01
-6.250000000000000000e+01 -1.649214659685864603e+01 1.694670000000000065e-01
-6.250000000000000000e+01 -1.554973821989529448e+01 1.694670000000000065e-01
-6.250000000000000000e+01 -1.460732984293194114e+01 9.282999999999999585e-03
-6.250000000000000000e+01 -1.366492146596859136e+01 2.263999999999999953e-03
-6.250000000000000000e+01 -1.272251308900523981e+01 2.126600000000000018e-02
-6.250000000000000000e+01 -1.178010471204188825e+01 5.952169999999999961e-01
-6.250000000000000000e+01 -1.083769633507853669e+01 4.691460000000000075e-01
-6.250000000000000000e+01 -9.895287958115185134e+00 9.849010000000000264e-01
-6.250000000000000000e+01 -8.952879581151833577e+00 6.298839999999999995e-01
-6.250000000000000000e+01 -8.010471204188482020e+00 4.937170000000000170e-01
-6.250000000000000000e+01 -7.068062827225130462e+00 7.841909999999999714e-01
-6.250000000000000000e+01 -6.125654450261779793e+00 2.763289999999999913e-01
-6.250000000000000000e+01 -5.183246073298429124e+00 2.396000000000000126e-03
-6.250000000000000000e+01 -4.240837696335078455e+00 2.652749999999999830e-01
-6.250000000000000000e+01 -3.298429319371727786e+00 1.928099999999999953e-02
-6.250000000000000000e+01 -2.356020942408377117e+00 1.056999999999999997e-03
-6.250000000000000000e+01 -1.413612565445026226e+00 1.138139999999999985e-01
-6.250000000000000000e+01 -4.712041884816753901e-01 6.509999999999999945e-04
-6.250000000000000000e+01 4.712041884816753901e-01 6.509999999999999945e-04
-6.250000000000000000e+01 1.413612565445026226e+00 3.030000000000000141e-03
-6.250000000000000000e+01 2.356020942408377117e+00 9.948999999999999511e-03
-6.250000000000000000e+01 3.298429319371727786e+00 0.000000000000000000e+00
-6.125000000000000000e+01 -1.837696335078534560e+01 2.076500000000000012e-01
-6.125000000000000000e+01 -1.743455497382199582e+01 3.418100000000000027e-01
-6.125000000000000000e+01 -1.649214659685864603e+01 3.532420000000000004e-01
-6.125000000000000000e+01 -1.554973821989529448e+01 3.532420000000000004e-01
-6.125000000000000000e+01 -1.460732984293194114e+01 7.046800000000000286e-02
-6.125000000000000000e+01 -1.366492146596859136e+01 7.489200000000000024e-02
-6.125000000000000000e+01 -1.272251308900523981e+01 7.329499999999999904e-01
-6.125000000000000000e+01 -1.178010471204188825e+01 8.161249999999999893e-01
-6.125000000000000000e+01 -1.083769633507853669e+01 5.324510000000000076e-01
-6.125000000000000000e+01 -9.895287958115185134e+00 6.175800000000000178e-01
-6.125000000000000000e+01 -8.952879581151833577e+00 3.656590000000000118e-01
-6.125000000000000000e+01 -8.010471204188482020e+00 2.992360000000000020e-01
-6.125000000000000000e+01 -7.068062827225130462e+00 1.208309999999999940e-01
-6.125000000000000000e+01 -6.125654450261779793e+00 2.059419999999999862e-01
-6.125000000000000000e+01 -5.183246073298429124e+00 1.515880000000000005e-01
-6.125000000000000000e+01 -4.240837696335078455e+00 4.639369999999999883e-01
-6.125000000000000000e+01 -3.298429319371727786e+00 4.661589999999999900e-01
-6.125000000000000000e+01 -2.356020942408377117e+00 8.510999999999999469e-03
-6.125000000000000000e+01 -1.413612565445026226e+00 6.104600000000000304e-02
-6.125000000000000000e+01 -4.712041884816753901e-01 2.526550000000000185e-01
-6.125000000000000000e+01 4.712041884816753901e-01 2.526550000000000185e-01
-6.125000000000000000e+01 1.413612565445026226e+00 3.624939999999999829e-01
-6.125000000000000000e+01 2.356020942408377117e+00 8.206240000000000201e-01
-6.125000000000000000e+01 3.298429319371727786e+00 2.874019999999999908e-01
-6.125000000000000000e+01 4.240837696335078455e+00 1.116999999999999937e-01
-6.000000000000000000e+01 -1.554973821989529448e+01 1.538670000000000038e-01
-6.000000000000000000e+01 -1.460732984293194114e+01 4.568229999999999791e-01
-6.000000000000000000e+01 -1.366492146596859136e+01 6.214460000000000539e-01
-6.000000000000000000e+01 -1.272251308900523981e+01 5.075309999999999544e-01
-6.000000000000000000e+01 -1.178010471204188825e+01 1.820019999999999971e-01
-6.000000000000000000e+01 -1.083769633507853669e+01 4.440999999999999809e-02
-6.000000000000000000e+01 -9.895287958115185134e+00 4.327799999999999980e-01
-6.000000000000000000e+01 -8.952879581151833577e+00 2.839479999999999782e-01
-6.000000000000000000e+01 -8.010471204188482020e+00 5.659800000000000247e-02
-6.000000000000000000e+01 -7.068062827225130462e+00 5.460080000000000489e-01
-6.000000000000000000e+01 -6.125654450261779793e+00 2.224780000000000091e-01
-6.000000000000000000e+01 -5.183246073298429124e+00 2.196069999999999967e-01
-6.000000000000000000e+01 -4.240837696335078455e+00 6.146350000000000424e-01
-6.000000000000000000e+01 -3.298429319371727786e+00 8.711759999999999504e-01
-6.000000000000000000e+01 -2.356020942408377117e+00 8.937490000000000157e-01
-6.000000000000000000e+01 -1.413612565445026226e+00 3.613199999999999745e-01
-6.000000000000000000e+01 -4.712041884816753901e-01 8.867800000000000682e-02
-6.000000000000000000e+01 4.712041884816753901e-01 8.867800000000000682e-02
-6.000000000000000000e+01 1.413612565445026226e+00 7.876389999999999780e-01
-6.000000000000000000e+01 2.356020942408377117e+00 4.088249999999999940e-01
-6.000000000000000000e+01 3.298429319371727786e+00 1.334919999999999995e-01
-6.000000000000000000e+01 4.240837696335078455e+00 1.430700000000000027e-02
-6.000000000000000000e+01 5.183246073298429124e+00 1.669800000000000104e-02
-5.875000000000000000e+01 -1.366492146596859136e+01 6.171600000000000003e-02
-5.875000000000000000e+01 -1.272251308900523981e+01 1.048400000000000026e-02
-5.875000000000000000e+01 -1.178010471204188825e+01 2.797919999999999852e-01
-5.875000000000000000e+01 -1.083769633507853669e+01 7.415620000000000545e-01
-5.875000000000000000e+01 -9.895287958115185134e+00 8.322549999999999670e-01
-5.875000000000000000e+01 -8.952879581151833577e+00 3.385929999999999773e-01
-5.875000000000000000e+01 -8.010471204188482020e+00 2.363499999999999976e-02
-5.875000000000000000e+01 -7.068062827225130462e+00 3.640220000000000122e-01
-5.875000000000000000e+01 -6.125654450261779793e+00 2.921899999999999845e-02
-5.875000000000000000e+01 -5.183246073298429124e+00 5.164000000000000187e-03
-5.875000000000000000e+01 -4.240837696335078455e+00 3.692920000000000091e-01
-5.875000000000000000e+01 -3.298429319371727786e+00 8.445920000000000094e-01
-5.875000000000000000e+01 -2.356020942408377117e+00 3.047139999999999849e-01
-5.875000000000000000e+01 -1.413612565445026226e+00 2.853599999999999887e-02
-5.875000000000000000e+01 -4.712041884816753901e-01 6.289000000000000319e-03
-5.875000000000000000e+01 4.712041884816753901e-01 6.289000000000000319e-03
-5.750000000000000000e+01 -1.366492146596859136e+01 6.107100000000000029e-02
-5.750000000000000000e+01 -1.272251308900523981e+01 9.385400000000000686e-02
-5.750000000000000000e+01 -1.178010471204188825e+01 6.840000000000000524e-01
-5.750000000000000000e+01 -1.083769633507853669e+01 6.238890000000000269e-01
-5.750000000000000000e+01 -9.895287958115185134e+00 8.919399999999999551e-01
-5.750000000000000000e+01 -8.952879581151833577e+00 2.978790000000000049e-01
-5.750000000000000000e+01 -8.010471204188482020e+00 2.639440000000000119e-01
-5.750000000000000000e+01 -7.068062827225130462e+00 1.995200000000000098e-02
-5.750000000000000000e+01 -6.125654450261779793e+00 3.429389999999999938e-01
-5.750000000000000000e+01 -5.183246073298429124e+00 7.777100000000000679e-02
-5.750000000000000000e+01 -4.240837696335078455e+00 1.493760000000000088e-01
-5.750000000000000000e+01 -3.298429319371727786e+00 4.978960000000000052e-01
-5.750000000000000000e+01 -2.356020942408377117e+00 1.240549999999999986e-01
-5.750000000000000000e+01 -1.413612565445026226e+00 2.083700000000000135e-02
-5.750000000000000000e+01 -4.712041884816753901e-01 1.081580000000000041e-01
-5.750000000000000000e+01 4.712041884816753901e-01 1.081580000000000041e-01
-5.750000000000000000e+01 1.413612565445026226e+00 1.781179999999999986e-01
-5.625000000000000000e+01 -1.366492146596859136e+01 4.329660000000000175e-01
-5.625000000000000000e+01 -1.272251308900523981e+01 3.866020000000000012e-01
-5.625000000000000000e+01 -1.178010471204188825e+01 8.435850000000000293e-01
-5.625000000000000000e+01 -1.083769633507853669e+01 6.547600000000000087e-01
-5.625000000000000000e+01 -9.895287958115185134e+00 9.881799999999999473e-01
-5.625000000000000000e+01 -8.952879581151833577e+00 1.549590000000000134e-01
-5.625000000000000000e+01 -8.010471204188482020e+00 1.387909999999999977e-01
-5.625000000000000000e+01 -7.068062827225130462e+00 3.746300000000000185e-01
-5.625000000000000000e+01 -6.125654450261779793e+00 4.473539999999999739e-01
-5.625000000000000000e+01 -5.183246073298429124e+00 5.653139999999999832e-01
-5.625000000000000000e+01 -4.240837696335078455e+00 5.203280000000000127e-01
-5.625000000000000000e+01 -3.298429319371727786e+00 3.017799999999999927e-01
-5.625000000000000000e+01 -2.356020942408377117e+00 4.680250000000000243e-01
-5.625000000000000000e+01 -1.413612565445026226e+00 1.029270000000000046e-01
-5.625000000000000000e+01 -4.712041884816753901e-01 4.396999999999999867e-03
-5.625000000000000000e+01 4.712041884816753901e-01 4.396999999999999867e-03
-5.625000000000000000e+01 1.413612565445026226e+00 0.000000000000000000e+00
-5.500000000000000000e+01 -1.460732984293194114e+01 1.883920000000000039e-01
-5.500000000000000000e+01 -1.366492146596859136e+01 6.276299999999999935e-02
-5.500000000000000000e+01 -1.272251308900523981e+01 6.439810000000000256e-01
-5.500000000000000000e+01 -1.178010471204188825e+01 9.243460000000000010e-01
-5.500000000000000000e+01 -1.083769633507853669e+01 9.432310000000000416e-01
-5.500000000000000000e+01 -9.895287958115185134e+00 9.225309999999999899e-01
-5.500000000000000000e+01 -8.952879581151833577e+00 3.319329999999999781e-01
-5.500000000000000000e+01 -8.010471204188482020e+00 6.938609999999999500e-01
-5.500000000000000000e+01 -7.068062827225130462e+00 4.772230000000000083e-01
-5.500000000000000000e+01 -6.125654450261779793e+00 2.950369999999999937e-01
-5.500000000000000000e+01 -5.183246073298429124e+00 2.186450000000000060e-01
-5.500000000000000000e+01 -4.240837696335078455e+00 7.066459999999999964e-01
-5.500000000000000000e+01 -3.298429319371727786e+00 7.439670000000000449e-01
-5.500000000000000000e+01 -2.356020942408377117e+00 6.948550000000000004e-01
-5.500000000000000000e+01 -1.413612565445026226e+00 2.165159999999999862e-01
-5.500000000000000000e+01 -4.712041884816753901e-01 6.440000000000000412e-04
-5.500000000000000000e+01 4.712041884816753901e-01 6.440000000000000412e-04
-5.500000000000000000e+01 1.413612565445026226e+00 6.449999999999999570e-04
-5.500000000000000000e+01 2.356020942408377117e+00 1.217400000000000079e-02
-5.375000000000000000e+01 -1.460732984293194114e+01 3.916000000000000210e-03
-5.375000000000000000e+01 -1.366492146596859136e+01 5.881399999999999822e-02
-5.375000000000000000e+01 -1.272251308900523981e+01 4.879149999999999876e-01
-5.375000000000000000e+01 -1.178010471204188825e+01 3.593890000000000140e-01
-5.375000000000000000e+01 -1.083769633507853669e+01 6.422989999999999533e-01
-5.375000000000000000e+01 -9.895287958115185134e+00 6.631540000000000212e-01
-5.375000000000000000e+01 -8.952879581151833577e+00 8.153399999999999537e-02
-5.375000000000000000e+01 -8.010471204188482020e+00 1.438999999999999958e-03
-5.375000000000000000e+01 -7.068062827225130462e+00 2.633920000000000150e-01
-5.375000000000000000e+01 -6.125654450261779793e+00 3.499059999999999948e-01
-5.375000000000000000e+01 -5.183246073298429124e+00 5.515060000000000517e-01
-5.375000000000000000e+01 -4.240837696335078455e+00 6.353349999999999831e-01
-5.375000000000000000e+01 -3.298429319371727786e+00 8.820099999999999607e-01
-5.375000000000000000e+01 -2.356020942408377117e+00 5.878710000000000324e-01
-5.375000000000000000e+01 -1.413612565445026226e+00 4.772689999999999988e-01
-5.375000000000000000e+01 -4.712041884816753901e-01 1.708500000000000019e-01
-5.375000000000000000e+01 4.712041884816753901e-01 1.708500000000000019e-01
-5.375000000000000000e+01 1.413612565445026226e+00 4.729659999999999975e-01
-5.375000000000000000e+01 2.356020942408377117e+00 1.135700000000000043e-01
-5.250000000000000000e+01 -1.366492146596859136e+01 1.433700000000000079e-02
-5.250000000000000000e+01 -1.272251308900523981e+01 3.756380000000000274e-01
-5.250000000000000000e+01 -1.178010471204188825e+01 2.127439999999999887e-01
-5.250000000000000000e+01 -1.083769633507853669e+01 3.796809999999999907e-01
-5.250000000000000000e+01 -9.895287958115185134e+00 2.405239999999999878e-01
-5.250000000000000000e+01 -8.952879581151833577e+00 1.457699999999999968e-02
-5.250000000000000000e+01 -8.010471204188482020e+00 8.111500000000000654e-02
-5.250000000000000000e+01 -7.068062827225130462e+00 6.355800000000000338e-01
-5.250000000000000000e+01 -6.125654450261779793e+00 7.171560000000000157e-01
-5.250000000000000000e+01 -5.183246073298429124e+00 1.376890000000000058e-01
-5.250000000000000000e+01 -4.240837696335078455e+00 3.442970000000000197e-01
-5.250000000000000000e+01 -3.298429319371727786e+00 8.151310000000000500e-01
-5.250000000000000000e+01 -2.356020942408377117e+00 3.226450000000000151e-01
-5.250000000000000000e+01 -1.413612565445026226e+00 8.558470000000000244e-01
-5.250000000000000000e+01 -4.712041884816753901e-01 3.867990000000000039e-01
-5.250000000000000000e+01 4.712041884816753901e-01 3.867990000000000039e-01
-5.125000000000000000e+01 -8.952879581151833577e+00 8.341659999999999631e-01
-5.125000000000000000e+01 -8.010471204188482020e+00 5.517020000000000257e-01
-5.125000000000000000e+01 -7.068062827225130462e+00 6.835639999999999494e-01
-5.125000000000000000e+01 -5.183246073298429124e+00 4.638070000000000248e-01
-5.125000000000000000e+01 -4.240837696335078455e+00 6.822519999999999696e-01
-5.125000000000000000e+01 -3.298429319371727786e+00 9.812070000000000514e-01
-5.125000000000000000e+01 -2.356020942408377117e+00 7.798180000000000112e-01
-5.000000000000000000e+01 -3.298429319371727786e+00 9.442230000000000345e-01
