-7.875000000000000000e+01 -6.125654450261779793e+00 5.170580000000000176e-01
-7.875000000000000000e+01 -5.183246073298429124e+00 2.596589999999999732e-01
-7.875000000000000000e+01 -4.240837696335078455e+00 4.153160000000000185e-01
-7.875000000000000000e+01 -3.298429319371727786e+00 5.058909999999999796e-01
-7.875000000000000000e+01 -2.356020942408377117e+00 0.000000000000000000e+00
-7.875000000000000000e+01 -1.413612565445026226e+00 0.000000000000000000e+00
-7.750000000000000000e+01 -8.952879581151833577e+00 1.897490000000000010e-01
-7.750000000000000000e+01 -8.010471204188482020e+00 1.435049999999999937e-01
-7.750000000000000000e+01 -7.068062827225130462e+00 2.990430000000000033e-01
-7.750000000000000000e+01 -6.125654450261779793e+00 5.930250000000000243e-01
-7.750000000000000000e+01 -5.183246073298429124e+00 1.980399999999999938e-01
-7.750000000000000000e+01 -4.240837696335078455e+00 6.759199999999999930e-02
-7.750000000000000000e+01 -3.298429319371727786e+00 4.188379999999999881e-01
-7.750000000000000000e+01 -2.356020942408377117e+00 3.067619999999999791e-01
-7.750000000000000000e+01 -1.413612565445026226e+00 3.819719999999999782e-01
-7.750000000000000000e+01 -4.712041884816753901e-01 2.199929999999999941e-01
-7.750000000000000000e+01 4.712041884816753901e-01 2.199929999999999941e-01
-7.625000000000000000e+01 -1.083769633507853669e+01 6.958300000000000596e-02
-7.625000000000000000e+01 -9.895287958115185134e+00 1.381769999999999943e-01
-7.625000000000000000e+01 -8.952879581151833577e+00 4.800289999999999835e-01
-7.625000000000000000e+01 -8.010471204188482020e+00 1.956630000000000036e-01
-7.625000000000000000e+01 -7.068062827225130462e+00 3.375650000000000039e-01
-7.625000000000000000e+01 -6.125654450261779793e+00 4.839570000000000261e-01
-7.625000000000000000e+01 -5.183246073298429124e+00 5.539600000000000080e-02
-7.625000000000000000e+01 -4.240837696335078455e+00 1.472000000000000001e-03
-7.625000000000000000e+01 -3.298429319371727786e+00 3.983000000000000429e-03
-7.625000000000000000e+01 -2.356020942408377117e+00 2.553000000000000148e-03
-7.625000000000000000e+01 -1.413612565445026226e+00 2.611000000000000040e-03
-7.625000000000000000e+01 -4.712041884816753901e-01 1.013779999999999959e-01
-7.625000000000000000e+01 4.712041884816753901e-01 1.013779999999999959e-01
-7.625000000000000000e+01 1.413612565445026226e+00 8.941980000000000484e-01
-7.500000000000000000e+01 -1.366492146596859136e+01 7.814200000000000312e-02
-7.500000000000000000e+01 -1.272251308900523981e+01 1.417779999999999874e-01
-7.500000000000000000e+01 -1.178010471204188825e+01 1.245710000000000012e-01
-7.500000000000000000e+01 -1.083769633507853669e+01 3.997740000000000182e-01
-7.500000000000000000e+01 -9.895287958115185134e+00 2.072749999999999870e-01
-7.500000000000000000e+01 -8.952879581151833577e+00 5.223879999999999635e-01
-7.500000000000000000e+01 -8.010471204188482020e+00 2.710589999999999944e-01
-7.500000000000000000e+01 -7.068062827225130462e+00 3.560399999999999676e-02
-7.500000000000000000e+01 -6.125654450261779793e+00 6.070300000000000001e-02
-7.500000000000000000e+01 -5.183246073298429124e+00 4.566900000000000126e-02
-7.500000000000000000e+01 -4.240837696335078455e+00 2.003299999999999872e-02
-7.500000000000000000e+01 -3.298429319371727786e+00 2.305999999999999890e-03
-7.500000000000000000e+01 -2.356020942408377117e+00 6.376999999999999856e-03
-7.500000000000000000e+01 -1.413612565445026226e+00 5.597000000000000412e-03
-7.500000000000000000e+01 -4.712041884816753901e-01 3.400500000000000050e-02
-7.500000000000000000e+01 4.712041884816753901e-01 3.400500000000000050e-02
-7.500000000000000000e+01 1.413612565445026226e+00 6.527150000000000452e-01
-7.500000000000000000e+01 2.356020942408377117e+00 9.337290000000000312e-01
-7.375000000000000000e+01 -1.460732984293194114e+01 0.000000000000000000e+00
-7.375000000000000000e+01 -1.366492146596859136e+01 1.302490000000000037e-01
-7.375000000000000000e+01 -1.272251308900523981e+01 9.180199999999999472e-02
-7.375000000000000000e+01 -1.178010471204188825e+01 9.775499999999999468e-02
-7.375000000000000000e+01 -1.083769633507853669e+01 1.082540000000000030e-01
-7.375000000000000000e+01 -9.895287958115185134e+00 5.654499999999999804e-02
-7.375000000000000000e+01 -8.952879581151833577e+00 9.924700000000000188e-02
-7.375000000000000000e+01 -8.010471204188482020e+00 1.727599999999999969e-01
-7.375000000000000000e+01 -7.068062827225130462e+00 7.647800000000000431e-02
-7.375000000000000000e+01 -6.125654450261779793e+00 2.464699999999999877e-02
-7.375000000000000000e+01 -5.183246073298429124e+00 7.177999999999999658e-02
-7.375000000000000000e+01 -4.240837696335078455e+00 2.272499999999999867e-02
-7.375000000000000000e+01 -3.298429319371727786e+00 7.262000000000000226e-03
-7.375000000000000000e+01 -2.356020942408377117e+00 5.409999999999999878e-03
-7.375000000000000000e+01 -1.413612565445026226e+00 1.492600000000000038e-01
-7.375000000000000000e+01 -4.712041884816753901e-01 2.467000000000000009e-03
-7.375000000000000000e+01 4.712041884816753901e-01 2.467000000000000009e-03
-7.375000000000000000e+01 1.413612565445026226e+00 4.231700000000000045e-02
-7.250000000000000000e+01 -1.460732984293194114e+01 5.432000000000000196e-03
-7.250000000000000000e+01 -1.366492146596859136e+01 1.374849999999999961e-01
-7.250000000000000000e+01 -1.272251308900523981e+01 1.801409999999999956e-01
-7.250000000000000000e+01 -1.178010471204188825e+01 4.423799999999999955e-02
-7.250000000000000000e+01 -1.083769633507853669e+01 6.879999999999999831e-03
-7.250000000000000000e+01 -9.895287958115185134e+00 0.000000000000000000e+00
-7.250000000000000000e+01 -8.952879581151833577e+00 1.094000000000000007e-02
-7.250000000000000000e+01 -8.010471204188482020e+00 4.752109999999999945e-01
-7.250000000000000000e+01 -7.068062827225130462e+00 1.739169999999999883e-01
-7.250000000000000000e+01 -6.125654450261779793e+00 9.730000000000000151e-04
-7.250000000000000000e+01 -5.183246073298429124e+00 9.737000000000000863e-03
-7.250000000000000000e+01 -4.240837696335078455e+00 1.123389999999999944e-01
-7.250000000000000000e+01 -3.298429319371727786e+00 2.123999999999999846e-02
-7.250000000000000000e+01 -2.356020942408377117e+00 8.427099999999999869e-02
-7.250000000000000000e+01 -1.413612565445026226e+00 2.581999999999999920e-02
-7.250000000000000000e+01 -4.712041884816753901e-01 6.908000000000000078e-03
-7.250000000000000000e+01 4.712041884816753901e-01 6.908000000000000078e-03
-7.250000000000000000e+01 1.413612565445026226e+00 1.020399999999999953e-02
-7.125000000000000000e+01 -1.460732984293194114e+01 9.079900000000000471e-02
-7.125000000000000000e+01 -1.366492146596859136e+01 2.439500000000000002e-02
-7.125000000000000000e+01 -1.272251308900523981e+01 2.406449999999999978e-01
-7.125000000000000000e+01 -1.178010471204188825e+01 0.000000000000000000e+00
-7.125000000000000000e+01 -1.083769633507853669e+01 0.000000000000000000e+00
-7.125000000000000000e+01 -9.895287958115185134e+00 6.791000000000000161e-03
-7.125000000000000000e+01 -8.952879581151833577e+00 1.081909999999999955e-01
-7.125000000000000000e+01 -8.010471204188482020e+00 6.163110000000000532e-01
-7.125000000000000000e+01 -7.068062827225130462e+00 5.974700000000000150e-02
-7.125000000000000000e+01 -6.125654450261779793e+00 4.655000000000000283e-03
-7.125000000000000000e+01 -5.183246073298429124e+00 2.429999999999999977e-04
-7.125000000000000000e+01 -4.240837696335078455e+00 4.000999999999999696e-02
-7.125000000000000000e+01 -3.298429319371727786e+00 3.190000000000000019e-04
-7.125000000000000000e+01 -2.356020942408377117e+00 5.407200000000000201e-02
-7.125000000000000000e+01 -1.413612565445026226e+00 3.592000000000000141e-03
-7.125000000000000000e+01 -4.712041884816753901e-01 0.000000000000000000e+00
-7.125000000000000000e+01 4.712041884816753901e-01 0.000000000000000000e+00
-7.125000000000000000e+01 1.413612565445026226e+00 1.237150000000000055e-01
-7.000000000000000000e+01 -1.366492146596859136e+01 8.952999999999999153e-03
-7.000000000000000000e+01 -1.272251308900523981e+01 4.221199999999999952e-01
-7.000000000000000000e+01 -1.178010471204188825e+01 8.574199999999999877e-02
-7.000000000000000000e+01 -1.083769633507853669e+01 3.706639999999999935e-01
-7.000000000000000000e+01 -9.895287958115185134e+00 3.627500000000000169e-02
-7.000000000000000000e+01 -8.952879581151833577e+00 3.002679999999999794e-01
-7.000000000000000000e+01 -8.010471204188482020e+00 4.313440000000000052e-01
-7.000000000000000000e+01 -7.068062827225130462e+00 5.307800000000000018e-02
-7.000000000000000000e+01 -6.125654450261779793e+00 1.861000000000000024e-03
-7.000000000000000000e+01 -5.183246073298429124e+00 8.040000000000000271e-04
-7.000000000000000000e+01 -4.240837696335078455e+00 1.461739999999999984e-01
-7.000000000000000000e+01 -3.298429319371727786e+00 9.015099999999999503e-02
-7.000000000000000000e+01 -2.356020942408377117e+00 3.481100000000000166e-02
-7.000000000000000000e+01 -1.413612565445026226e+00 4.583600000000000174e-02
-7.000000000000000000e+01 -4.712041884816753901e-01 1.220300000000000031e-02
-7.000000000000000000e+01 4.712041884816753901e-01 1.220300000000000031e-02
-7.000000000000000000e+01 1.413612565445026226e+00 9.013999999999999443e-03
-6.875000000000000000e+01 -1.554973821989529448e+01 6.769999999999999759e-04
-6.875000000000000000e+01 -1.460732984293194114e+01 4.232000000000000345e-02
-6.875000000000000000e+01 -1.366492146596859136e+01 1.687999999999999917e-02
-6.875000000000000000e+01 -1.272251308900523981e+01 1.350310000000000121e-01
-6.875000000000000000e+01 -1.178010471204188825e+01 4.242770000000000152e-01
-6.875000000000000000e+01 -1.083769633507853669e+01 6.596159999999999801e-01
-6.875000000000000000e+01 -9.895287958115185134e+00 1.393000000000000071e-01
-6.875000000000000000e+01 -8.952879581151833577e+00 5.206969999999999654e-01
-6.875000000000000000e+01 -8.010471204188482020e+00 1.689799999999999983e-02
-6.875000000000000000e+01 -7.068062827225130462e+00 2.047999999999999907e-03
-6.875000000000000000e+01 -6.125654450261779793e+00 1.129999999999999928e-03
-6.875000000000000000e+01 -5.183246073298429124e+00 4.840000000000000010e-04
-6.875000000000000000e+01 -4.240837696335078455e+00 4.423999999999999981e-03
-6.875000000000000000e+01 -3.298429319371727786e+00 7.289000000000000340e-03
-6.875000000000000000e+01 -2.356020942408377117e+00 6.226999999999999896e-03
-6.875000000000000000e+01 -1.413612565445026226e+00 1.329999999999999932e-02
-6.875000000000000000e+01 -4.712041884816753901e-01 1.129100000000000069e-02
-6.875000000000000000e+01 4.712041884816753901e-01 1.129100000000000069e-02
-6.875000000000000000e+01 1.413612565445026226e+00 1.705699999999999925e-02
-6.875000000000000000e+01 2.356020942408377117e+00 6.131000000000000165e-03
-6.750000000000000000e+01 -1.649214659685864603e+01 3.229879999999999973e-01
-6.750000000000000000e+01 -1.554973821989529448e+01 3.229879999999999973e-01
-6.750000000000000000e+01 -1.460732984293194114e+01 1.692800000000000138e-01
-6.750000000000000000e+01 -1.366492146596859136e+01 1.279510000000000092e-01
-6.750000000000000000e+01 -1.272251308900523981e+01 2.441000000000000114e-02
-6.750000000000000000e+01 -1.178010471204188825e+01 2.127000000000000071e-02
-6.750000000000000000e+01 -1.083769633507853669e+01 4.578479999999999772e-01
-6.750000000000000000e+01 -9.895287958115185134e+00 8.333199999999999497e-01
-6.750000000000000000e+01 -8.952879581151833577e+00 2.826250000000000151e-01
-6.750000000000000000e+01 -8.010471204188482020e+00 3.115999999999999846e-03
-6.750000000000000000e+01 -7.068062827225130462e+00 8.919999999999999978e-04
-6.750000000000000000e+01 -6.125654450261779793e+00 7.416999999999999982e-03
-6.750000000000000000e+01 -5.183246073298429124e+00 1.128000000000000096e-03
-6.750000000000000000e+01 -4.240837696335078455e+00 8.059999999999999673e-04
-6.750000000000000000e+01 -3.298429319371727786e+00 1.823200000000000168e-02
-6.750000000000000000e+01 -2.356020942408377117e+00 3.310000000000000225e-04
-6.750000000000000000e+01 -1.413612565445026226e+00 8.000000000000000654e-05
-6.750000000000000000e+01 -4.712041884816753901e-01 8.989999999999999511e-04
-6.750000000000000000e+01 4.712041884816753901e-01 8.989999999999999511e-04
-6.750000000000000000e+01 1.413612565445026226e+00 6.081999999999999733e-03
-6.750000000000000000e+01 2.356020942408377117e+00 2.165999999999999957e-03
-6.625000000000000000e+01 -1.837696335078534560e+01 8.382100000000000661e-02
-6.625000000000000000e+01 -1.743455497382199582e+01 2.901549999999999963e-01
-6.625000000000000000e+01 -1.649214659685864603e+01 2.112000000000000162e-03
-6.625000000000000000e+01 -1.554973821989529448e+01 2.112000000000000162e-03
-6.625000000000000000e+01 -1.460732984293194114e+01 2.198400000000000007e-02
-6.625000000000000000e+01 -1.366492146596859136e+01 1.134000000000000025e-03
-6.625000000000000000e+01 -1.272251308900523981e+01 0.000000000000000000e+00
-6.625000000000000000e+01 -1.178010471204188825e+01 1.470899999999999985e-02
-6.625000000000000000e+01 -1.083769633507853669e+01 2.181460000000000066e-01
-6.625000000000000000e+01 -9.895287958115185134e+00 2.609009999999999940e-01
-6.625000000000000000e+01 -8.952879581151833577e+00 2.106750000000000012e-01
-6.625000000000000000e+01 -8.010471204188482020e+00 2.295000000000000165e-03
-6.625000000000000000e+01 -7.068062827225130462e+00 8.109999999999999805e-04
-6.625000000000000000e+01 -6.125654450261779793e+00 1.610000000000000103e-04
-6.625000000000000000e+01 -5.183246073298429124e+00 3.260000000000000094e-04
-6.625000000000000000e+01 -4.240837696335078455e+00 3.776999999999999975e-03
-6.625000000000000000e+01 -3.298429319371727786e+00 1.832200000000000148e-02
-6.625000000000000000e+01 -2.356020942408377117e+00 6.542000000000000072e-03
-6.625000000000000000e+01 -1.413612565445026226e+00 0.000000000000000000e+00
-6.625000000000000000e+01 -4.712041884816753901e-01 2.425000000000000072e-03
-6.625000000000000000e+01 4.712041884816753901e-01 2.425000000000000072e-03
-6.625000000000000000e+01 1.413612565445026226e+00 9.719400000000000261e-02
-6.625000000000000000e+01 2.356020942408377117e+00 1.448339999999999905e-01
-6.500000000000000000e+01 -1.837696335078534560e+01 2.526099999999999873e-02
-6.500000000000000000e+01 -1.743455497382199582e+01 5.259089999999999598e-01
-6.500000000000000000e+01 -1.649214659685864603e+01 7.608099999999999585e-02
-6.500000000000000000e+01 -1.554973821989529448e+01 7.608099999999999585e-02
-6.500000000000000000e+01 -1.460732984293194114e+01 1.582000000000000073e-02
-6.500000000000000000e+01 -1.366492146596859136e+01 1.043900000000000036e-02
-6.500000000000000000e+01 -1.272251308900523981e+01 2.990000000000000036e-03
-6.500000000000000000e+01 -1.178010471204188825e+01 1.136400000000000084e-02
-6.500000000000000000e+01 -1.083769633507853669e+01 2.178869999999999973e-01
-6.500000000000000000e+01 -9.895287958115185134e+00 7.001239999999999686e-01
-6.500000000000000000e+01 -8.952879581151833577e+00 1.854659999999999920e-01
-6.500000000000000000e+01 -8.010471204188482020e+00 8.677000000000000685e-03
-6.500000000000000000e+01 -7.068062827225130462e+00 6.639100000000000557e-02
-6.500000000000000000e+01 -6.125654450261779793e+00 1.147999999999999932e-03
-6.500000000000000000e+01 -5.183246073298429124e+00 1.725629999999999942e-01
-6.500000000000000000e+01 -4.240837696335078455e+00 3.812600000000000017e-02
-6.500000000000000000e+01 -3.298429319371727786e+00 8.852799999999999558e-02
-6.500000000000000000e+01 -2.356020942408377117e+00 4.329999999999999648e-03
-6.500000000000000000e+01 -1.413612565445026226e+00 1.791999999999999973e-03
-6.500000000000000000e+01 -4.712041884816753901e-01 7.742999999999999883e-03
-6.500000000000000000e+01 4.712041884816753901e-01 7.742999999999999883e-03
-6.500000000000000000e+01 1.413612565445026226e+00 2.658999999999999905e-03
-6.375000000000000000e+01 -2.026178010471204516e+01 8.333329999999999904e-01
-6.375000000000000000e+01 -1.931937172774869538e+01 3.575679999999999970e-01
-6.375000000000000000e+01 -1.837696335078534560e+01 1.577770000000000006e-01
-6.375000000000000000e+01 -1.743455497382199582e+01 6.236169999999999769e-01
-6.375000000000000000e+01 -1.649214659685864603e+01 7.384999999999999898e-02
-6.375000000000000000e+01 -1.554973821989529448e+01 7.384999999999999898e-02
-6.375000000000000000e+01 -1.460732984293194114e+01 5.074100000000000138e-02
-6.375000000000000000e+01 -1.366492146596859136e+01 4.295000000000000207e-03
-6.375000000000000000e+01 -1.272251308900523981e+01 3.762000000000000153e-03
-6.375000000000000000e+01 -1.178010471204188825e+01 2.313179999999999958e-01
-6.375000000000000000e+01 -1.083769633507853669e+01 6.414000000000000257e-02
-6.375000000000000000e+01 -9.895287958115185134e+00 5.535430000000000073e-01
-6.375000000000000000e+01 -8.952879581151833577e+00 8.376670000000000504e-01
-6.375000000000000000e+01 -8.010471204188482020e+00 5.069609999999999950e-01
-6.375000000000000000e+01 -7.068062827225130462e+00 2.175249999999999961e-01
-6.375000000000000000e+01 -6.125654450261779793e+00 5.467999999999999770e-03
-6.375000000000000000e+01 -5.183246073298429124e+00 6.058899999999999703e-02
-6.375000000000000000e+01 -4.240837696335078455e+00 2.223590000000000011e-01
-6.375000000000000000e+01 -3.298429319371727786e+00 6.142199999999999743e-02
-6.375000000000000000e+01 -2.356020942408377117e+00 3.249999999999999851e-04
-6.375000000000000000e+01 -1.413612565445026226e+00 1.027999999999999921e-02
-6.375000000000000000e+01 -4.712041884816753901e-01 4.110400000000000165e-02
-6.375000000000000000e+01 4.712041884816753901e-01 4.110400000000000165e-02
-6.375000000000000000e+01 1.413612565445026226e+00 1.397380000000000011e-01
-6.375000000000000000e+01 3.298429319371727786e+00 2.786100000000000035e-02
-6.250000000000000000e+01 -1.931937172774869538e+01 4.084160000000000013e-01
-6.250000000000000000e+01 -1.837696335078534560e+01 7.286390000000000366e-01
-6.250000000000000000e+01 -1.743455497382199582e+01 8.415449999999999875e-01
-6.250000000000000000e+01 -1.649214659685864603e+01 1.436530000000000029e-01
-6.250000000000000000e+01 -1.554973821989529448e+01 1.436530000000000029e-01
-6.250000000000000000e+01 -1.460732984293194114e+01 7.910999999999999630e-03
-6.250000000000000000e+01 -1.366492146596859136e+01 2.263999999999999953e-03
-6.250000000000000000e+01 -1.272251308900523981e+01 1.157999999999999958e-03
-6.250000000000000000e+01 -1.178010471204188825e+01 3.397209999999999952e-01
-6.250000000000000000e+01 -1.083769633507853669e+01 3.390340000000000020e-01
-6.250000000000000000e+01 -9.895287958115185134e+00 9.786839999999999984e-01
-6.250000000000000000e+01 -8.952879581151833577e+00 4.449930000000000274e-01
-6.250000000000000000e+01 -8.010471204188482020e+00 3.004910000000000081e-01
-6.250000000000000000e+01 -7.068062827225130462e+00 5.644949999999999690e-01
-6.250000000000000000e+01 -6.125654450261779793e+00 2.573360000000000092e-01
-6.250000000000000000e+01 -5.183246073298429124e+00 2.396000000000000126e-03
-6.250000000000000000e+01 -4.240837696335078455e+00 2.251450000000000118e-01
-6.250000000000000000e+01 -3.298429319371727786e+00 2.791499999999999884e-02
-6.250000000000000000e+01 -2.356020942408377117e+00 1.690900000000000042e-02
-6.250000000000000000e+01 -1.413612565445026226e+00 1.965870000000000117e-01
-6.250000000000000000e+01 -4.712041884816753901e-01 6.509999999999999945e-04
-6.250000000000000000e+01 4.712041884816753901e-01 6.509999999999999945e-04
-6.250000000000000000e+01 1.413612565445026226e+00 2.041300000000000059e-02
-6.250000000000000000e+01 2.356020942408377117e+00 1.456000000000000003e-02
-6.250000000000000000e+01 3.298429319371727786e+00 0.000000000000000000e+00
-6.125000000000000000e+01 -1.837696335078534560e+01 2.208710000000000118e-01
-6.125000000000000000e+01 -1.743455497382199582e+01 4.428039999999999754e-01
-6.125000000000000000e+01 -1.649214659685864603e+01 3.928429999999999978e-01
-6.125000000000000000e+01 -1.554973821989529448e+01 3.928429999999999978e-01
-6.125000000000000000e+01 -1.460732984293194114e+01 1.018949999999999995e-01
-6.125000000000000000e+01 -1.366492146596859136e+01 3.895400000000000251e-02
-6.125000000000000000e+01 -1.272251308900523981e+01 6.153220000000000356e-01
-6.125000000000000000e+01 -1.178010471204188825e+01 7.726499999999999480e-01
-6.125000000000000000e+01 -1.083769633507853669e+01 4.174889999999999990e-01
-6.125000000000000000e+01 -9.895287958115185134e+00 2.392479999999999885e-01
-6.125000000000000000e+01 -8.952879581151833577e+00 1.393500000000000016e-01
-6.125000000000000000e+01 -8.010471204188482020e+00 2.974490000000000189e-01
-6.125000000000000000e+01 -7.068062827225130462e+00 1.091509999999999980e-01
-6.125000000000000000e+01 -6.125654450261779793e+00 1.082879999999999954e-01
-6.125000000000000000e+01 -5.183246073298429124e+00 2.354640000000000066e-01
-6.125000000000000000e+01 -4.240837696335078455e+00 6.337420000000000275e-01
-6.125000000000000000e+01 -3.298429319371727786e+00 5.257500000000000506e-01
-6.125000000000000000e+01 -2.356020942408377117e+00 1.545900000000000052e-02
-6.125000000000000000e+01 -1.413612565445026226e+00 3.982700000000000129e-02
-6.125000000000000000e+01 -4.712041884816753901e-01 2.757330000000000059e-01
-6.125000000000000000e+01 4.712041884816753901e-01 2.757330000000000059e-01
-6.125000000000000000e+01 1.413612565445026226e+00 2.646769999999999956e-01
-6.125000000000000000e+01 2.356020942408377117e+00 6.192969999999999864e-01
-6.125000000000000000e+01 3.298429319371727786e+00 2.590049999999999852e-01
-6.125000000000000000e+01 4.240837696335078455e+00 3.625500000000000250e-02
-6.000000000000000000e+01 -1.554973821989529448e+01 9.781600000000000017e-02
-6.000000000000000000e+01 -1.460732984293194114e+01 4.006689999999999974e-01
-6.000000000000000000e+01 -1.366492146596859136e+01 4.286760000000000015e-01
-6.000000000000000000e+01 -1.272251308900523981e+01 3.625220000000000109e-01
-6.000000000000000000e+01 -1.178010471204188825e+01 1.192899999999999933e-01
-6.000000000000000000e+01 -1.083769633507853669e+01 1.132999999999999893e-03
-6.000000000000000000e+01 -9.895287958115185134e+00 5.444700000000000234e-02
-6.000000000000000000e+01 -8.952879581151833577e+00 5.904000000000000394e-03
-6.000000000000000000e+01 -8.010471204188482020e+00 8.603800000000000336e-02
-6.000000000000000000e+01 -7.068062827225130462e+00 7.274420000000000330e-01
-6.000000000000000000e+01 -6.125654450261779793e+00 1.594180000000000041e-01
-6.000000000000000000e+01 -5.183246073298429124e+00 1.403659999999999908e-01
-6.000000000000000000e+01 -4.240837696335078455e+00 7.027189999999999825e-01
-6.000000000000000000e+01 -3.298429319371727786e+00 8.108180000000000387e-01
-6.000000000000000000e+01 -2.356020942408377117e+00 8.064580000000000082e-01
-6.000000000000000000e+01 -1.413612565445026226e+00 4.121900000000000008e-01
-6.000000000000000000e+01 -4.712041884816753901e-01 1.372009999999999896e-01
-6.000000000000000000e+01 4.712041884816753901e-01 1.372009999999999896e-01
-6.000000000000000000e+01 1.413612565445026226e+00 7.485070000000000334e-01
-6.000000000000000000e+01 2.356020942408377117e+00 1.710740000000000038e-01
-6.000000000000000000e+01 3.298429319371727786e+00 1.412239999999999884e-01
-6.000000000000000000e+01 4.240837696335078455e+00 2.216299999999999867e-02
-6.000000000000000000e+01 5.183246073298429124e+00 1.431299999999999933e-02
-5.875000000000000000e+01 -1.366492146596859136e+01 5.121300000000000158e-02
-5.875000000000000000e+01 -1.272251308900523981e+01 4.676999999999999734e-03
-5.875000000000000000e+01 -1.178010471204188825e+01 2.015119999999999967e-01
-5.875000000000000000e+01 -1.083769633507853669e+01 4.085500000000000242e-01
-5.875000000000000000e+01 -9.895287958115185134e+00 3.600780000000000092e-01
-5.875000000000000000e+01 -8.952879581151833577e+00 8.062099999999999822e-02
-5.875000000000000000e+01 -8.010471204188482020e+00 1.844499999999999959e-02
-5.875000000000000000e+01 -7.068062827225130462e+00 5.774559999999999693e-01
-5.875000000000000000e+01 -6.125654450261779793e+00 8.895000000000000129e-02
-5.875000000000000000e+01 -5.183246073298429124e+00 4.343999999999999771e-03
-5.875000000000000000e+01 -4.240837696335078455e+00 4.185139999999999971e-01
-5.875000000000000000e+01 -3.298429319371727786e+00 8.704479999999999995e-01
-5.875000000000000000e+01 -2.356020942408377117e+00 4.178760000000000252e-01
-5.875000000000000000e+01 -1.413612565445026226e+00 2.160600000000000021e-02
-5.875000000000000000e+01 -4.712041884816753901e-01 4.756999999999999944e-03
-5.875000000000000000e+01 4.712041884816753901e-01 4.756999999999999944e-03
-5.750000000000000000e+01 -1.366492146596859136e+01 5.436599999999999766e-02
-5.750000000000000000e+01 -1.272251308900523981e+01 6.478299999999999337e-02
-5.750000000000000000e+01 -1.178010471204188825e+01 5.135509999999999797e-01
-5.750000000000000000e+01 -1.083769633507853669e+01 3.872590000000000199e-01
-5.750000000000000000e+01 -9.895287958115185134e+00 6.654409999999999492e-01
-5.750000000000000000e+01 -8.952879581151833577e+00 3.750099999999999961e-02
-5.750000000000000000e+01 -8.010471204188482020e+00 4.538000000000000367e-03
-5.750000000000000000e+01 -7.068062827225130462e+00 3.063199999999999951e-02
-5.750000000000000000e+01 -6.125654450261779793e+00 4.934660000000000157e-01
-5.750000000000000000e+01 -5.183246073298429124e+00 5.247299999999999881e-02
-5.750000000000000000e+01 -4.240837696335078455e+00 2.722339999999999760e-01
-5.750000000000000000e+01 -3.298429319371727786e+00 5.331249999999999600e-01
-5.750000000000000000e+01 -2.356020942408377117e+00 1.571249999999999869e-01
-5.750000000000000000e+01 -1.413612565445026226e+00 2.254600000000000007e-02
-5.750000000000000000e+01 -4.712041884816753901e-01 8.198999999999999344e-02
-5.750000000000000000e+01 4.712041884816753901e-01 8.198999999999999344e-02
-5.750000000000000000e+01 1.413612565445026226e+00 2.845159999999999911e-01
-5.625000000000000000e+01 -1.366492146596859136e+01 3.748670000000000058e-01
-5.625000000000000000e+01 -1.272251308900523981e+01 3.480230000000000268e-01
-5.625000000000000000e+01 -1.178010471204188825e+01 7.559770000000000101e-01
-5.625000000000000000e+01 -1.083769633507853669e+01 5.187490000000000157e-01
-5.625000000000000000e+01 -9.895287958115185134e+00 8.102270000000000305e-01
-5.625000000000000000e+01 -8.952879581151833577e+00 4.866899999999999699e-02
-5.625000000000000000e+01 -8.010471204188482020e+00 1.363200000000000002e-02
-5.625000000000000000e+01 -7.068062827225130462e+00 1.842340000000000089e-01
-5.625000000000000000e+01 -6.125654450261779793e+00 4.115559999999999774e-01
-5.625000000000000000e+01 -5.183246073298429124e+00 5.166870000000000074e-01
-5.625000000000000000e+01 -4.240837696335078455e+00 4.963190000000000102e-01
-5.625000000000000000e+01 -3.298429319371727786e+00 1.577919999999999878e-01
-5.625000000000000000e+01 -2.356020942408377117e+00 4.880090000000000261e-01
-5.625000000000000000e+01 -1.413612565445026226e+00 6.630199999999999982e-02
-5.625000000000000000e+01 -4.712041884816753901e-01 2.214599999999999902e-02
-5.625000000000000000e+01 4.712041884816753901e-01 2.214599999999999902e-02
-5.625000000000000000e+01 1.413612565445026226e+00 0.000000000000000000e+00
-5.500000000000000000e+01 -1.460732984293194114e+01 1.837709999999999899e-01
-5.500000000000000000e+01 -1.366492146596859136e+01 4.329899999999999721e-02
-5.500000000000000000e+01 -1.272251308900523981e+01 4.609150000000000191e-01
-5.500000000000000000e+01 -1.178010471204188825e+01 7.723210000000000353e-01
-5.500000000000000000e+01 -1.083769633507853669e+01 8.429419999999999691e-01
-5.500000000000000000e+01 -9.895287958115185134e+00 7.666349999999999554e-01
-5.500000000000000000e+01 -8.952879581151833577e+00 9.626899999999999347e-02
-5.500000000000000000e+01 -8.010471204188482020e+00 3.398999999999999799e-01
-5.500000000000000000e+01 -7.068062827225130462e+00 3.363209999999999811e-01
-5.500000000000000000e+01 -6.125654450261779793e+00 9.548600000000000143e-02
-5.500000000000000000e+01 -5.183246073298429124e+00 4.925500000000000017e-02
-5.500000000000000000e+01 -4.240837696335078455e+00 6.032009999999999872e-01
-5.500000000000000000e+01 -3.298429319371727786e+00 5.903289999999999926e-01
-5.500000000000000000e+01 -2.356020942408377117e+00 6.488730000000000331e-01
-5.500000000000000000e+01 -1.413612565445026226e+00 5.312599999999999961e-02
-5.500000000000000000e+01 -4.712041884816753901e-01 2.420000000000000005e-04
-5.500000000000000000e+01 4.712041884816753901e-01 2.420000000000000005e-04
-5.500000000000000000e+01 1.413612565445026226e+00 2.420000000000000005e-04
-5.500000000000000000e+01 2.356020942408377117e+00 5.760000000000000146e-04
-5.375000000000000000e+01 -1.460732984293194114e+01 4.079999999999999968e-04
-5.375000000000000000e+01 -1.366492146596859136e+01 4.145000000000000073e-02
-5.375000000000000000e+01 -1.272251308900523981e+01 2.139860000000000095e-01
-5.375000000000000000e+01 -1.178010471204188825e+01 2.075239999999999863e-01
-5.375000000000000000e+01 -1.083769633507853669e+01 2.836420000000000052e-01
-5.375000000000000000e+01 -9.895287958115185134e+00 3.524930000000000008e-01
-5.375000000000000000e+01 -8.952879581151833577e+00 1.337400000000000047e-02
-5.375000000000000000e+01 -8.010471204188482020e+00 8.000000000000000654e-05
-5.375000000000000000e+01 -7.068062827225130462e+00 2.101000000000000003e-03
-5.375000000000000000e+01 -6.125654450261779793e+00 6.347000000000000211e-03
-5.375000000000000000e+01 -5.183246073298429124e+00 3.327999999999999795e-03
-5.375000000000000000e+01 -4.240837696335078455e+00 5.685219999999999718e-01
-5.375000000000000000e+01 -3.298429319371727786e+00 6.553369999999999473e-01
-5.375000000000000000e+01 -2.356020942408377117e+00 4.977590000000000070e-01
-5.375000000000000000e+01 -1.413612565445026226e+00 1.125219999999999970e-01
-5.375000000000000000e+01 -4.712041884816753901e-01 9.719999999999999907e-04
-5.375000000000000000e+01 4.712041884816753901e-01 9.719999999999999907e-04
-5.375000000000000000e+01 1.413612565445026226e+00 1.217999999999999899e-03
-5.375000000000000000e+01 2.356020942408377117e+00 1.054000000000000032e-03
-5.250000000000000000e+01 -1.366492146596859136e+01 1.288800000000000015e-02
-5.250000000000000000e+01 -1.272251308900523981e+01 2.164899999999999880e-01
-5.250000000000000000e+01 -1.178010471204188825e+01 1.403409999999999935e-01
-5.250000000000000000e+01 -1.083769633507853669e+01 3.169159999999999755e-01
-5.250000000000000000e+01 -9.895287958115185134e+00 1.002870000000000011e-01
-5.250000000000000000e+01 -8.952879581151833577e+00 5.699999999999999772e-04
-5.250000000000000000e+01 -8.010471204188482020e+00 1.825000000000000016e-03
-5.250000000000000000e+01 -7.068062827225130462e+00 1.878099999999999908e-02
-5.250000000000000000e+01 -6.125654450261779793e+00 4.149599999999999816e-02
-5.250000000000000000e+01 -5.183246073298429124e+00 1.755000000000000050e-03
-5.250000000000000000e+01 -4.240837696335078455e+00 1.614569999999999894e-01
-5.250000000000000000e+01 -3.298429319371727786e+00 4.016259999999999830e-01
-5.250000000000000000e+01 -2.356020942408377117e+00 4.630399999999999794e-02
-5.250000000000000000e+01 -1.413612565445026226e+00 5.063330000000000330e-01
-5.250000000000000000e+01 -4.712041884816753901e-01 7.263600000000000612e-02
-5.250000000000000000e+01 4.712041884816753901e-01 7.263600000000000612e-02
-5.125000000000000000e+01 -8.952879581151833577e+00 5.963739999999999597e-01
-5.125000000000000000e+01 -8.010471204188482020e+00 4.196779999999999955e-01
-5.125000000000000000e+01 -7.068062827225130462e+00 4.634480000000000266e-01
-5.125000000000000000e+01 -5.183246073298429124e+00 1.905290000000000039e-01
-5.125000000000000000e+01 -4.240837696335078455e+00 3.560030000000000139e-01
-5.125000000000000000e+01 -3.298429319371727786e+00 5.440120000000000511e-01
-5.125000000000000000e+01 -2.356020942408377117e+00 1.453019999999999867e-01
-5.000000000000000000e+01 -3.298429319371727786e+00 6.835529999999999662e-01
