-7.875000000000000000e+01 -6.125654450261779793e+00 4.974239999999999773e-01
-7.875000000000000000e+01 -5.183246073298429124e+00 1.889530000000000098e-01
-7.875000000000000000e+01 -4.240837696335078455e+00 2.624290000000000234e-01
-7.875000000000000000e+01 -3.298429319371727786e+00 3.937880000000000269e-01
-7.875000000000000000e+01 -2.356020942408377117e+00 0.000000000000000000e+00
-7.875000000000000000e+01 -1.413612565445026226e+00 0.000000000000000000e+00
-7.750000000000000000e+01 -8.952879581151833577e+00 1.875680000000000125e-01
-7.750000000000000000e+01 -8.010471204188482020e+00 1.435049999999999937e-01
-7.750000000000000000e+01 -7.068062827225130462e+00 2.840289999999999759e-01
-7.750000000000000000e+01 -6.125654450261779793e+00 4.933850000000000180e-01
-7.750000000000000000e+01 -5.183246073298429124e+00 1.335639999999999883e-01
-7.750000000000000000e+01 -4.240837696335078455e+00 3.123499999999999888e-02
-7.750000000000000000e+01 -3.298429319371727786e+00 3.147130000000000205e-01
-7.750000000000000000e+01 -2.356020942408377117e+00 1.774290000000000034e-01
-7.750000000000000000e+01 -1.413612565445026226e+00 3.064140000000000197e-01
-7.750000000000000000e+01 -4.712041884816753901e-01 1.895759999999999945e-01
-7.750000000000000000e+01 4.712041884816753901e-01 1.895759999999999945e-01
-7.625000000000000000e+01 -1.083769633507853669e+01 6.393000000000000071e-02
-7.625000000000000000e+01 -9.895287958115185134e+00 1.290030000000000066e-01
-7.625000000000000000e+01 -8.952879581151833577e+00 3.783449999999999869e-01
-7.625000000000000000e+01 -8.010471204188482020e+00 1.013649999999999968e-01
-7.625000000000000000e+01 -7.068062827225130462e+00 2.119360000000000133e-01
-7.625000000000000000e+01 -6.125654450261779793e+00 3.022139999999999826e-01
-7.625000000000000000e+01 -5.183246073298429124e+00 4.002700000000000008e-02
-7.625000000000000000e+01 -4.240837696335078455e+00 1.472000000000000001e-03
-7.625000000000000000e+01 -3.298429319371727786e+00 3.983000000000000429e-03
-7.625000000000000000e+01 -2.356020942408377117e+00 2.553000000000000148e-03
-7.625000000000000000e+01 -1.413612565445026226e+00 3.262999999999999842e-03
-7.625000000000000000e+01 -4.712041884816753901e-01 1.020459999999999978e-01
-7.625000000000000000e+01 4.712041884816753901e-01 1.020459999999999978e-01
-7.625000000000000000e+01 1.413612565445026226e+00 6.963770000000000238e-01
-7.500000000000000000e+01 -1.366492146596859136e+01 7.814200000000000312e-02
-7.500000000000000000e+01 -1.272251308900523981e+01 1.417779999999999874e-01
-7.500000000000000000e+01 -1.178010471204188825e+01 1.237540000000000029e-01
-7.500000000000000000e+01 -1.083769633507853669e+01 3.204170000000000074e-01
-7.500000000000000000e+01 -9.895287958115185134e+00 1.525070000000000037e-01
-7.500000000000000000e+01 -8.952879581151833577e+00 4.242250000000000187e-01
-7.500000000000000000e+01 -8.010471204188482020e+00 2.117600000000000038e-01
-7.500000000000000000e+01 -7.068062827225130462e+00 3.468899999999999761e-02
-7.500000000000000000e+01 -6.125654450261779793e+00 6.070300000000000001e-02
-7.500000000000000000e+01 -5.183246073298429124e+00 4.566900000000000126e-02
-7.500000000000000000e+01 -4.240837696335078455e+00 2.003299999999999872e-02
-7.500000000000000000e+01 -3.298429319371727786e+00 2.305999999999999890e-03
-7.500000000000000000e+01 -2.356020942408377117e+00 6.376999999999999856e-03
-7.500000000000000000e+01 -1.413612565445026226e+00 5.597000000000000412e-03
-7.500000000000000000e+01 -4.712041884816753901e-01 2.289100000000000162e-02
-7.500000000000000000e+01 4.712041884816753901e-01 2.289100000000000162e-02
-7.500000000000000000e+01 1.413612565445026226e+00 4.239269999999999983e-01
-7.500000000000000000e+01 2.356020942408377117e+00 8.365609999999999991e-01
-7.375000000000000000e+01 -1.460732984293194114e+01 0.000000000000000000e+00
-7.375000000000000000e+01 -1.366492146596859136e+01 1.302490000000000037e-01
-7.375000000000000000e+01 -1.272251308900523981e+01 8.018300000000000427e-02
-7.375000000000000000e+01 -1.178010471204188825e+01 9.603399999999999437e-02
-7.375000000000000000e+01 -1.083769633507853669e+01 8.786800000000000166e-02
-7.375000000000000000e+01 -9.895287958115185134e+00 5.778099999999999903e-02
-7.375000000000000000e+01 -8.952879581151833577e+00 8.636000000000000620e-02
-7.375000000000000000e+01 -8.010471204188482020e+00 8.662100000000000355e-02
-7.375000000000000000e+01 -7.068062827225130462e+00 3.428900000000000003e-02
-7.375000000000000000e+01 -6.125654450261779793e+00 2.464699999999999877e-02
-7.375000000000000000e+01 -5.183246073298429124e+00 7.177999999999999658e-02
-7.375000000000000000e+01 -4.240837696335078455e+00 2.272499999999999867e-02
-7.375000000000000000e+01 -3.298429319371727786e+00 7.262000000000000226e-03
-7.375000000000000000e+01 -2.356020942408377117e+00 5.409999999999999878e-03
-7.375000000000000000e+01 -1.413612565445026226e+00 6.387500000000000122e-02
-7.375000000000000000e+01 -4.712041884816753901e-01 2.467000000000000009e-03
-7.375000000000000000e+01 4.712041884816753901e-01 2.467000000000000009e-03
-7.375000000000000000e+01 1.413612565445026226e+00 3.635300000000000337e-02
-7.250000000000000000e+01 -1.460732984293194114e+01 5.432000000000000196e-03
-7.250000000000000000e+01 -1.366492146596859136e+01 1.374849999999999961e-01
-7.250000000000000000e+01 -1.272251308900523981e+01 1.668179999999999941e-01
-7.250000000000000000e+01 -1.178010471204188825e+01 4.293199999999999794e-02
-7.250000000000000000e+01 -1.083769633507853669e+01 6.879999999999999831e-03
-7.250000000000000000e+01 -9.895287958115185134e+00 0.000000000000000000e+00
-7.250000000000000000e+01 -8.952879581151833577e+00 9.632999999999999202e-03
-7.250000000000000000e+01 -8.010471204188482020e+00 3.323880000000000168e-01
-7.250000000000000000e+01 -7.068062827225130462e+00 1.348719999999999919e-01
-7.250000000000000000e+01 -6.125654450261779793e+00 9.730000000000000151e-04
-7.250000000000000000e+01 -5.183246073298429124e+00 9.737000000000000863e-03
-7.250000000000000000e+01 -4.240837696335078455e+00 1.123389999999999944e-01
-7.250000000000000000e+01 -3.298429319371727786e+00 2.123999999999999846e-02
-7.250000000000000000e+01 -2.356020942408377117e+00 3.068099999999999994e-02
-7.250000000000000000e+01 -1.413612565445026226e+00 6.742999999999999862e-03
-7.250000000000000000e+01 -4.712041884816753901e-01 6.908000000000000078e-03
-7.250000000000000000e+01 4.712041884816753901e-01 6.908000000000000078e-03
-7.250000000000000000e+01 1.413612565445026226e+00 1.020399999999999953e-02
-7.125000000000000000e+01 -1.460732984293194114e+01 9.079900000000000471e-02
-7.125000000000000000e+01 -1.366492146596859136e+01 2.439500000000000002e-02
-7.125000000000000000e+01 -1.272251308900523981e+01 1.381310000000000038e-01
-7.125000000000000000e+01 -1.178010471204188825e+01 1.641000000000000097e-03
-7.125000000000000000e+01 -1.083769633507853669e+01 0.000000000000000000e+00
-7.125000000000000000e+01 -9.895287958115185134e+00 6.791000000000000161e-03
-7.125000000000000000e+01 -8.952879581151833577e+00 6.139499999999999819e-02
-7.125000000000000000e+01 -8.010471204188482020e+00 3.910239999999999827e-01
-7.125000000000000000e+01 -7.068062827225130462e+00 7.772000000000000262e-03
-7.125000000000000000e+01 -6.125654450261779793e+00 4.655000000000000283e-03
-7.125000000000000000e+01 -5.183246073298429124e+00 2.429999999999999977e-04
-7.125000000000000000e+01 -4.240837696335078455e+00 2.653200000000000003e-02
-7.125000000000000000e+01 -3.298429319371727786e+00 1.589999999999999888e-04
-7.125000000000000000e+01 -2.356020942408377117e+00 3.340699999999999920e-02
-7.125000000000000000e+01 -1.413612565445026226e+00 3.592000000000000141e-03
-7.125000000000000000e+01 -4.712041884816753901e-01 0.000000000000000000e+00
-7.125000000000000000e+01 4.712041884816753901e-01 0.000000000000000000e+00
-7.125000000000000000e+01 1.413612565445026226e+00 6.838600000000000234e-02
-7.000000000000000000e+01 -1.366492146596859136e+01 8.580000000000000820e-03
-7.000000000000000000e+01 -1.272251308900523981e+01 2.089650000000000118e-01
-7.000000000000000000e+01 -1.178010471204188825e+01 1.547100000000000038e-02
-7.000000000000000000e+01 -1.083769633507853669e+01 2.278179999999999927e-01
-7.000000000000000000e+01 -9.895287958115185134e+00 1.041000000000000042e-03
-7.000000000000000000e+01 -8.952879581151833577e+00 1.553779999999999883e-01
-7.000000000000000000e+01 -8.010471204188482020e+00 2.164059999999999873e-01
-7.000000000000000000e+01 -7.068062827225130462e+00 3.033100000000000032e-02
-7.000000000000000000e+01 -6.125654450261779793e+00 1.861000000000000024e-03
-7.000000000000000000e+01 -5.183246073298429124e+00 8.040000000000000271e-04
-7.000000000000000000e+01 -4.240837696335078455e+00 9.843499999999999472e-02
-7.000000000000000000e+01 -3.298429319371727786e+00 3.244799999999999768e-02
-7.000000000000000000e+01 -2.356020942408377117e+00 1.120400000000000042e-02
-7.000000000000000000e+01 -1.413612565445026226e+00 2.167200000000000029e-02
-7.000000000000000000e+01 -4.712041884816753901e-01 1.220300000000000031e-02
-7.000000000000000000e+01 4.712041884816753901e-01 1.220300000000000031e-02
-7.000000000000000000e+01 1.413612565445026226e+00 5.278999999999999838e-03
-6.875000000000000000e+01 -1.554973821989529448e+01 6.769999999999999759e-04
-6.875000000000000000e+01 -1.460732984293194114e+01 2.638599999999999973e-02
-6.875000000000000000e+01 -1.366492146596859136e+01 1.331000000000000065e-02
-6.875000000000000000e+01 -1.272251308900523981e+01 1.337170000000000025e-01
-6.875000000000000000e+01 -1.178010471204188825e+01 3.353809999999999847e-01
-6.875000000000000000e+01 -1.083769633507853669e+01 5.329559999999999853e-01
-6.875000000000000000e+01 -9.895287958115185134e+00 9.790600000000000691e-02
-6.875000000000000000e+01 -8.952879581151833577e+00 4.344729999999999981e-01
-6.875000000000000000e+01 -8.010471204188482020e+00 5.609999999999999752e-04
-6.875000000000000000e+01 -7.068062827225130462e+00 2.047999999999999907e-03
-6.875000000000000000e+01 -6.125654450261779793e+00 1.129999999999999928e-03
-6.875000000000000000e+01 -5.183246073298429124e+00 4.840000000000000010e-04
-6.875000000000000000e+01 -4.240837696335078455e+00 4.423999999999999981e-03
-6.875000000000000000e+01 -3.298429319371727786e+00 7.030999999999999923e-03
-6.875000000000000000e+01 -2.356020942408377117e+00 4.423999999999999981e-03
-6.875000000000000000e+01 -1.413612565445026226e+00 4.433000000000000308e-03
-6.875000000000000000e+01 -4.712041884816753901e-01 1.129100000000000069e-02
-6.875000000000000000e+01 4.712041884816753901e-01 1.129100000000000069e-02
-6.875000000000000000e+01 1.413612565445026226e+00 1.338400000000000006e-02
-6.875000000000000000e+01 2.356020942408377117e+00 6.295000000000000248e-03
-6.750000000000000000e+01 -1.649214659685864603e+01 2.798120000000000052e-01
-6.750000000000000000e+01 -1.554973821989529448e+01 2.798120000000000052e-01
-6.750000000000000000e+01 -1.460732984293194114e+01 1.164580000000000060e-01
-6.750000000000000000e+01 -1.366492146596859136e+01 9.687600000000000378e-02
-6.750000000000000000e+01 -1.272251308900523981e+01 1.018400000000000034e-02
-6.750000000000000000e+01 -1.178010471204188825e+01 1.513399999999999988e-02
-6.750000000000000000e+01 -1.083769633507853669e+01 3.216660000000000075e-01
-6.750000000000000000e+01 -9.895287958115185134e+00 7.932740000000000347e-01
-6.750000000000000000e+01 -8.952879581151833577e+00 2.127000000000000002e-01
-6.750000000000000000e+01 -8.010471204188482020e+00 9.590000000000000000e-04
-6.750000000000000000e+01 -7.068062827225130462e+00 8.919999999999999978e-04
-6.750000000000000000e+01 -6.125654450261779793e+00 5.134999999999999808e-03
-6.750000000000000000e+01 -5.183246073298429124e+00 1.128000000000000096e-03
-6.750000000000000000e+01 -4.240837696335078455e+00 8.059999999999999673e-04
-6.750000000000000000e+01 -3.298429319371727786e+00 1.389100000000000057e-02
-6.750000000000000000e+01 -2.356020942408377117e+00 3.310000000000000225e-04
-6.750000000000000000e+01 -1.413612565445026226e+00 8.000000000000000654e-05
-6.750000000000000000e+01 -4.712041884816753901e-01 8.989999999999999511e-04
-6.750000000000000000e+01 4.712041884816753901e-01 8.989999999999999511e-04
-6.750000000000000000e+01 1.413612565445026226e+00 6.081999999999999733e-03
-6.750000000000000000e+01 2.356020942408377117e+00 1.443999999999999971e-03
-6.625000000000000000e+01 -1.837696335078534560e+01 8.382100000000000661e-02
-6.625000000000000000e+01 -1.743455497382199582e+01 2.328369999999999884e-01
-6.625000000000000000e+01 -1.649214659685864603e+01 6.742999999999999862e-03
-6.625000000000000000e+01 -1.554973821989529448e+01 6.742999999999999862e-03
-6.625000000000000000e+01 -1.460732984293194114e+01 8.437000000000000055e-03
-6.625000000000000000e+01 -1.366492146596859136e+01 1.134000000000000025e-03
-6.625000000000000000e+01 -1.272251308900523981e+01 0.000000000000000000e+00
-6.625000000000000000e+01 -1.178010471204188825e+01 7.435999999999999902e-03
-6.625000000000000000e+01 -1.083769633507853669e+01 1.217980000000000035e-01
-6.625000000000000000e+01 -9.895287958115185134e+00 2.678719999999999990e-01
-6.625000000000000000e+01 -8.952879581151833577e+00 1.291549999999999920e-01
-6.625000000000000000e+01 -8.010471204188482020e+00 2.295000000000000165e-03
-6.625000000000000000e+01 -7.068062827225130462e+00 8.109999999999999805e-04
-6.625000000000000000e+01 -6.125654450261779793e+00 1.610000000000000103e-04
-6.625000000000000000e+01 -5.183246073298429124e+00 3.260000000000000094e-04
-6.625000000000000000e+01 -4.240837696335078455e+00 3.536000000000000081e-03
-6.625000000000000000e+01 -3.298429319371727786e+00 1.401600000000000068e-02
-6.625000000000000000e+01 -2.356020942408377117e+00 6.283999999999999655e-03
-6.625000000000000000e+01 -1.413612565445026226e+00 0.000000000000000000e+00
-6.625000000000000000e+01 -4.712041884816753901e-01 2.425000000000000072e-03
-6.625000000000000000e+01 4.712041884816753901e-01 2.425000000000000072e-03
-6.625000000000000000e+01 1.413612565445026226e+00 7.948600000000000110e-02
-6.625000000000000000e+01 2.356020942408377117e+00 6.765400000000000580e-02
-6.500000000000000000e+01 -1.837696335078534560e+01 2.697199999999999945e-02
-6.500000000000000000e+01 -1.743455497382199582e+01 4.685190000000000188e-01
-6.500000000000000000e+01 -1.649214659685864603e+01 2.419200000000000170e-02
-6.500000000000000000e+01 -1.554973821989529448e+01 2.419200000000000170e-02
-6.500000000000000000e+01 -1.460732984293194114e+01 7.030999999999999923e-03
-6.500000000000000000e+01 -1.366492146596859136e+01 4.159000000000000370e-03
-6.500000000000000000e+01 -1.272251308900523981e+01 1.992999999999999980e-03
-6.500000000000000000e+01 -1.178010471204188825e+01 1.532000000000000028e-02
-6.500000000000000000e+01 -1.083769633507853669e+01 2.153909999999999991e-01
-6.500000000000000000e+01 -9.895287958115185134e+00 5.868320000000000203e-01
-6.500000000000000000e+01 -8.952879581151833577e+00 2.257490000000000052e-01
-6.500000000000000000e+01 -8.010471204188482020e+00 1.702899999999999900e-02
-6.500000000000000000e+01 -7.068062827225130462e+00 6.498600000000000210e-02
-6.500000000000000000e+01 -6.125654450261779793e+00 1.147999999999999932e-03
-6.500000000000000000e+01 -5.183246073298429124e+00 7.761999999999999802e-03
-6.500000000000000000e+01 -4.240837696335078455e+00 1.762199999999999878e-02
-6.500000000000000000e+01 -3.298429319371727786e+00 6.252299999999999525e-02
-6.500000000000000000e+01 -2.356020942408377117e+00 4.329999999999999648e-03
-6.500000000000000000e+01 -1.413612565445026226e+00 1.791999999999999973e-03
-6.500000000000000000e+01 -4.712041884816753901e-01 7.742999999999999883e-03
-6.500000000000000000e+01 4.712041884816753901e-01 7.742999999999999883e-03
-6.500000000000000000e+01 1.413612565445026226e+00 2.658999999999999905e-03
-6.375000000000000000e+01 -2.026178010471204516e+01 3.333329999999999904e-01
-6.375000000000000000e+01 -1.931937172774869538e+01 2.249869999999999925e-01
-6.375000000000000000e+01 -1.837696335078534560e+01 1.578600000000000003e-01
-6.375000000000000000e+01 -1.743455497382199582e+01 5.468210000000000015e-01
-6.375000000000000000e+01 -1.649214659685864603e+01 6.461899999999999589e-02
-6.375000000000000000e+01 -1.554973821989529448e+01 6.461899999999999589e-02
-6.375000000000000000e+01 -1.460732984293194114e+01 2.594700000000000131e-02
-6.375000000000000000e+01 -1.366492146596859136e+01 3.386000000000000121e-03
-6.375000000000000000e+01 -1.272251308900523981e+01 4.013000000000000074e-03
-6.375000000000000000e+01 -1.178010471204188825e+01 5.162240000000000162e-01
-6.375000000000000000e+01 -1.083769633507853669e+01 6.567900000000000127e-02
-6.375000000000000000e+01 -9.895287958115185134e+00 5.239399999999999613e-01
-6.375000000000000000e+01 -8.952879581151833577e+00 7.994520000000000515e-01
-6.375000000000000000e+01 -8.010471204188482020e+00 4.006350000000000189e-01
-6.375000000000000000e+01 -7.068062827225130462e+00 6.967900000000000482e-02
-6.375000000000000000e+01 -6.125654450261779793e+00 4.970999999999999724e-03
-6.375000000000000000e+01 -5.183246073298429124e+00 2.103899999999999867e-02
-6.375000000000000000e+01 -4.240837696335078455e+00 7.447099999999999553e-02
-6.375000000000000000e+01 -3.298429319371727786e+00 1.724000000000000055e-03
-6.375000000000000000e+01 -2.356020942408377117e+00 3.249999999999999851e-04
-6.375000000000000000e+01 -1.413612565445026226e+00 3.240000000000000150e-04
-6.375000000000000000e+01 -4.712041884816753901e-01 1.828999999999999897e-03
-6.375000000000000000e+01 4.712041884816753901e-01 1.828999999999999897e-03
-6.375000000000000000e+01 1.413612565445026226e+00 0.000000000000000000e+00
-6.375000000000000000e+01 3.298429319371727786e+00 1.433500000000000052e-02
-6.250000000000000000e+01 -1.931937172774869538e+01 3.905270000000000130e-01
-6.250000000000000000e+01 -1.837696335078534560e+01 7.161410000000000275e-01
-6.250000000000000000e+01 -1.743455497382199582e+01 8.115869999999999473e-01
-6.250000000000000000e+01 -1.649214659685864603e+01 1.179219999999999990e-01
-6.250000000000000000e+01 -1.554973821989529448e+01 1.179219999999999990e-01
-6.250000000000000000e+01 -1.460732984293194114e+01 7.910999999999999630e-03
-6.250000000000000000e+01 -1.366492146596859136e+01 2.263999999999999953e-03
-6.250000000000000000e+01 -1.272251308900523981e+01 1.414999999999999938e-02
-6.250000000000000000e+01 -1.178010471204188825e+01 5.580159999999999565e-01
-6.250000000000000000e+01 -1.083769633507853669e+01 4.437360000000000193e-01
-6.250000000000000000e+01 -9.895287958115185134e+00 9.716590000000000504e-01
-6.250000000000000000e+01 -8.952879581151833577e+00 4.847319999999999962e-01
-6.250000000000000000e+01 -8.010471204188482020e+00 2.889240000000000141e-01
-6.250000000000000000e+01 -7.068062827225130462e+00 5.218289999999999873e-01
-6.250000000000000000e+01 -6.125654450261779793e+00 9.748900000000000621e-02
-6.250000000000000000e+01 -5.183246073298429124e+00 2.396000000000000126e-03
-6.250000000000000000e+01 -4.240837696335078455e+00 1.404060000000000030e-01
-6.250000000000000000e+01 -3.298429319371727786e+00 1.316100000000000082e-02
-6.250000000000000000e+01 -2.356020942408377117e+00 1.056999999999999997e-03
-6.250000000000000000e+01 -1.413612565445026226e+00 3.739300000000000263e-02
-6.250000000000000000e+01 -4.712041884816753901e-01 6.509999999999999945e-04
-6.250000000000000000e+01 4.712041884816753901e-01 6.509999999999999945e-04
-6.250000000000000000e+01 1.413612565445026226e+00 1.595000000000000064e-03
-6.250000000000000000e+01 2.356020942408377117e+00 2.102999999999999835e-03
-6.250000000000000000e+01 3.298429319371727786e+00 0.000000000000000000e+00
-6.125000000000000000e+01 -1.837696335078534560e+01 1.892300000000000093e-01
-6.125000000000000000e+01 -1.743455497382199582e+01 2.167499999999999982e-01
-6.125000000000000000e+01 -1.649214659685864603e+01 2.491279999999999883e-01
-6.125000000000000000e+01 -1.554973821989529448e+01 2.491279999999999883e-01
-6.125000000000000000e+01 -1.460732984293194114e+01 3.993200000000000222e-02
-6.125000000000000000e+01 -1.366492146596859136e+01 5.989699999999999885e-02
-6.125000000000000000e+01 -1.272251308900523981e+01 6.844919999999999893e-01
-6.125000000000000000e+01 -1.178010471204188825e+01 7.994970000000000132e-01
-6.125000000000000000e+01 -1.083769633507853669e+01 4.953069999999999973e-01
-6.125000000000000000e+01 -9.895287958115185134e+00 4.736710000000000087e-01
-6.125000000000000000e+01 -8.952879581151833577e+00 1.460829999999999906e-01
-6.125000000000000000e+01 -8.010471204188482020e+00 9.636000000000000121e-02
-6.125000000000000000e+01 -7.068062827225130462e+00 3.657200000000000034e-02
-6.125000000000000000e+01 -6.125654450261779793e+00 1.178669999999999995e-01
-6.125000000000000000e+01 -5.183246073298429124e+00 7.818600000000000549e-02
-6.125000000000000000e+01 -4.240837696335078455e+00 2.378949999999999954e-01
-6.125000000000000000e+01 -3.298429319371727786e+00 3.298429999999999973e-01
-6.125000000000000000e+01 -2.356020942408377117e+00 3.735000000000000039e-03
-6.125000000000000000e+01 -1.413612565445026226e+00 2.554500000000000173e-02
-6.125000000000000000e+01 -4.712041884816753901e-01 1.712849999999999928e-01
-6.125000000000000000e+01 4.712041884816753901e-01 1.712849999999999928e-01
-6.125000000000000000e+01 1.413612565445026226e+00 2.118410000000000015e-01
-6.125000000000000000e+01 2.356020942408377117e+00 6.767140000000000377e-01
-6.125000000000000000e+01 3.298429319371727786e+00 2.568270000000000275e-01
-6.125000000000000000e+01 4.240837696335078455e+00 6.941500000000000448e-02
-6.000000000000000000e+01 -1.554973821989529448e+01 1.298449999999999882e-01
-6.000000000000000000e+01 -1.460732984293194114e+01 4.193600000000000105e-01
-6.000000000000000000e+01 -1.366492146596859136e+01 5.393179999999999641e-01
-6.000000000000000000e+01 -1.272251308900523981e+01 4.419159999999999755e-01
-6.000000000000000000e+01 -1.178010471204188825e+01 1.544790000000000052e-01
-6.000000000000000000e+01 -1.083769633507853669e+01 2.920199999999999879e-02
-6.000000000000000000e+01 -9.895287958115185134e+00 2.897970000000000268e-01
-6.000000000000000000e+01 -8.952879581151833577e+00 1.006859999999999977e-01
-6.000000000000000000e+01 -8.010471204188482020e+00 2.854000000000000200e-03
-6.000000000000000000e+01 -7.068062827225130462e+00 2.788869999999999960e-01
-6.000000000000000000e+01 -6.125654450261779793e+00 9.093199999999999894e-02
-6.000000000000000000e+01 -5.183246073298429124e+00 1.093800000000000050e-01
-6.000000000000000000e+01 -4.240837696335078455e+00 4.066230000000000122e-01
-6.000000000000000000e+01 -3.298429319371727786e+00 7.748800000000000132e-01
-6.000000000000000000e+01 -2.356020942408377117e+00 7.359679999999999556e-01
-6.000000000000000000e+01 -1.413612565445026226e+00 1.991060000000000052e-01
-6.000000000000000000e+01 -4.712041884816753901e-01 5.278800000000000159e-02
-6.000000000000000000e+01 4.712041884816753901e-01 5.278800000000000159e-02
-6.000000000000000000e+01 1.413612565445026226e+00 6.684689999999999799e-01
-6.000000000000000000e+01 2.356020942408377117e+00 2.536499999999999866e-01
-6.000000000000000000e+01 3.298429319371727786e+00 1.178649999999999975e-01
-6.000000000000000000e+01 4.240837696335078455e+00 1.248800000000000084e-02
-6.000000000000000000e+01 5.183246073298429124e+00 1.332599999999999930e-02
-5.875000000000000000e+01 -1.366492146596859136e+01 4.877100000000000185e-02
-5.875000000000000000e+01 -1.272251308900523981e+01 3.951999999999999784e-03
-5.875000000000000000e+01 -1.178010471204188825e+01 2.289869999999999961e-01
-5.875000000000000000e+01 -1.083769633507853669e+01 6.562999999999999945e-01
-5.875000000000000000e+01 -9.895287958115185134e+00 6.644290000000000473e-01
-5.875000000000000000e+01 -8.952879581151833577e+00 1.434910000000000074e-01
-5.875000000000000000e+01 -8.010471204188482020e+00 2.400000000000000061e-04
-5.875000000000000000e+01 -7.068062827225130462e+00 8.966499999999999471e-02
-5.875000000000000000e+01 -6.125654450261779793e+00 4.439000000000000237e-03
-5.875000000000000000e+01 -5.183246073298429124e+00 2.869000000000000022e-03
-5.875000000000000000e+01 -4.240837696335078455e+00 2.496659999999999990e-01
-5.875000000000000000e+01 -3.298429319371727786e+00 7.205869999999999775e-01
-5.875000000000000000e+01 -2.356020942408377117e+00 1.458740000000000037e-01
-5.875000000000000000e+01 -1.413612565445026226e+00 8.316000000000000475e-03
-5.875000000000000000e+01 -4.712041884816753901e-01 0.000000000000000000e+00
-5.875000000000000000e+01 4.712041884816753901e-01 0.000000000000000000e+00
-5.750000000000000000e+01 -1.366492146596859136e+01 5.582000000000000156e-02
-5.750000000000000000e+01 -1.272251308900523981e+01 7.506699999999999484e-02
-5.750000000000000000e+01 -1.178010471204188825e+01 5.963270000000000515e-01
-5.750000000000000000e+01 -1.083769633507853669e+01 5.158420000000000227e-01
-5.750000000000000000e+01 -9.895287958115185134e+00 6.148439999999999461e-01
-5.750000000000000000e+01 -8.952879581151833577e+00 1.116840000000000055e-01
-5.750000000000000000e+01 -8.010471204188482020e+00 7.656799999999999717e-02
-5.750000000000000000e+01 -7.068062827225130462e+00 7.203000000000000201e-03
-5.750000000000000000e+01 -6.125654450261779793e+00 1.006029999999999980e-01
-5.750000000000000000e+01 -5.183246073298429124e+00 1.631999999999999987e-03
-5.750000000000000000e+01 -4.240837696335078455e+00 7.154499999999999749e-02
-5.750000000000000000e+01 -3.298429319371727786e+00 4.295919999999999739e-01
-5.750000000000000000e+01 -2.356020942408377117e+00 7.345200000000000340e-02
-5.750000000000000000e+01 -1.413612565445026226e+00 1.277900000000000043e-02
-5.750000000000000000e+01 -4.712041884816753901e-01 2.350000000000000092e-03
-5.750000000000000000e+01 4.712041884816753901e-01 2.350000000000000092e-03
-5.750000000000000000e+01 1.413612565445026226e+00 1.839800000000000116e-02
-5.625000000000000000e+01 -1.366492146596859136e+01 3.808239999999999958e-01
-5.625000000000000000e+01 -1.272251308900523981e+01 3.589990000000000125e-01
-5.625000000000000000e+01 -1.178010471204188825e+01 7.903400000000000425e-01
-5.625000000000000000e+01 -1.083769633507853669e+01 5.877649999999999819e-01
-5.625000000000000000e+01 -9.895287958115185134e+00 9.689729999999999732e-01
-5.625000000000000000e+01 -8.952879581151833577e+00 1.150000000000000050e-01
-5.625000000000000000e+01 -8.010471204188482020e+00 4.575900000000000106e-02
-5.625000000000000000e+01 -7.068062827225130462e+00 2.018409999999999926e-01
-5.625000000000000000e+01 -6.125654450261779793e+00 2.439600000000000102e-01
-5.625000000000000000e+01 -5.183246073298429124e+00 3.837639999999999940e-01
-5.625000000000000000e+01 -4.240837696335078455e+00 4.479670000000000041e-01
-5.625000000000000000e+01 -3.298429319371727786e+00 1.074809999999999932e-01
-5.625000000000000000e+01 -2.356020942408377117e+00 4.171380000000000088e-01
-5.625000000000000000e+01 -1.413612565445026226e+00 4.463700000000000306e-02
-5.625000000000000000e+01 -4.712041884816753901e-01 8.000000000000000654e-05
-5.625000000000000000e+01 4.712041884816753901e-01 8.000000000000000654e-05
-5.625000000000000000e+01 1.413612565445026226e+00 0.000000000000000000e+00
-5.500000000000000000e+01 -1.460732984293194114e+01 1.841760000000000064e-01
-5.500000000000000000e+01 -1.366492146596859136e+01 5.212399999999999672e-02
-5.500000000000000000e+01 -1.272251308900523981e+01 5.670950000000000157e-01
-5.500000000000000000e+01 -1.178010471204188825e+01 8.350610000000000532e-01
-5.500000000000000000e+01 -1.083769633507853669e+01 8.936079999999999579e-01
-5.500000000000000000e+01 -9.895287958115185134e+00 8.891809999999999992e-01
-5.500000000000000000e+01 -8.952879581151833577e+00 2.575509999999999744e-01
-5.500000000000000000e+01 -8.010471204188482020e+00 4.791139999999999843e-01
-5.500000000000000000e+01 -7.068062827225130462e+00 3.304540000000000255e-01
-5.500000000000000000e+01 -6.125654450261779793e+00 9.877299999999999969e-02
-5.500000000000000000e+01 -5.183246073298429124e+00 4.116600000000000120e-02
-5.500000000000000000e+01 -4.240837696335078455e+00 5.088179999999999925e-01
-5.500000000000000000e+01 -3.298429319371727786e+00 6.235910000000000064e-01
-5.500000000000000000e+01 -2.356020942408377117e+00 6.370360000000000467e-01
-5.500000000000000000e+01 -1.413612565445026226e+00 4.277299999999999852e-02
-5.500000000000000000e+01 -4.712041884816753901e-01 2.420000000000000005e-04
-5.500000000000000000e+01 4.712041884816753901e-01 2.420000000000000005e-04
-5.500000000000000000e+01 1.413612565445026226e+00 2.420000000000000005e-04
-5.500000000000000000e+01 2.356020942408377117e+00 5.760000000000000146e-04
-5.375000000000000000e+01 -1.460732984293194114e+01 4.079999999999999968e-04
-5.375000000000000000e+01 -1.366492146596859136e+01 4.793200000000000238e-02
-5.375000000000000000e+01 -1.272251308900523981e+01 3.752820000000000045e-01
-5.375000000000000000e+01 -1.178010471204188825e+01 2.781339999999999923e-01
-5.375000000000000000e+01 -1.083769633507853669e+01 5.147479999999999833e-01
-5.375000000000000000e+01 -9.895287958115185134e+00 5.240369999999999751e-01
-5.375000000000000000e+01 -8.952879581151833577e+00 3.947799999999999920e-02
-5.375000000000000000e+01 -8.010471204188482020e+00 8.000000000000000654e-05
-5.375000000000000000e+01 -7.068062827225130462e+00 2.739000000000000115e-02
-5.375000000000000000e+01 -6.125654450261779793e+00 1.032629999999999937e-01
-5.375000000000000000e+01 -5.183246073298429124e+00 1.407579999999999942e-01
-5.375000000000000000e+01 -4.240837696335078455e+00 5.087080000000000490e-01
-5.375000000000000000e+01 -3.298429319371727786e+00 6.302499999999999769e-01
-5.375000000000000000e+01 -2.356020942408377117e+00 5.241730000000000000e-01
-5.375000000000000000e+01 -1.413612565445026226e+00 1.929299999999999904e-01
-5.375000000000000000e+01 -4.712041884816753901e-01 1.789500000000000118e-02
-5.375000000000000000e+01 4.712041884816753901e-01 1.789500000000000118e-02
-5.375000000000000000e+01 1.413612565445026226e+00 2.232510000000000050e-01
-5.375000000000000000e+01 2.356020942408377117e+00 1.863999999999999988e-03
-5.250000000000000000e+01 -1.366492146596859136e+01 1.337099999999999921e-02
-5.250000000000000000e+01 -1.272251308900523981e+01 3.144080000000000208e-01
-5.250000000000000000e+01 -1.178010471204188825e+01 1.596589999999999954e-01
-5.250000000000000000e+01 -1.083769633507853669e+01 3.345819999999999905e-01
-5.250000000000000000e+01 -9.895287958115185134e+00 1.570199999999999929e-01
-5.250000000000000000e+01 -8.952879581151833577e+00 5.699999999999999772e-04
-5.250000000000000000e+01 -8.010471204188482020e+00 1.318700000000000080e-02
-5.250000000000000000e+01 -7.068062827225130462e+00 3.654680000000000151e-01
-5.250000000000000000e+01 -6.125654450261779793e+00 4.664590000000000125e-01
-5.250000000000000000e+01 -5.183246073298429124e+00 1.737800000000000109e-02
-5.250000000000000000e+01 -4.240837696335078455e+00 2.001890000000000058e-01
-5.250000000000000000e+01 -3.298429319371727786e+00 5.298950000000000049e-01
-5.250000000000000000e+01 -2.356020942408377117e+00 1.222260000000000013e-01
-5.250000000000000000e+01 -1.413612565445026226e+00 7.017240000000000144e-01
-5.250000000000000000e+01 -4.712041884816753901e-01 1.622580000000000133e-01
-5.250000000000000000e+01 4.712041884816753901e-01 1.622580000000000133e-01
-5.125000000000000000e+01 -8.952879581151833577e+00 7.499599999999999600e-01
-5.125000000000000000e+01 -8.010471204188482020e+00 5.037589999999999568e-01
-5.125000000000000000e+01 -7.068062827225130462e+00 6.350419999999999954e-01
-5.125000000000000000e+01 -5.183246073298429124e+00 3.805799999999999739e-01
-5.125000000000000000e+01 -4.240837696335078455e+00 5.902640000000000109e-01
-5.125000000000000000e+01 -3.298429319371727786e+00 8.470550000000000024e-01
-5.125000000000000000e+01 -2.356020942408377117e+00 5.073100000000000387e-01
-5.000000000000000000e+01 -3.298429319371727786e+00 8.584319999999999729e-01
