-7.875000000000000000e+01 -6.125654450261779793e+00 4.824089999999999767e-01
-7.875000000000000000e+01 -5.183246073298429124e+00 1.576629999999999976e-01
-7.875000000000000000e+01 -4.240837696335078455e+00 1.462400000000000089e-01
-7.875000000000000000e+01 -3.298429319371727786e+00 2.245630000000000126e-01
-7.875000000000000000e+01 -2.356020942408377117e+00 0.000000000000000000e+00
-7.875000000000000000e+01 -1.413612565445026226e+00 0.000000000000000000e+00
-7.750000000000000000e+01 -8.952879581151833577e+00 1.875680000000000125e-01
-7.750000000000000000e+01 -8.010471204188482020e+00 1.435049999999999937e-01
-7.750000000000000000e+01 -7.068062827225130462e+00 2.782540000000000013e-01
-7.750000000000000000e+01 -6.125654450261779793e+00 3.317539999999999933e-01
-7.750000000000000000e+01 -5.183246073298429124e+00 2.215100000000000055e-02
-7.750000000000000000e+01 -4.240837696335078455e+00 2.065799999999999928e-02
-7.750000000000000000e+01 -3.298429319371727786e+00 1.039579999999999949e-01
-7.750000000000000000e+01 -2.356020942408377117e+00 8.508699999999999597e-02
-7.750000000000000000e+01 -1.413612565445026226e+00 1.483629999999999949e-01
-7.750000000000000000e+01 -4.712041884816753901e-01 1.838210000000000122e-01
-7.750000000000000000e+01 4.712041884816753901e-01 1.838210000000000122e-01
-7.625000000000000000e+01 -1.083769633507853669e+01 5.140499999999999931e-02
-7.625000000000000000e+01 -9.895287958115185134e+00 1.173720000000000041e-01
-7.625000000000000000e+01 -8.952879581151833577e+00 2.423329999999999929e-01
-7.625000000000000000e+01 -8.010471204188482020e+00 6.660199999999999454e-02
-7.625000000000000000e+01 -7.068062827225130462e+00 1.659390000000000032e-01
-7.625000000000000000e+01 -6.125654450261779793e+00 1.460079999999999989e-01
-7.625000000000000000e+01 -5.183246073298429124e+00 4.002700000000000008e-02
-7.625000000000000000e+01 -4.240837696335078455e+00 1.472000000000000001e-03
-7.625000000000000000e+01 -3.298429319371727786e+00 3.983000000000000429e-03
-7.625000000000000000e+01 -2.356020942408377117e+00 2.553000000000000148e-03
-7.625000000000000000e+01 -1.413612565445026226e+00 2.611000000000000040e-03
-7.625000000000000000e+01 -4.712041884816753901e-01 2.196199999999999888e-02
-7.625000000000000000e+01 4.712041884816753901e-01 2.196199999999999888e-02
-7.625000000000000000e+01 1.413612565445026226e+00 3.935919999999999974e-01
-7.500000000000000000e+01 -1.366492146596859136e+01 7.814200000000000312e-02
-7.500000000000000000e+01 -1.272251308900523981e+01 1.417779999999999874e-01
-7.500000000000000000e+01 -1.178010471204188825e+01 1.235910000000000064e-01
-7.500000000000000000e+01 -1.083769633507853669e+01 2.320979999999999988e-01
-7.500000000000000000e+01 -9.895287958115185134e+00 1.122569999999999957e-01
-7.500000000000000000e+01 -8.952879581151833577e+00 1.932919999999999916e-01
-7.500000000000000000e+01 -8.010471204188482020e+00 1.437859999999999971e-01
-7.500000000000000000e+01 -7.068062827225130462e+00 3.468899999999999761e-02
-7.500000000000000000e+01 -6.125654450261779793e+00 6.070300000000000001e-02
-7.500000000000000000e+01 -5.183246073298429124e+00 4.566900000000000126e-02
-7.500000000000000000e+01 -4.240837696335078455e+00 2.003299999999999872e-02
-7.500000000000000000e+01 -3.298429319371727786e+00 2.305999999999999890e-03
-7.500000000000000000e+01 -2.356020942408377117e+00 6.376999999999999856e-03
-7.500000000000000000e+01 -1.413612565445026226e+00 5.597000000000000412e-03
-7.500000000000000000e+01 -4.712041884816753901e-01 2.222800000000000123e-02
-7.500000000000000000e+01 4.712041884816753901e-01 2.222800000000000123e-02
-7.500000000000000000e+01 1.413612565445026226e+00 3.671159999999999979e-01
-7.500000000000000000e+01 2.356020942408377117e+00 5.443670000000000453e-01
-7.375000000000000000e+01 -1.460732984293194114e+01 0.000000000000000000e+00
-7.375000000000000000e+01 -1.366492146596859136e+01 1.302490000000000037e-01
-7.375000000000000000e+01 -1.272251308900523981e+01 7.658299999999999830e-02
-7.375000000000000000e+01 -1.178010471204188825e+01 9.292000000000000259e-02
-7.375000000000000000e+01 -1.083769633507853669e+01 6.823099999999999998e-02
-7.375000000000000000e+01 -9.895287958115185134e+00 5.654499999999999804e-02
-7.375000000000000000e+01 -8.952879581151833577e+00 6.518799999999999595e-02
-7.375000000000000000e+01 -8.010471204188482020e+00 4.025700000000000112e-02
-7.375000000000000000e+01 -7.068062827225130462e+00 9.365999999999999326e-03
-7.375000000000000000e+01 -6.125654450261779793e+00 2.464699999999999877e-02
-7.375000000000000000e+01 -5.183246073298429124e+00 7.177999999999999658e-02
-7.375000000000000000e+01 -4.240837696335078455e+00 2.272499999999999867e-02
-7.375000000000000000e+01 -3.298429319371727786e+00 7.262000000000000226e-03
-7.375000000000000000e+01 -2.356020942408377117e+00 5.244000000000000397e-03
-7.375000000000000000e+01 -1.413612565445026226e+00 3.762000000000000153e-03
-7.375000000000000000e+01 -4.712041884816753901e-01 2.467000000000000009e-03
-7.375000000000000000e+01 4.712041884816753901e-01 2.467000000000000009e-03
-7.375000000000000000e+01 1.413612565445026226e+00 3.635300000000000337e-02
-7.250000000000000000e+01 -1.460732984293194114e+01 5.432000000000000196e-03
-7.250000000000000000e+01 -1.366492146596859136e+01 1.374849999999999961e-01
-7.250000000000000000e+01 -1.272251308900523981e+01 1.544059999999999877e-01
-7.250000000000000000e+01 -1.178010471204188825e+01 4.293199999999999794e-02
-7.250000000000000000e+01 -1.083769633507853669e+01 6.879999999999999831e-03
-7.250000000000000000e+01 -9.895287958115185134e+00 0.000000000000000000e+00
-7.250000000000000000e+01 -8.952879581151833577e+00 9.388999999999999777e-03
-7.250000000000000000e+01 -8.010471204188482020e+00 1.028840000000000032e-01
-7.250000000000000000e+01 -7.068062827225130462e+00 3.264500000000000041e-02
-7.250000000000000000e+01 -6.125654450261779793e+00 9.730000000000000151e-04
-7.250000000000000000e+01 -5.183246073298429124e+00 9.737000000000000863e-03
-7.250000000000000000e+01 -4.240837696335078455e+00 1.123389999999999944e-01
-7.250000000000000000e+01 -3.298429319371727786e+00 2.123999999999999846e-02
-7.250000000000000000e+01 -2.356020942408377117e+00 4.466000000000000351e-03
-7.250000000000000000e+01 -1.413612565445026226e+00 9.870000000000000301e-04
-7.250000000000000000e+01 -4.712041884816753901e-01 6.908000000000000078e-03
-7.250000000000000000e+01 4.712041884816753901e-01 6.908000000000000078e-03
-7.250000000000000000e+01 1.413612565445026226e+00 1.020399999999999953e-02
-7.125000000000000000e+01 -1.460732984293194114e+01 9.079900000000000471e-02
-7.125000000000000000e+01 -1.366492146596859136e+01 2.439500000000000002e-02
-7.125000000000000000e+01 -1.272251308900523981e+01 3.594499999999999779e-02
-7.125000000000000000e+01 -1.178010471204188825e+01 0.000000000000000000e+00
-7.125000000000000000e+01 -1.083769633507853669e+01 0.000000000000000000e+00
-7.125000000000000000e+01 -9.895287958115185134e+00 6.791000000000000161e-03
-7.125000000000000000e+01 -8.952879581151833577e+00 2.287099999999999897e-02
-7.125000000000000000e+01 -8.010471204188482020e+00 7.804500000000000326e-02
-7.125000000000000000e+01 -7.068062827225130462e+00 3.642999999999999971e-03
-7.125000000000000000e+01 -6.125654450261779793e+00 4.655000000000000283e-03
-7.125000000000000000e+01 -5.183246073298429124e+00 2.429999999999999977e-04
-7.125000000000000000e+01 -4.240837696335078455e+00 1.619100000000000053e-02
-7.125000000000000000e+01 -3.298429319371727786e+00 1.589999999999999888e-04
-7.125000000000000000e+01 -2.356020942408377117e+00 4.900999999999999975e-03
-7.125000000000000000e+01 -1.413612565445026226e+00 3.510000000000000099e-03
-7.125000000000000000e+01 -4.712041884816753901e-01 0.000000000000000000e+00
-7.125000000000000000e+01 4.712041884816753901e-01 0.000000000000000000e+00
-7.125000000000000000e+01 1.413612565445026226e+00 6.692000000000000032e-03
-7.000000000000000000e+01 -1.366492146596859136e+01 8.580000000000000820e-03
-7.000000000000000000e+01 -1.272251308900523981e+01 2.354399999999999896e-02
-7.000000000000000000e+01 -1.178010471204188825e+01 0.000000000000000000e+00
-7.000000000000000000e+01 -1.083769633507853669e+01 1.934500000000000108e-02
-7.000000000000000000e+01 -9.895287958115185134e+00 3.200000000000000262e-04
-7.000000000000000000e+01 -8.952879581151833577e+00 9.431999999999999412e-03
-7.000000000000000000e+01 -8.010471204188482020e+00 4.990200000000000191e-02
-7.000000000000000000e+01 -7.068062827225130462e+00 2.868199999999999916e-02
-7.000000000000000000e+01 -6.125654450261779793e+00 1.861000000000000024e-03
-7.000000000000000000e+01 -5.183246073298429124e+00 8.040000000000000271e-04
-7.000000000000000000e+01 -4.240837696335078455e+00 3.287000000000000338e-02
-7.000000000000000000e+01 -3.298429319371727786e+00 5.557999999999999573e-03
-7.000000000000000000e+01 -2.356020942408377117e+00 1.920999999999999965e-03
-7.000000000000000000e+01 -1.413612565445026226e+00 5.314000000000000147e-03
-7.000000000000000000e+01 -4.712041884816753901e-01 1.220300000000000031e-02
-7.000000000000000000e+01 4.712041884816753901e-01 1.220300000000000031e-02
-7.000000000000000000e+01 1.413612565445026226e+00 2.111000000000000029e-03
-6.875000000000000000e+01 -1.554973821989529448e+01 6.769999999999999759e-04
-6.875000000000000000e+01 -1.460732984293194114e+01 1.873800000000000118e-02
-6.875000000000000000e+01 -1.366492146596859136e+01 3.651999999999999864e-03
-6.875000000000000000e+01 -1.272251308900523981e+01 3.934300000000000297e-02
-6.875000000000000000e+01 -1.178010471204188825e+01 4.638799999999999868e-02
-6.875000000000000000e+01 -1.083769633507853669e+01 2.083949999999999969e-01
-6.875000000000000000e+01 -9.895287958115185134e+00 1.851399999999999921e-02
-6.875000000000000000e+01 -8.952879581151833577e+00 7.387100000000000610e-02
-6.875000000000000000e+01 -8.010471204188482020e+00 3.200000000000000262e-04
-6.875000000000000000e+01 -7.068062827225130462e+00 2.047999999999999907e-03
-6.875000000000000000e+01 -6.125654450261779793e+00 1.129999999999999928e-03
-6.875000000000000000e+01 -5.183246073298429124e+00 4.840000000000000010e-04
-6.875000000000000000e+01 -4.240837696335078455e+00 4.423999999999999981e-03
-6.875000000000000000e+01 -3.298429319371727786e+00 7.030999999999999923e-03
-6.875000000000000000e+01 -2.356020942408377117e+00 6.549999999999999833e-04
-6.875000000000000000e+01 -1.413612565445026226e+00 4.840000000000000010e-04
-6.875000000000000000e+01 -4.712041884816753901e-01 1.129100000000000069e-02
-6.875000000000000000e+01 4.712041884816753901e-01 1.129100000000000069e-02
-6.875000000000000000e+01 1.413612565445026226e+00 1.028300000000000047e-02
-6.875000000000000000e+01 2.356020942408377117e+00 6.049999999999999822e-03
-6.750000000000000000e+01 -1.649214659685864603e+01 7.969500000000000195e-02
-6.750000000000000000e+01 -1.554973821989529448e+01 7.969500000000000195e-02
-6.750000000000000000e+01 -1.460732984293194114e+01 2.310999999999999860e-02
-6.750000000000000000e+01 -1.366492146596859136e+01 2.409700000000000036e-02
-6.750000000000000000e+01 -1.272251308900523981e+01 5.739000000000000178e-03
-6.750000000000000000e+01 -1.178010471204188825e+01 1.366200000000000053e-02
-6.750000000000000000e+01 -1.083769633507853669e+01 1.291990000000000083e-01
-6.750000000000000000e+01 -9.895287958115185134e+00 4.316459999999999742e-01
-6.750000000000000000e+01 -8.952879581151833577e+00 3.032800000000000079e-02
-6.750000000000000000e+01 -8.010471204188482020e+00 9.590000000000000000e-04
-6.750000000000000000e+01 -7.068062827225130462e+00 8.919999999999999978e-04
-6.750000000000000000e+01 -6.125654450261779793e+00 5.134999999999999808e-03
-6.750000000000000000e+01 -5.183246073298429124e+00 1.128000000000000096e-03
-6.750000000000000000e+01 -4.240837696335078455e+00 8.059999999999999673e-04
-6.750000000000000000e+01 -3.298429319371727786e+00 1.389100000000000057e-02
-6.750000000000000000e+01 -2.356020942408377117e+00 3.310000000000000225e-04
-6.750000000000000000e+01 -1.413612565445026226e+00 8.000000000000000654e-05
-6.750000000000000000e+01 -4.712041884816753901e-01 8.989999999999999511e-04
-6.750000000000000000e+01 4.712041884816753901e-01 8.989999999999999511e-04
-6.750000000000000000e+01 1.413612565445026226e+00 6.081999999999999733e-03
-6.750000000000000000e+01 2.356020942408377117e+00 7.219999999999999855e-04
-6.625000000000000000e+01 -1.837696335078534560e+01 8.382100000000000661e-02
-6.625000000000000000e+01 -1.743455497382199582e+01 6.233799999999999758e-02
-6.625000000000000000e+01 -1.649214659685864603e+01 1.786999999999999960e-03
-6.625000000000000000e+01 -1.554973821989529448e+01 1.786999999999999960e-03
-6.625000000000000000e+01 -1.460732984293194114e+01 6.328000000000000291e-03
-6.625000000000000000e+01 -1.366492146596859136e+01 1.134000000000000025e-03
-6.625000000000000000e+01 -1.272251308900523981e+01 0.000000000000000000e+00
-6.625000000000000000e+01 -1.178010471204188825e+01 5.010999999999999829e-03
-6.625000000000000000e+01 -1.083769633507853669e+01 3.413100000000000162e-02
-6.625000000000000000e+01 -9.895287958115185134e+00 8.169899999999999385e-02
-6.625000000000000000e+01 -8.952879581151833577e+00 9.220000000000000764e-03
-6.625000000000000000e+01 -8.010471204188482020e+00 2.295000000000000165e-03
-6.625000000000000000e+01 -7.068062827225130462e+00 8.109999999999999805e-04
-6.625000000000000000e+01 -6.125654450261779793e+00 1.610000000000000103e-04
-6.625000000000000000e+01 -5.183246073298429124e+00 3.260000000000000094e-04
-6.625000000000000000e+01 -4.240837696335078455e+00 3.536000000000000081e-03
-6.625000000000000000e+01 -3.298429319371727786e+00 1.376199999999999993e-02
-6.625000000000000000e+01 -2.356020942408377117e+00 6.198000000000000384e-03
-6.625000000000000000e+01 -1.413612565445026226e+00 0.000000000000000000e+00
-6.625000000000000000e+01 -4.712041884816753901e-01 2.425000000000000072e-03
-6.625000000000000000e+01 4.712041884816753901e-01 2.425000000000000072e-03
-6.625000000000000000e+01 1.413612565445026226e+00 6.905500000000000527e-02
-6.625000000000000000e+01 2.356020942408377117e+00 6.529300000000000381e-02
-6.500000000000000000e+01 -1.837696335078534560e+01 1.833399999999999960e-02
-6.500000000000000000e+01 -1.743455497382199582e+01 1.670129999999999948e-01
-6.500000000000000000e+01 -1.649214659685864603e+01 9.317999999999999894e-03
-6.500000000000000000e+01 -1.554973821989529448e+01 9.317999999999999894e-03
-6.500000000000000000e+01 -1.460732984293194114e+01 4.185000000000000352e-03
-6.500000000000000000e+01 -1.366492146596859136e+01 2.969999999999999984e-03
-6.500000000000000000e+01 -1.272251308900523981e+01 1.412000000000000061e-03
-6.500000000000000000e+01 -1.178010471204188825e+01 7.238999999999999775e-03
-6.500000000000000000e+01 -1.083769633507853669e+01 1.041600000000000026e-01
-6.500000000000000000e+01 -9.895287958115185134e+00 1.608279999999999987e-01
-6.500000000000000000e+01 -8.952879581151833577e+00 3.037400000000000169e-02
-6.500000000000000000e+01 -8.010471204188482020e+00 2.351999999999999924e-03
-6.500000000000000000e+01 -7.068062827225130462e+00 1.529600000000000057e-02
-6.500000000000000000e+01 -6.125654450261779793e+00 1.147999999999999932e-03
-6.500000000000000000e+01 -5.183246073298429124e+00 1.630000000000000047e-04
-6.500000000000000000e+01 -4.240837696335078455e+00 3.540999999999999877e-03
-6.500000000000000000e+01 -3.298429319371727786e+00 9.221999999999999295e-03
-6.500000000000000000e+01 -2.356020942408377117e+00 4.329999999999999648e-03
-6.500000000000000000e+01 -1.413612565445026226e+00 1.791999999999999973e-03
-6.500000000000000000e+01 -4.712041884816753901e-01 7.742999999999999883e-03
-6.500000000000000000e+01 4.712041884816753901e-01 7.742999999999999883e-03
-6.500000000000000000e+01 1.413612565445026226e+00 2.658999999999999905e-03
-6.375000000000000000e+01 -2.026178010471204516e+01 0.000000000000000000e+00
-6.375000000000000000e+01 -1.931937172774869538e+01 3.312400000000000067e-02
-6.375000000000000000e+01 -1.837696335078534560e+01 7.397600000000000009e-02
-6.375000000000000000e+01 -1.743455497382199582e+01 3.299750000000000183e-01
-6.375000000000000000e+01 -1.649214659685864603e+01 4.540099999999999691e-02
-6.375000000000000000e+01 -1.554973821989529448e+01 4.540099999999999691e-02
-6.375000000000000000e+01 -1.460732984293194114e+01 2.306400000000000117e-02
-6.375000000000000000e+01 -1.366492146596859136e+01 2.972999999999999948e-03
-6.375000000000000000e+01 -1.272251308900523981e+01 1.505000000000000044e-03
-6.375000000000000000e+01 -1.178010471204188825e+01 1.686330000000000051e-01
-6.375000000000000000e+01 -1.083769633507853669e+01 3.457999999999999963e-02
-6.375000000000000000e+01 -9.895287958115185134e+00 2.680359999999999965e-01
-6.375000000000000000e+01 -8.952879581151833577e+00 2.897730000000000028e-01
-6.375000000000000000e+01 -8.010471204188482020e+00 2.996000000000000052e-02
-6.375000000000000000e+01 -7.068062827225130462e+00 3.233000000000000197e-03
-6.375000000000000000e+01 -6.125654450261779793e+00 4.970999999999999724e-03
-6.375000000000000000e+01 -5.183246073298429124e+00 1.794000000000000022e-03
-6.375000000000000000e+01 -4.240837696335078455e+00 2.775100000000000136e-02
-6.375000000000000000e+01 -3.298429319371727786e+00 1.724000000000000055e-03
-6.375000000000000000e+01 -2.356020942408377117e+00 3.249999999999999851e-04
-6.375000000000000000e+01 -1.413612565445026226e+00 3.240000000000000150e-04
-6.375000000000000000e+01 -4.712041884816753901e-01 1.828999999999999897e-03
-6.375000000000000000e+01 4.712041884816753901e-01 1.828999999999999897e-03
-6.375000000000000000e+01 1.413612565445026226e+00 0.000000000000000000e+00
-6.375000000000000000e+01 3.298429319371727786e+00 1.085299999999999980e-02
-6.250000000000000000e+01 -1.931937172774869538e+01 2.453869999999999940e-01
-6.250000000000000000e+01 -1.837696335078534560e+01 5.421500000000000208e-01
-6.250000000000000000e+01 -1.743455497382199582e+01 5.878520000000000412e-01
-6.250000000000000000e+01 -1.649214659685864603e+01 6.744200000000000195e-02
-6.250000000000000000e+01 -1.554973821989529448e+01 6.744200000000000195e-02
-6.250000000000000000e+01 -1.460732984293194114e+01 7.910999999999999630e-03
-6.250000000000000000e+01 -1.366492146596859136e+01 2.263999999999999953e-03
-6.250000000000000000e+01 -1.272251308900523981e+01 1.157999999999999958e-03
-6.250000000000000000e+01 -1.178010471204188825e+01 2.513889999999999736e-01
-6.250000000000000000e+01 -1.083769633507853669e+01 3.016050000000000120e-01
-6.250000000000000000e+01 -9.895287958115185134e+00 6.916430000000000078e-01
-6.250000000000000000e+01 -8.952879581151833577e+00 1.935080000000000133e-01
-6.250000000000000000e+01 -8.010471204188482020e+00 3.553300000000000208e-02
-6.250000000000000000e+01 -7.068062827225130462e+00 2.108499999999999958e-02
-6.250000000000000000e+01 -6.125654450261779793e+00 6.357999999999999936e-03
-6.250000000000000000e+01 -5.183246073298429124e+00 2.396000000000000126e-03
-6.250000000000000000e+01 -4.240837696335078455e+00 2.335299999999999876e-02
-6.250000000000000000e+01 -3.298429319371727786e+00 5.029999999999999749e-03
-6.250000000000000000e+01 -2.356020942408377117e+00 1.056999999999999997e-03
-6.250000000000000000e+01 -1.413612565445026226e+00 2.269000000000000183e-03
-6.250000000000000000e+01 -4.712041884816753901e-01 6.509999999999999945e-04
-6.250000000000000000e+01 4.712041884816753901e-01 6.509999999999999945e-04
-6.250000000000000000e+01 1.413612565445026226e+00 1.435000000000000078e-03
-6.250000000000000000e+01 2.356020942408377117e+00 8.090000000000000403e-04
-6.250000000000000000e+01 3.298429319371727786e+00 0.000000000000000000e+00
-6.125000000000000000e+01 -1.837696335078534560e+01 1.076150000000000023e-01
-6.125000000000000000e+01 -1.743455497382199582e+01 4.500200000000000033e-02
-6.125000000000000000e+01 -1.649214659685864603e+01 6.800299999999999401e-02
-6.125000000000000000e+01 -1.554973821989529448e+01 6.800299999999999401e-02
-6.125000000000000000e+01 -1.460732984293194114e+01 8.829000000000000042e-03
-6.125000000000000000e+01 -1.366492146596859136e+01 3.398299999999999932e-02
-6.125000000000000000e+01 -1.272251308900523981e+01 5.566699999999999982e-01
-6.125000000000000000e+01 -1.178010471204188825e+01 4.804930000000000034e-01
-6.125000000000000000e+01 -1.083769633507853669e+01 3.239469999999999850e-01
-6.125000000000000000e+01 -9.895287958115185134e+00 8.977899999999999769e-02
-6.125000000000000000e+01 -8.952879581151833577e+00 1.379499999999999997e-02
-6.125000000000000000e+01 -8.010471204188482020e+00 1.446199999999999916e-02
-6.125000000000000000e+01 -7.068062827225130462e+00 9.669999999999999776e-04
-6.125000000000000000e+01 -6.125654450261779793e+00 3.409399999999999931e-02
-6.125000000000000000e+01 -5.183246073298429124e+00 9.731999999999999332e-03
-6.125000000000000000e+01 -4.240837696335078455e+00 2.244499999999999967e-02
-6.125000000000000000e+01 -3.298429319371727786e+00 1.941899999999999876e-02
-6.125000000000000000e+01 -2.356020942408377117e+00 1.302999999999999905e-03
-6.125000000000000000e+01 -1.413612565445026226e+00 4.899999999999999842e-04
-6.125000000000000000e+01 -4.712041884816753901e-01 1.253699999999999953e-02
-6.125000000000000000e+01 4.712041884816753901e-01 1.253699999999999953e-02
-6.125000000000000000e+01 1.413612565445026226e+00 1.794300000000000062e-02
-6.125000000000000000e+01 2.356020942408377117e+00 1.737239999999999895e-01
-6.125000000000000000e+01 3.298429319371727786e+00 9.331499999999999517e-02
-6.125000000000000000e+01 4.240837696335078455e+00 7.983999999999999778e-03
-6.000000000000000000e+01 -1.554973821989529448e+01 8.316700000000000481e-02
-6.000000000000000000e+01 -1.460732984293194114e+01 3.193759999999999932e-01
-6.000000000000000000e+01 -1.366492146596859136e+01 2.952069999999999972e-01
-6.000000000000000000e+01 -1.272251308900523981e+01 2.314529999999999921e-01
-6.000000000000000000e+01 -1.178010471204188825e+01 3.857900000000000218e-02
-6.000000000000000000e+01 -1.083769633507853669e+01 6.470000000000000057e-04
-6.000000000000000000e+01 -9.895287958115185134e+00 3.983699999999999741e-02
-6.000000000000000000e+01 -8.952879581151833577e+00 5.106000000000000295e-03
-6.000000000000000000e+01 -8.010471204188482020e+00 0.000000000000000000e+00
-6.000000000000000000e+01 -7.068062827225130462e+00 8.057400000000000673e-02
-6.000000000000000000e+01 -6.125654450261779793e+00 5.673000000000000091e-03
-6.000000000000000000e+01 -5.183246073298429124e+00 1.354600000000000075e-02
-6.000000000000000000e+01 -4.240837696335078455e+00 5.903300000000000214e-02
-6.000000000000000000e+01 -3.298429319371727786e+00 1.458720000000000017e-01
-6.000000000000000000e+01 -2.356020942408377117e+00 6.664200000000000679e-02
-6.000000000000000000e+01 -1.413612565445026226e+00 1.549900000000000062e-02
-6.000000000000000000e+01 -4.712041884816753901e-01 3.380000000000000192e-03
-6.000000000000000000e+01 4.712041884816753901e-01 3.380000000000000192e-03
-6.000000000000000000e+01 1.413612565445026226e+00 1.697599999999999942e-01
-6.000000000000000000e+01 2.356020942408377117e+00 2.725500000000000145e-02
-6.000000000000000000e+01 3.298429319371727786e+00 3.454499999999999932e-02
-6.000000000000000000e+01 4.240837696335078455e+00 1.091600000000000036e-02
-6.000000000000000000e+01 5.183246073298429124e+00 1.274999999999999918e-02
-5.875000000000000000e+01 -1.366492146596859136e+01 1.050300000000000018e-02
-5.875000000000000000e+01 -1.272251308900523981e+01 1.610000000000000103e-04
-5.875000000000000000e+01 -1.178010471204188825e+01 1.074620000000000020e-01
-5.875000000000000000e+01 -1.083769633507853669e+01 3.564769999999999883e-01
-5.875000000000000000e+01 -9.895287958115185134e+00 1.551279999999999881e-01
-5.875000000000000000e+01 -8.952879581151833577e+00 3.418800000000000311e-02
-5.875000000000000000e+01 -8.010471204188482020e+00 2.400000000000000061e-04
-5.875000000000000000e+01 -7.068062827225130462e+00 7.204999999999999599e-03
-5.875000000000000000e+01 -6.125654450261779793e+00 5.649999999999999641e-04
-5.875000000000000000e+01 -5.183246073298429124e+00 1.229000000000000058e-03
-5.875000000000000000e+01 -4.240837696335078455e+00 7.930600000000000149e-02
-5.875000000000000000e+01 -3.298429319371727786e+00 1.539770000000000028e-01
-5.875000000000000000e+01 -2.356020942408377117e+00 5.152000000000000329e-03
-5.875000000000000000e+01 -1.413612565445026226e+00 0.000000000000000000e+00
-5.875000000000000000e+01 -4.712041884816753901e-01 0.000000000000000000e+00
-5.875000000000000000e+01 4.712041884816753901e-01 0.000000000000000000e+00
-5.750000000000000000e+01 -1.366492146596859136e+01 3.489799999999999847e-02
-5.750000000000000000e+01 -1.272251308900523981e+01 4.478100000000000136e-02
-5.750000000000000000e+01 -1.178010471204188825e+01 3.084899999999999864e-01
-5.750000000000000000e+01 -1.083769633507853669e+01 3.101419999999999733e-01
-5.750000000000000000e+01 -9.895287958115185134e+00 1.971549999999999969e-01
-5.750000000000000000e+01 -8.952879581151833577e+00 1.752199999999999938e-02
-5.750000000000000000e+01 -8.010471204188482020e+00 1.814999999999999990e-03
-5.750000000000000000e+01 -7.068062827225130462e+00 1.490000000000000005e-03
-5.750000000000000000e+01 -6.125654450261779793e+00 6.282000000000000257e-03
-5.750000000000000000e+01 -5.183246073298429124e+00 1.631999999999999987e-03
-5.750000000000000000e+01 -4.240837696335078455e+00 4.322000000000000147e-02
-5.750000000000000000e+01 -3.298429319371727786e+00 1.805460000000000120e-01
-5.750000000000000000e+01 -2.356020942408377117e+00 2.268399999999999930e-02
-5.750000000000000000e+01 -1.413612565445026226e+00 6.185999999999999659e-03
-5.750000000000000000e+01 -4.712041884816753901e-01 0.000000000000000000e+00
-5.750000000000000000e+01 4.712041884816753901e-01 0.000000000000000000e+00
-5.750000000000000000e+01 1.413612565445026226e+00 8.100000000000000375e-05
-5.625000000000000000e+01 -1.366492146596859136e+01 1.817219999999999946e-01
-5.625000000000000000e+01 -1.272251308900523981e+01 2.213880000000000015e-01
-5.625000000000000000e+01 -1.178010471204188825e+01 4.309100000000000152e-01
-5.625000000000000000e+01 -1.083769633507853669e+01 3.032969999999999833e-01
-5.625000000000000000e+01 -9.895287958115185134e+00 6.392510000000000137e-01
-5.625000000000000000e+01 -8.952879581151833577e+00 3.228600000000000220e-02
-5.625000000000000000e+01 -8.010471204188482020e+00 3.029000000000000008e-03
-5.625000000000000000e+01 -7.068062827225130462e+00 2.753099999999999992e-02
-5.625000000000000000e+01 -6.125654450261779793e+00 2.909099999999999880e-02
-5.625000000000000000e+01 -5.183246073298429124e+00 8.405100000000000071e-02
-5.625000000000000000e+01 -4.240837696335078455e+00 2.718760000000000066e-01
-5.625000000000000000e+01 -3.298429319371727786e+00 1.902999999999999831e-02
-5.625000000000000000e+01 -2.356020942408377117e+00 3.106840000000000157e-01
-5.625000000000000000e+01 -1.413612565445026226e+00 2.534300000000000094e-02
-5.625000000000000000e+01 -4.712041884816753901e-01 8.000000000000000654e-05
-5.625000000000000000e+01 4.712041884816753901e-01 8.000000000000000654e-05
-5.625000000000000000e+01 1.413612565445026226e+00 0.000000000000000000e+00
-5.500000000000000000e+01 -1.460732984293194114e+01 1.723409999999999942e-01
-5.500000000000000000e+01 -1.366492146596859136e+01 4.082500000000000018e-02
-5.500000000000000000e+01 -1.272251308900523981e+01 1.959869999999999945e-01
-5.500000000000000000e+01 -1.178010471204188825e+01 3.275669999999999971e-01
-5.500000000000000000e+01 -1.083769633507853669e+01 5.045770000000000532e-01
-5.500000000000000000e+01 -9.895287958115185134e+00 5.935059999999999780e-01
-5.500000000000000000e+01 -8.952879581151833577e+00 4.167300000000000171e-02
-5.500000000000000000e+01 -8.010471204188482020e+00 7.814899999999999625e-02
-5.500000000000000000e+01 -7.068062827225130462e+00 7.089900000000000369e-02
-5.500000000000000000e+01 -6.125654450261779793e+00 5.609999999999999752e-04
-5.500000000000000000e+01 -5.183246073298429124e+00 4.809999999999999823e-04
-5.500000000000000000e+01 -4.240837696335078455e+00 1.921130000000000060e-01
-5.500000000000000000e+01 -3.298429319371727786e+00 2.885489999999999999e-01
-5.500000000000000000e+01 -2.356020942408377117e+00 5.231050000000000422e-01
-5.500000000000000000e+01 -1.413612565445026226e+00 1.059299999999999999e-02
-5.500000000000000000e+01 -4.712041884816753901e-01 2.420000000000000005e-04
-5.500000000000000000e+01 4.712041884816753901e-01 2.420000000000000005e-04
-5.500000000000000000e+01 1.413612565445026226e+00 2.420000000000000005e-04
-5.500000000000000000e+01 2.356020942408377117e+00 5.760000000000000146e-04
-5.375000000000000000e+01 -1.460732984293194114e+01 4.079999999999999968e-04
-5.375000000000000000e+01 -1.366492146596859136e+01 3.848900000000000238e-02
-5.375000000000000000e+01 -1.272251308900523981e+01 1.856269999999999865e-01
-5.375000000000000000e+01 -1.178010471204188825e+01 6.500400000000000622e-02
-5.375000000000000000e+01 -1.083769633507853669e+01 1.611130000000000062e-01
-5.375000000000000000e+01 -9.895287958115185134e+00 1.854069999999999885e-01
-5.375000000000000000e+01 -8.952879581151833577e+00 2.014000000000000165e-03
-5.375000000000000000e+01 -8.010471204188482020e+00 8.000000000000000654e-05
-5.375000000000000000e+01 -7.068062827225130462e+00 2.101000000000000003e-03
-5.375000000000000000e+01 -6.125654450261779793e+00 6.347000000000000211e-03
-5.375000000000000000e+01 -5.183246073298429124e+00 2.922000000000000118e-03
-5.375000000000000000e+01 -4.240837696335078455e+00 1.942550000000000110e-01
-5.375000000000000000e+01 -3.298429319371727786e+00 8.553900000000000392e-02
-5.375000000000000000e+01 -2.356020942408377117e+00 4.253839999999999844e-01
-5.375000000000000000e+01 -1.413612565445026226e+00 6.641299999999999981e-02
-5.375000000000000000e+01 -4.712041884816753901e-01 9.719999999999999907e-04
-5.375000000000000000e+01 4.712041884816753901e-01 9.719999999999999907e-04
-5.375000000000000000e+01 1.413612565445026226e+00 1.217999999999999899e-03
-5.375000000000000000e+01 2.356020942408377117e+00 1.054000000000000032e-03
-5.250000000000000000e+01 -1.366492146596859136e+01 1.232399999999999989e-02
-5.250000000000000000e+01 -1.272251308900523981e+01 2.101729999999999987e-01
-5.250000000000000000e+01 -1.178010471204188825e+01 9.107099999999999917e-02
-5.250000000000000000e+01 -1.083769633507853669e+01 2.404749999999999943e-01
-5.250000000000000000e+01 -9.895287958115185134e+00 7.580800000000000038e-02
-5.250000000000000000e+01 -8.952879581151833577e+00 5.699999999999999772e-04
-5.250000000000000000e+01 -8.010471204188482020e+00 7.460000000000000268e-04
-5.250000000000000000e+01 -7.068062827225130462e+00 1.595999999999999849e-02
-5.250000000000000000e+01 -6.125654450261779793e+00 3.534500000000000142e-02
-5.250000000000000000e+01 -5.183246073298429124e+00 1.755000000000000050e-03
-5.250000000000000000e+01 -4.240837696335078455e+00 6.844699999999999396e-02
-5.250000000000000000e+01 -3.298429319371727786e+00 1.651789999999999925e-01
-5.250000000000000000e+01 -2.356020942408377117e+00 3.049100000000000074e-02
-5.250000000000000000e+01 -1.413612565445026226e+00 1.226610000000000061e-01
-5.250000000000000000e+01 -4.712041884816753901e-01 1.051999999999999984e-03
-5.250000000000000000e+01 4.712041884816753901e-01 1.051999999999999984e-03
-5.125000000000000000e+01 -8.952879581151833577e+00 4.069300000000000139e-01
-5.125000000000000000e+01 -8.010471204188482020e+00 3.466730000000000089e-01
-5.125000000000000000e+01 -7.068062827225130462e+00 4.203080000000000149e-01
-5.125000000000000000e+01 -5.183246073298429124e+00 9.127899999999999903e-02
-5.125000000000000000e+01 -4.240837696335078455e+00 2.107630000000000059e-01
-5.125000000000000000e+01 -3.298429319371727786e+00 7.687900000000000289e-02
-5.125000000000000000e+01 -2.356020942408377117e+00 5.437700000000000172e-02
-5.000000000000000000e+01 -3.298429319371727786e+00 1.891049999999999953e-01
