-7.875000000000000000e+01 -6.125654450261779793e+00 4.955579999999999985e-01
-7.875000000000000000e+01 -5.183246073298429124e+00 1.860140000000000127e-01
-7.875000000000000000e+01 -4.240837696335078455e+00 2.276690000000000103e-01
-7.875000000000000000e+01 -3.298429319371727786e+00 3.480900000000000105e-01
-7.875000000000000000e+01 -2.356020942408377117e+00 0.000000000000000000e+00
-7.875000000000000000e+01 -1.413612565445026226e+00 0.000000000000000000e+00
-7.750000000000000000e+01 -8.952879581151833577e+00 1.897490000000000010e-01
-7.750000000000000000e+01 -8.010471204188482020e+00 1.435049999999999937e-01
-7.750000000000000000e+01 -7.068062827225130462e+00 2.818019999999999969e-01
-7.750000000000000000e+01 -6.125654450261779793e+00 4.827670000000000017e-01
-7.750000000000000000e+01 -5.183246073298429124e+00 1.012020000000000003e-01
-7.750000000000000000e+01 -4.240837696335078455e+00 3.503599999999999770e-02
-7.750000000000000000e+01 -3.298429319371727786e+00 1.963930000000000120e-01
-7.750000000000000000e+01 -2.356020942408377117e+00 1.426779999999999993e-01
-7.750000000000000000e+01 -1.413612565445026226e+00 2.571629999999999749e-01
-7.750000000000000000e+01 -4.712041884816753901e-01 1.876029999999999920e-01
-7.750000000000000000e+01 4.712041884816753901e-01 1.876029999999999920e-01
-7.625000000000000000e+01 -1.083769633507853669e+01 5.958100000000000201e-02
-7.625000000000000000e+01 -9.895287958115185134e+00 1.266279999999999906e-01
-7.625000000000000000e+01 -8.952879581151833577e+00 3.155450000000000199e-01
-7.625000000000000000e+01 -8.010471204188482020e+00 8.780100000000000404e-02
-7.625000000000000000e+01 -7.068062827225130462e+00 1.887729999999999964e-01
-7.625000000000000000e+01 -6.125654450261779793e+00 2.334799999999999931e-01
-7.625000000000000000e+01 -5.183246073298429124e+00 4.002700000000000008e-02
-7.625000000000000000e+01 -4.240837696335078455e+00 1.472000000000000001e-03
-7.625000000000000000e+01 -3.298429319371727786e+00 3.983000000000000429e-03
-7.625000000000000000e+01 -2.356020942408377117e+00 2.553000000000000148e-03
-7.625000000000000000e+01 -1.413612565445026226e+00 2.611000000000000040e-03
-7.625000000000000000e+01 -4.712041884816753901e-01 3.173299999999999732e-02
-7.625000000000000000e+01 4.712041884816753901e-01 3.173299999999999732e-02
-7.625000000000000000e+01 1.413612565445026226e+00 5.638450000000000406e-01
-7.500000000000000000e+01 -1.366492146596859136e+01 7.814200000000000312e-02
-7.500000000000000000e+01 -1.272251308900523981e+01 1.417779999999999874e-01
-7.500000000000000000e+01 -1.178010471204188825e+01 1.238360000000000016e-01
-7.500000000000000000e+01 -1.083769633507853669e+01 3.047549999999999981e-01
-7.500000000000000000e+01 -9.895287958115185134e+00 1.378260000000000041e-01
-7.500000000000000000e+01 -8.952879581151833577e+00 3.531239999999999934e-01
-7.500000000000000000e+01 -8.010471204188482020e+00 1.898249999999999937e-01
-7.500000000000000000e+01 -7.068062827225130462e+00 3.527199999999999780e-02
-7.500000000000000000e+01 -6.125654450261779793e+00 6.070300000000000001e-02
-7.500000000000000000e+01 -5.183246073298429124e+00 4.566900000000000126e-02
-7.500000000000000000e+01 -4.240837696335078455e+00 2.003299999999999872e-02
-7.500000000000000000e+01 -3.298429319371727786e+00 2.305999999999999890e-03
-7.500000000000000000e+01 -2.356020942408377117e+00 6.376999999999999856e-03
-7.500000000000000000e+01 -1.413612565445026226e+00 5.597000000000000412e-03
-7.500000000000000000e+01 -4.712041884816753901e-01 2.222800000000000123e-02
-7.500000000000000000e+01 4.712041884816753901e-01 2.222800000000000123e-02
-7.500000000000000000e+01 1.413612565445026226e+00 4.243339999999999890e-01
-7.500000000000000000e+01 2.356020942408377117e+00 7.189950000000000507e-01
-7.375000000000000000e+01 -1.460732984293194114e+01 0.000000000000000000e+00
-7.375000000000000000e+01 -1.366492146596859136e+01 1.302490000000000037e-01
-7.375000000000000000e+01 -1.272251308900523981e+01 8.182000000000000384e-02
-7.375000000000000000e+01 -1.178010471204188825e+01 9.316599999999999882e-02
-7.375000000000000000e+01 -1.083769633507853669e+01 7.804999999999999438e-02
-7.375000000000000000e+01 -9.895287958115185134e+00 5.654499999999999804e-02
-7.375000000000000000e+01 -8.952879581151833577e+00 7.355599999999999639e-02
-7.375000000000000000e+01 -8.010471204188482020e+00 5.833699999999999997e-02
-7.375000000000000000e+01 -7.068062827225130462e+00 1.009900000000000034e-02
-7.375000000000000000e+01 -6.125654450261779793e+00 2.464699999999999877e-02
-7.375000000000000000e+01 -5.183246073298429124e+00 7.177999999999999658e-02
-7.375000000000000000e+01 -4.240837696335078455e+00 2.272499999999999867e-02
-7.375000000000000000e+01 -3.298429319371727786e+00 7.262000000000000226e-03
-7.375000000000000000e+01 -2.356020942408377117e+00 5.409999999999999878e-03
-7.375000000000000000e+01 -1.413612565445026226e+00 4.506399999999999989e-02
-7.375000000000000000e+01 -4.712041884816753901e-01 2.467000000000000009e-03
-7.375000000000000000e+01 4.712041884816753901e-01 2.467000000000000009e-03
-7.375000000000000000e+01 1.413612565445026226e+00 3.635300000000000337e-02
-7.250000000000000000e+01 -1.460732984293194114e+01 5.432000000000000196e-03
-7.250000000000000000e+01 -1.366492146596859136e+01 1.374849999999999961e-01
-7.250000000000000000e+01 -1.272251308900523981e+01 1.659909999999999997e-01
-7.250000000000000000e+01 -1.178010471204188825e+01 4.293199999999999794e-02
-7.250000000000000000e+01 -1.083769633507853669e+01 6.879999999999999831e-03
-7.250000000000000000e+01 -9.895287958115185134e+00 0.000000000000000000e+00
-7.250000000000000000e+01 -8.952879581151833577e+00 9.388999999999999777e-03
-7.250000000000000000e+01 -8.010471204188482020e+00 2.395500000000000129e-01
-7.250000000000000000e+01 -7.068062827225130462e+00 6.415600000000000469e-02
-7.250000000000000000e+01 -6.125654450261779793e+00 9.730000000000000151e-04
-7.250000000000000000e+01 -5.183246073298429124e+00 9.737000000000000863e-03
-7.250000000000000000e+01 -4.240837696335078455e+00 1.123389999999999944e-01
-7.250000000000000000e+01 -3.298429319371727786e+00 2.123999999999999846e-02
-7.250000000000000000e+01 -2.356020942408377117e+00 2.596800000000000150e-02
-7.250000000000000000e+01 -1.413612565445026226e+00 6.825000000000000337e-03
-7.250000000000000000e+01 -4.712041884816753901e-01 6.908000000000000078e-03
-7.250000000000000000e+01 4.712041884816753901e-01 6.908000000000000078e-03
-7.250000000000000000e+01 1.413612565445026226e+00 1.020399999999999953e-02
-7.125000000000000000e+01 -1.460732984293194114e+01 9.079900000000000471e-02
-7.125000000000000000e+01 -1.366492146596859136e+01 2.439500000000000002e-02
-7.125000000000000000e+01 -1.272251308900523981e+01 6.959799999999999320e-02
-7.125000000000000000e+01 -1.178010471204188825e+01 0.000000000000000000e+00
-7.125000000000000000e+01 -1.083769633507853669e+01 0.000000000000000000e+00
-7.125000000000000000e+01 -9.895287958115185134e+00 6.791000000000000161e-03
-7.125000000000000000e+01 -8.952879581151833577e+00 3.325199999999999684e-02
-7.125000000000000000e+01 -8.010471204188482020e+00 2.180330000000000046e-01
-7.125000000000000000e+01 -7.068062827225130462e+00 4.453000000000000361e-03
-7.125000000000000000e+01 -6.125654450261779793e+00 4.655000000000000283e-03
-7.125000000000000000e+01 -5.183246073298429124e+00 2.429999999999999977e-04
-7.125000000000000000e+01 -4.240837696335078455e+00 2.127700000000000077e-02
-7.125000000000000000e+01 -3.298429319371727786e+00 2.390000000000000089e-04
-7.125000000000000000e+01 -2.356020942408377117e+00 2.352399999999999977e-02
-7.125000000000000000e+01 -1.413612565445026226e+00 3.592000000000000141e-03
-7.125000000000000000e+01 -4.712041884816753901e-01 0.000000000000000000e+00
-7.125000000000000000e+01 4.712041884816753901e-01 0.000000000000000000e+00
-7.125000000000000000e+01 1.413612565445026226e+00 4.561799999999999883e-02
-7.000000000000000000e+01 -1.366492146596859136e+01 8.580000000000000820e-03
-7.000000000000000000e+01 -1.272251308900523981e+01 1.522409999999999874e-01
-7.000000000000000000e+01 -1.178010471204188825e+01 8.100000000000000375e-05
-7.000000000000000000e+01 -1.083769633507853669e+01 1.701090000000000102e-01
-7.000000000000000000e+01 -9.895287958115185134e+00 1.761999999999999894e-03
-7.000000000000000000e+01 -8.952879581151833577e+00 4.683299999999999963e-02
-7.000000000000000000e+01 -8.010471204188482020e+00 1.364970000000000072e-01
-7.000000000000000000e+01 -7.068062827225130462e+00 2.950600000000000098e-02
-7.000000000000000000e+01 -6.125654450261779793e+00 1.861000000000000024e-03
-7.000000000000000000e+01 -5.183246073298429124e+00 8.040000000000000271e-04
-7.000000000000000000e+01 -4.240837696335078455e+00 8.608699999999999686e-02
-7.000000000000000000e+01 -3.298429319371727786e+00 3.334700000000000164e-02
-7.000000000000000000e+01 -2.356020942408377117e+00 9.043000000000000690e-03
-7.000000000000000000e+01 -1.413612565445026226e+00 1.992899999999999880e-02
-7.000000000000000000e+01 -4.712041884816753901e-01 1.220300000000000031e-02
-7.000000000000000000e+01 4.712041884816753901e-01 1.220300000000000031e-02
-7.000000000000000000e+01 1.413612565445026226e+00 5.846999999999999767e-03
-6.875000000000000000e+01 -1.554973821989529448e+01 6.769999999999999759e-04
-6.875000000000000000e+01 -1.460732984293194114e+01 2.613100000000000145e-02
-6.875000000000000000e+01 -1.366492146596859136e+01 3.651999999999999864e-03
-6.875000000000000000e+01 -1.272251308900523981e+01 9.051299999999999624e-02
-6.875000000000000000e+01 -1.178010471204188825e+01 1.985609999999999875e-01
-6.875000000000000000e+01 -1.083769633507853669e+01 4.341700000000000004e-01
-6.875000000000000000e+01 -9.895287958115185134e+00 3.565399999999999819e-02
-6.875000000000000000e+01 -8.952879581151833577e+00 1.857000000000000040e-01
-6.875000000000000000e+01 -8.010471204188482020e+00 3.200000000000000262e-04
-6.875000000000000000e+01 -7.068062827225130462e+00 2.047999999999999907e-03
-6.875000000000000000e+01 -6.125654450261779793e+00 1.129999999999999928e-03
-6.875000000000000000e+01 -5.183246073298429124e+00 4.840000000000000010e-04
-6.875000000000000000e+01 -4.240837696335078455e+00 4.423999999999999981e-03
-6.875000000000000000e+01 -3.298429319371727786e+00 7.030999999999999923e-03
-6.875000000000000000e+01 -2.356020942408377117e+00 3.769000000000000215e-03
-6.875000000000000000e+01 -1.413612565445026226e+00 5.238999999999999733e-03
-6.875000000000000000e+01 -4.712041884816753901e-01 1.129100000000000069e-02
-6.875000000000000000e+01 4.712041884816753901e-01 1.129100000000000069e-02
-6.875000000000000000e+01 1.413612565445026226e+00 1.330300000000000059e-02
-6.875000000000000000e+01 2.356020942408377117e+00 6.131000000000000165e-03
-6.750000000000000000e+01 -1.649214659685864603e+01 2.122580000000000022e-01
-6.750000000000000000e+01 -1.554973821989529448e+01 2.122580000000000022e-01
-6.750000000000000000e+01 -1.460732984293194114e+01 7.155799999999999661e-02
-6.750000000000000000e+01 -1.366492146596859136e+01 5.995899999999999841e-02
-6.750000000000000000e+01 -1.272251308900523981e+01 6.061999999999999680e-03
-6.750000000000000000e+01 -1.178010471204188825e+01 1.374300000000000001e-02
-6.750000000000000000e+01 -1.083769633507853669e+01 2.465910000000000046e-01
-6.750000000000000000e+01 -9.895287958115185134e+00 6.759810000000000541e-01
-6.750000000000000000e+01 -8.952879581151833577e+00 1.053739999999999954e-01
-6.750000000000000000e+01 -8.010471204188482020e+00 9.590000000000000000e-04
-6.750000000000000000e+01 -7.068062827225130462e+00 8.919999999999999978e-04
-6.750000000000000000e+01 -6.125654450261779793e+00 5.134999999999999808e-03
-6.750000000000000000e+01 -5.183246073298429124e+00 1.128000000000000096e-03
-6.750000000000000000e+01 -4.240837696335078455e+00 8.059999999999999673e-04
-6.750000000000000000e+01 -3.298429319371727786e+00 1.406499999999999938e-02
-6.750000000000000000e+01 -2.356020942408377117e+00 3.310000000000000225e-04
-6.750000000000000000e+01 -1.413612565445026226e+00 8.000000000000000654e-05
-6.750000000000000000e+01 -4.712041884816753901e-01 8.989999999999999511e-04
-6.750000000000000000e+01 4.712041884816753901e-01 8.989999999999999511e-04
-6.750000000000000000e+01 1.413612565445026226e+00 6.081999999999999733e-03
-6.750000000000000000e+01 2.356020942408377117e+00 7.219999999999999855e-04
-6.625000000000000000e+01 -1.837696335078534560e+01 8.382100000000000661e-02
-6.625000000000000000e+01 -1.743455497382199582e+01 1.786760000000000015e-01
-6.625000000000000000e+01 -1.649214659685864603e+01 1.786999999999999960e-03
-6.625000000000000000e+01 -1.554973821989529448e+01 1.786999999999999960e-03
-6.625000000000000000e+01 -1.460732984293194114e+01 7.301000000000000198e-03
-6.625000000000000000e+01 -1.366492146596859136e+01 1.134000000000000025e-03
-6.625000000000000000e+01 -1.272251308900523981e+01 0.000000000000000000e+00
-6.625000000000000000e+01 -1.178010471204188825e+01 6.303999999999999708e-03
-6.625000000000000000e+01 -1.083769633507853669e+01 1.002640000000000059e-01
-6.625000000000000000e+01 -9.895287958115185134e+00 1.698010000000000075e-01
-6.625000000000000000e+01 -8.952879581151833577e+00 5.879500000000000004e-02
-6.625000000000000000e+01 -8.010471204188482020e+00 2.295000000000000165e-03
-6.625000000000000000e+01 -7.068062827225130462e+00 8.109999999999999805e-04
-6.625000000000000000e+01 -6.125654450261779793e+00 1.610000000000000103e-04
-6.625000000000000000e+01 -5.183246073298429124e+00 3.260000000000000094e-04
-6.625000000000000000e+01 -4.240837696335078455e+00 3.536000000000000081e-03
-6.625000000000000000e+01 -3.298429319371727786e+00 1.384699999999999993e-02
-6.625000000000000000e+01 -2.356020942408377117e+00 6.198000000000000384e-03
-6.625000000000000000e+01 -1.413612565445026226e+00 0.000000000000000000e+00
-6.625000000000000000e+01 -4.712041884816753901e-01 2.425000000000000072e-03
-6.625000000000000000e+01 4.712041884816753901e-01 2.425000000000000072e-03
-6.625000000000000000e+01 1.413612565445026226e+00 8.166900000000000548e-02
-6.625000000000000000e+01 2.356020942408377117e+00 8.002900000000000291e-02
-6.500000000000000000e+01 -1.837696335078534560e+01 2.379399999999999918e-02
-6.500000000000000000e+01 -1.743455497382199582e+01 3.690430000000000099e-01
-6.500000000000000000e+01 -1.649214659685864603e+01 2.248199999999999851e-02
-6.500000000000000000e+01 -1.554973821989529448e+01 2.248199999999999851e-02
-6.500000000000000000e+01 -1.460732984293194114e+01 6.361000000000000335e-03
-6.500000000000000000e+01 -1.366492146596859136e+01 3.818999999999999912e-03
-6.500000000000000000e+01 -1.272251308900523981e+01 1.744000000000000107e-03
-6.500000000000000000e+01 -1.178010471204188825e+01 7.238999999999999775e-03
-6.500000000000000000e+01 -1.083769633507853669e+01 1.647250000000000103e-01
-6.500000000000000000e+01 -9.895287958115185134e+00 4.357759999999999967e-01
-6.500000000000000000e+01 -8.952879581151833577e+00 7.855299999999999783e-02
-6.500000000000000000e+01 -8.010471204188482020e+00 3.163000000000000013e-03
-6.500000000000000000e+01 -7.068062827225130462e+00 3.059100000000000014e-02
-6.500000000000000000e+01 -6.125654450261779793e+00 1.147999999999999932e-03
-6.500000000000000000e+01 -5.183246073298429124e+00 9.799999999999999684e-04
-6.500000000000000000e+01 -4.240837696335078455e+00 7.164000000000000229e-03
-6.500000000000000000e+01 -3.298429319371727786e+00 2.139399999999999982e-02
-6.500000000000000000e+01 -2.356020942408377117e+00 4.329999999999999648e-03
-6.500000000000000000e+01 -1.413612565445026226e+00 1.791999999999999973e-03
-6.500000000000000000e+01 -4.712041884816753901e-01 7.742999999999999883e-03
-6.500000000000000000e+01 4.712041884816753901e-01 7.742999999999999883e-03
-6.500000000000000000e+01 1.413612565445026226e+00 2.658999999999999905e-03
-6.375000000000000000e+01 -2.026178010471204516e+01 6.666670000000000096e-01
-6.375000000000000000e+01 -1.931937172774869538e+01 1.510110000000000063e-01
-6.375000000000000000e+01 -1.837696335078534560e+01 1.231840000000000018e-01
-6.375000000000000000e+01 -1.743455497382199582e+01 4.766310000000000269e-01
-6.375000000000000000e+01 -1.649214659685864603e+01 5.597499999999999698e-02
-6.375000000000000000e+01 -1.554973821989529448e+01 5.597499999999999698e-02
-6.375000000000000000e+01 -1.460732984293194114e+01 2.570000000000000062e-02
-6.375000000000000000e+01 -1.366492146596859136e+01 3.220999999999999905e-03
-6.375000000000000000e+01 -1.272251308900523981e+01 1.505000000000000044e-03
-6.375000000000000000e+01 -1.178010471204188825e+01 2.263189999999999924e-01
-6.375000000000000000e+01 -1.083769633507853669e+01 4.972499999999999837e-02
-6.375000000000000000e+01 -9.895287958115185134e+00 4.072310000000000096e-01
-6.375000000000000000e+01 -8.952879581151833577e+00 6.806510000000000060e-01
-6.375000000000000000e+01 -8.010471204188482020e+00 1.775619999999999976e-01
-6.375000000000000000e+01 -7.068062827225130462e+00 3.524399999999999755e-02
-6.375000000000000000e+01 -6.125654450261779793e+00 4.970999999999999724e-03
-6.375000000000000000e+01 -5.183246073298429124e+00 6.034000000000000301e-03
-6.375000000000000000e+01 -4.240837696335078455e+00 4.092400000000000204e-02
-6.375000000000000000e+01 -3.298429319371727786e+00 1.724000000000000055e-03
-6.375000000000000000e+01 -2.356020942408377117e+00 3.249999999999999851e-04
-6.375000000000000000e+01 -1.413612565445026226e+00 3.240000000000000150e-04
-6.375000000000000000e+01 -4.712041884816753901e-01 1.828999999999999897e-03
-6.375000000000000000e+01 4.712041884816753901e-01 1.828999999999999897e-03
-6.375000000000000000e+01 1.413612565445026226e+00 0.000000000000000000e+00
-6.375000000000000000e+01 3.298429319371727786e+00 1.490200000000000032e-02
-6.250000000000000000e+01 -1.931937172774869538e+01 3.557609999999999939e-01
-6.250000000000000000e+01 -1.837696335078534560e+01 6.989049999999999985e-01
-6.250000000000000000e+01 -1.743455497382199582e+01 7.599240000000000439e-01
-6.250000000000000000e+01 -1.649214659685864603e+01 7.596500000000000474e-02
-6.250000000000000000e+01 -1.554973821989529448e+01 7.596500000000000474e-02
-6.250000000000000000e+01 -1.460732984293194114e+01 7.910999999999999630e-03
-6.250000000000000000e+01 -1.366492146596859136e+01 2.263999999999999953e-03
-6.250000000000000000e+01 -1.272251308900523981e+01 1.157999999999999958e-03
-6.250000000000000000e+01 -1.178010471204188825e+01 3.388360000000000261e-01
-6.250000000000000000e+01 -1.083769633507853669e+01 3.369360000000000133e-01
-6.250000000000000000e+01 -9.895287958115185134e+00 9.227290000000000214e-01
-6.250000000000000000e+01 -8.952879581151833577e+00 3.353130000000000277e-01
-6.250000000000000000e+01 -8.010471204188482020e+00 1.427140000000000075e-01
-6.250000000000000000e+01 -7.068062827225130462e+00 1.978669999999999873e-01
-6.250000000000000000e+01 -6.125654450261779793e+00 1.923700000000000063e-02
-6.250000000000000000e+01 -5.183246073298429124e+00 2.396000000000000126e-03
-6.250000000000000000e+01 -4.240837696335078455e+00 5.376000000000000223e-02
-6.250000000000000000e+01 -3.298429319371727786e+00 7.544999999999999624e-03
-6.250000000000000000e+01 -2.356020942408377117e+00 1.056999999999999997e-03
-6.250000000000000000e+01 -1.413612565445026226e+00 4.265999999999999827e-03
-6.250000000000000000e+01 -4.712041884816753901e-01 6.509999999999999945e-04
-6.250000000000000000e+01 4.712041884816753901e-01 6.509999999999999945e-04
-6.250000000000000000e+01 1.413612565445026226e+00 1.435000000000000078e-03
-6.250000000000000000e+01 2.356020942408377117e+00 4.448999999999999830e-03
-6.250000000000000000e+01 3.298429319371727786e+00 0.000000000000000000e+00
-6.125000000000000000e+01 -1.837696335078534560e+01 1.713379999999999903e-01
-6.125000000000000000e+01 -1.743455497382199582e+01 1.344460000000000099e-01
-6.125000000000000000e+01 -1.649214659685864603e+01 1.622979999999999978e-01
-6.125000000000000000e+01 -1.554973821989529448e+01 1.622979999999999978e-01
-6.125000000000000000e+01 -1.460732984293194114e+01 2.875399999999999831e-02
-6.125000000000000000e+01 -1.366492146596859136e+01 3.813899999999999929e-02
-6.125000000000000000e+01 -1.272251308900523981e+01 6.059379999999999766e-01
-6.125000000000000000e+01 -1.178010471204188825e+01 7.402870000000000283e-01
-6.125000000000000000e+01 -1.083769633507853669e+01 4.100280000000000036e-01
-6.125000000000000000e+01 -9.895287958115185134e+00 2.243660000000000099e-01
-6.125000000000000000e+01 -8.952879581151833577e+00 3.440599999999999908e-02
-6.125000000000000000e+01 -8.010471204188482020e+00 4.736800000000000038e-02
-6.125000000000000000e+01 -7.068062827225130462e+00 1.216399999999999947e-02
-6.125000000000000000e+01 -6.125654450261779793e+00 4.115599999999999814e-02
-6.125000000000000000e+01 -5.183246073298429124e+00 2.919599999999999973e-02
-6.125000000000000000e+01 -4.240837696335078455e+00 1.176869999999999999e-01
-6.125000000000000000e+01 -3.298429319371727786e+00 1.698240000000000027e-01
-6.125000000000000000e+01 -2.356020942408377117e+00 1.649999999999999991e-03
-6.125000000000000000e+01 -1.413612565445026226e+00 3.673000000000000050e-03
-6.125000000000000000e+01 -4.712041884816753901e-01 1.123529999999999945e-01
-6.125000000000000000e+01 4.712041884816753901e-01 1.123529999999999945e-01
-6.125000000000000000e+01 1.413612565445026226e+00 1.180749999999999994e-01
-6.125000000000000000e+01 2.356020942408377117e+00 4.611350000000000171e-01
-6.125000000000000000e+01 3.298429319371727786e+00 2.122630000000000072e-01
-6.125000000000000000e+01 4.240837696335078455e+00 2.020500000000000074e-02
-6.000000000000000000e+01 -1.554973821989529448e+01 8.935400000000000287e-02
-6.000000000000000000e+01 -1.460732984293194114e+01 3.742249999999999743e-01
-6.000000000000000000e+01 -1.366492146596859136e+01 3.947200000000000153e-01
-6.000000000000000000e+01 -1.272251308900523981e+01 3.402499999999999969e-01
-6.000000000000000000e+01 -1.178010471204188825e+01 1.076669999999999988e-01
-6.000000000000000000e+01 -1.083769633507853669e+01 1.132999999999999893e-03
-6.000000000000000000e+01 -9.895287958115185134e+00 5.292999999999999788e-02
-6.000000000000000000e+01 -8.952879581151833577e+00 5.904000000000000394e-03
-6.000000000000000000e+01 -8.010471204188482020e+00 0.000000000000000000e+00
-6.000000000000000000e+01 -7.068062827225130462e+00 1.977440000000000031e-01
-6.000000000000000000e+01 -6.125654450261779793e+00 2.145899999999999891e-02
-6.000000000000000000e+01 -5.183246073298429124e+00 2.920800000000000132e-02
-6.000000000000000000e+01 -4.240837696335078455e+00 2.884729999999999794e-01
-6.000000000000000000e+01 -3.298429319371727786e+00 6.042199999999999793e-01
-6.000000000000000000e+01 -2.356020942408377117e+00 4.257560000000000233e-01
-6.000000000000000000e+01 -1.413612565445026226e+00 1.044019999999999948e-01
-6.000000000000000000e+01 -4.712041884816753901e-01 3.508499999999999813e-02
-6.000000000000000000e+01 4.712041884816753901e-01 3.508499999999999813e-02
-6.000000000000000000e+01 1.413612565445026226e+00 5.419559999999999933e-01
-6.000000000000000000e+01 2.356020942408377117e+00 8.792999999999999428e-02
-6.000000000000000000e+01 3.298429319371727786e+00 8.850099999999999634e-02
-6.000000000000000000e+01 4.240837696335078455e+00 1.091600000000000036e-02
-6.000000000000000000e+01 5.183246073298429124e+00 1.274999999999999918e-02
-5.875000000000000000e+01 -1.366492146596859136e+01 3.940699999999999759e-02
-5.875000000000000000e+01 -1.272251308900523981e+01 3.628999999999999847e-03
-5.875000000000000000e+01 -1.178010471204188825e+01 1.874490000000000045e-01
-5.875000000000000000e+01 -1.083769633507853669e+01 4.024429999999999952e-01
-5.875000000000000000e+01 -9.895287958115185134e+00 1.865900000000000059e-01
-5.875000000000000000e+01 -8.952879581151833577e+00 3.681799999999999656e-02
-5.875000000000000000e+01 -8.010471204188482020e+00 2.400000000000000061e-04
-5.875000000000000000e+01 -7.068062827225130462e+00 4.090900000000000092e-02
-5.875000000000000000e+01 -6.125654450261779793e+00 5.649999999999999641e-04
-5.875000000000000000e+01 -5.183246073298429124e+00 1.229000000000000058e-03
-5.875000000000000000e+01 -4.240837696335078455e+00 1.880729999999999902e-01
-5.875000000000000000e+01 -3.298429319371727786e+00 5.850410000000000332e-01
-5.875000000000000000e+01 -2.356020942408377117e+00 6.825799999999999923e-02
-5.875000000000000000e+01 -1.413612565445026226e+00 6.520000000000000188e-04
-5.875000000000000000e+01 -4.712041884816753901e-01 0.000000000000000000e+00
-5.875000000000000000e+01 4.712041884816753901e-01 0.000000000000000000e+00
-5.750000000000000000e+01 -1.366492146596859136e+01 4.911499999999999894e-02
-5.750000000000000000e+01 -1.272251308900523981e+01 5.652299999999999686e-02
-5.750000000000000000e+01 -1.178010471204188825e+01 4.639179999999999970e-01
-5.750000000000000000e+01 -1.083769633507853669e+01 3.688179999999999792e-01
-5.750000000000000000e+01 -9.895287958115185134e+00 2.235570000000000057e-01
-5.750000000000000000e+01 -8.952879581151833577e+00 1.817699999999999871e-02
-5.750000000000000000e+01 -8.010471204188482020e+00 1.814999999999999990e-03
-5.750000000000000000e+01 -7.068062827225130462e+00 3.974000000000000102e-03
-5.750000000000000000e+01 -6.125654450261779793e+00 6.927500000000000324e-02
-5.750000000000000000e+01 -5.183246073298429124e+00 1.631999999999999987e-03
-5.750000000000000000e+01 -4.240837696335078455e+00 7.378400000000000236e-02
-5.750000000000000000e+01 -3.298429319371727786e+00 3.484689999999999732e-01
-5.750000000000000000e+01 -2.356020942408377117e+00 4.262599999999999723e-02
-5.750000000000000000e+01 -1.413612565445026226e+00 7.894999999999999241e-03
-5.750000000000000000e+01 -4.712041884816753901e-01 0.000000000000000000e+00
-5.750000000000000000e+01 4.712041884816753901e-01 0.000000000000000000e+00
-5.750000000000000000e+01 1.413612565445026226e+00 8.100000000000000375e-05
-5.625000000000000000e+01 -1.366492146596859136e+01 3.034680000000000155e-01
-5.625000000000000000e+01 -1.272251308900523981e+01 3.176760000000000139e-01
-5.625000000000000000e+01 -1.178010471204188825e+01 6.792280000000000539e-01
-5.625000000000000000e+01 -1.083769633507853669e+01 4.680779999999999941e-01
-5.625000000000000000e+01 -9.895287958115185134e+00 7.982430000000000359e-01
-5.625000000000000000e+01 -8.952879581151833577e+00 3.883999999999999952e-02
-5.625000000000000000e+01 -8.010471204188482020e+00 3.507999999999999834e-03
-5.625000000000000000e+01 -7.068062827225130462e+00 5.274100000000000316e-02
-5.625000000000000000e+01 -6.125654450261779793e+00 1.356769999999999921e-01
-5.625000000000000000e+01 -5.183246073298429124e+00 2.617470000000000074e-01
-5.625000000000000000e+01 -4.240837696335078455e+00 3.873179999999999956e-01
-5.625000000000000000e+01 -3.298429319371727786e+00 3.675300000000000095e-02
-5.625000000000000000e+01 -2.356020942408377117e+00 3.693699999999999761e-01
-5.625000000000000000e+01 -1.413612565445026226e+00 2.534300000000000094e-02
-5.625000000000000000e+01 -4.712041884816753901e-01 8.000000000000000654e-05
-5.625000000000000000e+01 4.712041884816753901e-01 8.000000000000000654e-05
-5.625000000000000000e+01 1.413612565445026226e+00 0.000000000000000000e+00
-5.500000000000000000e+01 -1.460732984293194114e+01 1.808530000000000137e-01
-5.500000000000000000e+01 -1.366492146596859136e+01 4.321599999999999747e-02
-5.500000000000000000e+01 -1.272251308900523981e+01 3.997589999999999755e-01
-5.500000000000000000e+01 -1.178010471204188825e+01 6.709180000000000144e-01
-5.500000000000000000e+01 -1.083769633507853669e+01 7.647340000000000249e-01
-5.500000000000000000e+01 -9.895287958115185134e+00 7.445349999999999469e-01
-5.500000000000000000e+01 -8.952879581151833577e+00 7.357500000000000151e-02
-5.500000000000000000e+01 -8.010471204188482020e+00 1.958640000000000103e-01
-5.500000000000000000e+01 -7.068062827225130462e+00 2.218239999999999934e-01
-5.500000000000000000e+01 -6.125654450261779793e+00 1.707699999999999843e-02
-5.500000000000000000e+01 -5.183246073298429124e+00 1.521999999999999915e-03
-5.500000000000000000e+01 -4.240837696335078455e+00 3.568749999999999978e-01
-5.500000000000000000e+01 -3.298429319371727786e+00 5.000470000000000192e-01
-5.500000000000000000e+01 -2.356020942408377117e+00 5.743230000000000279e-01
-5.500000000000000000e+01 -1.413612565445026226e+00 1.765500000000000055e-02
-5.500000000000000000e+01 -4.712041884816753901e-01 2.420000000000000005e-04
-5.500000000000000000e+01 4.712041884816753901e-01 2.420000000000000005e-04
-5.500000000000000000e+01 1.413612565445026226e+00 2.420000000000000005e-04
-5.500000000000000000e+01 2.356020942408377117e+00 5.760000000000000146e-04
-5.375000000000000000e+01 -1.460732984293194114e+01 4.079999999999999968e-04
-5.375000000000000000e+01 -1.366492146596859136e+01 4.064999999999999863e-02
-5.375000000000000000e+01 -1.272251308900523981e+01 2.039159999999999862e-01
-5.375000000000000000e+01 -1.178010471204188825e+01 1.524339999999999862e-01
-5.375000000000000000e+01 -1.083769633507853669e+01 2.478480000000000127e-01
-5.375000000000000000e+01 -9.895287958115185134e+00 3.284960000000000102e-01
-5.375000000000000000e+01 -8.952879581151833577e+00 9.749000000000000721e-03
-5.375000000000000000e+01 -8.010471204188482020e+00 8.000000000000000654e-05
-5.375000000000000000e+01 -7.068062827225130462e+00 2.101000000000000003e-03
-5.375000000000000000e+01 -6.125654450261779793e+00 6.347000000000000211e-03
-5.375000000000000000e+01 -5.183246073298429124e+00 3.246999999999999886e-03
-5.375000000000000000e+01 -4.240837696335078455e+00 3.631179999999999963e-01
-5.375000000000000000e+01 -3.298429319371727786e+00 3.298539999999999806e-01
-5.375000000000000000e+01 -2.356020942408377117e+00 4.659099999999999908e-01
-5.375000000000000000e+01 -1.413612565445026226e+00 7.369399999999999562e-02
-5.375000000000000000e+01 -4.712041884816753901e-01 9.719999999999999907e-04
-5.375000000000000000e+01 4.712041884816753901e-01 9.719999999999999907e-04
-5.375000000000000000e+01 1.413612565445026226e+00 1.217999999999999899e-03
-5.375000000000000000e+01 2.356020942408377117e+00 1.054000000000000032e-03
-5.250000000000000000e+01 -1.366492146596859136e+01 1.288800000000000015e-02
-5.250000000000000000e+01 -1.272251308900523981e+01 2.141409999999999980e-01
-5.250000000000000000e+01 -1.178010471204188825e+01 1.142050000000000010e-01
-5.250000000000000000e+01 -1.083769633507853669e+01 2.836210000000000120e-01
-5.250000000000000000e+01 -9.895287958115185134e+00 9.226399999999999879e-02
-5.250000000000000000e+01 -8.952879581151833577e+00 5.699999999999999772e-04
-5.250000000000000000e+01 -8.010471204188482020e+00 1.825000000000000016e-03
-5.250000000000000000e+01 -7.068062827225130462e+00 1.878099999999999908e-02
-5.250000000000000000e+01 -6.125654450261779793e+00 4.133200000000000068e-02
-5.250000000000000000e+01 -5.183246073298429124e+00 1.755000000000000050e-03
-5.250000000000000000e+01 -4.240837696335078455e+00 1.170559999999999934e-01
-5.250000000000000000e+01 -3.298429319371727786e+00 3.042090000000000072e-01
-5.250000000000000000e+01 -2.356020942408377117e+00 3.442300000000000221e-02
-5.250000000000000000e+01 -1.413612565445026226e+00 3.524559999999999915e-01
-5.250000000000000000e+01 -4.712041884816753901e-01 1.997900000000000023e-02
-5.250000000000000000e+01 4.712041884816753901e-01 1.997900000000000023e-02
-5.125000000000000000e+01 -8.952879581151833577e+00 5.615630000000000344e-01
-5.125000000000000000e+01 -8.010471204188482020e+00 4.123209999999999931e-01
-5.125000000000000000e+01 -7.068062827225130462e+00 4.616000000000000103e-01
-5.125000000000000000e+01 -5.183246073298429124e+00 1.857459999999999944e-01
-5.125000000000000000e+01 -4.240837696335078455e+00 3.333070000000000199e-01
-5.125000000000000000e+01 -3.298429319371727786e+00 3.755290000000000017e-01
-5.125000000000000000e+01 -2.356020942408377117e+00 1.145479999999999970e-01
-5.000000000000000000e+01 -3.298429319371727786e+00 5.455410000000000537e-01
