-7.875000000000000000e+01 -6.125654450261779793e+00 4.917380000000000084e-01
-7.875000000000000000e+01 -5.183246073298429124e+00 1.738270000000000093e-01
-7.875000000000000000e+01 -4.240837696335078455e+00 2.017730000000000079e-01
-7.875000000000000000e+01 -3.298429319371727786e+00 3.216709999999999847e-01
-7.875000000000000000e+01 -2.356020942408377117e+00 0.000000000000000000e+00
-7.875000000000000000e+01 -1.413612565445026226e+00 0.000000000000000000e+00
-7.750000000000000000e+01 -8.952879581151833577e+00 1.897490000000000010e-01
-7.750000000000000000e+01 -8.010471204188482020e+00 1.435049999999999937e-01
-7.750000000000000000e+01 -7.068062827225130462e+00 2.804820000000000091e-01
-7.750000000000000000e+01 -6.125654450261779793e+00 4.377650000000000152e-01
-7.750000000000000000e+01 -5.183246073298429124e+00 6.999299999999999966e-02
-7.750000000000000000e+01 -4.240837696335078455e+00 2.619399999999999853e-02
-7.750000000000000000e+01 -3.298429319371727786e+00 1.638280000000000014e-01
-7.750000000000000000e+01 -2.356020942408377117e+00 1.156289999999999957e-01
-7.750000000000000000e+01 -1.413612565445026226e+00 2.184149999999999980e-01
-7.750000000000000000e+01 -4.712041884816753901e-01 1.844790000000000041e-01
-7.750000000000000000e+01 4.712041884816753901e-01 1.844790000000000041e-01
-7.625000000000000000e+01 -1.083769633507853669e+01 5.731900000000000189e-02
-7.625000000000000000e+01 -9.895287958115185134e+00 1.224510000000000043e-01
-7.625000000000000000e+01 -8.952879581151833577e+00 2.873180000000000178e-01
-7.625000000000000000e+01 -8.010471204188482020e+00 8.024699999999999889e-02
-7.625000000000000000e+01 -7.068062827225130462e+00 1.784679999999999878e-01
-7.625000000000000000e+01 -6.125654450261779793e+00 1.952569999999999861e-01
-7.625000000000000000e+01 -5.183246073298429124e+00 4.002700000000000008e-02
-7.625000000000000000e+01 -4.240837696335078455e+00 1.472000000000000001e-03
-7.625000000000000000e+01 -3.298429319371727786e+00 3.983000000000000429e-03
-7.625000000000000000e+01 -2.356020942408377117e+00 2.553000000000000148e-03
-7.625000000000000000e+01 -1.413612565445026226e+00 2.611000000000000040e-03
-7.625000000000000000e+01 -4.712041884816753901e-01 2.797499999999999987e-02
-7.625000000000000000e+01 4.712041884816753901e-01 2.797499999999999987e-02
-7.625000000000000000e+01 1.413612565445026226e+00 4.952039999999999775e-01
-7.500000000000000000e+01 -1.366492146596859136e+01 7.814200000000000312e-02
-7.500000000000000000e+01 -1.272251308900523981e+01 1.417779999999999874e-01
-7.500000000000000000e+01 -1.178010471204188825e+01 1.237540000000000029e-01
-7.500000000000000000e+01 -1.083769633507853669e+01 2.818280000000000229e-01
-7.500000000000000000e+01 -9.895287958115185134e+00 1.282580000000000109e-01
-7.500000000000000000e+01 -8.952879581151833577e+00 2.987529999999999908e-01
-7.500000000000000000e+01 -8.010471204188482020e+00 1.758129999999999971e-01
-7.500000000000000000e+01 -7.068062827225130462e+00 3.468899999999999761e-02
-7.500000000000000000e+01 -6.125654450261779793e+00 6.070300000000000001e-02
-7.500000000000000000e+01 -5.183246073298429124e+00 4.566900000000000126e-02
-7.500000000000000000e+01 -4.240837696335078455e+00 2.003299999999999872e-02
-7.500000000000000000e+01 -3.298429319371727786e+00 2.305999999999999890e-03
-7.500000000000000000e+01 -2.356020942408377117e+00 6.376999999999999856e-03
-7.500000000000000000e+01 -1.413612565445026226e+00 5.597000000000000412e-03
-7.500000000000000000e+01 -4.712041884816753901e-01 2.222800000000000123e-02
-7.500000000000000000e+01 4.712041884816753901e-01 2.222800000000000123e-02
-7.500000000000000000e+01 1.413612565445026226e+00 3.967820000000000236e-01
-7.500000000000000000e+01 2.356020942408377117e+00 6.590930000000000399e-01
-7.375000000000000000e+01 -1.460732984293194114e+01 0.000000000000000000e+00
-7.375000000000000000e+01 -1.366492146596859136e+01 1.302490000000000037e-01
-7.375000000000000000e+01 -1.272251308900523981e+01 8.092000000000000581e-02
-7.375000000000000000e+01 -1.178010471204188825e+01 9.292000000000000259e-02
-7.375000000000000000e+01 -1.083769633507853669e+01 7.488799999999999624e-02
-7.375000000000000000e+01 -9.895287958115185134e+00 5.654499999999999804e-02
-7.375000000000000000e+01 -8.952879581151833577e+00 7.171500000000000097e-02
-7.375000000000000000e+01 -8.010471204188482020e+00 4.981900000000000217e-02
-7.375000000000000000e+01 -7.068062827225130462e+00 9.365999999999999326e-03
-7.375000000000000000e+01 -6.125654450261779793e+00 2.464699999999999877e-02
-7.375000000000000000e+01 -5.183246073298429124e+00 7.177999999999999658e-02
-7.375000000000000000e+01 -4.240837696335078455e+00 2.272499999999999867e-02
-7.375000000000000000e+01 -3.298429319371727786e+00 7.262000000000000226e-03
-7.375000000000000000e+01 -2.356020942408377117e+00 5.409999999999999878e-03
-7.375000000000000000e+01 -1.413612565445026226e+00 2.764399999999999843e-02
-7.375000000000000000e+01 -4.712041884816753901e-01 2.467000000000000009e-03
-7.375000000000000000e+01 4.712041884816753901e-01 2.467000000000000009e-03
-7.375000000000000000e+01 1.413612565445026226e+00 3.635300000000000337e-02
-7.250000000000000000e+01 -1.460732984293194114e+01 5.432000000000000196e-03
-7.250000000000000000e+01 -1.366492146596859136e+01 1.374849999999999961e-01
-7.250000000000000000e+01 -1.272251308900523981e+01 1.620189999999999964e-01
-7.250000000000000000e+01 -1.178010471204188825e+01 4.293199999999999794e-02
-7.250000000000000000e+01 -1.083769633507853669e+01 6.879999999999999831e-03
-7.250000000000000000e+01 -9.895287958115185134e+00 0.000000000000000000e+00
-7.250000000000000000e+01 -8.952879581151833577e+00 9.388999999999999777e-03
-7.250000000000000000e+01 -8.010471204188482020e+00 1.842189999999999939e-01
-7.250000000000000000e+01 -7.068062827225130462e+00 4.884600000000000053e-02
-7.250000000000000000e+01 -6.125654450261779793e+00 9.730000000000000151e-04
-7.250000000000000000e+01 -5.183246073298429124e+00 9.737000000000000863e-03
-7.250000000000000000e+01 -4.240837696335078455e+00 1.123389999999999944e-01
-7.250000000000000000e+01 -3.298429319371727786e+00 2.123999999999999846e-02
-7.250000000000000000e+01 -2.356020942408377117e+00 1.414200000000000006e-02
-7.250000000000000000e+01 -1.413612565445026226e+00 3.782999999999999904e-03
-7.250000000000000000e+01 -4.712041884816753901e-01 6.908000000000000078e-03
-7.250000000000000000e+01 4.712041884816753901e-01 6.908000000000000078e-03
-7.250000000000000000e+01 1.413612565445026226e+00 1.020399999999999953e-02
-7.125000000000000000e+01 -1.460732984293194114e+01 9.079900000000000471e-02
-7.125000000000000000e+01 -1.366492146596859136e+01 2.439500000000000002e-02
-7.125000000000000000e+01 -1.272251308900523981e+01 4.896400000000000058e-02
-7.125000000000000000e+01 -1.178010471204188825e+01 0.000000000000000000e+00
-7.125000000000000000e+01 -1.083769633507853669e+01 0.000000000000000000e+00
-7.125000000000000000e+01 -9.895287958115185134e+00 6.791000000000000161e-03
-7.125000000000000000e+01 -8.952879581151833577e+00 2.611499999999999932e-02
-7.125000000000000000e+01 -8.010471204188482020e+00 1.424590000000000023e-01
-7.125000000000000000e+01 -7.068062827225130462e+00 3.642999999999999971e-03
-7.125000000000000000e+01 -6.125654450261779793e+00 4.655000000000000283e-03
-7.125000000000000000e+01 -5.183246073298429124e+00 2.429999999999999977e-04
-7.125000000000000000e+01 -4.240837696335078455e+00 1.856400000000000064e-02
-7.125000000000000000e+01 -3.298429319371727786e+00 1.589999999999999888e-04
-7.125000000000000000e+01 -2.356020942408377117e+00 1.535599999999999986e-02
-7.125000000000000000e+01 -1.413612565445026226e+00 3.592000000000000141e-03
-7.125000000000000000e+01 -4.712041884816753901e-01 0.000000000000000000e+00
-7.125000000000000000e+01 4.712041884816753901e-01 0.000000000000000000e+00
-7.125000000000000000e+01 1.413612565445026226e+00 2.709299999999999903e-02
-7.000000000000000000e+01 -1.366492146596859136e+01 8.580000000000000820e-03
-7.000000000000000000e+01 -1.272251308900523981e+01 8.814400000000000013e-02
-7.000000000000000000e+01 -1.178010471204188825e+01 0.000000000000000000e+00
-7.000000000000000000e+01 -1.083769633507853669e+01 1.130519999999999997e-01
-7.000000000000000000e+01 -9.895287958115185134e+00 3.200000000000000262e-04
-7.000000000000000000e+01 -8.952879581151833577e+00 1.992000000000000021e-02
-7.000000000000000000e+01 -8.010471204188482020e+00 9.491199999999999637e-02
-7.000000000000000000e+01 -7.068062827225130462e+00 2.868199999999999916e-02
-7.000000000000000000e+01 -6.125654450261779793e+00 1.861000000000000024e-03
-7.000000000000000000e+01 -5.183246073298429124e+00 8.040000000000000271e-04
-7.000000000000000000e+01 -4.240837696335078455e+00 7.287000000000000421e-02
-7.000000000000000000e+01 -3.298429319371727786e+00 2.214999999999999955e-02
-7.000000000000000000e+01 -2.356020942408377117e+00 6.401999999999999705e-03
-7.000000000000000000e+01 -1.413612565445026226e+00 1.403300000000000033e-02
-7.000000000000000000e+01 -4.712041884816753901e-01 1.220300000000000031e-02
-7.000000000000000000e+01 4.712041884816753901e-01 1.220300000000000031e-02
-7.000000000000000000e+01 1.413612565445026226e+00 4.547999999999999959e-03
-6.875000000000000000e+01 -1.554973821989529448e+01 6.769999999999999759e-04
-6.875000000000000000e+01 -1.460732984293194114e+01 2.205199999999999869e-02
-6.875000000000000000e+01 -1.366492146596859136e+01 3.651999999999999864e-03
-6.875000000000000000e+01 -1.272251308900523981e+01 7.835699999999999610e-02
-6.875000000000000000e+01 -1.178010471204188825e+01 1.456280000000000074e-01
-6.875000000000000000e+01 -1.083769633507853669e+01 3.641579999999999817e-01
-6.875000000000000000e+01 -9.895287958115185134e+00 2.595199999999999937e-02
-6.875000000000000000e+01 -8.952879581151833577e+00 1.147740000000000010e-01
-6.875000000000000000e+01 -8.010471204188482020e+00 3.200000000000000262e-04
-6.875000000000000000e+01 -7.068062827225130462e+00 2.047999999999999907e-03
-6.875000000000000000e+01 -6.125654450261779793e+00 1.129999999999999928e-03
-6.875000000000000000e+01 -5.183246073298429124e+00 4.840000000000000010e-04
-6.875000000000000000e+01 -4.240837696335078455e+00 4.423999999999999981e-03
-6.875000000000000000e+01 -3.298429319371727786e+00 7.030999999999999923e-03
-6.875000000000000000e+01 -2.356020942408377117e+00 2.622000000000000199e-03
-6.875000000000000000e+01 -1.413612565445026226e+00 2.337999999999999801e-03
-6.875000000000000000e+01 -4.712041884816753901e-01 1.129100000000000069e-02
-6.875000000000000000e+01 4.712041884816753901e-01 1.129100000000000069e-02
-6.875000000000000000e+01 1.413612565445026226e+00 1.248699999999999984e-02
-6.875000000000000000e+01 2.356020942408377117e+00 6.131000000000000165e-03
-6.750000000000000000e+01 -1.649214659685864603e+01 1.721169999999999922e-01
-6.750000000000000000e+01 -1.554973821989529448e+01 1.721169999999999922e-01
-6.750000000000000000e+01 -1.460732984293194114e+01 5.034700000000000286e-02
-6.750000000000000000e+01 -1.366492146596859136e+01 4.576100000000000306e-02
-6.750000000000000000e+01 -1.272251308900523981e+01 5.739000000000000178e-03
-6.750000000000000000e+01 -1.178010471204188825e+01 1.366200000000000053e-02
-6.750000000000000000e+01 -1.083769633507853669e+01 2.024440000000000128e-01
-6.750000000000000000e+01 -9.895287958115185134e+00 6.047439999999999483e-01
-6.750000000000000000e+01 -8.952879581151833577e+00 7.480299999999999450e-02
-6.750000000000000000e+01 -8.010471204188482020e+00 9.590000000000000000e-04
-6.750000000000000000e+01 -7.068062827225130462e+00 8.919999999999999978e-04
-6.750000000000000000e+01 -6.125654450261779793e+00 5.134999999999999808e-03
-6.750000000000000000e+01 -5.183246073298429124e+00 1.128000000000000096e-03
-6.750000000000000000e+01 -4.240837696335078455e+00 8.059999999999999673e-04
-6.750000000000000000e+01 -3.298429319371727786e+00 1.389100000000000057e-02
-6.750000000000000000e+01 -2.356020942408377117e+00 3.310000000000000225e-04
-6.750000000000000000e+01 -1.413612565445026226e+00 8.000000000000000654e-05
-6.750000000000000000e+01 -4.712041884816753901e-01 8.989999999999999511e-04
-6.750000000000000000e+01 4.712041884816753901e-01 8.989999999999999511e-04
-6.750000000000000000e+01 1.413612565445026226e+00 6.081999999999999733e-03
-6.750000000000000000e+01 2.356020942408377117e+00 7.219999999999999855e-04
-6.625000000000000000e+01 -1.837696335078534560e+01 8.382100000000000661e-02
-6.625000000000000000e+01 -1.743455497382199582e+01 1.449969999999999870e-01
-6.625000000000000000e+01 -1.649214659685864603e+01 1.786999999999999960e-03
-6.625000000000000000e+01 -1.554973821989529448e+01 1.786999999999999960e-03
-6.625000000000000000e+01 -1.460732984293194114e+01 6.490000000000000109e-03
-6.625000000000000000e+01 -1.366492146596859136e+01 1.134000000000000025e-03
-6.625000000000000000e+01 -1.272251308900523981e+01 0.000000000000000000e+00
-6.625000000000000000e+01 -1.178010471204188825e+01 5.577000000000000360e-03
-6.625000000000000000e+01 -1.083769633507853669e+01 7.549599999999999367e-02
-6.625000000000000000e+01 -9.895287958115185134e+00 1.398929999999999896e-01
-6.625000000000000000e+01 -8.952879581151833577e+00 2.482799999999999938e-02
-6.625000000000000000e+01 -8.010471204188482020e+00 2.295000000000000165e-03
-6.625000000000000000e+01 -7.068062827225130462e+00 8.109999999999999805e-04
-6.625000000000000000e+01 -6.125654450261779793e+00 1.610000000000000103e-04
-6.625000000000000000e+01 -5.183246073298429124e+00 3.260000000000000094e-04
-6.625000000000000000e+01 -4.240837696335078455e+00 3.536000000000000081e-03
-6.625000000000000000e+01 -3.298429319371727786e+00 1.376199999999999993e-02
-6.625000000000000000e+01 -2.356020942408377117e+00 6.198000000000000384e-03
-6.625000000000000000e+01 -1.413612565445026226e+00 0.000000000000000000e+00
-6.625000000000000000e+01 -4.712041884816753901e-01 2.425000000000000072e-03
-6.625000000000000000e+01 4.712041884816753901e-01 2.425000000000000072e-03
-6.625000000000000000e+01 1.413612565445026226e+00 7.892000000000000404e-02
-6.625000000000000000e+01 2.356020942408377117e+00 7.563300000000000578e-02
-6.500000000000000000e+01 -1.837696335078534560e+01 2.265299999999999953e-02
-6.500000000000000000e+01 -1.743455497382199582e+01 3.102389999999999870e-01
-6.500000000000000000e+01 -1.649214659685864603e+01 1.256600000000000078e-02
-6.500000000000000000e+01 -1.554973821989529448e+01 1.256600000000000078e-02
-6.500000000000000000e+01 -1.460732984293194114e+01 5.943000000000000366e-03
-6.500000000000000000e+01 -1.366492146596859136e+01 3.139999999999999996e-03
-6.500000000000000000e+01 -1.272251308900523981e+01 1.660999999999999933e-03
-6.500000000000000000e+01 -1.178010471204188825e+01 7.238999999999999775e-03
-6.500000000000000000e+01 -1.083769633507853669e+01 1.472549999999999970e-01
-6.500000000000000000e+01 -9.895287958115185134e+00 3.266249999999999987e-01
-6.500000000000000000e+01 -8.952879581151833577e+00 6.292300000000000670e-02
-6.500000000000000000e+01 -8.010471204188482020e+00 2.351999999999999924e-03
-6.500000000000000000e+01 -7.068062827225130462e+00 2.240599999999999883e-02
-6.500000000000000000e+01 -6.125654450261779793e+00 1.147999999999999932e-03
-6.500000000000000000e+01 -5.183246073298429124e+00 1.630000000000000047e-04
-6.500000000000000000e+01 -4.240837696335078455e+00 4.447000000000000432e-03
-6.500000000000000000e+01 -3.298429319371727786e+00 1.254100000000000006e-02
-6.500000000000000000e+01 -2.356020942408377117e+00 4.329999999999999648e-03
-6.500000000000000000e+01 -1.413612565445026226e+00 1.791999999999999973e-03
-6.500000000000000000e+01 -4.712041884816753901e-01 7.742999999999999883e-03
-6.500000000000000000e+01 4.712041884816753901e-01 7.742999999999999883e-03
-6.500000000000000000e+01 1.413612565445026226e+00 2.658999999999999905e-03
-6.375000000000000000e+01 -2.026178010471204516e+01 3.333329999999999904e-01
-6.375000000000000000e+01 -1.931937172774869538e+01 1.109220000000000067e-01
-6.375000000000000000e+01 -1.837696335078534560e+01 1.103859999999999980e-01
-6.375000000000000000e+01 -1.743455497382199582e+01 4.469859999999999944e-01
-6.375000000000000000e+01 -1.649214659685864603e+01 5.244999999999999662e-02
-6.375000000000000000e+01 -1.554973821989529448e+01 5.244999999999999662e-02
-6.375000000000000000e+01 -1.460732984293194114e+01 2.405300000000000146e-02
-6.375000000000000000e+01 -1.366492146596859136e+01 2.972999999999999948e-03
-6.375000000000000000e+01 -1.272251308900523981e+01 1.505000000000000044e-03
-6.375000000000000000e+01 -1.178010471204188825e+01 2.242709999999999981e-01
-6.375000000000000000e+01 -1.083769633507853669e+01 4.259799999999999698e-02
-6.375000000000000000e+01 -9.895287958115185134e+00 3.469749999999999779e-01
-6.375000000000000000e+01 -8.952879581151833577e+00 5.581960000000000255e-01
-6.375000000000000000e+01 -8.010471204188482020e+00 1.115359999999999963e-01
-6.375000000000000000e+01 -7.068062827225130462e+00 1.358000000000000006e-02
-6.375000000000000000e+01 -6.125654450261779793e+00 4.970999999999999724e-03
-6.375000000000000000e+01 -5.183246073298429124e+00 2.119999999999999923e-03
-6.375000000000000000e+01 -4.240837696335078455e+00 3.284399999999999820e-02
-6.375000000000000000e+01 -3.298429319371727786e+00 1.724000000000000055e-03
-6.375000000000000000e+01 -2.356020942408377117e+00 3.249999999999999851e-04
-6.375000000000000000e+01 -1.413612565445026226e+00 3.240000000000000150e-04
-6.375000000000000000e+01 -4.712041884816753901e-01 1.828999999999999897e-03
-6.375000000000000000e+01 4.712041884816753901e-01 1.828999999999999897e-03
-6.375000000000000000e+01 1.413612565445026226e+00 0.000000000000000000e+00
-6.375000000000000000e+01 3.298429319371727786e+00 1.166299999999999976e-02
-6.250000000000000000e+01 -1.931937172774869538e+01 3.243699999999999917e-01
-6.250000000000000000e+01 -1.837696335078534560e+01 6.746450000000000502e-01
-6.250000000000000000e+01 -1.743455497382199582e+01 7.156890000000000196e-01
-6.250000000000000000e+01 -1.649214659685864603e+01 7.096600000000000130e-02
-6.250000000000000000e+01 -1.554973821989529448e+01 7.096600000000000130e-02
-6.250000000000000000e+01 -1.460732984293194114e+01 7.910999999999999630e-03
-6.250000000000000000e+01 -1.366492146596859136e+01 2.263999999999999953e-03
-6.250000000000000000e+01 -1.272251308900523981e+01 1.157999999999999958e-03
-6.250000000000000000e+01 -1.178010471204188825e+01 3.344869999999999788e-01
-6.250000000000000000e+01 -1.083769633507853669e+01 3.334679999999999866e-01
-6.250000000000000000e+01 -9.895287958115185134e+00 8.775939999999999852e-01
-6.250000000000000000e+01 -8.952879581151833577e+00 2.965780000000000083e-01
-6.250000000000000000e+01 -8.010471204188482020e+00 9.403300000000000547e-02
-6.250000000000000000e+01 -7.068062827225130462e+00 8.086699999999999444e-02
-6.250000000000000000e+01 -6.125654450261779793e+00 9.619000000000000813e-03
-6.250000000000000000e+01 -5.183246073298429124e+00 2.396000000000000126e-03
-6.250000000000000000e+01 -4.240837696335078455e+00 3.565000000000000113e-02
-6.250000000000000000e+01 -3.298429319371727786e+00 5.784000000000000079e-03
-6.250000000000000000e+01 -2.356020942408377117e+00 1.056999999999999997e-03
-6.250000000000000000e+01 -1.413612565445026226e+00 2.994999999999999832e-03
-6.250000000000000000e+01 -4.712041884816753901e-01 6.509999999999999945e-04
-6.250000000000000000e+01 4.712041884816753901e-01 6.509999999999999945e-04
-6.250000000000000000e+01 1.413612565445026226e+00 1.435000000000000078e-03
-6.250000000000000000e+01 2.356020942408377117e+00 1.860000000000000108e-03
-6.250000000000000000e+01 3.298429319371727786e+00 0.000000000000000000e+00
-6.125000000000000000e+01 -1.837696335078534560e+01 1.553849999999999953e-01
-6.125000000000000000e+01 -1.743455497382199582e+01 8.743800000000000183e-02
-6.125000000000000000e+01 -1.649214659685864603e+01 1.168550000000000005e-01
-6.125000000000000000e+01 -1.554973821989529448e+01 1.168550000000000005e-01
-6.125000000000000000e+01 -1.460732984293194114e+01 2.008700000000000069e-02
-6.125000000000000000e+01 -1.366492146596859136e+01 3.658999999999999753e-02
-6.125000000000000000e+01 -1.272251308900523981e+01 5.933180000000000121e-01
-6.125000000000000000e+01 -1.178010471204188825e+01 6.928379999999999539e-01
-6.125000000000000000e+01 -1.083769633507853669e+01 3.928599999999999870e-01
-6.125000000000000000e+01 -9.895287958115185134e+00 1.919049999999999923e-01
-6.125000000000000000e+01 -8.952879581151833577e+00 2.627699999999999828e-02
-6.125000000000000000e+01 -8.010471204188482020e+00 2.640599999999999892e-02
-6.125000000000000000e+01 -7.068062827225130462e+00 3.222000000000000038e-03
-6.125000000000000000e+01 -6.125654450261779793e+00 3.588000000000000217e-02
-6.125000000000000000e+01 -5.183246073298429124e+00 1.591800000000000159e-02
-6.125000000000000000e+01 -4.240837696335078455e+00 6.035599999999999993e-02
-6.125000000000000000e+01 -3.298429319371727786e+00 7.701099999999999612e-02
-6.125000000000000000e+01 -2.356020942408377117e+00 1.302999999999999905e-03
-6.125000000000000000e+01 -1.413612565445026226e+00 1.142999999999999919e-03
-6.125000000000000000e+01 -4.712041884816753901e-01 6.963199999999999945e-02
-6.125000000000000000e+01 4.712041884816753901e-01 6.963199999999999945e-02
-6.125000000000000000e+01 1.413612565445026226e+00 6.432899999999999729e-02
-6.125000000000000000e+01 2.356020942408377117e+00 3.670240000000000169e-01
-6.125000000000000000e+01 3.298429319371727786e+00 1.749870000000000037e-01
-6.125000000000000000e+01 4.240837696335078455e+00 1.376899999999999999e-02
-6.000000000000000000e+01 -1.554973821989529448e+01 8.516799999999999371e-02
-6.000000000000000000e+01 -1.460732984293194114e+01 3.616550000000000042e-01
-6.000000000000000000e+01 -1.366492146596859136e+01 3.688060000000000227e-01
-6.000000000000000000e+01 -1.272251308900523981e+01 3.190189999999999970e-01
-6.000000000000000000e+01 -1.178010471204188825e+01 9.112199999999999467e-02
-6.000000000000000000e+01 -1.083769633507853669e+01 1.132999999999999893e-03
-6.000000000000000000e+01 -9.895287958115185134e+00 5.149299999999999711e-02
-6.000000000000000000e+01 -8.952879581151833577e+00 5.904000000000000394e-03
-6.000000000000000000e+01 -8.010471204188482020e+00 0.000000000000000000e+00
-6.000000000000000000e+01 -7.068062827225130462e+00 1.364819999999999922e-01
-6.000000000000000000e+01 -6.125654450261779793e+00 1.109899999999999949e-02
-6.000000000000000000e+01 -5.183246073298429124e+00 1.667799999999999838e-02
-6.000000000000000000e+01 -4.240837696335078455e+00 2.034390000000000087e-01
-6.000000000000000000e+01 -3.298429319371727786e+00 4.487650000000000250e-01
-6.000000000000000000e+01 -2.356020942408377117e+00 2.724800000000000000e-01
-6.000000000000000000e+01 -1.413612565445026226e+00 5.419800000000000312e-02
-6.000000000000000000e+01 -4.712041884816753901e-01 1.794499999999999915e-02
-6.000000000000000000e+01 4.712041884816753901e-01 1.794499999999999915e-02
-6.000000000000000000e+01 1.413612565445026226e+00 4.135070000000000134e-01
-6.000000000000000000e+01 2.356020942408377117e+00 6.067499999999999977e-02
-6.000000000000000000e+01 3.298429319371727786e+00 6.859700000000000519e-02
-6.000000000000000000e+01 4.240837696335078455e+00 1.091600000000000036e-02
-6.000000000000000000e+01 5.183246073298429124e+00 1.274999999999999918e-02
-5.875000000000000000e+01 -1.366492146596859136e+01 3.191700000000000093e-02
-5.875000000000000000e+01 -1.272251308900523981e+01 2.419000000000000143e-03
-5.875000000000000000e+01 -1.178010471204188825e+01 1.705409999999999981e-01
-5.875000000000000000e+01 -1.083769633507853669e+01 3.961749999999999994e-01
-5.875000000000000000e+01 -9.895287958115185134e+00 1.767229999999999912e-01
-5.875000000000000000e+01 -8.952879581151833577e+00 3.500999999999999945e-02
-5.875000000000000000e+01 -8.010471204188482020e+00 2.400000000000000061e-04
-5.875000000000000000e+01 -7.068062827225130462e+00 1.817300000000000165e-02
-5.875000000000000000e+01 -6.125654450261779793e+00 5.649999999999999641e-04
-5.875000000000000000e+01 -5.183246073298429124e+00 1.229000000000000058e-03
-5.875000000000000000e+01 -4.240837696335078455e+00 1.370719999999999994e-01
-5.875000000000000000e+01 -3.298429319371727786e+00 4.506580000000000030e-01
-5.875000000000000000e+01 -2.356020942408377117e+00 3.048000000000000015e-02
-5.875000000000000000e+01 -1.413612565445026226e+00 0.000000000000000000e+00
-5.875000000000000000e+01 -4.712041884816753901e-01 0.000000000000000000e+00
-5.875000000000000000e+01 4.712041884816753901e-01 0.000000000000000000e+00
-5.750000000000000000e+01 -1.366492146596859136e+01 4.653000000000000191e-02
-5.750000000000000000e+01 -1.272251308900523981e+01 5.215000000000000191e-02
-5.750000000000000000e+01 -1.178010471204188825e+01 4.251429999999999931e-01
-5.750000000000000000e+01 -1.083769633507853669e+01 3.530599999999999850e-01
-5.750000000000000000e+01 -9.895287958115185134e+00 2.000159999999999993e-01
-5.750000000000000000e+01 -8.952879581151833577e+00 1.760400000000000159e-02
-5.750000000000000000e+01 -8.010471204188482020e+00 1.814999999999999990e-03
-5.750000000000000000e+01 -7.068062827225130462e+00 2.400999999999999922e-03
-5.750000000000000000e+01 -6.125654450261779793e+00 2.772700000000000164e-02
-5.750000000000000000e+01 -5.183246073298429124e+00 1.631999999999999987e-03
-5.750000000000000000e+01 -4.240837696335078455e+00 5.286300000000000027e-02
-5.750000000000000000e+01 -3.298429319371727786e+00 2.738039999999999918e-01
-5.750000000000000000e+01 -2.356020942408377117e+00 3.115899999999999920e-02
-5.750000000000000000e+01 -1.413612565445026226e+00 6.755999999999999853e-03
-5.750000000000000000e+01 -4.712041884816753901e-01 0.000000000000000000e+00
-5.750000000000000000e+01 4.712041884816753901e-01 0.000000000000000000e+00
-5.750000000000000000e+01 1.413612565445026226e+00 8.100000000000000375e-05
-5.625000000000000000e+01 -1.366492146596859136e+01 2.676459999999999950e-01
-5.625000000000000000e+01 -1.272251308900523981e+01 2.937850000000000183e-01
-5.625000000000000000e+01 -1.178010471204188825e+01 6.240379999999999816e-01
-5.625000000000000000e+01 -1.083769633507853669e+01 4.288020000000000165e-01
-5.625000000000000000e+01 -9.895287958115185134e+00 7.685300000000000464e-01
-5.625000000000000000e+01 -8.952879581151833577e+00 3.708100000000000285e-02
-5.625000000000000000e+01 -8.010471204188482020e+00 3.507999999999999834e-03
-5.625000000000000000e+01 -7.068062827225130462e+00 3.729500000000000176e-02
-5.625000000000000000e+01 -6.125654450261779793e+00 8.016199999999999715e-02
-5.625000000000000000e+01 -5.183246073298429124e+00 1.839280000000000082e-01
-5.625000000000000000e+01 -4.240837696335078455e+00 3.503430000000000155e-01
-5.625000000000000000e+01 -3.298429319371727786e+00 2.801400000000000071e-02
-5.625000000000000000e+01 -2.356020942408377117e+00 3.368099999999999983e-01
-5.625000000000000000e+01 -1.413612565445026226e+00 2.534300000000000094e-02
-5.625000000000000000e+01 -4.712041884816753901e-01 8.000000000000000654e-05
-5.625000000000000000e+01 4.712041884816753901e-01 8.000000000000000654e-05
-5.625000000000000000e+01 1.413612565445026226e+00 0.000000000000000000e+00
-5.500000000000000000e+01 -1.460732984293194114e+01 1.786639999999999895e-01
-5.500000000000000000e+01 -1.366492146596859136e+01 4.296900000000000025e-02
-5.500000000000000000e+01 -1.272251308900523981e+01 3.487959999999999949e-01
-5.500000000000000000e+01 -1.178010471204188825e+01 5.892859999999999765e-01
-5.500000000000000000e+01 -1.083769633507853669e+01 7.106949999999999656e-01
-5.500000000000000000e+01 -9.895287958115185134e+00 7.174880000000000146e-01
-5.500000000000000000e+01 -8.952879581151833577e+00 5.782600000000000240e-02
-5.500000000000000000e+01 -8.010471204188482020e+00 1.338999999999999913e-01
-5.500000000000000000e+01 -7.068062827225130462e+00 1.528809999999999891e-01
-5.500000000000000000e+01 -6.125654450261779793e+00 5.852999999999999696e-03
-5.500000000000000000e+01 -5.183246073298429124e+00 4.809999999999999823e-04
-5.500000000000000000e+01 -4.240837696335078455e+00 2.837200000000000277e-01
-5.500000000000000000e+01 -3.298429319371727786e+00 4.524360000000000048e-01
-5.500000000000000000e+01 -2.356020942408377117e+00 5.552009999999999446e-01
-5.500000000000000000e+01 -1.413612565445026226e+00 1.364300000000000061e-02
-5.500000000000000000e+01 -4.712041884816753901e-01 2.420000000000000005e-04
-5.500000000000000000e+01 4.712041884816753901e-01 2.420000000000000005e-04
-5.500000000000000000e+01 1.413612565445026226e+00 2.420000000000000005e-04
-5.500000000000000000e+01 2.356020942408377117e+00 5.760000000000000146e-04
-5.375000000000000000e+01 -1.460732984293194114e+01 4.079999999999999968e-04
-5.375000000000000000e+01 -1.366492146596859136e+01 4.025000000000000105e-02
-5.375000000000000000e+01 -1.272251308900523981e+01 1.980339999999999878e-01
-5.375000000000000000e+01 -1.178010471204188825e+01 1.258630000000000027e-01
-5.375000000000000000e+01 -1.083769633507853669e+01 2.216200000000000114e-01
-5.375000000000000000e+01 -9.895287958115185134e+00 2.930690000000000239e-01
-5.375000000000000000e+01 -8.952879581151833577e+00 5.075999999999999783e-03
-5.375000000000000000e+01 -8.010471204188482020e+00 8.000000000000000654e-05
-5.375000000000000000e+01 -7.068062827225130462e+00 2.101000000000000003e-03
-5.375000000000000000e+01 -6.125654450261779793e+00 6.347000000000000211e-03
-5.375000000000000000e+01 -5.183246073298429124e+00 3.246999999999999886e-03
-5.375000000000000000e+01 -4.240837696335078455e+00 2.778320000000000234e-01
-5.375000000000000000e+01 -3.298429319371727786e+00 2.351699999999999902e-01
-5.375000000000000000e+01 -2.356020942408377117e+00 4.544670000000000099e-01
-5.375000000000000000e+01 -1.413612565445026226e+00 6.875900000000000067e-02
-5.375000000000000000e+01 -4.712041884816753901e-01 9.719999999999999907e-04
-5.375000000000000000e+01 4.712041884816753901e-01 9.719999999999999907e-04
-5.375000000000000000e+01 1.413612565445026226e+00 1.217999999999999899e-03
-5.375000000000000000e+01 2.356020942408377117e+00 1.054000000000000032e-03
-5.250000000000000000e+01 -1.366492146596859136e+01 1.280700000000000068e-02
-5.250000000000000000e+01 -1.272251308900523981e+01 2.134119999999999906e-01
-5.250000000000000000e+01 -1.178010471204188825e+01 1.063309999999999950e-01
-5.250000000000000000e+01 -1.083769633507853669e+01 2.743410000000000015e-01
-5.250000000000000000e+01 -9.895287958115185134e+00 8.718800000000000161e-02
-5.250000000000000000e+01 -8.952879581151833577e+00 5.699999999999999772e-04
-5.250000000000000000e+01 -8.010471204188482020e+00 1.825000000000000016e-03
-5.250000000000000000e+01 -7.068062827225130462e+00 1.878099999999999908e-02
-5.250000000000000000e+01 -6.125654450261779793e+00 4.075800000000000256e-02
-5.250000000000000000e+01 -5.183246073298429124e+00 1.755000000000000050e-03
-5.250000000000000000e+01 -4.240837696335078455e+00 8.905899999999999928e-02
-5.250000000000000000e+01 -3.298429319371727786e+00 2.314249999999999918e-01
-5.250000000000000000e+01 -2.356020942408377117e+00 3.180199999999999694e-02
-5.250000000000000000e+01 -1.413612565445026226e+00 2.382940000000000058e-01
-5.250000000000000000e+01 -4.712041884816753901e-01 2.507000000000000114e-03
-5.250000000000000000e+01 4.712041884816753901e-01 2.507000000000000114e-03
-5.125000000000000000e+01 -8.952879581151833577e+00 5.280420000000000114e-01
-5.125000000000000000e+01 -8.010471204188482020e+00 3.986580000000000124e-01
-5.125000000000000000e+01 -7.068062827225130462e+00 4.582260000000000222e-01
-5.125000000000000000e+01 -5.183246073298429124e+00 1.754620000000000068e-01
-5.125000000000000000e+01 -4.240837696335078455e+00 2.948109999999999897e-01
-5.125000000000000000e+01 -3.298429319371727786e+00 2.277899999999999925e-01
-5.125000000000000000e+01 -2.356020942408377117e+00 8.379399999999999349e-02
-5.000000000000000000e+01 -3.298429319371727786e+00 4.182859999999999912e-01
